4225	
	-4823.55344	-4823.165943	-4823.599571	-4824.817303	-4823.942304
	-4823.48531	-4823.559364	-4822.267286	-4823.538197	-4823.21405
	-4824.436595	-4825.762745	-4829.276794	-4826.507413	-4823.246081
	-4822.227112	-4823.871786	-4822.14364	-4817.808168	-4820.573452
	-4820.630534	-4832.252707	-4836.036192	-4827.984563	-4830.42858
	-4822.697512	-4823.542128	-4824.932192	-4826.747916	-4820.773582
	-4818.129023	-4818.431888	-4821.267839	-4814.77915	-4810.849333
	-4815.390368	-4833.548797	-4836.208127	-4842.394199	-4839.310103
	-4828.734641	-4831.269528	-4824.950042	-4826.492574	-4821.966548
	-4818.997428	-4823.135357	-4819.659497	-4811.86626	-4803.995752
	-4816.657442	-4808.740653	-4815.932449	-4807.404188	-4812.65935
	-4838.730626	-4839.841414	-4843.835794	-4844.054226	-4828.465991
	-4830.045966	-4833.432447	-4835.357037	-4821.531845	-4825.830415
	-4824.336866	-4820.624528	-4802.063189	-4805.643551	-4802.073818
	-4803.951478	-4806.925951	-4814.386469	-4817.353473	-4813.616235
	-4818.244297	-4809.816696	-4810.958309	-4839.211466	-4836.036024
	-4834.008927	-4841.075565	-4831.378323	-4831.435158	-4836.012125
	-4834.886775	-4822.572127	-4823.178186	-4827.665313	-4826.948607
	-4807.142261	-4813.25322	-4804.082659	-4805.046046	-4815.28769
	-4818.964005	-4815.847205	-4819.662966	-4805.470112	-4808.329218
	-4811.887538	-4812.801081	-4806.9966	-4805.683438	-4809.35184
	-4823.232613	-4828.729203	-4817.700399	-4805.096781	-4829.808825
	-4825.787506	-4831.366549	-4823.731517	-4823.313992	-4822.277513
	-4825.017061	-4827.249037	-4828.449984	-4826.620372	-4850.385679
	-4815.237245	-4816.270258	-4816.076019	-4819.460016	-4819.890781
	-4808.839775	-4807.362456	-4816.807699	-4810.485365	-4813.31692
	-4810.781321	-4813.503486	-4810.367523	-4809.181579	-4808.544633
	-4808.176378	-4799.462331	-4776.345577	-4748.021813	-4782.098623
	-4882.098607	-4882.981966	-4931.09197	-4851.752345	-4812.494516
	-4794.088655	-4817.813146	-4806.234926	-4820.607545	-4819.478534
	-4814.476886	-4812.159508	-4815.140069	-4813.006311	-4817.946286
	-4814.48173	-4831.163141	-4818.37388	-4829.892475	-4852.756872
	-4813.04162	-4809.997923	-4810.821023	-4811.600899	-4819.384353
	-4811.695708	-4809.421902	-4809.583115	-4812.580867	-4809.607714
	-4809.845383	-4742.226495	-4701.739448	-4651.074859	-4707.59343
	-4990.725317	-4989.776835	-5074.521079	-4931.061231	-4787.64781
	-4764.242754	-4770.872296	-4736.675698	-4853.584558	-4883.532871
	-4930.751145	-4883.67943	-4793.305402	-4800.329939	-4805.590671
	-4781.452257	-4799.529746	-4808.940574	-4802.797626	-4809.022459
	-4804.257867	-4809.023326	-4808.136386	-4804.944304	-4832.20951
	-4820.067405	-4831.952086	-4853.848707	-4806.0433	-4808.399021
	-4812.083916	-4808.082599	-4809.504201	-4819.896663	-4812.769849
	-4645.16246	-4579.47836	-4496.259572	-4585.457972	-4729.949741
	-4689.30114	-4696.130092	-4639.484831	-5169.58222	-5165.80527
	-5291.843998	-5072.154596	-4986.57786	-4929.942488	-4988.576023
	-5069.597019	-4774.161362	-4750.344351	-4723.47794	-4757.917489
	-4928.63252	-4853.51542	-4882.180013	-4883.353431	-4786.903049
	-4792.762243	-4779.53948	-4767.328433	-4792.149938	-4786.836918
	-4799.56572	-4797.606861	-4796.31909	-4801.05027	-4805.318297
	-4802.437691	-4830.079411	-4831.725446	-4818.855594	-4852.338514
	-4807.058701	-4816.618298	-4810.417171	-4490.193385	-4386.790211
	-4255.257522	-4392.934935	-4632.565806	-4566.726934	-4573.729881
	-4484.365688	-4715.76719	-4674.898419	-4625.935395	-4682.757373
	-5421.19473	-5413.745073	-5572.792117	-5286.21799	-5280.475334
	-5156.524228	-5066.016926	-5161.855913	-5062.085866	-4926.333552
	-4980.503314	-4984.193129	-4759.587233	-4743.314774	-4735.165178
	-4708.50493	-4880.304729	-4876.905596	-4849.950857	-4923.298473
	-4773.175052	-4752.630715	-4780.739518	-4766.336807	-4776.094297
	-4785.473783	-4794.293672	-4788.35802	-4807.180382	-4846.380883
	-4822.651698	-4802.345946	-4794.750788	-4812.703071	-4827.39385
	-4249.075625	-4089.633484	-3888.902481	-4095.828814	-4477.276542
	-4373.744538	-4380.894383	-4243.156825	-4617.991972	-4552.013471
	-4470.519	-4560.032363	-4610.541053	-4700.158489	-4658.988624
	-4667.543141	-5563.311179	-5721.807162	-5710.359164	-5880.223129
	-5553.790498	-5396.515009	-5272.982367	-5406.198735	-5265.354371
	-5143.499196	-5056.620697	-5150.969583	-4976.255977	-4918.612466
	-4970.011214	-5050.642314	-4745.296077	-4727.929786	-4692.578637
	-4720.047313	-4865.704039	-4872.527817	-4912.907422	-4840.7466
	-4761.163824	-4739.370201	-4756.67349	-4772.483336	-4771.374624
	-4788.434743	-4807.166065	-4798.840085	-4785.337773	-4816.535092
	-4833.555789	-3882.834696	-3644.961287	-3353.25921	-3650.876513
	-4236.012826	-4076.631858	-4083.729292	-3877.066216	-6165.100036
	-5866.938714	-6025.097125	-6010.08024	-4462.45658	-4358.888059
	-4229.243929	-4366.954942	-4601.92168	-4535.858437	-4544.526078
	-4454.959259	-4651.300273	-4684.440986	-4642.897441	-4594.131776
	-5698.920267	-5853.726983	-5684.523462	-5541.677416	-5255.466985
	-5374.410522	-5529.634646	-5386.800585	-5245.385612	-5135.716894
	-5042.451879	-5125.332037	-4963.005053	-4953.115652	-4904.695007
	-5033.572601	-4713.764558	-4708.002833	-4734.28084	-4677.700747
	-4823.202361	-4845.969399	-4895.180552	-4857.633337	-4773.658216
	-4754.97181	-4810.927018	-4756.257099	-4796.073053	-4731.698667
	-4780.186618	-3347.70557	-3010.690945	-2613.323245	-3015.875637
	-3870.17742	-3632.739654	-3639.376389	-3342.471643	-6268.236473
	-6393.421715	-6148.77249	-6285.780043	-4221.261982	-4062.1195
	-3863.707345	-4069.954356	-5995.222246	-6132.646201	-5976.663988
	-5837.11223	-4213.923483	-4446.341278	-4342.919538	-4351.433733
	-4528.099836	-4585.720252	-4519.710401	-4438.676013	-4578.79947
	-4629.726539	-4636.056456	-4671.656851	-5652.389627	-5820.68157
	-5514.43633	-5670.233824	-5499.37024	-5361.995196	-5346.226193
	-5232.380009	-5219.150404	-5114.558441	-5100.382887	-5021.677566
	-4927.595157	-5008.955095	-4882.157569	-4942.306998	-4668.160304
	-4732.335758	-4704.92972	-4705.028023	-4794.111455	-4867.594074
	-4737.284474	-4832.838222	-4762.155247	-4774.986812	-4814.748283
	-2166.180957	-2608.705766	-2162.111259	-1659.521679	-6483.362274
	-6464.44078	-6559.979307	-6375.172935	-3336.292056	-3000.147977
	-3005.838661	-2604.386499	-3856.201631	-3619.457486	-3330.566665
	-3626.572001	-6250.973825	-6357.194409	-6229.431423	-6112.444915
	-4205.646178	-4047.036131	-4054.994289	-3849.411696	-6092.432387
	-5935.366635	-5800.119353	-5958.248194	-4335.440867	-4430.513804
	-4327.579809	-4198.466839	-4424.038718	-4572.591955	-4512.956248
	-4506.923072	-4569.086017	-4626.203064	-4667.841244	-4625.671409
	-5634.744197	-5779.904162	-5480.485351	-5612.841875	-5310.708745
	-5461.8464	-5202.279204	-5330.500784	-5185.224739	-4992.37395
	-5067.019588	-5085.818852	-4911.905528	-4848.392562	-4891.197283
	-4974.898428	-4671.966851	-4749.493024	-4721.037903	-4709.534174
	-4794.970697	-4768.508667	-4827.425377	-1656.121767	-1106.08543
	-516.3639808	-1108.848449	-2158.323438	-1652.958864	-2599.34677
	-2153.948295	-6624.787021	-6605.266964	-6680.351074	-6540.771942
	-6445.811701	-6521.804436	-6422.482089	-6334.638637	-3324.061302
	-2989.090757	-2594.773079	-2994.948932	-3318.315669	-3841.972769
	-3606.283839	-3613.125446	-6312.215914	-6181.28221	-6067.393411
	-6207.99416	-4191.11358	-3835.766618	-4040.271143	-4033.522943
	-5754.821072	-5912.772834	-6042.749217	-5884.912546	-4321.54679
	-4418.545176	-4316.686134	-4185.692479	-4503.830235	-4504.14063
	-4568.938673	-4416.041315	-4629.964081	-4641.437836	-4683.449847
	-4573.474097	-5564.809035	-5438.718956	-5730.28438	-5591.305033
	-5416.054243	-5163.867699	-5266.844626	-5291.139485	-5047.962264
	-5142.452758	-4952.739973	-5023.849628	-4929.623364	-4869.496045
	-4701.926518	-4739.848437	-4771.095363	-4800.388275	-4841.416594
	-514.2979297	116.2582543	761.2128084	114.8610353	-1649.331309
	-1100.648103	-1103.527663	-512.3960663	-6730.387683	-6710.562626
	-6775.938789	-6660.699083	-2145.823501	-1646.149233	-2150.053948
	-2589.72463	-6585.954202	-6641.202589	-6561.639122	-6497.911721
	-6474.090517	-6370.052889	-6284.084146	-6399.208341	-2585.425039
	-3312.274315	-2978.832183	-2984.030922	-3307.539036	-3600.754488
	-3829.843157	-3595.728906	-6122.118537	-6012.171344	-6154.827442
	-6256.270155	-4181.779539	-4025.966121	-3826.068885	-4028.839259
	-5700.13131	-5824.026661	-5982.188042	-5857.516132	-4315.036008
	-4417.383137	-4317.498451	-4181.209321	-4509.48311	-4585.753783
	-4423.755778	-4522.626442	-4733.424537	-4660.395619	-4605.265502
	-4692.111296	-5388.349423	-5670.854579	-5507.607084	-5538.987766
	-5243.086748	-5116.200874	-5214.030292	-5361.406627	-4999.656613
	-5089.972811	-4774.077254	-4900.829658	-4969.407903	-4870.67205
	-4812.027037	761.8789149	1437.62049	2098.647654	1437.662114
	-510.3075391	118.8206978	117.5188794	762.4493292	-6821.229701
	-6801.065896	-6866.239156	-6755.955311	-1642.813023	-1095.76198
	-508.614982	-1098.211246	-6690.850155	-6736.063322	-6665.915519
	-6616.553498	-2581.19287	-2139.081859	-2142.343705	-1640.15784
	-6537.346461	-6591.925831	-6506.766508	-6444.108684	-6341.073866
	-6414.325516	-6305.020226	-6221.618617	-2578.230504	-3303.568807
	-2972.065023	-2974.966091	-3592.595105	-3301.826276	-3592.924965
	-3824.456039	-6187.425617	-5945.295539	-6089.787882	-6050.126668
	-4032.214359	-4185.237575	-4026.600847	-3826.456658	-5751.796813
	-5909.332201	-5635.33212	-5791.327112	-4341.735046	-4194.652388
	-4325.28229	-4438.555508	-4460.794822	-4543.419743	-4577.542471
	-4638.224234	-4832.973128	-4680.228489	-4733.4798	-4792.43678
	-5440.99617	-5601.092074	-5329.035453	-5477.329366	-5297.623693
	-5058.280049	-4900.408697	-5026.193387	-5185.833432	-4938.882123
	-5151.584786	2097.802027	2777.400307	3415.152459	2779.02125
	762.9116217	1437.133373	1437.505502	2096.936066	-507.0895155
	120.3457302	763.0491674	119.7359743	-6915.925427	-6895.191529
	-6969.314583	-6845.79158	-6780.973816	-6825.429012	-6755.477245
	-6710.864148	-1637.909044	-1092.727188	-1093.975271	-506.1412367
	-6640.974589	-6685.635274	-6609.463147	-6560.841235	-2137.063675
	-2576.444206	-2136.360117	-1636.79555	-6377.049974	-6476.28421
	-6529.848751	-6438.127857	-6224.930401	-6145.119096	-6269.199573
	-6340.042598	-2576.749738	-3302.819672	-2973.605609	-2971.36062
	-3604.884296	-3307.412883	-3595.896478	-3833.824812	-6103.516237
	-5865.531644	-5963.643547	-6011.08301	-4063.968224	-3846.704048
	-4213.292829	-4043.348952	-5713.467855	-5667.633795	-5560.097276
	-5823.059078	-4403.897719	-4365.883501	-4239.369143	-4497.009653
	-4541.830798	-4621.03241	-4740.364761	-4681.921667	-4807.997577
	-4945.773654	-4987.068978	-4860.229107	-5223.442555	-5364.524845
	-5076.568312	-5260.296788	-5406.148918	-5118.009096	-5520.664558
	-7033.118518	-7011.31912	-7104.186352	-6948.060259	3412.633609
	4056.168935	4637.679614	4059.548767	2095.65512	2773.602151
	2775.785943	3410.192042	762.6950076	1435.13551	2094.140994
	1436.447023	-505.9157081	119.611498	120.3985169	761.8882982
	-6874.547945	-6926.921154	-6848.276549	-6799.616472	-6729.933002
	-6773.702504	-6697.552138	-6653.710844	-1092.569693	-1637.166983
	-1093.97773	-506.6484051	-6538.404571	-6490.915573	-6577.988351
	-6621.793887	-2137.645823	-1639.339011	-2142.075041	-2580.142398
	-6452.085367	-6352.717947	-6293.987762	-6400.080064	-6127.165392
	-6248.324884	-6052.448828	-6181.013388	-2990.876469	-2586.746919
	-3317.833898	-2979.283924	-3643.321234	-3333.37378	-3869.299316
	-3619.222259	-5861.053229	-5771.833796	-6002.363227	-5917.094707
	-3898.813691	-4091.942186	-4133.786919	-4279.635371	-5722.231734
	-5623.333351	-5473.800615	-5570.57812	-4604.308082	-4327.482822
	-4513.726281	-4450.490906	-4893.352477	-4750.280401	-4834.527457
	-4672.568477	-5133.052318	-5179.107117	-5274.990692	-5427.997736
	-5034.083333	-4979.285147	-5324.128382	4633.291655	5208.723599
	5711.517684	5214.076889	-7191.846555	-7167.917772	-7287.750585
	-7081.386032	-6989.629484	-7058.690011	-6961.887204	-6900.09365
	3407.015176	4048.737894	4052.901176	4629.106491	2091.804062
	2767.84341	3403.723364	2771.197498	760.0496342	1430.50655
	1433.389822	2089.163398	117.9044442	-509.1119424	114.4113236
	757.4390426	-6821.896998	-6873.059282	-6788.308039	-6740.820103
	-6707.85929	-6624.260312	-6581.584631	-6665.158171	-1097.084304
	-1644.732272	-1103.35688	-513.0603768	-6449.305428	-6541.34579
	-6403.54075	-6498.836335	-2149.470562	-2599.18502	-2162.506255
	-1652.745905	-6191.857885	-6355.121824	-6247.075765	-6305.489148
	-6008.789283	-5941.330766	-6135.891662	-6073.764932	-2615.81279
	-3358.429633	-3032.598063	-3007.150454	-3389.139215	-3941.862603
	-3717.061093	-3673.776027	-5740.195541	-5806.077053	-5881.478341
	-5662.701478	-3990.682765	-4182.62349	-4391.54797	-4246.244551
	-5372.91531	-5604.384808	-5456.760882	-5519.023053	-4663.66619
	-4582.178177	-4756.130729	-4458.86982	-5161.370266	-5075.041835
	-5316.466673	-4837.32278	-4918.906727	-5225.033883	-5010.255972
	5705.017984	6191.511489	6604.364494	6199.104038	-7404.040869
	-7375.944187	-7524.207738	-7261.883108	4623.846536	5197.265181
	5203.613981	5698.882155	-7144.009293	-7235.985373	-7113.160329
	-7029.770668	-6838.635322	-6933.969804	-7000.512226	-6898.189114
	3399.272486	4038.938731	4618.627968	4044.47576	2085.1839
	2759.14034	2764.206869	3394.702868	1426.884525	752.8642339
	1421.248758	2080.636317	109.504271	-520.2674811	747.0839497
	101.412029	-6754.654038	-6804.009713	-6711.97076	-6666.220068
	-6624.419408	-6583.299804	-6490.865643	-6531.791625	-1112.061158
	-1666.27484	-1125.940716	-529.5565743	-6294.914962	-6399.757629
	-6338.067317	-6440.30873	-2179.266527	-2641.089771	-2203.98249
	-1682.912802	-6234.795792	-6067.090912	-6117.076119	-6188.75078
	-5944.230306	-5998.807008	-5808.839736	-5866.084679	-3103.804084
	-3431.683364	-2670.243497	-3062.841292	-4052.948231	-3477.518881
	-3824.541896	-3764.957003	-5596.278771	-5737.059156	-5533.830475
	-5674.985873	-4386.627578	-4537.754241	-4115.343637	-4311.912394
	-5393.562459	-5462.246468	-5314.347325	-5245.846219	-4741.81907
	-4822.556885	-4998.510894	-4924.09752	-5091.677814	-5168.311348
	-4610.918005	6595.491463	6983.751826	7305.409887	6993.830439
	5691.317075	6175.571435	6184.336046	6587.194518	-7663.053907
	-7627.763895	-7796.161379	-7492.717111	-7347.618355	-7460.962243
	-7310.764572	-7202.776506	4611.912604	5183.104347	5684.002025
	5190.980588	-7042.023213	-6963.11476	-7082.101703	-7169.11349
	-6862.281665	-6925.338607	-6816.460094	-6760.116381	3388.495454
	4025.976171	4033.3103	4605.312926	2753.543421	2073.88788
	2745.706876	3381.960846	1414.465262	737.9927041	1404.41481
	2066.204017	727.219238	91.34360493	-543.9819338	76.44201947
	-6715.894116	-6615.032418	-6571.81683	-6669.147108	-6377.19438
	-6518.956053	-6480.156682	-6415.536467	-1142.651672	-1707.064229
	-1166.091442	-560.6879133	-6199.671654	-6160.428872	-6313.86537
	-6276.23151	-2231.886576	-2268.039591	-1733.474887	-2708.981546
	-6045.286604	-5957.545961	-5915.208144	-6085.986927	-5787.879137
	-5649.654729	-5693.111291	-5831.77706	-2748.533881	-3533.180218
	-3197.83817	-3146.823371	-3585.943804	-4184.578486	-3945.445843
	-3882.716788	-5417.636693	-5373.365938	-5516.341827	-5561.355541
	-4454.294082	-4245.09714	-4520.015034	-4684.684229	-5066.708737
	-4949.231584	-5228.913908	-4890.269405	-5117.475583	-5278.157028
	-4743.76387	7294.010162	7585.151964	7822.356633	7597.770463
	6577.126313	6962.999327	6974.328913	7283.45758	5674.869609
	6156.751495	6567.583388	6167.097122	-7940.81858	-7895.164695
	-8068.863501	-7755.876232	-7591.971894	-7715.165157	-7545.375578
	-7420.099086	-7378.768507	-7225.89061	-7125.996816	-7273.752301
	5666.154198	4596.798873	5165.721016	5175.383344	-7001.765293
	-7082.325905	-6950.097761	-6877.271459	-6828.677322	-6711.931157
	-6660.06191	-6770.425278	4018.361411	3372.998602	4008.30843
	4588.248528	3363.398382	2736.998156	2055.111664	2724.909655
	711.5667313	1392.759673	1376.418317	2042.672698	59.36869157
	-583.926309	694.1537049	36.37610219	-6560.699244	-6452.755934
	-6603.771904	-6492.377378	-6269.812343	-6235.201414	-6386.103155
	-6350.620578	-1191.517078	-1767.401266	-1223.239605	-608.4094123
	-6122.66476	-6156.043985	-5994.31743	-6027.856324	-2345.466075
	-2304.338217	-1800.459697	-2794.563635	-5869.120824	-5729.69299
	-5761.365961	-5902.123093	-5596.729596	-5452.450189	-5626.479065
	-5478.79407	-3244.874211	-3292.677321	-2835.687328	-3641.166901
	-3686.018696	-4301.671283	-4045.883551	-3998.397157	-5338.32136
	-5180.527618	-5156.211997	-5313.11188	-4342.749184	-4792.80482
	-5019.467312	-4570.565346	-4824.304076	-4991.02408	-4609.696394
	7808.562816	8012.137681	8177.14677	8026.9818	7270.858605
	7559.715624	7573.498738	7795.928944	6555.971143	6939.492069
	7259.13205	6952.274484	-8199.246892	-8141.234976	-8305.693819
	-8017.132068	5655.312662	6134.957257	6146.895615	6545.167141
	-7662.920718	-7848.962508	-7965.082485	-7789.306442	-7610.397849
	-7438.875421	-7325.925569	-7498.791711	-7177.866176	-7272.505958
	-7116.186167	-7026.664871	5156.089959	4577.087928	5143.894014
	5644.796306	-6970.353899	-6832.005963	-6767.16595	-6898.19712
	-6705.012094	-6578.947569	-6653.160322	-6533.090729	3997.68993
	3350.278507	3983.603966	4565.626608	3336.158817	2711.559523
	2025.467667	2693.572108	670.8496552	1358.385953	1334.841435
	2006.892946	646.824058	-17.26057793	12.15171392	-638.9382259
	-6303.07803	-6337.794666	-6423.670418	-6461.756721	-6188.379909
	-6219.284672	-6058.224158	-6087.63792	-1254.089899	-1837.678107
	-1287.839009	-667.8692638	-5959.394576	-5814.592192	-5788.976424
	-5931.985222	-2381.596076	-2876.48126	-1869.370477	-2416.298191
	-5651.634956	-5517.845346	-5674.264997	-5499.761779	-5368.788176
	-5355.732027	-5195.320575	-5203.135907	-2907.065736	-3724.313038
	-3360.401453	-3330.048499	-4078.177747	-4098.506051	-3748.333955
	-4371.865451	-5034.543146	-4847.82186	-4842.551052	-4385.212426
	-5039.914273	-4641.153135	-4632.128054	8161.49481	8292.57022
	8400.214424	8308.890295	7781.109168	7982.894804	7998.612107
	8147.317755	7245.235161	7532.107462	7767.568899	7546.949603
	7232.640726	6532.17512	6913.78446	6927.65861	-8406.881345
	-8336.543793	-8482.668002	-8241.504629	-8082.994499	-8008.717156
	-7898.763693	-8177.437955	6123.470042	5631.609881	6109.458152
	6519.982362	-7832.625545	-7654.414289	-7543.611516	-7729.963155
	-7378.971724	-7476.561785	-7302.529603	-7204.612075	-7136.22991
	-6975.791987	-6899.11307	-7054.412105	5131.498802	4550.59454
	5618.524858	5115.656077	-6827.227984	-6681.668762	-6765.602849
	-6626.902497	-6372.785188	-6548.060409	-6410.959863	-6504.368279
	3317.326034	3949.061586	3968.613666	4534.940989	2674.31077
	1982.789488	3297.530775	2649.780756	1310.577209	617.6287911
	1281.648807	1958.338663	-75.48306981	590.2437028	-45.33376373
	-699.6722366	-6251.257908	-6282.915048	-6143.931514	-6115.566151
	-5985.69557	-5860.521918	-6010.602408	-5837.94511	-1316.665474
	-1343.376877	-1899.608262	-726.2200373	-5695.032198	-5714.607212
	-5549.401156	-5533.863879	-2441.74193	-1921.026466	-2930.788108
	-2460.455259	-5207.342745	-5379.534019	-5210.538153	-5389.733723
	-4835.940817	-5039.54723	-5036.176791	-4844.495096	-3377.817956
	-2943.022264	-3761.012121	-3384.779739	-3761.318906	-4386.247669
	-4104.724547	-4377.030866	-4638.901147	-4099.486532	-4628.302396
	8383.654726	8459.453898	8524.402334	8476.101668	8131.018648
	8261.23185	8277.917868	8368.837493	7751.99605	7952.621615
	8116.435624	7968.686274	7738.306213	7218.056427	7503.790761
	7518.809762	-8549.139879	-8468.460388	-8593.85444	-8407.029608
	7204.898112	6900.947869	6505.31633	6885.935926	-8266.593226
	-8332.17673	-8178.448289	-8096.48463	-8016.425156	-7842.632223
	-7749.139745	-7935.194619	6095.738998	5602.016432	6078.856258
	6491.288747	-7579.298337	-7666.127813	-7484.507686	-7391.932158
	-7307.464804	-7130.400669	-7050.179965	-7226.415684	-6963.942085
	-6798.641271	-6737.189122	-6897.31665	5099.329112	4514.719503
	5078.691631	5585.328186	-6449.899842	-6646.693173	-6597.64538
	-6492.656262	-6317.087569	-6350.993126	-6200.750602	-6171.768055
	3272.484174	3928.674418	3903.34003	4494.000952	2595.915355
	3247.538714	1929.24066	2624.995997	1225.291484	1254.372482
	1902.108424	560.6317148	-101.0390803	-751.1193032	-124.603771
	535.8196582	-6035.52534	-5902.415101	-6059.439176	-5881.697748
	-5733.259956	-5750.88733	-5578.426171	-5564.068382	-1362.51398
	-1936.587272	-768.7219147	-1376.064576	-5213.992611	-5218.473497
	-5399.74716	-5410.128098	-2469.474162	-1943.67879	-2470.5419
	-2946.208077	-5030.657248	-5032.786701	-4825.758235	-4816.07738
	-4614.223821	-4342.438098	-4598.676482	-4361.323603	-3381.548537
	-3752.008535	-3369.921352	-2940.966941	-3735.887852	-4066.912947
	-4086.178377	8508.244709	8545.382699	8580.355779	8560.888881
	8352.21451	8428.442409	8444.759753	8493.982264	8100.257433
	8230.566572	8337.723798	8246.576344	8086.576905	7723.17708
	7923.914375	7938.798368	7490.591007	7189.872852	7476.006497
	7710.249538	-8509.385804	-8628.716378	-8540.927964	-8648.220737
	-8388.869823	-8426.366966	-8289.5305	-8238.308632	6871.922456
	6474.385702	6855.506908	7176.234998	-8146.17497	-7983.406909
	-7916.135383	-8091.636256	-7751.210429	-7817.394714	-7637.228062
	-7562.26276	6062.063278	5564.538293	6041.615573	6457.90109
	-7390.828798	-7459.746054	-7274.158953	-7202.121936	-7097.729625
	-6917.176034	-6856.819919	-7035.342152	-6750.184471	-6579.234906
	-6534.779089	-6700.636751	4468.495116	5057.760069	5032.514268
	5543.802732	-6387.84383	-6422.83196	-6258.709476	-6229.270545
	-6083.854168	-6106.903517	-5921.992879	-5940.877294	4443.668039
	3849.52746	3218.443348	3878.296322	2568.848995	1873.148667
	2540.212693	3191.625819	1200.635859	1177.648846	512.5694704
	1848.68961	-781.6416906	-141.8090584	495.5441804	-154.5579785
	-5767.66333	-5591.854923	-5783.063279	-5604.253261	-5420.180126
	-5229.669522	-5223.881131	-5429.920746	-1382.604994	-788.2479349
	-1944.209331	-1383.470814	-4803.771407	-4808.830487	-5030.165316
	-5031.541759	-2465.087095	-2929.169003	-2454.214023	-1939.517756
	-4584.983114	-4323.810575	-4306.78436	-4573.862564	-4025.84863
	-3694.577069	-2913.755051	-4046.376309	-3333.810653	-3353.594544
	-3715.805807	8566.192058	8579.100376	8594.232851	8591.776845
	8478.483241	8517.5381	8531.958699	8553.833741	8322.379091
	8400.21613	8465.430123	8414.623187	8072.392824	8204.405529
	8217.514392	8310.098451	8061.26937	7911.788672	7696.575437
	7899.566252	-8662.791568	-8558.371548	-8659.76999	-8568.508388
	7463.388373	7160.871287	7449.77855	7685.261823	-8454.763834
	-8470.373642	-8347.858038	-8322.866496	-8221.838272	-8071.631401
	-8031.562828	-8192.145997	6840.015073	6438.373557	6822.193861
	7146.78111	-7877.246681	-7919.664895	-7746.269399	-7694.924413
	-7525.486254	-7575.335502	-7388.117844	-7333.177097	6021.610141
	5519.249887	5998.496889	6419.605722	-7209.354481	-7019.600518
	-6969.518125	-7159.759523	-6843.601675	-6659.283298	-6619.81848
	-6801.085617	-6459.335253	-6313.337374	-6490.992794	-6286.446178
	5008.274549	4981.359255	5496.062814	4415.532188	-6130.163399
	-5958.373069	-6150.688147	-5974.335328	-5797.245948	-5624.240568
	-5809.394784	-5615.274152	4390.153488	3796.017913	3823.277624
	3163.490479	1825.748178	2493.314267	3139.746093	2516.019227
	1808.346559	1160.382106	482.3500671	1146.741873	-790.1476192
	-161.8640532	-165.0189857	474.2927917	-5240.00963	-5235.423908
	-5438.393597	-5445.518164	-5036.128631	-4801.385482	-4800.084139
	-5033.569601	-1380.266196	-1373.791977	-1930.666835	-788.7038334
	-4565.845441	-4293.596858	-4283.23088	-4560.699088	-1920.392737
	-2896.34315	-2441.137473	-2426.515216	-2879.360762	-3657.391442
	-3296.031996	-3674.845697	-4008.289324	-3314.406615	-3993.917457
	8583.789267	8584.204242	8587.49227	8592.380067	8540.949385
	8557.133537	8568.288086	8574.570019	8452.472601	8494.559284
	8530.592678	8505.891802	8442.993178	8298.570739	8379.737254
	8389.375122	-8569.470643	-8656.614382	-8571.052411	-8660.965745
	8195.039669	8051.028933	8187.307183	8290.938857	7882.522566
	7890.494895	7674.076406	8044.265621	-8478.980258	-8481.022294
	-8367.999939	-8361.001944	7438.229682	7131.508432	7426.509324
	7665.287698	-8254.442836	-8114.582414	-8096.827437	-8243.366108
	-7954.1206	-7975.458397	-7810.23274	-7781.918015	6805.802541
	6398.766573	7117.904407	6788.29999	-7618.847204	-7648.570712
	-7463.876432	-7429.079565	-7287.678536	-7093.541802	-7059.044954
	-7254.717613	5977.294203	5471.075556	5955.136918	6380.040315
	-6913.554439	-6719.984803	-6691.764902	-6883.532375	-6521.101799
	-6544.0152	-6355.519651	-6336.266866	-6169.886894	-6184.386712
	-5998.37613	-5987.985241	5449.378728	4364.417917	4934.012871
	4957.634311	-5631.325737	-5819.554726	-5826.654379	-5635.129408
	-5243.407342	-5450.295084	-5244.012697	-5452.815308	4343.063546
	3773.351205	3117.724666	3752.35439	1794.298626	2461.777292
	2475.99722	3100.719538	1132.126281	1137.806712	1784.73178
	469.801508	-165.3763257	-784.6739981	-163.7180008	467.8184397
	-5037.587775	-4798.551327	-4799.789778	-5037.971151	-4271.5071
	-4554.908426	-4557.230005	-4276.578439	-1366.530939	-1909.323637
	-780.3670921	-1358.953328	-3975.846271	-3644.05689	-3983.310563
	-3633.678043	-2401.26719	-2413.124494	-1899.608507	-2864.242065
	-3280.889165	-3268.897273	-2851.684305	-8651.228137	-8561.163527
	-8647.766935	-8565.693078	8582.050169	8578.373817	8582.145588
	8579.122196	8565.36162	8569.688977	8576.695017	8577.003943
	8558.372713	8521.233349	8541.230217	8548.638033	8487.139379
	8435.65481	8482.256096	8515.539434	8373.339622	8374.7139
	8286.18246	8432.928784	-8479.147229	-8475.493182	-8366.390568
	-8368.927687	8183.983292	8040.121825	8184.400602	8286.034874
	7877.974078	7658.01555	7876.201925	8039.660684	-8259.312655
	-8125.637706	-8122.895022	-8259.454101	7653.476178	7417.413444
	7104.847655	7410.033749	-7989.464586	-7995.417999	-7836.876891
	-7826.852166	-7671.116049	-7683.797263	-7503.185939	-7486.751675
	6773.696676	6361.821316	6760.564436	7094.610922	-7331.727825
	-7136.39561	-7117.793402	-7314.672425	-6955.447477	-6755.579574
	-6740.422087	-6938.820094	5936.884503	5428.94551	5920.451367
	6347.276725	-6562.816407	-6377.687567	-6574.596663	-6369.320027
	-6195.253666	-6200.615665	-6006.839526	-6005.223327	-5633.051977
	-5636.468125	-5830.381177	-5830.102864	4915.177484	4898.679722
	5412.801431	4324.081204	-5448.011691	-5236.98584	-5242.63887
	-5451.891635	-4791.554677	-4796.543172	-5030.959934	-5035.585487
	4309.588917	3086.960368	3723.561365	3736.506376	2444.832945
	2451.929041	1778.16323	3077.175623	1128.730354	467.4796928
	1773.766216	1126.70097	466.9216829	-162.0120426	-160.7382116
	-776.0606665	-4264.16921	-4548.340841	-4268.124008	-4552.049028
	-3622.152272	-3627.037379	-3970.662716	-3966.784028	-773.6424465
	-1891.714623	-1348.863231	-1352.988602	-3254.933179	-3260.500556
	-2386.323216	-2392.3861	-1886.48498	-2842.69169	-2836.464417
	8577.354583	8577.711155	8577.262005	-8646.809029	-8558.068395
	-8556.41536	-8467.173122	-8470.860756	-8356.291496	-8362.12784
	8575.308138	8570.923713	8570.627185	8574.262809	8552.871154
	8560.541556	8564.384585	8566.793654	8537.7361	8513.241232
	8551.075516	8538.020324	8435.191401	8488.771654	8482.624711
	8516.156205	8443.124339	8377.531005	8291.410332	8388.44303
	-8255.511972	-8250.222537	-8118.201487	-8123.771025	8189.648827
	8044.079748	8201.187022	8301.761546	7878.29972	7652.84114
	7885.589313	8052.306049	-7995.727427	-7992.233186	-7837.443956
	-7839.763215	7406.415356	7087.849718	7407.221261	7655.541292
	-7689.950889	-7690.321231	-7513.392989	-7511.17495	-7346.811622
	-7152.228294	-7147.005361	-7342.603378	7084.748309	6751.807213
	6336.198301	6747.005998	-6764.409018	-6972.18411	-6768.425589
	-6966.880315	-6581.702069	-6583.908156	-6381.340951	-6379.986297
	6328.963612	5908.804482	5400.163608	5900.577105	-6201.178491
	-5997.175567	-6197.715812	-6004.838318	-5816.463526	-5626.854971
	-5825.043544	-5614.880577	-5215.543123	-5228.992481	-5428.0836
	-5439.556484	4886.997712	4298.619393	4878.385884	5391.297257
	-5010.643138	-4784.645988	-4773.025064	-5022.165887	-4533.319906
	-4252.398683	-4259.716355	-4541.971523	3714.774715	4291.078133
	3070.286506	3708.548438	2439.954897	1770.610083	3065.418084
	2436.181286	1124.384003	1767.062665	1121.180614	465.7660444
	462.2488343	-161.4720505	-773.1640374	-164.4280132	-3958.118069
	-3618.984016	-3615.507544	-3962.892569	-2831.828911	-3251.642652
	-2833.335808	-3249.397897	-1347.557171	-1884.167138	-2382.640076
	-775.6282747	-1884.434478	-1348.871307	-2383.32602	8568.352688
	8573.725477	8569.476309	-8463.77293	-8351.119953	-8345.140218
	-8242.895486	-8235.884889	-8101.861557	-8111.367033	8564.013102
	8565.142669	8565.988785	8567.021505	8553.694033	8565.362317
	8560.457931	8565.225729	8526.130769	8562.166628	8557.981301
	8544.019722	8459.643551	8524.014673	8501.463125	8542.774335
	8405.455908	8320.719686	8432.55072	8482.324261	-7984.80934
	-7976.350433	-7822.318639	-7831.834054	8217.684357	8068.220091
	8344.400773	8243.174714	7897.145632	7665.001925	7916.27876
	8087.639227	-7685.428135	-7678.028011	-7503.295172	-7510.730667
	7412.302048	7087.545773	7677.503348	7423.538733	-7345.416598
	-7340.410343	-7147.356215	-7152.198826	-6969.254567	-6763.932758
	-6768.26326	-6972.550491	6750.501873	7093.109115	6326.618036
	6746.447043	-6577.546891	-6368.352634	-6376.022411	-6582.045708
	-6190.210527	-5987.712858	-5974.071539	-6181.187649	6326.879351
	5896.453973	5386.496898	5895.781004	-5803.1805	-5601.13091
	-5788.665438	-5582.297606	-5179.126068	-5200.138712	-5411.493885
	-5393.333619	-4759.175916	-4739.636281	-4994.004182	-4975.261663
	4873.565983	4871.362934	4286.668736	5384.339588	-4504.499624
	-4228.862554	-4243.068086	-4520.254792	-3941.157556	-3604.557696
	-3611.410715	-3950.922543	4284.151383	3704.688986	3701.982461
	3061.872617	3058.04692	2432.184983	2427.142788	1762.621829
	1115.528236	1755.440473	1107.229352	456.431353	-780.7724372
	-170.5358477	-179.3864059	447.0273393	-3243.960102	-2831.585001
	-2830.969092	-3247.291867	-1358.978726	-1887.105923	-2385.621178
	-1891.124532	-2383.867161	-788.6619402	-1352.98703	8563.542454
	8564.21953	8561.871092	-8227.54868	-8092.989783	-8082.185223
	-7965.150962	-7954.461486	-7799.012016	-7812.169966	8571.906957
	8575.837487	8567.021004	8567.266026	8579.779496	8597.96039
	8576.523695	8585.290865	8571.101318	8605.065991	8613.808522
	8579.373629	8517.41421	8597.313952	8553.715966	8606.605663
	8465.377888	8379.62124	8510.981978	8557.861411	-7666.681556
	-7655.061471	-7480.840598	-7493.941672	8272.922045	8117.02089
	8313.246146	8418.071867	7938.813195	7698.116838	7969.386274
	8148.140459	-7330.750749	-7319.92486	-7128.196471	-7139.811557
	7437.644488	7104.771171	7719.628927	7457.26602	-6961.494747
	-6952.146328	-6746.985494	-6757.302474	-6560.479997	-6348.491905
	-6359.854639	-6569.527867	6767.743481	7117.211254	6757.265774
	6331.69929	-5945.334916	-5960.930024	-6157.890993	-6169.408095
	-5771.096083	-5564.076851	-5754.74137	-5542.869289	6337.900607
	5898.049417	5903.037356	5385.638543	-5349.934761	-5371.099363
	-5132.594907	-5157.896636	-4692.696081	-4927.871474	-4951.559486
	-4718.750985	-4483.426036	-4212.285969	-4460.800293	-4189.916309
	4871.561783	5388.487815	4283.364938	4873.175922	-3909.595114
	-3580.966787	-3595.280419	-3926.864056	-2824.529412	-2829.235895
	-3229.326116	-3238.212358	4282.669301	3053.465845	3699.504774
	3696.203814	2419.540374	2409.096301	3046.231151	1745.677285
	1080.090831	1095.138219	434.8513114	1731.661396	-191.2744991
	-798.4501954	419.4183399	-204.6550488	-1899.463964	-1895.732135
	-2386.914466	-2387.227768	-1366.530961	-1373.829719	-809.3597064
	8564.651232	8577.014047	8576.232405	-7941.76281	-7772.549469
	-7786.878874	-7640.60686	-7627.246547	-7452.262314	-7467.953013
	8610.069533	8619.897469	8594.608496	8591.536481	8645.105367
	8673.645677	8627.714159	8643.510123	8658.192834	8716.155355
	8693.148604	8656.230644	8613.463198	8713.011949	8647.033604
	8715.425967	8560.278413	8469.285934	8622.724618	8671.562036
	-7291.710719	-7100.584762	-7116.003773	-7305.51413	8355.31767
	8189.014312	8520.315453	8406.735815	8000.558682	7747.888048
	8037.549746	8228.174637	-6939.017148	-6925.973701	-6721.699288
	-6735.917636	7477.372237	7134.283129	7501.002642	7774.380935
	-6536.120565	-6323.574621	-6337.28661	-6548.234577	-6131.645299
	-5931.470228	-5915.979143	-6144.25053	6794.004248	7150.860188
	6779.588664	6347.627858	-5721.414464	-5504.666499	-5524.380817
	-5736.894014	-5326.797432	-5306.802528	-5109.634673	-5084.94274
	5909.964861	5918.567082	6358.097353	5393.510376	-4667.529789
	-4900.926578	-4639.299508	-4876.696771	-4407.26679	-4433.50798
	-4166.440208	-4138.154578	-3886.853238	-3862.673067	-3540.694818
	-3563.80836	4875.581191	4281.750007	4877.739102	5398.984984
	-3198.393847	-2803.337794	-2816.662237	-3215.638388	-2376.430863
	-1901.17949	-1899.066867	-2383.709627	3690.892582	3036.530972
	3683.058304	4278.97399	2394.566318	2377.167416	1714.904863
	3022.590142	1042.287358	402.669054	1694.516657	1061.61856
	-232.3689348	-219.2852433	-1380.268575	-819.844477	-828.4566798
	-1383.502355	385.1366787	8630.428407	8626.07046	8595.630923
	-7611.800356	-7421.941035	-7438.122978	-7275.365681	-7069.449256
	-7086.179288	-7260.699901	8694.68213	8714.142898	8667.07585
	8657.500349	8760.630667	8803.452733	8754.454147	8728.181141
	8790.985991	8867.526398	8833.72166	8782.221847	8744.641653
	8865.400289	8781.6317	8867.916832	8684.645188	8582.020004
	8756.566455	8815.168448	-6895.320333	-6691.867793	-6708.037026
	-6909.968443	8455.7529	8273.982257	8510.20435	8638.871184
	8072.068148	7804.936587	8109.312848	8314.92196	-6521.219205
	-6507.399242	-6295.548833	-6310.649988	7523.710801	7170.51952
	7548.37289	7832.571744	-6103.851595	-5887.384378	-5902.398217
	-6117.046478	-5488.29675	-5471.347767	-5704.986349	-5690.975063
	6826.084224	7189.567232	6809.202401	6370.902757	-5043.465712
	-5269.557573	-5064.291778	-5286.351607	-4851.449068	-4830.515095
	-4589.017399	-4614.499734	5928.194398	5404.955246	5938.291661
	6384.155468	-4111.398826	-4082.323442	-4378.493386	-4353.448124
	-3834.030214	-3806.961585	-3487.364512	-3516.341167	-3150.733319
	-3175.390082	-2763.155494	-2786.392505	4878.987975	4274.340498
	5410.294998	4878.616237	-1892.602995	-2346.446095	-1879.663442
	-2363.650731	-832.6929237	-1382.606187	-1376.065781	-833.3750109
	3658.242292	4266.617316	3006.361149	3671.767027	1673.863436
	2356.484579	2336.072597	2986.959598	-248.6904217	1653.348088
	369.7631645	1006.14847	1022.431952	-243.2346923	357.9972259
	8741.477559	8728.461114	8675.125031	-7244.165638	-7054.679469
	-7038.194241	-6878.601333	-6660.954861	-6677.287728	-6863.95682
	8836.585342	8868.930093	8798.982899	8779.844018	8927.736453
	8987.33293	8924.045956	8884.582419	8961.422005	9021.752332
	9057.176927	8954.075137	8896.608079	9036.673743	8946.002444
	9049.781336	8822.66345	8701.571234	8893.236815	8969.82233
	-6477.134673	-6266.318178	-6281.808795	-6491.343185	8558.774767
	8358.722752	8756.036306	8608.742707	8142.865839	7862.288994
	8177.283304	8396.867969	-6088.818302	-6075.51871	-5859.672556
	-5874.176533	7572.081852	7210.664752	7889.642259	7597.103254
	-5457.310036	-5663.119983	-5442.706391	-5675.957972	-5238.951155
	-5026.772954	-5252.675094	-5010.305455	6862.265879	7231.710493
	6843.639469	6398.545679	-4548.096238	-4793.550362	-4568.247239
	-4809.883803	-4328.119151	-4032.359068	-4057.30931	-4307.725642
	5948.634948	5414.79869	5958.64267	6413.387615	-3431.185559
	-3777.888179	-3753.097536	-3460.180957	-3094.375349	-3121.660179
	-2738.255441	-2708.81331	-1837.306781	-2322.881241	-2297.307287
	-1861.973189	4876.376609	4873.090628	5418.25783	4257.464283
	-1362.511546	-810.2105139	-825.6524435	-1343.341477	-238.5714024
	355.8929295	-247.6275179	352.7099407	3628.581811	4246.747789
	3642.543797	2968.776983	2952.528301	2316.69076	1637.532615
	1628.051298	991.286043	2303.454591	994.484641	8918.385563
	8817.325322	8893.984393	-6847.787473	-6646.775768	-6631.26461
	-6461.375435	-6252.714171	-6447.846115	-6237.917325	9034.390125
	9081.300679	8994.27466	8963.484065	9133.339186	9209.629513
	9143.371658	9089.798446	9148.759788	9237.217071	9261.243291
	9154.361094	9047.593578	9202.497809	9118.00916	9236.193194
	8954.413249	8811.721176	9015.348576	9113.804482	-6047.912545
	-5833.210739	-5846.977734	-6060.684747	8652.100831	8435.693102
	8694.936389	8859.004099	8208.741477	7918.353723	8240.81135
	8470.269095	-5649.235615	-5637.395632	-5417.544214	-5430.421266
	7621.954865	7254.271218	7648.207222	7946.164615	-4984.063273
	-5213.448069	-4997.146709	-5224.940605	-4517.42307	-4765.310718
	-4532.356788	-4777.712842	7277.874896	6902.532736	6881.888891
	6428.640696	-3993.735672	-4273.183034	-4012.455015	-4288.180245
	-3728.575082	-3709.305766	-3382.640782	-3406.602126	5968.847453
	5421.478082	5979.579207	6445.055708	-2681.203467	-3065.462416
	-3041.186558	-2652.259016	-1779.042383	-2267.182165	-2239.087585
	-1810.422554	-788.5214172	-1287.788742	-758.7264217	-1316.660973
	4869.635807	4869.333889	4238.70909	5425.618088	391.6950842
	368.2173877	-219.897114	-194.3832401	1641.044768	1015.685935
	1628.465769	998.2114522	4234.962452	2943.701023	3615.689099
	3617.884076	2304.413923	2298.155785	2944.515603	9155.270326
	9118.317851	9025.0004	-6433.165725	-6225.253522	-6211.626469
	-6034.08368	-6022.419609	-5808.840705	-5821.379891	9270.286755
	9331.18033	9240.327375	9197.510102	9351.019133	9441.277875
	9387.31856	9320.991113	9326.632946	9451.355113	9450.27801
	9355.466751	9179.412781	9344.07512	9274.265223	9402.474263
	9066.905122	8905.403167	9116.484068	9234.105881	-5613.883423
	-5395.147586	-5406.614299	-5624.617795	8732.843458	8505.283915
	8945.78172	8770.500131	8271.661772	7975.57275	8303.961628
	8538.440995	-5201.503952	-5191.639271	-4962.715434	-4973.428779
	7675.699855	7303.109618	8006.155734	7705.389429	-4743.481142
	-4494.810992	-4505.851416	-4753.118266	-3979.50114	-3966.496695
	-4248.477401	-4259.101909	7331.26599	6925.284665	6950.297883
	6462.725663	-3346.854359	-3677.967024	-3363.925254	-3691.324108
	-3017.654301	-2999.609943	-2604.91092	-2627.978328	5992.648744
	6010.062839	5433.560156	6484.061595	-2209.702984	-1719.574423
	-2185.456929	-1749.648285	-1223.198535	-726.4783957	-1254.089126
	-689.8759313	-159.7497795	462.9437418	-123.5514154	422.6635841
	4240.555498	4889.771549	5448.174766	4874.659394	1083.423648
	1703.25981	1045.975846	1665.217426	2324.704891	2357.045012
	3647.133592	2987.005062	3624.67074	4258.579604	2957.991513
	9428.162982	9283.615543	9379.516442	-6009.94431	-5798.246368
	-5786.994777	-5602.514089	-5593.075968	-5375.496917	-5385.48909
	9513.107386	9585.30515	9507.709825	9454.442812	9550.870096
	9650.899934	9546.071239	9622.02989	9475.916066	9608.246015
	9634.307234	9531.598605	9286.404718	9456.767825	9402.084469
	9536.311888	9159.406049	8985.644478	9201.225421	9331.176952
	-4944.873796	-4953.872635	-5181.293771	-5172.810184	8805.929107
	8573.067369	8842.667757	9022.770208	8337.414291	8039.363153
	8373.935726	8608.745464	-4733.816349	-4726.087227	-4477.746175
	-4486.138589	7362.334834	7738.575555	7775.69623	8076.636887
	-3947.933393	-4230.807487	-3956.780956	-4238.427086	-3334.289936
	-3657.16881	-3323.315078	-3665.882556	6980.164956	7015.467091
	7399.512304	6510.13455	-2971.612814	-2587.287087	-2571.815303
	-2983.276911	-2162.485172	-1694.670569	-2145.394421	-1671.790932
	5472.703042	6070.271816	6545.03713	6035.271584	-1191.518298
	-656.1964389	-1166.062679	-622.8300086	504.6547571	550.104224
	-82.49195428	-46.14626182	1178.244298	1748.460386	1131.150061
	1803.275759	4960.033341	4918.186415	4290.245501	5511.160149
	2404.481441	4339.0928	3028.225014	3084.575554	3686.235972
	2457.482969	3736.828595	9642.631775	9700.371604	9561.650608
	-5583.090821	-5367.156463	-5358.381131	-5164.019339	-5156.827697
	-4929.965476	-4937.455038	9730.388069	9810.208199	9759.497942
	9698.707309	9713.657106	9819.447703	9737.752564	9819.750127
	9592.980251	9778.292362	9729.499494	9671.117422	9374.577234
	9548.184054	9503.395898	9640.93792	9239.976911	9061.139497
	9279.821918	9414.527419	-4471.034323	-4718.207652	-4711.91614
	-4464.426419	8880.35023	8647.750678	9100.358318	8921.671281
	8414.81567	8118.39785	8461.063998	8691.487515	-4217.838269
	-3935.185909	-3941.289105	-4223.472625	7819.78927	7870.459949
	7442.451187	8168.134342	-3643.733542	-3315.52087	-3308.875272
	-3649.33406	-2954.779271	-2551.926615	-2560.887199	-2961.568115
	7114.670677	7496.125257	6589.372483	7060.522041	-2120.426731
	-1640.596285	-2130.506022	-1654.787193	-595.9367295	-572.1654572
	-1125.920321	-1142.649425	5562.241666	6180.186384	6648.093524
	6119.46865	-10.03729302	17.89206669	628.5028314	590.1913132
	1272.249749	1856.465519	1229.202332	1911.767404	3145.392921
	2578.36133	2520.159842	3214.307692	4398.418466	5018.938621
	5630.013474	5086.740453	3870.212988	3802.502637	4471.847403
	9937.016324	9873.452112	9820.854027	-5149.272508	-4923.790167
	-4917.333233	-4705.555362	-4700.43204	-4453.931922	-4459.126146
	9903.345726	9987.47034	9967.48165	9902.235551	9838.06726
	9946.854642	9885.894511	9971.102934	9686.822194	9888.268467
	9825.60809	9778.769603	9455.482661	9631.221607	9589.263605
	9728.725637	9320.400864	9143.355544	9364.960966	9497.096761
	-4212.296074	-4208.029353	-3926.155095	-3930.524987	8967.857169
	8741.017556	9020.522491	9191.463745	8515.858699	8224.804022
	8578.417368	8799.837416	-3635.02694	-3304.232925	-3300.340297
	-3638.667445	7558.467044	8293.845219	8003.250131	7932.627693
	-2945.520954	-2541.554587	-2546.033095	-2949.146117	-2107.430447
	-1631.120889	-1624.057107	-2112.342909	7183.283144	6717.02635
	7260.551279	7635.3265	-1103.341933	-555.232443	-541.9187118
	-1112.054681	683.0390467	42.5887517	59.35875582	657.9841553
	6338.28594	5704.913082	6256.702602	6800.886828	1343.439873
	1313.188911	2000.262462	1957.884179	2637.918326	2685.817363
	3277.01193	3339.057572	5791.126888	3944.881276	5167.386582
	4010.568065	4545.409801	5245.623696	4623.899507	10120.62756
	10033.06048	10053.95774	-4695.076891	-4449.714285	-4445.331133
	-4203.863964	-4200.586192	-3919.679101	-3922.802065	10032.98861
	10119.24424	10124.05077	10056.57221	9935.845827	10046.18169
	9997.965879	10084.75182	9771.426394	9911.651661	9979.074917
	9868.280899	9542.764371	9720.448099	9673.74451	9814.636567
	9414.692922	9246.352946	9471.711156	9593.76904	-3631.667213
	-3629.2595	-3295.350015	-3297.626213	9082.844517	8866.782533
	9311.445411	9154.052054	8737.768292	8947.46343	8653.958146
	8371.104509	-2940.891272	-2537.094009	-2538.859689	-2942.63963
	8179.755279	7719.570876	8463.15445	8088.548499	-1617.619348
	-2102.231689	-1619.993638	-2103.941311	-1093.967493	-528.4674677
	-533.7443153	-1097.076934	7351.812238	7816.870371	7444.012253
	6887.896591	712.1610887	699.8151747	79.78556965	72.38867237
	1368.886162	1385.158493	2031.051294	2056.097315	6513.99652
	6429.480489	5872.89992	6982.9307	3431.026499	2729.101058
	2759.550873	3388.013663	4123.003746	4691.587243	4074.16765
	4755.390269	5327.029758	5955.934865	5395.526199	10187.29932
	10255.44927	10191.68771	-4197.186567	-3917.21255	-3914.679562
	-3627.079173	-3625.457332	-3292.552459	-3293.789524	10133.44683
	10220.7554	10240.17436	10171.6452	10022.93668	10134.23106
	10089.92772	10177.56657	9862.066053	10003.57566	10067.19982
	9955.463904	9652.270047	9832.452017	9772.519314	9914.973905
	9539.178234	9385.747103	9616.504941	9721.625501	-2939.574565
	-2938.886198	-2535.919147	-2536.227818	9333.431083	9474.917421
	9239.476708	9036.390575	9140.635459	8836.646383	8560.192485
	8939.453635	-2101.499089	-1616.8129	-1617.098239	-2101.447841
	7913.458868	8384.359998	8668.973845	8283.436419	-525.9021303
	-1092.719358	-526.2055049	-1092.562728	85.49743522	722.1758444
	718.8267125	84.21321819	7631.26416	7542.780952	8015.264317
	7069.559673	1396.75651	2082.069965	2071.609483	1402.430657
	3483.17563	2783.659597	2797.992673	3460.510179	6666.553945
	6024.664424	6598.119805	7154.321312	4164.849039	4803.41664
	4843.599724	4192.819782	5458.720087	5505.327115	6086.798687
	10308.78376	10289.58269	10358.46289	-3623.809069	-3291.667185
	-3290.79889	-2938.520575	-2938.400213	-2536.519176	-2536.021831
	10222.18851	10310.13456	10334.30948	10265.22296	10115.78843
	10227.92449	10178.88884	10267.14092	9975.894608	10169.93864
	10119.06948	10057.18254	9801.114424	9985.045592	9903.411633
	10048.14183	9709.087498	9572.729493	9810.733512	9896.421864
	-2102.104897	-2103.018827	-1619.558588	-1617.999268	9555.501336
	9443.050243	9248.280762	9686.58916	9162.550195	9367.058743
	9053.81052	8773.787587	-526.9595852	-529.2542456	-1095.756328
	-1093.969973	8489.576962	8105.455589	8581.582374	8881.87478
	722.5184158	82.77444624	720.6974114	84.79394703	2086.626407
	1403.972059	2087.641605	1404.680034	7784.548477	7716.659134
	8191.541587	7222.460786	2806.989218	3503.413807	2810.28753
	3495.969392	4213.445133	4224.579383	4869.69902	4888.355244
	6770.899611	5567.482682	6167.931026	7282.22967	6727.379309
	5543.33044	6131.879595	10403.4356	10379.42857	10448.73219
	-2938.329395	-2537.074116	-2537.716882	-2105.585354	-2104.327164
	-1623.340147	-1621.225516	10316.48764	10404.99573	10424.82275
	10355.34889	10232.49458	10345.73734	10282.52486	10371.43919
	10306.7014	10277.10084	10192.40584	10131.29779	10231.0602
	10000.97058	10190.30277	10082.81341	10122.41114	9928.801372
	9803.042733	10049.29317	-1098.203144	-1100.638795	-535.2363863
	-531.8723559	9795.24734	9679.15884	9479.434503	9930.59618
	9274.13974	8975.776718	9593.966945	9370.183779	76.03211772
	713.5026493	79.51242245	717.7698485	8668.733894	8259.457592
	9064.150799	8737.053827	1397.205576	2081.912559	2085.892796
	1401.07375	2809.962043	3505.353749	3503.777695	2807.156402
	7884.840181	7843.427187	7324.521003	8318.006598	4230.832342
	4901.79926	4230.196193	4897.73616	5591.720283	5583.933462
	6190.279441	6825.803533	6205.013395	6804.999789	7357.280856
	10494.27382	10544.30859	10474.68727	-2106.961801	-1625.230035
	-1627.281515	-1103.521375	-1106.078459	-542.0442552	-538.3970948
	10435.10923	10524.38438	10530.12744	10460.24847	10510.62716
	10420.67131	10392.49493	10507.58796	10340.75471	10490.62855
	10495.5015	10378.65388	10468.20242	10442.26461	10246.21515
	10315.05306	10181.10913	10050.10971	10304.15588	10381.48153
	71.80344151	67.91018051	704.158081	709.2352058	10014.1985
	9913.404151	9692.264157	10171.28345	9460.344456	9133.147553
	9530.490788	9784.213985	2077.199136	1392.007993	2071.126996
	1386.947418	8795.612834	8358.931629	9192.256306	8836.599307
	2796.602442	3494.061511	2802.132863	3499.987392	4897.30573
	4901.19951	4227.959106	4223.276759	8390.234179	7916.523084
	7935.50057	7376.949454	6212.743218	5592.533348	5594.180161
	6211.428756	6838.93928	6844.285373	7389.109127	10594.61066
	10599.87078	10664.65088	-1108.83486	-545.1980391	-548.5938716
	63.53513889	59.75000633	694.5478735	699.607989	10600.40756
	10598.35803	10688.99162	10670.96941	10703.69903	10609.18673
	10727.36212	10611.88419	10620.69178	10598.15703	10753.51637
	10741.39088	10507.70228	10710.76025	10581.23254	10740.15775
	10635.49534	10428.95213	10274.6057	10534.99827	1375.892741
	2065.413744	2058.87687	1381.091565	10108.54943	9855.669242
	10181.72113	10371.14037	9590.53022	9233.523244	9632.659736
	9916.956209	3480.406621	2789.760621	2783.427961	3487.872323
	8867.80557	8408.872615	9265.232562	8886.645036	4216.528035
	4891.876076	4884.523439	4209.763509	5581.638282	6204.75236
	6210.258825	5587.66867	8420.222212	7951.260988	7946.960576
	6844.590657	7393.514389	6841.499475	7393.747853	10831.13948
	10741.25413	10760.20884	55.68438748	690.2378742	685.6254443
	1370.200006	1365.353434	2046.972326	2053.179302	10820.53975
	10913.56008	10867.20215	10795.27715	10956.44781	10876.49573
	10999.1274	10861.61	10872.55536	11034.10361	10898.69582
	11024.28882	11006.68261	10744.16997	10842.02586	10953.48111
	10634.28608	10446.06688	10711.24851	10845.82212	2770.148432
	3466.11371	3473.646376	2776.317033	10244.62897	9959.962957
	10288.99861	10510.63111	9665.071081	9284.385225	9685.086446
	9993.466643	4201.802793	4869.061357	4194.67727	4877.352874
	8898.127997	8424.472499	9296.484357	8902.748202	6198.287196
	6190.120377	5573.774573	5566.297525	7390.084532	6828.707763
	7383.815363	7947.200035	6835.460864	8424.039399	7950.722159
	10986.62194	11059.38379	10938.76495	1360.186824	2041.750164
	2036.213728	2757.923534	2763.503673	3452.749671	3459.669715
	11095.8832	11192.51344	11125.38282	11051.05111	11248.52703
	11162.22955	11290.20617	11149.59497	11120.69688	11288.12069
	11171.43077	11302.18692	10924.75751	11139.05268	11057.97695
	11227.55387	10777.81588	10556.24289	10824.999	10993.13357
	4861.739547	4180.168579	4853.746288	4186.847108	10323.71246
	10014.20958	10345.65149	10592.31128	9697.894648	9301.532603
	9703.812202	10028.06119	6173.838737	5557.779373	6182.460064
	5550.325438	9302.077645	8420.653746	8899.670264	8902.638922
	7376.945866	6812.556965	7368.497865	6820.314415	7940.864777
	7934.02239	8414.509508	11344.23351	11268.47714	11199.39958
	2752.040119	3440.951409	3446.993019	4173.059687	4167.155417
	4839.824409	4846.992074	11391.34712	11492.47194	11425.09557
	11347.34108	11536.4732	11421.23673	11554.51976	11433.01434
	11310.62581	11482.86615	11397.71076	11533.06053	11382.9006
	11041.71121	11209.54559	11259.69975	10862.50435	10615.16581
	10886.60649	11080.59104	6158.28597	5535.473614	6166.34447
	5542.262682	10360.48594	10034.64479	10631.1524	10368.1382
	9703.393758	9299.588659	10036.88661	9705.083895	6803.885023
	7352.098872	7360.73591	6796.398256	7917.925607	9294.407956
	8887.619804	8893.902919	7925.615349	8407.862876	8399.646098
	11651.70512	11502.69498	11572.11816	4160.990073	4827.752908
	4833.912641	5528.315145	6144.432367	6151.529508	5522.415222
	11660.07568	11765.78694	11721.67151	11640.03081	11620.0925
	11757.808	11668.85504	11776.43961	11434.44667	11696.06171
	11610.19414	11557.18007	11326.20917	11300.03645	11105.63209
	11476.045	10903.61195	10639.50359	10912.97199	11123.68101
	7344.659238	6781.687876	7336.713711	6788.380207	10643.5918
	10371.09825	10371.22505	10035.81555	10032.16667	9693.728244
	9698.896836	9288.575682	8392.135714	8872.495286	9281.151477
	7909.367346	8879.733622	7902.011028	8383.734469	11932.72177
	11849.21018	11803.34512	5516.284448	6138.605667	6132.547938
	6774.682851	7323.165882	7330.085005	6768.931297	11867.06389
	11976.65404	11969.57588	11884.3548	11750.36692	11891.2625
	11835.64849	11946.39588	11503.0868	11681.13585	11653.13992
	11794.40983	11345.18081	11133.65046	11522.90658	11355.95864
	11139.305	10644.03524	10917.80455	10919.09878	7887.606396
	8376.517071	8368.772654	7894.148707	10364.42348	10027.56507
	10368.20892	10642.03181	9686.886881	8857.310375	9266.462466
	9274.283217	10021.41721	8864.343206	9680.521705	12063.26588
	12054.99237	12150.09434	6762.948768	7317.489311	7311.571588
	7880.779539	8362.325396	7875.171817	8355.586099	12145.58964
	12003.14289	12115.48969	12057.63568	11823.16584	11966.03569
	11936.49913	12049.31545	11713.56329	11701.72767	11844.40822
	11534.16135	11364.4862	11141.01289	11362.16327	11540.93366
	11140.34123	10917.71339	10638.76215	10915.20673	9252.347718
	8843.405138	9259.704482	8849.732229	10015.55065	10353.77662
	10358.96461	10634.08576	10008.71954	9673.156867	9666.751523
	12293.54063	12233.86448	12204.3538	7869.308938	8350.04682
	8344.237917	8836.777123	8831.308048	9239.725791	9246.207379
	12079.49187	12193.47838	12252.38509	12162.68681	11987.90606
	12101.85098	11856.59664	12000.48637	11723.60389	11864.06393
	11543.49072	11720.69099	11364.18166	11138.18157	11543.62367
	11362.5692	10907.14885	11134.78791	10629.39785	10911.12981
	9659.72364	10342.09709	9996.09026	10623.84647	10347.55171
	10002.72837	9653.814554	12374.24509	12342.49073	12283.66169
	8825.550029	9234.379911	9228.727048	9647.554578	9642.350782
	9984.526775	9990.504952	12216.33299	12306.92245	12114.68881
	12229.42447	11867.06413	12011.31323	12008.16741	12122.54553
	11542.15254	11723.85729	11722.66176	11867.49111	11359.53648
	11131.18042	11539.56037	11356.49457	10330.78275	11126.91536
	10902.21107	10897.88174	10613.29946	10618.87367	10335.96579
	12320.17764	12397.9637	12411.37212	9636.81985	9979.568525
	9974.265728	10325.2033	10320.53164	10603.42595	10608.55669
	12328.23565	12125.68596	12240.54481	12237.38838	11866.25952
	12010.49532	12011.69256	12126.05341	11536.69265	11717.59562
	11720.1461	11863.89828	11118.6911	11123.01965	11349.39869
	11533.40112	10888.72592	11352.68751	10892.91224	12419.53563
	12422.55923	12331.3313	10315.49867	10599.13821	10594.48854
	10884.15045	10880.31524	11110.983	11114.97856	12331.43336
	12124.70304	12239.29581	12240.75993	12007.98416	11861.31975
	12122.1154	12005.45399	11530.39292	11714.49476	11858.47251
	11342.53633	11527.21801	11345.63311	11711.91562	12329.76489
	12422.51165	12420.62402	10876.11505	11103.94366	11107.62569
	11339.15497	11336.36957	11521.75861	11524.52194	12326.65665
	12119.39643	12233.55515	12236.41452	11855.97189	12116.44126
	12000.18153	12002.51527	11709.12081	11853.58087	11706.96205
	12413.75889	12323.53031	12417.18788	11333.28392	11516.97149
	11519.45404	11704.73119	11849.96076	11851.65597	11703.02266
	12113.99191	12320.03188	12230.30032	11996.29642	12227.78107
	11997.89109	12111.8414	12409.81345	12406.78232	12317.25789
	11701.21906	11847.39968	11848.6534	12314.80675	12400.63119
	12312.22186	12402.29104	11994.92935	11994.07995	12110.27903
	12109.22465	12313.24157	12401.03164	12225.45602	12223.98875
	12403.98103	12401.0036	12311.94654	12312.2404	11993.33153
	12222.63577	12108.57396	12222.98617	12222.67272	12108.21487
	
