4225	
	-3.25046967e-34	-1.300187563e-33	-0.0009746141892	-1.647347053e-33	-0.0009753134821
	-0.0009751407609	-7.370714422e-34	-0.003190354295	-0.001950972933	-0.001950635935
	-0.0009734436051	-0.0009716863069	-2.073848568e-33	-9.31020744e-34	-0.001949577507
	-0.003188087463	-0.001947251478	-0.003189791097	-0.006005561285	-0.004431551893
	-0.004430786484	-1.166600673e-33	-2.584489967e-33	-0.000968622936	-0.0009645564162
	-0.003184285686	-0.003178588431	-0.00194373554	-0.001937631895	-0.004428430703
	-0.006004523881	-0.006001392654	-0.004423203231	-0.007584918418	-0.009584596177
	-0.00758364432	-0.0009579867059	-0.0009496645695	-3.168125884e-33	-1.443164138e-33
	-0.001929501826	-0.001916393851	-0.003168626692	-0.003155415888	-0.004415333706
	-0.005994376701	-0.004401597071	-0.005983856031	-0.0095830127	-0.01414188815
	-0.007571034468	-0.01159534528	-0.007579744834	-0.01159719027	-0.009578223197
	-0.0009367081157	-0.0009206762512	-3.77640185e-33	-1.747761316e-33	-0.003134018255
	-0.003106932206	-0.001899756151	-0.001873881219	-0.005940896344	-0.004353766238
	-0.004383333728	-0.00596539751	-0.01996260725	-0.01413971458	-0.0167142988
	-0.01671185855	-0.01413310775	-0.009551207597	-0.007557910736	-0.009567437187
	-0.007534899251	-0.01158970183	-0.01157699463	-0.0008963275852	-0.0008666759312
	-4.283513295e-33	-2.040417581e-33	-0.003064670569	-0.003012409704	-0.001841825275
	-0.00179316694	-0.005901088483	-0.005850654988	-0.004257781602	-0.00431627697
	-0.02326211559	-0.02742824399	-0.01995984617	-0.02326511885	-0.009522603044
	-0.007504256913	-0.009484512532	-0.00745446279	-0.01670437218	-0.01411812335
	-0.01155777776	-0.01152387684	-0.0166873381	-0.01995139083	-0.01409543729
	-2.227905562e-33	-0.0008226662911	-0.0007699008536	-4.42000847e-33	-0.002932894483
	-0.002836117826	-0.00173386907	-0.001645876986	-0.00577174832	-0.00567411035
	-0.004075164838	-0.004185367038	-0.03168538615	-0.03168885389	-0.03704310099
	-0.02742495822	-0.009422372862	-0.009343426673	-0.007292247073	-0.007391227678
	-0.0232528419	-0.01993202867	-0.02741479473	-0.02323145658	-0.01147855599
	-0.01400128719	-0.01140453353	-0.01405518738	-0.01661527654	-0.01990244886
	-0.0166614102	-0.0006936549639	-0.0006039739692	-3.688158722e-33	-2.124785234e-33
	-0.04255894203	-0.04255516609	-0.04945018565	-0.03703941343	-0.00154034733
	-0.001387843112	-0.002692272583	-0.00251990921	-0.003940945358	-0.005525209938
	-0.00534392137	-0.003741397247	-0.009219470499	-0.009065743476	-0.00716955147
	-0.006982345662	-0.03164918986	-0.02739122681	-0.03167456382	-0.03702786117
	-0.01131019239	-0.01379992305	-0.01391283776	-0.01116189397	-0.02735478628
	-0.02319859646	-0.0164510868	-0.01984948186	-0.02313945364	-0.01655320529
	-0.0197779595	-0.0004786930682	-0.0003349328099	-1.306694923e-33	-1.413550383e-33
	-0.05658850972	-0.05658461153	-0.06541880636	-0.04944626089	-0.002270556786
	-0.001977449873	-0.001208487345	-0.0009578162307	-0.03700064657	-0.04254319906
	-0.04943377655	-0.04251458237	-0.00475046621	-0.003502192479	-0.005073970206
	-0.003156056047	-0.006414148387	-0.008830615121	-0.008543873948	-0.006754124793
	-0.0106952328	-0.01097751524	-0.0136217451	-0.01339991264	-0.03153760982
	-0.02728874299	-0.03160970669	-0.03695793467	-0.01611321712	-0.01632019662
	-0.0229257406	-0.01950749252	-0.01965962875	-0.02719857117	-0.02305915338
	-0.0001424172453	7.190289947e-05	3.714561151e-33	3.584068514e-34	-0.001567584544
	-0.001097619561	-0.0006703487737	-0.0002850030423	-0.07459808557	-0.07459424532
	-0.08578561764	-0.06541482066	-0.05654118531	-0.04940380727	-0.05657200444
	-0.06540192648	-0.00428183983	-0.003731029744	-0.00217994065	-0.002749128609
	-0.04935595367	-0.03687937283	-0.04238534543	-0.04246935238	-0.006006373538
	-0.008115921515	-0.007602537818	-0.005415492237	-0.01264258325	-0.00983519436
	-0.01305924509	-0.01035032472	-0.01545700232	-0.01896313462	-0.01926577905
	-0.01585467983	-0.0312719734	-0.0314385698	-0.02704778984	-0.03677065183
	-0.02247863725	-0.02685210061	-0.02275338325	0.000344938699	0.0006389616841
	1.228532141e-32	3.690432883e-33	-0.000467641195	0.0002329620519	0.0001434279756
	0.0006902026739	-0.002960118738	-0.002076363587	-0.0006522982571	-0.001527382821
	-0.09742914882	-0.09742551868	-0.1113375525	-0.08578173549	-0.0857689644
	-0.0745497332	-0.0653703241	-0.07458152731	-0.06531893646	-0.04926643842
	-0.0563977789	-0.05649159708	-0.006857640983	-0.004720644332	-0.005981640792
	-0.003747916304	-0.04226833683	-0.04206866865	-0.0365865078	-0.04914068077
	-0.009216378134	-0.008318092526	-0.01201881702	-0.01126903746	-0.01423852918
	-0.01792189268	-0.01849584914	-0.01496936947	-0.02614278847	-0.03634479525
	-0.03070456049	-0.02213325961	-0.02159869667	-0.02653844647	-0.03105458769
	0.000993894897	0.001364487965	2.480985955e-32	8.938284807e-33	0.001126603924
	0.002087472734	0.001277673005	0.001988889241	-0.0008910847829	0.0004266303966
	0.001561967996	0.000320440305	-0.001136528241	-0.004754343896	-0.003347196585
	-0.002632639865	-0.1113339238	-0.1257959333	-0.1257926401	-0.1426352243
	-0.111321812	-0.09738180062	-0.08573701604	-0.0974132034	-0.08568417072
	-0.07439724878	-0.0652211075	-0.0744976269	-0.0562651417	-0.04892464123
	-0.05603534032	-0.06508157025	-0.0101787961	-0.007260777314	-0.005779080965
	-0.008895162971	-0.04137582872	-0.04180512356	-0.04863753296	-0.03595330477
	-0.0133583926	-0.01207770883	-0.01601910875	-0.01705917295	-0.01994841006
	-0.02476800945	-0.02956927239	-0.02552770146	-0.02094005742	-0.03026105018
	-0.03545503778	0.001789038382	0.002222101225	4.08649738e-32	1.611200851e-32
	0.003249439022	0.004459940259	0.002728834312	0.003580182679	-0.179788974
	-0.1426319968	-0.1600795031	-0.1600766702	0.002107879304	0.003914795743
	0.004510263079	0.002895736725	-0.001459051685	0.0006397540159	0.0005264178142
	0.002648765884	-0.004079542628	-0.007094405033	-0.005028735701	-0.001798791984
	-0.125781234	-0.1426210977	-0.1257517172	-0.1112909743	-0.08558190543
	-0.0972270871	-0.1112392417	-0.09732946786	-0.08543404283	-0.07425327066
	-0.06483842619	-0.07400019619	-0.05572838359	-0.05522228603	-0.04816721059
	-0.0645113551	-0.01056795066	-0.01271369168	-0.01450252488	-0.008449254694
	-0.03467418793	-0.03996329662	-0.04756281126	-0.04082699594	-0.02362035816
	-0.01875015465	-0.03370338955	-0.02223147483	-0.02871189808	-0.01700114328
	-0.02741375067	0.002695395505	0.003170969608	5.911848238e-32	2.477398317e-32
	0.005850277276	0.007263985534	0.004444127162	0.00539390745	-0.2000838066
	-0.222220952	-0.1797863078	-0.2000860235	0.006100301007	0.008375795791
	0.008122085211	0.006189915615	-0.1600666984	-0.1797771969	-0.1600406254
	-0.1425929683	0.007687241425	0.003317690444	0.006194811223	0.004928474581
	0.0007363774634	-0.00225545547	0.000827127823	0.003971358024	-0.002751844427
	-0.007314002465	-0.006017215211	-0.01019995512	-0.1256032242	-0.1425452675
	-0.1111377665	-0.1257018616	-0.1109894446	-0.09707838454	-0.09681382846
	-0.08517306462	-0.08481825284	-0.07365835764	-0.07308829456	-0.06396954698
	-0.05353216783	-0.06326672093	-0.04660739711	-0.05456933611	-0.01202993842
	-0.02019925118	-0.0177964888	-0.01493489367	-0.03222822811	-0.04541106745
	-0.02353092577	-0.03888580117	-0.02583871621	-0.03043484689	-0.03724375825
	3.405612669e-32	0.003669111337	0.004164319431	7.747380277e-32	-0.2448121658
	-0.2448108152	-0.2684572327	-0.2222190511	0.008814513842	0.01036616114
	0.006341893679	0.007341958128	0.01099015805	0.01364660685	0.01223808672
	0.01008288345	-0.2000758616	-0.2222123967	-0.2000547938	-0.1797533885
	0.009674042074	0.01329496976	0.01055691653	0.01385682248	-0.1797125978
	-0.1599073731	-0.1424507348	-0.1599961137	0.007445481401	0.004759925381
	0.00898356098	0.01164748384	0.005509054972	-0.003436794645	0.000878208775
	0.0008729946585	-0.004206873019	-0.008691808246	-0.01441299186	-0.01052404442
	-0.1254585282	-0.1423114217	-0.1107249069	-0.1251988165	-0.09584567805
	-0.1103622154	-0.0842245881	-0.09645307422	-0.08344812974	-0.06214619864
	-0.07115794415	-0.0723465919	-0.05222962555	-0.04358170745	-0.05023085676
	-0.06073324927	-0.01694585564	-0.02780027276	-0.02467644844	-0.02079753048
	-0.03524246841	-0.0322970481	-0.04134663067	0.004662415012	0.005152398108
	9.346752107e-32	4.279153495e-32	0.008328602406	0.009328451402	0.01199842825
	0.01361364863	-0.2922545219	-0.2922545469	-0.3159651969	-0.2684564554
	-0.2448057184	-0.2684533118	-0.2447914921	-0.2221945491	0.01656172584
	0.01947656512	0.01665850913	0.0143894242	0.02088493396	0.01745429381
	0.02167872732	0.01720545208	-0.2221633478	-0.1999450389	-0.179631006
	-0.2000183554	0.01408857148	0.0210390761	0.01601721671	0.01939856473
	-0.1420609472	-0.1597761277	-0.1795098254	-0.1595391109	0.01048060374
	0.00637043807	0.01227121807	0.01648913154	0.0007797637757	0.0005180705748
	-0.005294925899	0.007139020496	-0.01251416629	-0.01519167384	-0.02026695118
	-0.006554734238	-0.1242367568	-0.1097503442	-0.141715306	-0.1248419523
	-0.1089447283	-0.08220059246	-0.09376416468	-0.09504967819	-0.06965588395
	-0.08061749963	-0.05855897544	-0.06733519809	-0.0558890886	-0.04778359566
	-0.02385546692	-0.0287985804	-0.03412646135	-0.03804894011	-0.04416419344
	0.005625721656	0.006085442467	1.048735447e-31	4.977211181e-32	0.01524555535
	0.01684384672	0.01030475897	0.01125423123	-0.3392604028	-0.3392628499
	-0.3610242129	-0.3159662769	0.02557889643	0.0211659555	0.01889750803
	0.02254505924	-0.2922538159	-0.3159687531	-0.2922495801	-0.2684437172
	-0.2684254212	-0.244713133	-0.2220998367	-0.2447659808	0.02843101944
	0.02631433151	0.03094757482	0.02455799374	0.03172968177	0.02613409092
	0.02549467249	0.03168295755	-0.199636345	-0.179290355	-0.1998355093
	-0.2220041435	0.01939783511	0.02680451401	0.02990501644	0.02273431686
	-0.1411283332	-0.1586523469	-0.1789856085	-0.1592112658	0.01396265444
	0.007931048707	0.01588194429	0.02220095079	7.239819969e-05	-0.008360604233
	0.008520529321	-0.0007659804863	-0.02857484617	-0.01816006683	-0.01049262353
	-0.02217476743	-0.1076416995	-0.1403513442	-0.1221422177	-0.1234388119
	-0.09213074961	-0.07816685721	-0.08959127922	-0.1059792521	-0.06448129156
	-0.0751431451	-0.03374191333	-0.05193224301	-0.06023893016	-0.04720989569
	-0.0398527509	0.006511353187	0.006918001618	1.102818688e-31	5.405917674e-32
	0.01839385239	0.01989410426	0.01217084583	0.0130243419	-0.3814325022
	-0.381439327	-0.3987025274	-0.3610285855	0.02864632807	0.03164831323
	0.02553555109	0.02338148829	-0.339269534	-0.3610408412	-0.3392816811
	-0.3159718767	0.03582550646	0.04064655534	0.03225320398	0.03612451936
	-0.2922394781	-0.3159726889	-0.2922142413	-0.2683855527	-0.2446322005
	-0.2683223929	-0.2444821787	-0.2218286501	0.04320212542	0.03847078225
	0.0452521486	0.03731512585	0.04391617315	0.04515679071	0.03717687644
	0.03529969748	-0.2215823241	-0.1784648831	-0.1993585831	-0.1988823554
	0.03543157886	0.02547439446	0.03075640868	0.04056693816	-0.1567011355
	-0.1777719179	-0.1390874101	-0.1579112353	0.01929051315	0.0285004241
	0.0175787864	0.008916071843	0.008901829961	-0.00196512001	-0.003960856981
	-0.01355058959	-0.04050683753	-0.01718439726	-0.02669088355	-0.03276498125
	-0.1178982846	-0.1374672675	-0.1033915904	-0.1204865049	-0.1001845413
	-0.07064171485	-0.04796169199	-0.06525058202	-0.08645531434	-0.05517075189
	-0.08176977649	0.007277960712	0.007613417224	1.094169731e-31	5.521796568e-32
	0.0212879163	0.02261588747	0.01383597091	0.01455657718	0.03456130372
	0.03737941153	0.02955195454	0.02761563907	-0.4132632053	-0.4132775161
	-0.4232289305	-0.3987126572	-0.3814590646	-0.3987418627	-0.3814996003
	-0.3610655334	0.04552148253	0.05029115631	0.03990633837	0.04358203502
	-0.3392959679	-0.3610978602	-0.3393127184	-0.3159664445	0.04901206559
	0.0523896895	0.05944142089	0.05489415524	-0.2682017114	-0.2921706608
	-0.3159477025	-0.2920823529	-0.2438988574	-0.2211573492	-0.2442691398
	-0.2680267471	0.06150661183	0.05335964868	0.0627870652	0.05311971681
	0.05838749967	0.06140129583	0.05050706462	0.04683608159	-0.2205869371
	-0.1766383643	-0.1972027023	-0.1982464028	0.04474182968	0.0527925969
	0.03178992607	0.03982750773	-0.1551480281	-0.1527086053	-0.1349323337
	-0.175178281	0.02134173439	0.02054175298	0.03455365442	0.008261156909
	0.006862065153	-0.006610468918	-0.02231783894	-0.01069677625	-0.02837458718
	-0.04868641152	-0.05757347488	-0.03963026934	-0.08962239909	-0.1098690416
	-0.06813590257	-0.0953881606	-0.1146886958	-0.07615502065	-0.1317770454
	-0.4288909166	-0.4289165752	-0.42917132	-0.4232482964	0.007894683404
	0.008147597246	1.030950709e-31	5.33907558e-32	0.02379312307	0.02488930925
	0.01522682873	0.01578989926	0.0399984341	0.04249338711	0.03302874607
	0.03139384782	0.05491952728	0.05939684754	0.04713253362	0.05043653653
	-0.4133191351	-0.4233045046	-0.4134069832	-0.3988034316	-0.3815551796
	-0.3988888467	-0.3816414468	-0.361145375	0.06064108517	0.06657015629
	0.07354331216	0.06622424166	-0.3393219211	-0.3158988579	-0.3393238055
	-0.3611953067	0.06978207539	0.07815442437	0.08249237159	0.0727026386
	-0.3158138078	-0.2917029946	-0.2677166222	-0.2919483	-0.2425660889
	-0.2672908937	-0.2196463817	-0.2433974692	0.08363273105	0.0836905287
	0.07102972628	0.07226366029	0.07450904769	0.08025462359	0.05954673873
	0.06590836038	-0.1937264283	-0.1728814654	-0.2184260693	-0.1958545449
	0.06561799671	0.04905776034	0.05334055299	0.03707576012	-0.1700089668
	-0.1496691815	-0.1270349237	-0.1450824532	0.004112502137	0.03859365011
	0.01994255842	0.02127492152	-0.03667043846	-0.01585173836	-0.0232923024
	0.000108835312	-0.07181122152	-0.08138042116	-0.095756058	-0.1213107762
	-0.0588494608	-0.04626713846	-0.1040728603	0.008345608792	0.008512969731
	9.286076346e-32	4.918689129e-32	-0.423788438	-0.4238283377	-0.4134632465
	-0.4292034075	-0.4289907573	-0.4292965543	-0.4291486566	-0.4234242944
	0.02580942463	0.02663600114	0.01629523455	0.01669174289	0.04470523337
	0.04676505245	0.03582751022	0.03454970263	0.06355745669	0.06752163264
	0.0535805389	0.05637033818	0.07161865453	0.08030792604	0.08685155187
	0.07663632018	-0.4135303576	-0.4235927088	-0.4137294718	-0.3990253333
	-0.3991867259	-0.3818739833	-0.3612535478	-0.3817406097	0.08633389141
	0.09238235384	0.1020513064	0.09427467124	-0.3392091989	-0.36129738
	-0.3156427824	-0.3392940864	0.09495763141	0.09687011445	0.1099211799
	0.1063428106	-0.2665754456	-0.3153859979	-0.2907629145	-0.2913565603
	-0.2397512222	-0.2164926988	-0.2656318355	-0.2414800444	0.1095268572
	0.09084656037	0.1070920974	0.0945351711	0.1005486406	0.07188094443
	0.09055466279	0.0823273692	-0.1870112122	-0.1910586183	-0.2140586972
	-0.1656681065	0.07682143878	0.05647375884	0.03894905095	0.05853795824
	-0.1130897369	-0.1604024062	-0.1315478504	-0.1395410571	0.01197755781
	0.01716134927	-0.006236981699	0.03761609677	-0.07295437573	-0.05883515392
	-0.1035070185	-0.01437696015	-0.03225641661	-0.08609614561	-0.04436074119
	0.008630889818	0.008717928519	8.050574887e-32	4.346380526e-32	-0.3969547168
	-0.3970080455	-0.3773332889	-0.4135092935	0.02728379744	0.02783083129
	0.01702604908	0.01726219052	-0.4239426579	-0.4136426432	-0.4241861946
	-0.4294952418	-0.4238666408	-0.4293711255	-0.4297749567	-0.429733605
	0.04849417008	0.0500479624	0.03787439489	0.0369746634	0.07103518157
	0.07430838659	0.05896659472	0.06114745994	0.0814128088	0.0929301933
	0.09872300071	0.08564932079	0.101947969	0.1114249323	0.1090804219
	0.1204896871	-0.4139691585	-0.4241980192	-0.4143148347	-0.3994148532
	-0.3996580301	-0.3820070053	-0.3613175198	-0.3821563302	0.1174597931
	0.1230882399	0.1359448236	0.1282395427	-0.3149241432	-0.3390536003
	-0.3387394628	-0.361282926	0.1242843776	0.1241135113	0.1408501302
	0.1391652742	-0.314282312	-0.2641154242	-0.2886662087	-0.2899649586
	-0.2375629696	-0.2621819918	-0.2103549433	-0.234217957	0.1309884173
	0.1108712811	0.1375492016	0.1186309355	0.08078608066	0.1194709472
	0.103086896	0.09727119005	-0.1749514548	-0.2058324998	-0.1527956665
	-0.1820912503	0.05623865554	0.03381009245	0.08252320219	0.0586655325
	-0.1222220924	-0.1438819639	-0.1094650768	-0.09045556036	0.004709917662
	-0.006139074395	-0.03952210232	-0.0258792582	-0.05828957738	-0.07584674661
	0.02757865083	0.008765990249	0.008785683526	6.765302754e-32	3.709458142e-32
	0.02821660482	0.02850129566	0.01743604985	0.01753231519	-0.3521312805
	-0.352192139	-0.326488873	-0.3773900602	-0.3971595892	-0.3775539165
	-0.3974813559	-0.4139261101	0.05126546149	0.05229415498	0.03916952345
	0.03863361788	-0.4250849648	-0.430231001	-0.4245281057	-0.4143238196
	-0.4301738252	-0.4307846339	-0.4308184127	-0.4246812786	0.07705540318
	0.07952537397	0.06310643468	0.06464218638	0.08959369227	0.1038550653
	0.1086379105	0.09290559577	0.1158721627	0.1289047555	0.1369238793
	0.121891741	0.1483222392	0.1386535366	0.1483932473	0.1604199193
	-0.4252188072	-0.4151961688	-0.3999653186	-0.4146949889	-0.3611393973
	-0.4002537234	-0.382268586	-0.3823296658	0.1536745101	0.1576946783
	0.1741000938	0.1677153174	-0.3374333646	-0.3132074623	-0.3608590208
	-0.3382669538	0.156111483	0.1725268181	0.1747644907	0.1519806081
	-0.2869882362	-0.2843820634	-0.2592059892	-0.311790696	-0.2301154874
	-0.1992516703	-0.224116263	-0.2555334041	0.1642049077	0.1272222758
	0.1509721271	0.1413907741	0.1321025867	0.08160239525	0.1068771445
	0.1063710471	-0.1550186616	-0.1316663053	-0.1665676111	-0.1914855869
	0.05103564185	0.07751006615	0.04173238363	0.01750518384	-0.05712772452
	-0.03709121289	-0.09517010914	-0.01947524081	-0.07678217206	-0.1179172911
	0.004555658532	0.008779878935	0.008751021245	5.55059902e-32	3.07971464e-32
	0.02865849209	0.02872314046	0.01757163097	0.0175600692	0.05301932972
	0.05355518055	0.03978319617	0.0395647238	-0.296666541	-0.2967261854
	-0.2689427349	-0.3265489804	-0.3523641568	-0.3267218238	-0.3527273854
	-0.3779003752	-0.3783838942	-0.3986582928	-0.4149698675	-0.3979304501
	0.06685416401	0.08145990256	0.08309563209	0.06593924138	-0.4257600039
	-0.4157514528	-0.4267487345	-0.43159647	-0.4325068594	-0.432520112
	-0.4259417652	-0.4315405952	0.09588240503	0.1126496404	0.116258812
	0.09821464161	0.1322023979	0.127498621	0.1440229047	0.1506397212
	0.1715716135	0.157529232	0.1821914865	0.1656790029	0.1812654041
	0.1899502094	0.1938213472	0.2052302745	-0.4157000064	-0.4005560426
	-0.4266874477	-0.4162932986	-0.3820077557	-0.3602881691	-0.4007614936
	-0.3822745239	0.192897321	0.1931229711	0.2130947915	0.2103888493
	-0.336288275	-0.3594343312	-0.3095504604	-0.3344264802	0.1995510026
	0.1864683009	0.2087259115	0.1756040591	-0.2811350527	-0.2501340475
	-0.2763267783	-0.3067227223	-0.2170086345	-0.1807559953	-0.2436986028
	-0.2071328082	0.1573292418	0.1605758799	0.1834001387	0.1340477419
	0.1319945349	0.06902493707	0.09606703188	0.1038120139	-0.1685841094
	-0.1250994433	-0.1001901369	-0.1419893827	0.05684580736	-0.01305270075
	-0.0811175155	0.02915766894	-0.0333717687	-0.05707718853	0.01157115756
	0.008710638169	0.008654377229	4.477119985e-32	2.505145531e-32	0.02870403811
	0.02860985838	0.01750232129	0.01742154626	0.05385065445	0.05397272146
	0.03984649569	0.03987294564	-0.2385809589	-0.2386320017	-0.2119930066
	-0.2689979563	0.08424780308	0.08510004725	0.06752978667	0.06790264219
	-0.3270852323	-0.2968944034	-0.2691562565	-0.2972474492	-0.3275895621
	-0.3540425721	-0.379164453	-0.3532312696	-0.3995354406	-0.3801029445
	-0.4008130303	-0.4168936499	0.100185811	0.1190830246	0.1214722437
	0.1015745472	-0.4181710909	-0.4293659083	-0.4337464886	-0.4278573249
	-0.4350490343	-0.4348305941	-0.4335451983	-0.4276048877	0.1364322499
	0.1561838174	0.1611720351	0.1397417415	0.1796292771	0.1732710367
	0.1915805178	0.2003264645	0.2193711817	0.2057694539	0.2328131715
	0.2163226513	0.2427868351	0.25079275	0.2272284516	0.2323240928
	-0.4008377303	-0.4172893837	-0.4168099234	-0.4284613457	-0.3814805529
	-0.4006719616	-0.3579608462	-0.3804368083	0.2302549499	0.2234167541
	0.2464182393	0.2509309387	-0.3559786443	-0.3283512961	-0.3024858137
	-0.3320188099	0.208650059	0.1878766085	0.2337289635	0.2142054635
	-0.2705538888	-0.2624396975	-0.2973504074	-0.2347143384	-0.2244152922
	-0.1958841305	-0.1527474035	-0.1811535863	0.1874994949	0.1249440238
	0.1529231595	0.1593995175	0.08422005124	0.0666415254	0.113385217
	0.03927602749	-0.1068761653	-0.0847842602	-0.05811177631	0.01830682381
	-0.1355611841	-0.03445542863	-0.009069759145	0.008598436214	0.008534002274
	3.571864101e-32	2.009721144e-32	0.02847746991	0.02829337996	0.01730894174
	0.01719699749	0.05393631871	0.05375900092	0.03953153029	0.03971553501
	0.06800990341	0.0855686604	0.08576192413	0.06805610499	-0.1839699522
	-0.1840089462	-0.1603917154	-0.2120378494	-0.2387760778	-0.2390769371
	-0.2694874499	-0.2121661866	0.1026005306	0.1231519255	0.1243938406
	0.1031644107	-0.2699449106	-0.2985143202	-0.3283982493	-0.2977346904
	-0.3550134326	-0.3293640974	-0.3564169929	-0.3814648512	-0.3829777564
	-0.404165058	-0.4199070173	-0.4022373706	0.142539373	0.165068015
	0.1445047262	0.1683621332	-0.4217309634	-0.4329693434	-0.4309546861
	-0.4366981425	-0.4293760234	-0.4383096809	-0.4374681143	-0.4360715434
	0.2076403625	0.2142139733	0.1853464536	0.1898067759	0.2261473373
	0.2446722878	0.2343504248	0.2556979435	0.2575638155	0.2678354438
	0.283983837	0.2705745015	0.2895304545	0.2890059082	0.2707557638
	0.268461553	-0.417541132	-0.430068824	-0.417478651	-0.400087793
	-0.3789082797	-0.3763792488	-0.3990352809	-0.3528656305	0.2578280234
	0.2652210969	0.2402660616	0.2808599285	-0.3238376249	-0.3489517734
	-0.31736907	-0.2900717284	0.2144954595	0.2411395319	0.1815055061
	0.2088789538	-0.210859341	-0.2530790557	-0.2406688073	-0.2816067548
	-0.145394595	-0.1650926893	-0.1959741318	-0.1146290858	0.1415619251
	0.1702820178	0.09575718306	0.1238465918	0.07413605008	-0.007739841108
	0.04535253165	-0.03614731021	-0.06199436791	0.01870863744	-0.0929122593
	0.008477776824	0.008419113813	2.831636296e-32	1.598653807e-32	0.0281098364
	0.02789858236	0.01706795919	0.01695538269	0.05350864931	0.05316086648
	0.03901991645	0.03927532286	0.067467954	0.0857012497	0.08541585503
	0.06778490181	-0.1361239249	-0.1361510685	-0.1162325458	-0.1604245853
	0.1033186808	0.1033944256	0.1250717827	0.1253462722	-0.1841194006
	-0.1605187077	-0.1843494627	-0.2124338359	-0.2128025176	-0.2401499379
	-0.2706742251	-0.2394907382	0.1459541155	0.170668081	0.1723664952
	0.1467421776	-0.2994411544	-0.2715404318	-0.3007719171	-0.3307548007
	-0.3322879419	-0.3600532273	-0.3850183818	-0.3579693639	-0.3871481398
	-0.4087390189	-0.4240450618	-0.4061859627	0.1935728344	0.2193300019
	0.2236435929	0.1962020491	-0.4401689132	-0.4263224121	-0.4349534483
	-0.4372619503	-0.4386464343	-0.4417995944	-0.4397065033	-0.4305477927
	0.2648900023	0.2417171285	0.2731275462	0.247434402	0.3113544563
	0.2927135495	0.2981903499	0.2826636946	0.3271987585	0.3062833115
	0.3214436498	0.3089073883	0.3028367752	0.2890279461	0.3116904145
	0.323007969	-0.4169527581	-0.4156511682	-0.4305560903	-0.3970945927
	-0.3730745844	-0.3943934933	-0.3681328185	-0.343244443	0.2665913345
	0.2358322952	0.2908395018	0.2615418629	-0.270304612	-0.2995235918
	-0.3097659294	-0.3364465487	0.1977292805	0.2247380236	0.179769282
	0.1524442332	-0.2577129252	-0.2269531147	-0.177603756	-0.2098897864
	-0.1248425905	-0.1012386341	-0.1582895187	-0.06814641967	0.1019089646
	0.04692035445	0.07420070687	0.1302077446	0.01702794484	-0.04340566331
	-0.01046867796	0.00837216691	0.00832671795	2.237308908e-32	1.265700906e-32
	0.02771381432	0.02752099938	0.01683780792	0.01674372469	0.05281300237
	0.05241242135	0.03846797243	0.03872548295	0.06658550916	0.08501210959
	0.08445179247	0.06702661685	0.1029691644	0.1252458888	0.1248142802
	0.1024776155	-0.1162546806	-0.09604256325	-0.09606001883	-0.07976849932
	-0.1362284695	-0.1163182882	-0.1363898449	-0.1607149308	0.1470530665
	0.1732783229	0.1736279656	0.1469251336	-0.1609852755	-0.1851684916
	-0.2133882309	-0.1846656124	-0.2409297924	-0.2140816214	-0.2420443852
	-0.2727794075	0.1981291024	0.2266387271	0.2288226126	0.1991525243
	-0.3022321589	-0.2741364799	-0.3041775991	-0.3343376746	-0.3364588493
	-0.3649322561	-0.3898312554	-0.3622190684	-0.3924578868	-0.4141787952
	-0.4289857828	-0.4112507419	0.2795027276	0.2522448274	0.2848455281
	0.2555655682	-0.4393335442	-0.4313877929	-0.4414363857	-0.4433990022
	-0.4402826895	-0.4444845123	-0.4298864561	-0.4402663335	0.3086438535
	0.3320391891	0.3222871895	0.3017119668	0.3354866713	0.3432485006
	0.3580702727	0.3471101338	0.3420411108	0.3520918478	0.3324921456
	0.3587149498	0.2860350426	0.3139088015	0.3350884707	0.3093491968
	-0.4135846277	-0.3901803526	-0.4284333909	-0.4101248828	-0.3621228663
	-0.3538161498	-0.3271854578	-0.3849118576	0.2504973442	0.2750780213
	0.2066753847	0.2323914806	-0.273461348	-0.2419326284	-0.2880123834
	-0.3166725735	0.1572849283	0.1020777937	0.1288474482	0.1840206828
	-0.1918170987	-0.1359383916	-0.1707207201	-0.2250749877	-0.1132815838
	-0.051750403	0.07113067212	-0.07750331703	0.00927820545	0.04372600149
	-0.01675186696	0.008292952021	0.008262541213	1.76457059e-32	9.995957307e-33
	0.02736634957	0.02721645613	0.01665253961	0.016584773	0.05206092723
	0.05169352505	0.03798270076	0.03819870515	0.08388947753	0.08324114862
	0.06607615609	0.06562936904	0.1011085984	0.1017936784	0.1242061922
	0.1233652216	-0.05030400548	-0.07978231488	-0.0633766199	-0.06338699634
	0.1464032353	0.1734536126	0.1728153554	0.1456764343	-0.0961103376
	-0.07982230531	-0.09621576557	-0.1164513479	-0.1166353573	-0.1369664977
	-0.1614146802	-0.1366121664	0.1995242073	0.2299581531	0.2303422476
	0.1992965098	-0.1857622023	-0.1619229777	-0.1866095773	-0.2150694923
	-0.2432599378	-0.2161473036	-0.2448713089	-0.2759370938	0.2579686848
	0.2885088594	0.2911319147	0.2591915518	-0.277786546	-0.3086696025
	-0.339105247	-0.3061808578	-0.341672276	-0.3706390311	-0.3955157353
	-0.3675782718	-0.4168311859	-0.4195805072	-0.398272936	-0.4338728608
	0.3144398401	0.3457664104	0.3183786074	0.339536264	-0.4430014071
	-0.4450511114	-0.4357790707	-0.4440898961	-0.4394382876	-0.4373812046
	-0.4447608433	-0.4256782636	0.3654047393	0.3812510706	0.3574757491
	0.3703455084	0.3692928843	0.3851738367	0.3868630532	0.3741229206
	0.3726270585	0.3550675211	0.3308032192	0.3510845959	0.2570053235
	0.2985235719	0.2805850259	0.3201778799	-0.3990208159	-0.3774759302
	-0.4055971179	-0.4218304191	-0.3687900564	-0.3032636041	-0.3319455873
	-0.3442605263	0.2096595492	0.180991865	0.1553944222	0.2343197592
	-0.2577827599	-0.2052315588	-0.2391606459	-0.2886831228	0.1239630699
	0.03617265508	0.09758172679	0.06229987622	-5.48586838e-05	-0.1253524279
	-0.06390560648	-0.08849037982	-0.1491568739	-0.02641765069	-0.1847647429
	0.008241676275	0.008224495482	1.390043707e-32	7.882544755e-33	0.02710483318
	0.02700405768	0.01652367826	0.01648170378	0.05139777783	0.05111031602
	0.03761643752	0.03777281897	0.0647836991	0.08267003509	0.08207157413
	0.06516084018	-0.0371948946	-0.02680197346	-0.05031191794	-0.03718937006
	0.1003159634	0.1225192062	0.1215432736	0.09961851123	0.1707161317
	0.1446701177	0.1719298293	0.1436615668	-0.06341739356	-0.05033507539
	-0.06348158888	-0.07990658263	0.19852874	0.2300306661	0.2290991643
	0.1974825836	-0.08002396389	-0.09659611247	-0.1169286884	-0.09636193861
	-0.1373854796	-0.1172770317	-0.137984653	-0.1626469126	0.2595640481
	0.2924283725	0.2591597379	0.2927673155	-0.1875309391	-0.1634362283
	-0.1887503658	-0.2175708971	-0.2190260074	-0.2485523773	-0.2800738907
	-0.2465180947	0.3211751081	0.3499778445	0.3529265104	0.3225136892
	-0.2822728714	-0.3138217013	-0.3446295239	-0.3110704189	-0.3733908976
	-0.3472702713	-0.3762300613	-0.4011378128	-0.4217330953	-0.4033779656
	-0.4234510749	-0.4372495527	0.3764023415	0.3896021532	0.3965020157
	0.37198932	-0.4432997634	-0.4442886396	-0.437781173	-0.4433412943
	-0.4160150182	-0.4341939593	-0.4291000396	-0.4406573944	0.406869418
	0.3982017188	0.3983523121	0.4100772439	0.368988624	0.3856251148
	0.3888849876	0.4024125874	0.3233701673	0.3407278935	0.3589663855
	0.3024722585	0.2580621826	0.205752882	0.2297569616	0.280243473
	-0.3911685903	-0.3807614513	-0.3574515911	-0.4088925159	-0.3020519674
	-0.3448588585	-0.3184140195	-0.2712134509	0.1495540657	0.08853516309
	0.1744741416	0.1141619271	-0.2528676583	-0.1619665917	-0.2197801061
	-0.1979963316	-0.01266586501	0.02574428249	0.05183327087	-0.03810677259
	-0.1015418267	-0.1389621772	-0.07634834129	-0.01640184155	-0.01640409428
	-0.00820206003	-0.02680586783	6.208297632e-33	1.093758539e-32	0.008213976639
	0.008206608194	0.02693473251	0.02687741513	0.01642588681	0.01644713386
	0.03737731053	0.05089534216	0.05070044251	0.03747484596	0.06441573857
	0.08158763566	0.08111553999	0.06414045675	0.1197744412	0.09888469985
	0.1206804487	0.09829176206	-0.03721143693	-0.02681742586	-0.0372466462
	-0.05038437087	0.1424944198	0.1694958939	0.1680911568	0.141465101
	0.1960520594	0.227844367	0.2261521768	0.1946224435	-0.05045365685
	-0.06371640892	-0.08021235479	-0.06357145092	0.2565963931	0.2580540834
	0.2922386754	0.2909282734	-0.09687439932	-0.08043735752	-0.09727417484
	-0.1177747889	-0.1386366088	-0.1183187768	-0.1395008477	-0.1644780699
	0.3228054991	0.3543021686	0.3545344126	0.3221550751	-0.1655412743
	-0.1915212423	-0.2208159292	-0.1899914562	-0.2225256279	-0.2527081257
	-0.2847797263	-0.2504962504	0.3794832549	0.4011372615	0.4043510566
	0.3808843741	-0.31626236	-0.3187507619	-0.2869921169	-0.3499832389
	-0.3784492964	-0.3520822434	-0.3802402427	-0.405199791	-0.4238781275
	-0.4372022924	-0.4242200815	-0.4060521047	0.4140605056	0.4265989437
	0.4188899551	0.4190995425	-0.4353640085	-0.4371708874	-0.4361523449
	-0.4411807449	-0.4137538959	-0.3992731999	-0.4302446781	-0.4226546397
	0.4238688643	0.3995626979	0.4120993107	0.4145109576	0.3596218656
	0.3760091783	0.3420405588	0.3903911285	0.3015547413	0.2523325014
	0.3207422674	0.2741965333	0.2218293512	0.1987910147	0.163978378
	0.1392848924	-0.3545838458	-0.3882953194	-0.3294794486	-0.3690443438
	-0.2648603057	-0.2320645072	-0.2847037504	-0.3130241814	0.1028192482
	0.0132515171	0.03891914012	0.0774929158	-0.2107061518	-0.1758206707
	-0.08982831569	-0.05130834901	-0.02561681222	-0.1144143107	-0.1519625029
	0.008202051198	2.734389103e-33	0.008203188126	-2.734391935e-33	-0.008203196786
	-1.093759592e-32	-0.008206617009	-0.01641106559	-0.01642590696	-0.02684224828
	0.01641104635	0.02684221502	0.02681739361	0.01640407539	0.05056568291
	0.05045359427	0.03729642922	0.03724660051	0.06388982706	0.08076061607
	0.06371632856	0.080437256	0.1190386706	0.118318632	0.09771072623
	0.09727405278	0.1395006835	0.1403800836	0.1668473023	0.1655410928
	-0.03729647611	-0.02687744963	-0.03737735882	-0.05056574707	0.1929744155
	0.2244608448	0.2225254318	0.1915210516	0.2546443396	0.2892314695
	0.286991921	0.2527079344	-0.06388990905	-0.05070050816	-0.06414054053
	-0.08076071956	0.3206561572	0.3537644761	0.352082018	0.3187505686
	-0.09771084996	-0.08111564506	-0.09829188684	-0.1190388163	-0.1197745869
	-0.1414652628	-0.1668474814	-0.1403802475	0.3802400003	0.3810909322
	0.4058291413	0.4060518107	-0.2244610359	-0.1680913321	-0.194622624
	-0.1929746024	-0.2546445274	-0.2261523621	-0.2892316673	-0.256596578
	0.4238778142	0.4222849844	0.431713805	0.435363662	-0.3206563584
	-0.3221552895	-0.2909284731	-0.3537647187	-0.3545346693	-0.4058294571
	-0.3810911945	-0.3808846611	-0.4188903071	-0.4317141692	-0.4043513881
	-0.4222853156	0.4317325138	0.4219074377	0.430244289	0.4371705242
	-0.4265993241	-0.4219078497	-0.4238692676	-0.4317328946	-0.412099748
	-0.3903916055	-0.374586036	-0.4034358634	0.4034354108	0.4137534684
	0.3745855519	0.3882948565	0.3389466467	0.2940318842	0.3545833532
	0.3130236901	0.2443035269	0.264859842	0.2107057295	0.1875381721
	0.1519621143	0.1278799731	0.06442082013	0.08982793047	-0.3596223681
	-0.2940323751	-0.3207427791	-0.3389471534	-0.2218298123	-0.244303993
	-0.1875385927	-0.2741970261	-2.079859342e-07	-0.06442121896	-0.1639788099
	0.02561641328	-0.1028196654	-0.03891955818	-0.1278803796	0.02680194186
	0.01640182276	0.02680583609	-6.208303724e-33	-0.008213986063	-1.390045229e-32
	-0.01644715524	-0.008224505833	-0.01648172599	-0.02693476807	0.05038430972
	0.05033501548	0.03719485052	0.03721139236	0.08021225507	0.08002386603
	0.0635713723	0.06348151176	0.1177746459	0.09659599462	0.1172768911
	0.09687427955	0.1644778878	0.163436047	0.1386364455	0.1379844916
	0.189991263	0.2208157296	0.2190258056	0.188750172	-0.03747489527
	-0.02700409402	-0.03761648783	-0.05089540924	0.2504960559	0.2847795299
	0.2485521805	0.2822726746	0.3162621747	0.3499830248	0.3472700683
	0.3138215196	-0.06441582365	-0.05111038428	-0.06478378504	-0.08158774159
	0.378449077	0.4051995143	0.3762298574	0.4033777078	-0.09888482456
	-0.08207168016	-0.09961863461	-0.1206805926	-0.1215434144	-0.1436617187
	-0.1694960627	-0.1424945779	0.4377808537	0.4234507994	0.4372019596
	0.4242197896	-0.1707162928	-0.1974827481	-0.2278445459	-0.1960522327
	-0.2580542656	-0.2922388812	-0.2591599199	-0.2290993366	0.4433409577
	0.4411803976	0.4361519756	0.4406570388	-0.3228057254	-0.3543024464
	-0.2927675256	-0.3225139314	-0.3764026699	-0.401137616	-0.3794835624
	-0.3529268012	-0.419099947	-0.40686981	-0.4140608769	-0.3965023828
	0.4226542355	0.4088921019	0.3992727623	0.4290996535	-0.4100776672
	-0.402413041	-0.3995631623	-0.4145113855	-0.3856256022	-0.3589669027
	-0.3420410734	-0.3760096801	0.3807609958	0.3690438683	0.3448583828
	0.3294789628	0.3020514984	0.2847032814	0.2528672258	0.2320640834
	0.1758202828	0.197995949	0.1389618235	0.1144139476	-0.01325192536
	0.05130796114	0.01266546421	0.0763479821	-0.3233706926	-0.2523329929
	-0.2802439942	-0.3015552632	-0.1141623878	-0.1392853339	-0.2297574605
	-0.1744746181	-0.1987914866	-0.05183370471	-0.07749335459	0.03718932611
	0.05031185852	0.05030394614	-7.882554276e-33	-0.008241687288	-1.764572938e-32
	-0.01652370106	-0.008262552626	-0.01658479582	-0.02710486991	0.07990648637
	0.07982221051	0.06338692119	0.06341731776	0.1169285499	0.1166352209
	0.0963618227	0.09621565121	0.1626467328	0.136966341	0.1619228004
	0.1373853207	0.2175706944	0.2161471012	0.1875307458	0.1866093856
	0.2465178962	0.2800736928	0.2777863473	0.2448711097	-0.03777286996
	-0.02721649331	-0.03798275234	-0.05139784684	0.3110702403	0.3446293278
	0.3416720852	0.3086694247	0.3733907103	0.4011375703	0.3982727075
	0.3706388531	-0.06516092621	-0.05169359432	-0.06562945429	-0.08267013999
	0.4217328396	0.4372492459	0.4195802653	0.4357787755	-0.1003160841
	-0.08324125132	-0.1011087144	-0.1225193414	-0.12336535	-0.1456765691
	-0.1719299808	-0.1446702622	0.4447605062	0.4440895788	0.4442883147
	0.4432994194	-0.1992966569	-0.2300308338	-0.1728154967	-0.1985288955
	-0.25956423	-0.2924285928	-0.2303424099	-0.2591917373	0.4373808423
	0.4341935881	0.4218300446	0.416014627	-0.2911321399	-0.3211753634
	-0.3183788763	-0.3499781556	-0.3654050999	-0.3457667297	-0.3719896653
	-0.3896025431	-0.3982021307	-0.3983527631	-0.3812514702	-0.3868634857
	0.3911681575	0.3990204023	0.3574511323	0.3687896178	-0.3851743048
	-0.3726275588	-0.3689891337	-0.3888854683	-0.3201784237	-0.3024727908
	-0.3510851214	-0.3407284316	0.3319451301	0.2712130105	0.3184135547
	0.2886826771	0.2197797164	0.1847643936	0.2391602476	0.1619662466
	0.06390525904	0.1015414849	0.03810640132	0.1253521065	-0.02574471494
	-0.08853562588	5.445520411e-05	-0.06230034307	-0.2343202949	-0.2057533868
	-0.2805855674	-0.258062716	-0.1495545605	-0.1809923846	-0.1239635692
	0.06337654495	0.07978222074	0.07976840535	-9.995971005e-33	-2.237312015e-32
	-0.008292963502	-0.01665256269	-0.008326729603	-0.0167437478	-0.027366387
	0.1164512132	0.116318155	0.09605990656	0.09611022458	0.161414505
	0.1609851025	0.1366120118	0.1363896919	0.2150692908	0.2140814216
	0.1851683039	0.1857620127	0.2759368944	0.2741362802	0.2432597384
	0.2420441863	0.3061806803	0.3391050589	0.3364586631	0.3041774211
	-0.027521037	-0.03846802379	-0.05206099593	-0.03819875695	0.3675781028
	0.3955155177	0.3649320909	0.3924576778	0.4168309594	0.4338725769
	0.4313875189	0.4141785783	-0.06607623964	-0.05241248881	-0.06658558956
	-0.08388957627	0.4430010995	0.445050781	0.4444841863	0.4414360848
	-0.08445188613	-0.1024777175	-0.1242063116	-0.1017937885	-0.1248143899
	-0.1734537441	-0.1469252474	-0.1464033599	0.4284330385	0.440265982
	0.4394379327	0.4256779028	-0.1736280871	-0.1991526588	-0.229958315
	-0.1995243466	-0.2579688731	-0.2288227718	-0.2885090956	-0.2555657618
	0.4055967221	0.3849114613	0.4101244991	0.377475514	-0.3395365991
	-0.3144401191	-0.3086441415	-0.2848457676	-0.3320395267	-0.3574761211
	-0.3703459293	-0.3471105172	-0.3741233728	-0.3580707007	-0.3587154165
	-0.3692933761	0.3442600852	0.3032631594	0.3166721371	0.3538157237
	-0.352092352	-0.3350890045	-0.3308037605	-0.355068047	-0.3093497488
	-0.2570058745	-0.2750785861	-0.2985241339	0.2577823543	0.2052311993
	0.2250746133	0.2734609338	0.1491565602	0.1132812803	0.08849006141
	0.1707204039	-0.009278622544	-0.03617309924	0.05175006547	0.02641727731
	-0.128847988	-0.09758223519	-0.2096601021	-0.1553949514	-0.1840212435
	-0.2323920441	-0.07113116448	0.1162324135	0.116254548	0.09604245125
	-1.265702682e-32	-2.831640289e-32	-0.008372178608	-0.01683783125	-0.01695540568
	-0.02771385153	-0.008419125666	0.1607147596	0.160518538	0.1361509177
	0.1362283179	0.2133880328	0.2128023213	0.1843492783	0.1846654267
	0.2727792078	0.2715402326	0.2401497407	0.2409295943	0.3343374888
	0.332287756	0.30223198	0.300771737	0.3622189061	0.3898310523
	0.3871479407	0.3600530651	-0.02789861901	-0.0390199651	-0.05281306738
	-0.03872553349	0.4112505344	0.4289855178	0.4263221544	0.4087388162
	0.4393332512	0.4433986813	0.4417992777	0.4372616629	-0.06702669331
	-0.05316092838	-0.0674680248	-0.08501219639	0.4402823418	0.4298861096
	0.4305557471	0.4397061575	-0.08541593417	-0.1033187645	-0.1252459882
	-0.1029692578	-0.173278438	-0.146742273	-0.14705317	-0.1253463611
	0.3943931274	0.4156507997	0.4135842537	0.3901799741	-0.1962021791
	-0.1723666035	-0.2266388896	-0.1981292327	-0.2522450249	-0.2236437554
	-0.2474346041	-0.2795029758	0.362122458	0.327185036	0.3364461437
	0.3681324245	-0.3222875385	-0.2927138479	-0.3017122595	-0.2731277948
	-0.3354870628	-0.3113548049	-0.3214440482	-0.3432489443	-0.3271992076
	-0.3420415972	-0.3230084591	-0.3324926655	0.2880119717	0.2419322401
	0.2995231831	0.2577125285	-0.2860356086	-0.311690943	-0.2908400587
	-0.3139093571	-0.224738614	-0.2504979268	-0.2615424394	-0.206675964
	0.1582892161	0.2098894466	0.1359380951	0.1918167769	0.01675149065
	0.07750301083	0.0434053221	0.1012383454	-0.1797698725	-0.01702837557
	-0.1020783269	-0.07420122198	-0.04372646919	-0.1572855029	-0.1302083171
	0.1603915467	0.1604244164	0.1361237744	-1.598656078e-32	-0.008477788547
	-3.571869114e-32	-0.01706798199	-0.01719701941	-0.02810987166	-0.008534013968
	0.212433641	0.212165993	0.1840087636	0.1841192174	0.2706740263
	0.2699447126	0.239076741	0.2394905417	0.3307546142	0.2985141379
	0.3293639105	0.2994409733	0.385018185	0.3829775607	0.3579692009
	0.3564168279	0.4061857642	0.4240448099	0.4217307159	0.404164861
	-0.02829341363	-0.03953157335	-0.05350870674	-0.03927536933	0.4349531668
	0.4401686009	0.4329690658	0.4383093726	0.4386460913	0.4305474523
	0.430068485	0.4374677734	-0.06778496642	-0.05375905328	-0.06800996087
	-0.08570132038	0.4169523936	0.3970942367	0.4174782889	0.3990349306
	-0.1250718635	-0.08576198581	-0.1031644768	-0.1033944996	-0.1243939132
	-0.170668188	-0.1459542035	-0.1445048115	0.3489514016	0.3763788767
	0.3730742032	0.343244056	-0.1898069085	-0.1683622381	-0.2193301691
	-0.1935729643	-0.2417173332	-0.2343506338	-0.2648902574	-0.2142141413
	0.3097655314	0.270304215	0.281606364	0.3173686825	-0.2705748058
	-0.282663995	-0.255698198	-0.2981907058	-0.2839841948	-0.3062837197
	-0.3089078449	-0.2890063172	-0.280860435	-0.3028372835	-0.2895309172
	-0.2890284851	0.2269527655	0.1959737979	0.2406684464	0.1776034387
	-0.2665919077	-0.2411401095	-0.2358328885	-0.2652216442	-0.2088795553
	-0.1702826248	-0.1977298835	-0.152444831	0.0929119693	0.1453943109
	0.1248423149	0.06814611007	0.03614695823	0.01046828869	-0.04692083661
	-0.07413658564	-0.1238471811	-0.01870907957	-0.1019095264	0.2119928139
	0.1839697698	0.2120376565	-2.009723944e-32	-0.008598447512	-4.477125996e-32
	-0.01730896279	-0.02847750116	-0.00865438816	-0.01742156588	0.2694872525
	0.2691560598	0.2386318059	0.2387758819	0.328398062	0.3275893745
	0.2972472641	0.2977345067	0.3814646559	0.3540424024	0.3801027491
	0.3550132654	0.4199067729	0.4181708485	0.4022371743	0.4008128333
	0.4309544123	0.4366978375	0.4350487323	0.4293656371	-0.02860988675
	-0.03984653065	-0.05393636535	-0.0397155743	0.436071205	0.4293756863
	0.4284610096	0.4348302583	0.4175407717	0.4000874474	0.4006716177
	0.4172890251	-0.06805615472	-0.05397276144	-0.06790268602	-0.08556871511
	0.3789079148	0.3528652716	0.3559782946	0.3804364483	-0.1015746024
	-0.08510009398	-0.1231519954	-0.1026005887	-0.1397418264	-0.1214723099
	-0.1650681227	-0.1425394557	0.3283509304	0.297350041	0.3238372491
	0.290071349	-0.179629416	-0.1611721438	-0.2076405357	-0.185346588
	-0.226147548	-0.2003266392	-0.2163228668	-0.2446725477	0.2530786929
	0.2108589932	0.2244149374	0.2624393359	-0.267835805	-0.2575641252
	-0.2328134349	-0.2427871468	-0.2509313585	-0.2707561853	-0.2507931191
	-0.2684620179	-0.2402666164	-0.2464187126	-0.2337294829	-0.2578285422
	0.165092398	0.1355608933	0.1146287991	0.1811532793	-0.1875000814
	-0.1815061155	-0.2144960439	-0.2142060237	-0.1133858032	-0.1529237645
	-0.09575775381	-0.1415625283	0.08478396044	0.007739442073	0.03445507241
	0.0619940503	-0.06664206429	-0.04535303523	-0.0183072823	0.2689425388
	0.26899776	0.238580763	-2.50514878e-32	-0.008710648421	-5.550605743e-32
	-0.01750233909	-0.008751030619	-0.01756008531	-0.02870406349	0.3270850445
	0.3267216361	0.2967259986	0.2968942172	0.3791642573	0.3783836983
	0.3527272107	0.3532310973	0.4168934088	0.4157512122	0.3986580938
	0.3995352428	0.4337461888	0.4325065613	0.4278570559	0.426748467
	0.4335448651	0.427604553	0.426687114	0.4325197814	-0.02872316166
	-0.03978322237	-0.05385068971	-0.03987297533	0.4168095665	0.4008373885
	0.4162929434	0.4007611522	0.3814801964	0.3579605035	0.3594339926
	0.3820074019	-0.06752982302	-0.05355520902	-0.06685419876	-0.08424784757
	0.332018453	0.3024854599	0.3344261299	0.3067223796	-0.08309567195
	-0.09821469523	-0.1190830932	-0.1001858622	-0.156183931	-0.1322024884
	-0.1162588806	-0.1364323355	0.2763264296	0.2705535327	0.2436982536
	0.2347139837	-0.1656791503	-0.1506398372	-0.1915806983	-0.1732711783
	-0.2057696748	-0.1821916726	-0.1938215733	-0.2193714494	0.1958838144
	0.1685837956	0.1527470998	0.2071324864	-0.2272287741	-0.2103891736
	-0.2052305527	-0.2323244628	-0.2130951723	-0.2234172265	-0.2302553791
	-0.2087263406	-0.2086505805	-0.1834006581	-0.1995514809	-0.1878771658
	0.05811144722	0.08111721049	0.1250991569	0.1068758787	-0.1605764338
	-0.1319951019	-0.1594000992	-0.1249446135	-0.08422061691	-0.09606759929
	-0.01157160632	-0.05684633078	0.00906934282	0.03337139593	-0.03927652512
	0.3264886855	0.2966663537	0.3265487929	-3.079718063e-32	-0.008779887469
	-6.765309561e-32	-0.0175716442	-0.00878569057	-0.01753232723	-0.02865851098
	0.3779001791	0.3775537203	0.3521919612	0.3523639802	0.4149696272
	0.4143235793	0.3979302497	0.3974811542	0.431596173	0.4307843375
	0.4250846996	0.4257597378	0.4259414325	0.4252184751	0.4315402671
	0.430818087	0.4156996532	0.4005557021	0.400253383	0.4151958175
	-0.03916954344	-0.05301935712	-0.03956474429	-0.02850130988	0.3822741722
	0.3602878337	0.3608586867	0.3823293159	0.33628793	0.309550126
	0.3117903682	0.3374330235	-0.06593927119	-0.0522941776	-0.06464221921
	-0.08145994521	0.2501337068	0.2811347115	0.2555330733	0.2843817292
	-0.09290565376	-0.07952541513	-0.112649714	-0.0958824579	-0.144023027
	-0.1086379857	-0.1218918401	-0.1274987138	0.2170083117	0.1914852647
	0.2241159438	0.1807556746	-0.1369240076	-0.1715718057	-0.1483223993
	-0.1575293856	-0.181265641	-0.189950491	-0.1604201226	-0.1677155596
	0.1001898378	0.1179169974	0.1550183738	0.1419890965	-0.1928976548
	-0.1931233507	-0.1741003867	-0.1747648267	-0.175604529	-0.1642053346
	-0.1864687313	-0.1725272037	-0.1509725958	-0.1340482762	-0.1573297552
	-0.1321030852	0.03709085463	0.05707685251	0.01305229639	0.07678186256
	-0.103812565	-0.004556090128	-0.06902546569	-0.07751058138	-0.0291581533
	-0.1068776642	-0.04173287111	0.3773898642	0.3773330931	0.352131102
	-3.70946126e-32	-0.008765996683	-8.050581012e-32	-0.0174360585	-0.008717933136
	-0.01726219946	-0.028216619	0.4139258699	0.413642403	0.3970078416
	0.3971593861	0.430230705	0.4297746608	0.4245278414	0.4241859306
	0.424680947	0.4297332831	0.4241976878	0.4301735017	0.3999649786
	0.3996576901	0.4146946395	0.414314487	0.3822682376	0.3611390644
	0.3612825935	0.3821559832	-0.05126548704	-0.03863363355	-0.02783084184
	-0.03787441332	0.3382666156	0.3132071388	0.3387391268	0.3142819916
	0.2869879079	0.2592056671	0.2621816776	0.2886658851	-0.05004798553
	-0.06114749574	-0.07705544957	-0.06310646534	0.2301151732	0.2058321877
	0.1992513519	0.2342176489	-0.074308433	-0.1038551468	-0.0856493859
	-0.08959375107	-0.09872308685	-0.1090805333	-0.1289048906	-0.1158722672
	0.1438816714	0.1749511714	0.1316660112	0.1665673241	-0.1204898323
	-0.1282397198	-0.1386537074	-0.1483934563	-0.1576949732	-0.1391655301
	-0.1359450426	-0.1536747617	0.0571273973	0.07584644799	0.1094648026
	0.09516982196	-0.156111821	-0.1408504296	-0.1375495383	-0.1519809879
	-0.130988796	-0.1272227265	-0.1413911968	-0.1194713575	-0.08160287954
	-0.1030873368	-0.1063715326	-0.08252365793	-0.01750562049	0.01947485749
	0.03952176204	0.006138686815	-0.05623911026	-0.05103612396	-0.02757908473
	0.4134630066	0.4135090535	0.3969545123	-4.346382956e-32	-0.008630894561
	-9.286081596e-32	-0.01702605523	-0.008512972952	-0.01669175087	-0.02728381037
	0.4294949461	0.4292962586	0.4238280738	0.423942394	0.4238663096
	0.4235923776	0.4293708052	0.4291483373	0.3994145133	0.413729127
	0.399186386	0.4139688125	0.3613171877	0.3612970478	0.3820066597
	0.3818736388	0.339053266	0.3149238247	0.3153856806	0.339208866
	-0.03697467938	-0.02663601191	-0.03582753034	-0.04849419792	0.2899646386
	0.2641151158	0.2656315318	0.2907625971	0.2375626672	0.2103546392
	0.214058401	0.2397509246	-0.04676507907	-0.07103523416	-0.056370379
	-0.0589666297	0.1527953778	0.1870109394	0.1604021228	0.1820909716
	-0.06752168763	-0.07663639536	-0.09293028623	-0.08141287735	-0.08685165245
	-0.1114250837	-0.09427479764	-0.1019480892	0.1222218302	0.09045527867
	0.1035067513	0.1315475964	-0.1020514659	-0.1230884631	-0.1063430012
	-0.1174599788	-0.109527117	-0.1242846359	-0.1099214063	-0.1241138094
	0.04436043914	0.02587891631	0.05828927668	0.07295410129	-0.1070923941
	-0.1186312695	-0.1005489673	-0.1108716483	-0.09727159126	-0.0905550221
	-0.08078649419	-0.07682181757	0.01437661708	-0.05866596188	-0.004710305354
	-0.05853834963	-0.03381050143	-0.0119779268	-0.03761648665	0.4291710244
	0.4237881739	0.4292031118	-4.918691083e-32	-0.008345612923	-1.030951226e-31
	-0.01629524076	-0.008147600389	-0.01578990787	-0.02580943879	0.4234239632
	0.4233041734	0.4289162569	0.4289904387	0.3990249934	0.3988885067
	0.413530014	0.4134066403	0.3612532156	0.3611949744	0.3816411041
	0.3817402662	0.3156424657	0.3158134914	0.3392937547	0.3393215903
	0.291356245	0.2665751448	0.2672905953	0.2917026809	-0.0345497213
	-0.02488932206	-0.03302876913	-0.0447052652	0.2414797508	0.2164924094
	0.2425657979	0.2184257856	0.1700086976	0.1937261657	0.191058351
	0.1656678302	-0.04249341955	-0.05043658454	-0.06355751805	-0.05358058102
	0.121310528	0.1130894798	0.1450822141	0.1395408112	-0.06622432869
	-0.0593969137	-0.08030803257	-0.07161873581	-0.0735434245	-0.0781545624
	-0.09238251813	-0.0863340246	0.08609589516	0.09575582197	0.07181097429
	0.05883488234	-0.08369072464	-0.09687034262	-0.08249253859	-0.09495782452
	-0.09453542915	-0.08363295836	-0.09084685152	-0.08025487827	0.0232920148
	0.03225611628	0.006236657026	0.04626686924	-0.06561830159	-0.08232768918
	-0.07450933224	-0.07188128525	-0.05334087619	-0.0389494071	-0.05647411801
	-0.03859397888	-0.01716170171	-0.0001091492545	-0.01994288326	0.4232479652
	0.4232285993	0.4288905984	-5.339077709e-32	-0.00789468776	-1.094170332e-31
	-0.0152268362	-0.007613420937	-0.01455658702	-0.02379313937	0.3988030916
	0.3987415227	0.413277174	0.4133187928	0.3611450426	0.3610975278
	0.3815548376	0.3814992588	0.3158985417	0.3159473863	0.3393123889
	0.3393234754	0.2677163251	0.268026451	0.2919479875	0.2920820413
	0.2433971804	0.2196461023	0.220586661	0.24389857	-0.03139387096
	-0.02261590362	-0.02955198195	-0.03999847172	0.1751780244	0.1972024459
	0.195854286	0.172881203	0.1527083771	0.1496689486	0.1270346831
	0.1317768117	-0.03737945157	-0.05491959885	-0.04358209137	-0.04713258503
	0.08138019083	0.08962218176	0.1098688268	0.1040726372	-0.05489425131
	-0.05029123138	-0.06657027327	-0.06064117669	-0.05944153997	-0.06150675556
	-0.07270280862	-0.06978221567	0.04868618164	0.05884922031	0.06813568005
	0.03667018313	-0.07226385582	-0.06140148984	-0.07102995116	-0.06278723549
	-0.05279283555	-0.06590860951	-0.05838771928	-0.05954701097	0.01069651723
	-0.004112791689	0.01585146094	0.02837433833	-0.04905805008	-0.03707605759
	-0.03455392191	-0.04474208768	-0.02127522169	-0.02134200706	-0.006862334823
	0.4132628633	0.3987123172	0.3987021874	-5.521799263e-32	-0.007277965619
	-1.102819434e-31	-0.01383598048	-0.006918006333	-0.01302435365	-0.02128793577
	0.3610652009	0.3610405087	0.3814389859	0.3814587233	0.3159661283
	0.3159723726	0.3392956389	0.3392813524	0.2682014158	0.2922139309
	0.2683220976	0.29217035	0.2211570754	0.2215820519	0.2442688534
	0.2444818929	0.1982461481	0.1766381123	0.1777716696	0.1988821017
	-0.02761566803	-0.01989412473	-0.02553558356	-0.03456134805	0.1374670446
	0.1551478037	0.1349321059	0.1567009137	0.1001843402	0.1178980823
	0.1146884884	0.09538795232	-0.04552156191	-0.03612458209	-0.03164835927
	-0.03990639713	0.0761548138	0.05757326382	0.06525038515	0.08176957922
	-0.0523898121	-0.04064663608	-0.04320222678	-0.04901216331	-0.05335981783
	-0.04525227227	-0.04515693441	-0.05311986122	0.03276477153	0.03963004676
	0.04796148675	0.02231760692	-0.05050725418	-0.04056711943	-0.04391633841
	-0.04683629201	-0.03982773413	-0.03543177774	-0.03179016532	-0.02850063421
	0.00396063515	-0.01929073327	-0.008902052551	0.01718417915	0.00661022755
	-0.02054199879	-0.008261402921	0.3814321611	0.3610282529	0.3610238803
	-5.405921262e-32	-0.006511359006	-1.048736386e-31	-0.006085448502	-0.01217085809
	-0.01125424524	-0.01839387558	0.3159715603	0.3159684366	0.3392625216
	0.3392692056	0.2683852576	0.2684251261	0.2922391683	0.2922492705
	0.2447128481	0.2220038731	0.2446319152	0.221828379	0.199636092
	0.1784646374	0.1789853647	0.1993583299	0.1586521275	0.1579110151
	0.139087191	0.1403511281	-0.02338152185	-0.01684387062	-0.02116599191
	-0.0286463776	0.1059790601	0.1204863068	0.1033913943	0.1221420223
	0.0864551251	0.07064152767	0.08959109517	0.07514296516	-0.02557894664
	-0.0284310865	-0.03225326767	-0.03582559076	0.05517056168	0.04050664458
	0.06023874927	0.04720971591	-0.03094766047	-0.03172978417	-0.03847090542
	-0.03731522845	-0.03717701688	-0.035299855	-0.02990514975	-0.03168307803
	0.02217458451	0.02669068648	0.01355038862	0.03374173084	-0.02680466211
	-0.0222011096	-0.03075657975	-0.0254745793	-0.01588211501	-0.01757898045
	-0.008916272084	0.0007657986289	-0.00852070625	0.001964918831	0.01049244043
	0.3392600746	0.3159648804	0.3159659604	-4.97721596e-32	-0.005625728581
	-9.346763607e-32	-0.01030477335	-0.005152405178	-0.009328467211	-0.01524558146
	0.2684434221	0.2684530167	0.2922542376	0.2922535066	0.2447912076
	0.2447656962	0.2220995667	0.2221630782	0.1792901126	0.179509584
	0.1999447859	0.1998352562	0.1595388918	0.1417150937	0.1411281192
	0.1592110467	0.1234386186	0.1076415103	0.1089445414	0.1242365647
	-0.01889754491	-0.01361367509	-0.01665854851	-0.02254511247	0.08061732829
	0.09213056987	0.07816668213	0.09376398782	0.06448111837	0.05193207231
	0.05588892483	0.06733502974	-0.02631441712	-0.02455806208	-0.02088500246
	-0.01947661953	0.03985258105	0.02857467668	0.04416403167	0.03412630297
	-0.02167881131	-0.02103917036	-0.02613419116	-0.0254947863	-0.01648924691
	-0.01939797236	-0.02273444173	-0.01939867096	0.02385531162	0.01815989998
	0.0151915218	0.008360438237	-0.007139155533	-0.01227134511	-0.01396280152
	-0.007931205042	-7.255960836e-05	-0.0005182138149	0.006554586531	0.2684561603
	0.2922542127	0.2684569376	-4.279159166e-32	-0.004662422831	-7.747393177e-32
	-0.008328618418	-0.004164327301	-0.007341975403	-0.01199845665	0.244805434
	0.2221942796	0.2222121273	0.2448105309	0.2000545405	0.1796307651
	0.1797123573	0.2000181022	0.1597759082	0.1420607358	0.1423112112
	0.1599071533	0.1097501587	0.110362031	0.1248417609	0.1251986252
	0.09584550496	0.09504950365	0.08220042363	0.08344796285	-0.01036619042
	-0.0165617805	-0.01223812744	-0.01438946463	0.06965571959	0.05855881632
	0.06073309376	0.07115778245	0.0477834406	0.03804878938	0.04134648606
	0.05023070599	-0.01385688521	-0.01720551941	-0.0136466607	-0.0174543724
	0.02879843521	0.02026680957	0.03229690951	0.0246763157	-0.01601730432
	-0.01408866923	-0.01164756406	-0.01329504264	-0.008983651344	-0.005509153662
	-0.006370555119	-0.01048071057	0.01694572915	0.01052392324	0.0125140308
	-0.0007798882522	0.004206758414	-0.0008731030101	0.005294794375	0.2222206826
	0.2448118815	0.2222187817	-3.405618921e-32	-0.003669119908	-5.91186186e-32
	-0.006341911568	-0.003170978441	-0.005393925519	-0.008814543367	0.1797531483
	0.1797769568	0.2000835532	0.2000756082	0.160040405	0.1424505248
	0.1425450578	0.1599958935	0.1107247231	0.1109892612	0.1254583369
	0.1256030327	0.09681365708	0.08422442246	0.09645290224	0.08481808815
	0.0723464324	0.06214604557	0.06326656982	0.07308813654	-0.007264014894
	-0.008122122502	-0.01099020807	-0.01008292373	0.05222947832	0.04358156698
	0.04541093029	0.05353202298	0.0352423354	0.02780014616	0.03043472535
	0.03724362887	-0.01055697454	-0.007687293942	-0.008375841987	-0.009674108425
	0.02079741198	0.01441287869	0.02353081255	0.01779638256	-0.004760009074
	-0.00397142669	-0.007445555411	-0.00619487229	0.00343669448	-0.0008272060604
	0.002751759138	0.0073139095	-0.0008783007084	0.01202983943	0.008691702347
	0.1797860678	0.1797887341	0.20008577	-2.477405114e-32	-0.0026954045
	-4.086510841e-32	-0.00222211021	-0.004444145248	-0.003580199317	-0.005850304362
	0.1425927588	0.1426208883	0.1600764494	0.1600664778	0.1257515253
	0.1111375834	0.1112390588	0.1257016698	0.0851729005	0.08543387912
	0.09707821355	0.09722691624	0.0639693972	0.06451120639	0.07365820085
	0.07400004021	0.05456919326	0.04660726222	0.04756267825	0.05522214458
	-0.006100342618	-0.004459965334	-0.004510293914	-0.006189950041	0.03888567483
	0.03222811003	0.03370327431	0.03996317234	0.02583860756	0.0201991498
	0.02223137755	0.02741364499	-0.002648810607	-0.004928522757	-0.003317747127
	-0.003914833796	0.01700105469	0.01019986817	0.01271361001	0.01493480085
	0.002255382543	-0.000639807367	0.001798731626	-0.0007364419525	0.006017135693
	0.005028667417	0.008449180258	0.142635015	0.1426317875	0.1600792822
	-1.611207333e-32	-2.48099738e-32	-0.001789046688	-0.002728849793	-0.001364495691
	-0.001988902937	-0.003249461342	0.1112907915	0.1113216292	0.1257924478
	0.1257810418	0.09738162973	0.08558174194	0.08568400738	0.09732929701
	0.06483827818	0.06508142279	0.07425311533	0.07439709382	0.05603520092
	0.04816707889	0.05572824334	0.04863740237	0.04082687344	0.03467407468
	0.03545492619	0.04137570748	-0.00156199401	-0.00208749303	-0.002107914615
	-0.0028957648	0.02871179492	0.02362026367	0.02956917095	0.02476791731
	0.01601903424	0.01450244706	0.01994832763	0.0187500698	-0.0005264600182
	0.001136488423	0.001459001541	-0.0004266637175	0.003347149225	0.01207764229
	0.008895102771	0.01056788077	0.004079485827	0.007094341027	0.00577902766
	0.1113373697	0.1257957409	0.111333741	-8.938335428e-33	-1.228540574e-32
	-0.0009939017463	-0.001277685468	-0.0006902141273	-0.001126622654	-0.0006389679158
	0.08573685277	0.08576880118	0.09742534766	0.09741303243	0.06522096038
	0.0653187896	0.07449747223	0.07454957865	0.04892451139	0.0563976407
	0.04914055158	0.05626500302	0.03634468588	0.04180500343	0.03595319437
	0.0420685493	0.03026095023	0.02552761095	0.02614269936	0.03070446161
	0.0008910532251	-0.000232979657	0.0006522749779	-0.0003204648091	0.02159861772
	0.01792182233	0.02093997708	0.0170591007	0.0142384676	0.01126898283
	0.01335832906	0.01017873886	0.004754299365	0.005981598803	0.008318044881
	0.002632602076	0.007260727138	0.002076333561	0.00374788071	0.08578545443
	0.08578157228	0.09742897777	-3.690468982e-33	-0.0003449444261	-3.714622687e-33
	-0.0001434387194	0.0002849928166	0.0004676244539	-7.190826913e-05	0.06537017739
	0.06540177987	0.07459409087	0.07458137284	0.04926630964	0.04935582522
	0.05649145928	0.05654104774	0.03658639914	0.03677054378	0.04226821817
	0.04238522725	0.03105448975	0.02653835834	0.03127187614	0.02685201335
	0.02247856034	0.01849578009	0.02213318186	0.01896306668	0.001097603598
	0.002960090378	0.002179919628	0.00152736062	0.01264253195	0.01201876418
	0.01496930962	0.01545694359	0.009216332746	0.003731002898	0.00541546037
	0.006857601155	0.009835150523	0.004720610705	0.007602499882	0.06541467409
	0.07459793113	0.0654186598	-3.584336824e-34	0.0001424121345	1.306648048e-33
	0.0006703390325	0.001567569386	0.000334927943	0.0009578069533	0.0565844742
	0.04940367902	0.04943364845	0.05657186704	0.03687926519	0.03695782736
	0.04246923462	0.04251446486	0.02719848505	0.03143847312	0.03153751357
	0.02704770319	0.01950742603	0.01926571188	0.02275330708	0.02292566496
	0.01611316	0.01585462206	0.01305919481	0.01339986324	0.00315603714
	0.001977435469	0.004281814394	0.002749108656	0.008115884944	0.00854383855
	0.01035028226	0.01069519121	0.006414119205	0.00600634322	0.004750442002
	0.04945005764	0.05658837241	0.04944613285	1.413529818e-33	0.0004786884305
	3.688123032e-33	0.001208478523	0.0006039695587	0.001387834721	0.002270543113
	0.03700053947	0.03702775421	0.04255504884	0.04254308173	0.03160961078
	0.03164909418	0.02728865721	0.02735470079	0.01977789389	0.02313937878
	0.01965956273	0.0230590782	0.01632014004	0.01362169627	0.01645103061
	0.01379987472	0.009065709517	0.01116185363	0.0088305805	0.01097747441
	0.003502174473	0.005343898911	0.003741379962	0.006982318122	0.006754096605
	0.005073946943	0.002519896174	0.03704299413	0.04255882482	0.03703930655
	2.124769714e-33	0.0006936507664	4.419981742e-33	0.00154033932	0.0007698968456
	0.001645869293	0.002692260068	0.03167446831	0.03168529071	0.02739114149
	0.02741470954	0.01984941652	0.01990238375	0.02319852187	0.02323138216
	0.01391278976	0.01655314942	0.01400123949	0.0166152209	0.01131015245
	0.009219436964	0.01140449386	0.009343393492	0.00283610575	0.007292220447
	0.007169524497	0.005674088909	0.004075148594	0.005525188028	0.003940928687
	0.02742487309	0.03168875849	0.02742815888	2.227893962e-33	0.0008226624402
	4.283493241e-33	0.001733861643	0.0008666722118	0.001793159714	0.002932882727
	0.02326204138	0.01993196369	0.01995132595	0.02325276762	0.01405513987
	0.01409538994	0.01666135474	0.01668728276	0.009422339911	0.009484479772
	0.01147851653	0.01152383753	0.004257765959	0.005771727174	0.005850634087
	0.007454436635	0.003012398219	0.007391201345	0.004185351164	0.02326504467
	0.01996254242	0.01995978134	2.040408818e-33	0.000896323965	3.776386583e-33
	0.001841818217	0.0009206727144	0.001873874277	0.003064659263	0.01671180336
	0.01411807609	0.01413306056	0.01670431694	0.01155773857	0.009522570407
	0.01157695551	0.009551175061	0.005901067733	0.007504230901	0.007534873326
	0.003106921052	0.004353750917	0.004316261528	0.005940875714	0.01413966742
	0.01671424364	0.014141841	1.747754592e-33	3.168114092e-33	0.0009367046356
	0.001899749306	0.0009496611361	0.001916387076	0.003134007204	0.01159530626
	0.009567404715	0.009578190773	0.01158966277	0.005965376945	0.007571008649
	0.005983835512	0.007557884873	0.004383318507	0.004401581895	0.00315540492
	0.00958456378	0.009582980298	0.01159715126	1.443158906e-33	2.584480775e-33
	0.0009579833071	0.001929495111	0.001937625213	0.003168615768	0.0009645530481
	0.005994356215	0.007583618559	0.007579719049	0.003178577532	0.006001372201
	0.004415318557	0.004423188102	0.007584892667	0.006005540852	0.006004503443
	1.166596587e-33	2.073841374e-33	0.0009686195844	0.004430771386	0.0009753101673
	0.001950629306	0.003190343442	0.001943728877	0.0009716829646	0.003184274805
	0.001947244827	0.003189780243	0.001950966303	0.004428415593	0.003188076601
	0.0044315368	3.250458597e-34	0.0009751374434	1.300183136e-33	9.310175302e-34
	0.0009746108662	0.0009734402704	0.001949570873	7.370689264e-34	1.6473414e-33
	
