4225	
	-3.225843607e-34	-1.290337136e-33	-0.0009672100711	-1.634755575e-33	-0.0009679310065
	-0.000967752944	-7.314668025e-34	-0.003166276259	-0.001936218687	-0.00193587128
	-0.0009660030982	-0.0009641908299	-2.057593645e-33	-9.238319946e-34	-0.001934780175
	-0.00316393974	-0.001932381962	-0.00316569577	-0.005960601513	-0.004398205821
	-0.00439741703	-1.157251499e-33	-2.563086076e-33	-0.0009610307985	-0.0009568345894
	-0.003160020437	-0.003154145753	-0.001928756225	-0.001922460196	-0.004394989272
	-0.005959532802	-0.005956306676	-0.004389600915	-0.007528505935	-0.009514036006
	-0.007527193759	-0.0009500529204	-0.000941458911	-3.138925002e-33	-1.430680082e-33
	-0.001914071066	-0.001900540424	-0.003143870745	-0.003130239688	-0.004381487301
	-0.005949076415	-0.004367319886	-0.005938231207	-0.009512406092	-0.01404090478
	-0.007514203063	-0.01151096046	-0.00752317743	-0.01151285871	-0.00950747492
	-0.0009280743273	-0.0009115069442	-3.734317186e-33	-1.730334322e-33	-0.003108152839
	-0.003080182894	-0.001883359366	-0.001856629564	-0.005893919994	-0.004317958324
	-0.004348476852	-0.00591919642	-0.0198271351	-0.01403867006	-0.01659743321
	-0.01659492589	-0.01403187458	-0.009479643332	-0.007500677262	-0.009496365873
	-0.00747695078	-0.01150515292	-0.01149206954	-0.0008863387952	-0.0008556840008
	-4.218528642e-33	-2.014510872e-33	-0.00303652536	-0.002982519048	-0.001823502845
	-0.001773206648	-0.005852834497	-0.005800758826	-0.004218820038	-0.004279246749
	-0.02310936956	-0.02725635946	-0.01982430057	-0.02311245012	-0.009450156125
	-0.007445342429	-0.009410870432	-0.007393953852	-0.01658723077	-0.01401645394
	-0.01147227483	-0.01143733498	-0.01656970851	-0.01981561485	-0.0139930938
	-2.186614232e-33	-0.0008101860452	-0.0007556444478	-4.313006994e-33	-0.002900326775
	-0.002800274767	-0.001711902421	-0.001620933606	-0.00571924833	-0.005618349699
	-0.004030073625	-0.004143986935	-0.03149653315	-0.03150008309	-0.03683684227
	-0.0272529922	-0.009346747403	-0.009265238918	-0.007226417665	-0.007328662619
	-0.02309985082	-0.01979570945	-0.02724256735	-0.02307787713	-0.01139059944
	-0.01389604961	-0.01131422178	-0.0139516219	-0.01649549843	-0.01976527506
	-0.01654302038	-0.0006768642458	-0.0005842584234	-3.505654175e-33	-2.055383043e-33
	-0.04233867292	-0.04233481574	-0.04921745883	-0.03683307052	-0.001511851247
	-0.001354275218	-0.002651561444	-0.002473392398	-0.003891309426	-0.005464432827
	-0.005277001843	-0.003685004072	-0.009137197628	-0.008978336136	-0.00709962428
	-0.006906108377	-0.03145940267	-0.02721836669	-0.03148544265	-0.03682124006
	-0.01121682426	-0.01368823251	-0.01380479749	-0.01106364157	-0.02718090706
	-0.02304408282	-0.0163261719	-0.01971073223	-0.02298319836	-0.0164315141
	-0.0196370214	-0.0004550116881	-0.0003068722237	-9.97799519e-34	-1.29508063e-33
	-0.05634803538	-0.05634406172	-0.06517486401	-0.04921345212	-0.002215744214
	-0.001913071948	-0.001169070127	-0.0009104574476	-0.03679332898	-0.04232257241
	-0.04920068705	-0.0422932409	-0.004663482377	-0.003437736919	-0.004997901107
	-0.00308007596	-0.006318636328	-0.00873527607	-0.008438799747	-0.006670147972
	-0.01058128977	-0.01087310289	-0.01350419026	-0.01327494391	-0.03134466363
	-0.027112943	-0.03141883482	-0.0367494627	-0.0159772707	-0.01619105904
	-0.02276287096	-0.0193579389	-0.01951497249	-0.02702005297	-0.02290045917
	-0.0001087921396	0.0001113458767	4.212788642e-33	5.549924381e-34	-0.001490218956
	-0.00100593205	-0.0006142361091	-0.0002177383546	-0.074356523	-0.07435261583
	-0.08555369466	-0.06517080215	-0.05629963141	-0.04916998649	-0.05633118362
	-0.06515763678	-0.004179237344	-0.003610419739	-0.002072621027	-0.002659860231
	-0.04912088228	-0.03666866814	-0.04216044247	-0.0422468109	-0.005897086382
	-0.007996304769	-0.007465549948	-0.005286486512	-0.01249190807	-0.009691991411
	-0.01292275996	-0.01022465514	-0.01529894934	-0.01879550637	-0.01910827824
	-0.01571008789	-0.03107089649	-0.03124266121	-0.0268645752	-0.03655671877
	-0.02230120074	-0.02666261323	-0.02258497714	0.0003912255603	0.0006919958506
	1.3031411e-32	3.996717521e-33	-0.0003577244435	0.0003618952927	0.000222311858
	0.0007828204801	-0.002815039338	-0.001904310365	-0.000499740303	-0.001400168255
	-0.09721360895	-0.09720992146	-0.1111484649	-0.08554974431	-0.08553672212
	-0.07430712939	-0.06512529846	-0.07433964259	-0.0650726144	-0.0490288809
	-0.05615238136	-0.05624877238	-0.006695751788	-0.004568893667	-0.005791026559
	-0.003565251225	-0.0420399884	-0.04183418634	-0.03636689067	-0.04889944949
	-0.009052197384	-0.008123826958	-0.01184686492	-0.01107161113	-0.01403885655
	-0.01771879777	-0.01831237811	-0.0147946782	-0.02592974006	-0.0361174687
	-0.03048504066	-0.02194425765	-0.02139154423	-0.02633865574	-0.03084655946
	0.001054252399	0.001431730552	2.583942482e-32	9.378704821e-33	0.001277967721
	0.002260863428	0.001383743991	0.002109689115	-0.0006846905054	0.0006688258793
	0.001772120795	0.0004994015408	-0.0008763969261	-0.004524666197	-0.003074461279
	-0.002415901474	-0.1111447777	-0.1256405802	-0.1256372392	-0.1425258221
	-0.1111324456	-0.09716530536	-0.08550406812	-0.09719737568	-0.08544995093
	-0.07415070127	-0.06497214205	-0.07425373999	-0.05601591275	-0.04867681893
	-0.05577915904	-0.0648286242	-0.009944770205	-0.007031777134	-0.005502838781
	-0.008618872838	-0.04111893706	-0.04156226901	-0.0483806372	-0.03571314651
	-0.01312874717	-0.01180497458	-0.01575094554	-0.01682651577	-0.01968464418
	-0.02450798081	-0.02931135298	-0.02529374044	-0.02071034247	-0.03002666864
	-0.03519819449	0.001863260796	0.002302760538	4.218289659e-32	1.669676709e-32
	0.003446854869	0.004679785902	0.002863323294	0.003728759189	-0.1797998317
	-0.1425225465	-0.1600235137	-0.1600206411	0.002392300473	0.00424063924
	0.004784393448	0.003136443055	-0.00113150573	0.001024406024	0.0008317474021
	0.003007438754	-0.003751222677	-0.006760586471	-0.004631505822	-0.001404181898
	-0.1256256353	-0.1425114658	-0.1255955422	-0.111100975	-0.08534504027
	-0.0970068132	-0.1110480863	-0.09711175609	-0.08519313899	-0.07400269405
	-0.06457822014	-0.07374219415	-0.05546258617	-0.05494015298	-0.04789501801
	-0.06424102938	-0.01024539873	-0.01233521775	-0.01418320838	-0.008058889236
	-0.03439079057	-0.03965875975	-0.04727052823	-0.04055177254	-0.02332084846
	-0.01844539353	-0.03338666757	-0.02188436829	-0.02842453498	-0.01663727345
	-0.0270816893	0.00278228762	0.003263655535	6.070047501e-32	2.549804662e-32
	0.006093064177	0.007527682754	0.004605448067	0.005567863477	-0.2001693589
	-0.2223957576	-0.1797971254	-0.2001716124	0.006471329957	0.008788940733
	0.008459229677	0.006495113064	-0.1600105065	-0.1797878677	-0.1599839703
	-0.1424828137	0.008155210971	0.003769636133	0.006712700155	0.005339380482
	0.001200002425	-0.001777537158	0.001389036987	0.004516311185	-0.002191604964
	-0.006766072631	-0.005552081084	-0.009740873973	-0.1254437423	-0.1424341562
	-0.1109441769	-0.1255446251	-0.1107921093	-0.09685418501	-0.09658231933
	-0.0849247016	-0.08455939923	-0.07338997724	-0.07280209262	-0.06368197112
	-0.05319379692	-0.06295629857	-0.04628286504	-0.05426568597	-0.01150434517
	-0.01978336004	-0.0173009159	-0.01450257194	-0.03186074702	-0.04504580007
	-0.02306671463	-0.03854437007	-0.02545264263	-0.0300059293	-0.03684596819
	3.490103072e-32	0.003767248477	0.004267634588	7.92715414e-32	-0.2450866554
	-0.2450852575	-0.2688491693	-0.2223938148	0.009098750016	0.01066916156
	0.006527265471	0.007538421001	0.0114464244	0.01414208122	0.01263278322
	0.01044893707	-0.2001612726	-0.222387021	-0.2001398308	-0.1797636493
	0.01026378085	0.01395158593	0.01107790822	0.01443227187	-0.1797221218
	-0.159848092	-0.142337604	-0.1599386095	0.008069994171	0.005420650403
	0.009740956875	0.01235872963	0.006284530945	-0.002775885912	0.001537371033
	0.001651337029	-0.003447758088	-0.008063373488	-0.01380873061	-0.009800007343
	-0.1252955837	-0.142195178	-0.1105205967	-0.1250293997	-0.09558606884
	-0.1101480432	-0.08394769692	-0.09621127311	-0.08314720098	-0.06179882681
	-0.07080967719	-0.07203675761	-0.05184732135	-0.04315405255	-0.04978102897
	-0.06033894338	-0.01626738369	-0.0272822888	-0.02405511514	-0.02024268482
	-0.0347763394	-0.03173170381	-0.04084317568	0.004770554384	0.005265299832
	9.541936882e-32	4.372924386e-32	0.008535230014	0.009544904659	0.01231942969
	0.01395138263	-0.2927823842	-0.2927823277	-0.3166551547	-0.2688483298
	-0.2450799999	-0.2688449949	-0.2450653907	-0.2223688132	0.01709580462
	0.02004579117	0.01710423212	0.01481001241	0.02155843594	0.01817933879
	0.02246589439	0.01783017759	-0.2223370061	-0.2000280746	-0.1796389972
	-0.200102729	0.0149510557	0.02191334603	0.01680896699	0.02035866141
	-0.1419388898	-0.1597141081	-0.179515476	-0.1594719989	0.01136965388
	0.007286607468	0.01332185619	0.01750159723	0.001674589882	0.001552041113
	-0.004418748662	0.008192921006	-0.01169942806	-0.01427383706	-0.0195045189
	-0.005567089595	-0.1240422814	-0.1095191095	-0.1415850138	-0.1246633794
	-0.1086906631	-0.08186054504	-0.09344199142	-0.09476633616	-0.0692587801
	-0.0802275435	-0.05809243077	-0.06686260773	-0.05533447428	-0.04725165239
	-0.02301755282	-0.02811800446	-0.0333846959	-0.03743526361	-0.04351259823
	0.005743156363	0.00620760245	1.06916668e-31	5.077132823e-32	0.01559922466
	0.01721290208	0.01053055655	0.01148923845	-0.340147144	-0.3401494419
	-0.362146895	-0.316656123	0.02621326853	0.02165698768	0.01936628315
	0.02314811645	-0.2927813426	-0.3166582663	-0.2927765429	-0.2688349538
	-0.2688159695	-0.2449852378	-0.2222722954	-0.2450392533	0.02919138322
	0.02716267684	0.03185151416	0.02527559576	0.03275229213	0.02708296999
	0.02655444333	0.03283302098	-0.199713671	-0.1792916649	-0.1999165188
	-0.2221748418	0.02059411443	0.02813559178	0.0311485371	0.02386107332
	-0.1409837454	-0.1585655144	-0.1789807984	-0.1591369396	0.01517139739
	0.009149579326	0.01727977708	0.02357714929	0.001239163331	-0.007245690911
	0.009896364287	0.0005526888501	-0.02765809111	-0.01714888212	-0.009261994435
	-0.02106547432	-0.1073502894	-0.1401875898	-0.1218915214	-0.1232230612
	-0.09175906223	-0.07769973843	-0.0891426748	-0.1056400393	-0.06391668715
	-0.07458167519	-0.03276113301	-0.05124920485	-0.05953974954	-0.04637741796
	-0.03906207559	0.006638169087	0.007049868986	1.123566721e-31	5.508973233e-32
	0.01877785325	0.0202934052	0.01241515653	0.01327806538	-0.3828482443
	-0.3828548242	-0.4004590383	-0.3621510741	0.02931062893	0.03234139508
	0.02606862648	0.02389370774	-0.3401556797	-0.3621627583	-0.3401668534
	-0.3166606513	0.03678298315	0.04165347653	0.03305280061	0.03696193513
	-0.2927655871	-0.3166603787	-0.2927388686	-0.2687748478	-0.2449026341
	-0.2687099839	-0.2447497449	-0.2219961859	0.04435582874	0.03970964017
	0.04657149539	0.03840435863	0.04550805847	0.04660940982	0.03852573192
	0.03676788266	-0.2217455087	-0.1784494784	-0.1994307371	-0.1989456664
	0.03720018918	0.02706534779	0.03228702012	0.04225442464	-0.1565699722
	-0.1777423355	-0.138892185	-0.1578076308	0.02107536561	0.03029623946
	0.01915713407	0.01047193746	0.01062187084	-0.0005079768217	-0.002357139854
	-0.0121976735	-0.03947010059	-0.0157304555	-0.02550106961	-0.03150380019
	-0.1175331605	-0.1372316698	-0.1029781533	-0.1201911046	-0.09968011053
	-0.06994226999	-0.04689181035	-0.06439037729	-0.0859127512	-0.05431507304
	-0.08108926371	0.007414859787	0.007755805668	1.114647378e-31	5.625084426e-32
	0.02170252056	0.02304690319	0.01409969327	0.01483042138	0.0352824304
	0.03812916755	0.03012744097	0.02816980608	-0.4154345934	-0.4154485852
	-0.4258494775	-0.4004688856	-0.3828738468	-0.4004972574	-0.3829128207
	-0.3621862002	0.04657567072	0.05139071662	0.04077978188	0.044490888
	-0.3401797168	-0.3622167158	-0.3401940628	-0.3166522684	0.05022488553
	0.05378642248	0.06090941517	0.05616381444	-0.268586445	-0.2926933194
	-0.3166311253	-0.2926018645	-0.2441561995	-0.2213131573	-0.2445328352
	-0.2684077915	0.06314291368	0.05507270802	0.064609418	0.05466586936
	0.06049615863	0.06336741229	0.05233535706	0.04878413021	-0.2207330248
	-0.1765855012	-0.1972349389	-0.1982978995	0.04699397833	0.05498772866
	0.03381936208	0.04182235842	-0.1549815059	-0.1524868264	-0.1346337955
	-0.1750955556	0.02351307336	0.02251458277	0.03679511618	0.01015498428
	0.008899850521	-0.004885233456	-0.02077345174	-0.0088624392	-0.02677338497
	-0.04736505123	-0.05649338894	-0.03832534344	-0.0888286999	-0.1092926913
	-0.06707477676	-0.09475022972	-0.1142381859	-0.07531400121	-0.131401175
	-0.4320257726	-0.4320511822	-0.432805503	-0.4258685469	0.008042430983
	0.008301049795	1.05056197e-31	5.439634905e-32	0.02424062964	0.02535469899
	0.01551159077	0.01608539691	0.04077689138	0.04330258187	0.03364983586
	0.03199200307	0.05606331069	0.06058575025	0.04807723972	0.05141744596
	-0.4154892938	-0.4259238781	-0.4155751374	-0.4005570089	-0.3829661456
	-0.4006397983	-0.3830486185	-0.3622611723	0.06196489448	0.06810613655
	0.07514441232	0.06760115643	-0.3401954556	-0.3165784962	-0.3402020792
	-0.3623072398	0.07150081762	0.07995205798	0.08451502744	0.07462956622
	-0.3164888468	-0.2922124855	-0.2680917549	-0.2924638508	-0.2428020998
	-0.2676586077	-0.219776711	-0.2436465492	0.08603660041	0.08589811745
	0.07329438013	0.07435323525	0.07717921596	0.08279960954	0.06202106684
	0.0682813994	-0.1936955161	-0.1727520893	-0.2185363733	-0.1958620857
	0.06834248053	0.05154198553	0.05606668126	0.03953981332	-0.1698222184
	-0.149379532	-0.1265451641	-0.1446924812	0.006279431457	0.04123983591
	0.02242352124	0.02361003306	-0.0350455639	-0.01394816987	-0.02135872448
	0.002357512098	-0.07057033631	-0.08037337139	-0.09483157404	-0.1206879174
	-0.05754733188	-0.04466187854	-0.103349916	0.008504356256	0.00867714249
	9.467758971e-32	5.0135497e-32	-0.4279374222	-0.4279774505	-0.4180384612
	-0.4328375006	-0.432124678	-0.4329303645	-0.4322810257	-0.4260417521
	0.02629234785	0.02713755821	0.01660212382	0.01700924465	0.04554535388
	0.04763870687	0.03649769223	0.03519553908	0.0647916119	0.06880427608
	0.05459999562	0.05742877285	0.07304940933	0.08197241689	0.0885807148
	0.07812138043	-0.4156956379	-0.426207389	-0.4158898959	-0.400771868
	-0.4009276974	-0.3832690462	-0.3623595303	-0.3831429998	0.08820656955
	0.09449585884	0.1042514386	0.09622069439	-0.3400686867	-0.3623963007
	-0.3163109098	-0.3401619244	0.09727236112	0.09940574037	0.1125758813
	0.1087591402	-0.2669316594	-0.3160459987	-0.2912540019	-0.2918586502
	-0.2399456505	-0.2165719316	-0.2659739688	-0.2416995893	0.1123664282
	0.09370365136	0.1101123569	0.09723201101	0.1036793705	0.07486287117
	0.09375561501	0.08526096802	-0.1868631515	-0.1909804168	-0.2140999148
	-0.165396595	0.08000747881	0.05939517832	0.04175503991	0.06162706177
	-0.1122841292	-0.1600317223	-0.1308793056	-0.1390339663	0.01458637975
	0.01973333498	-0.00395308757	0.04051862404	-0.07153287889	-0.05730091284
	-0.1025012693	-0.012118297	-0.03034416335	-0.08495134227	-0.04253034177
	0.00879974674	0.008891261763	8.212966222e-32	4.43279938e-32	-0.401894872
	-0.4019490564	-0.3824947212	-0.4180849609	0.02780268403	0.02836743881
	0.01735437983	0.01759990853	-0.4280921619	-0.4182195834	-0.4283364222
	-0.4331283966	-0.4264766276	-0.4325012672	-0.4334070888	-0.4328599019
	0.04940068389	0.05098946678	0.03859448531	0.03767068702	0.07236662601
	0.07569281522	0.0600671559	0.0622893934	0.08295580781	0.09472421951
	0.1005866388	0.0872508784	0.1039684429	0.1137091416	0.1111759015
	0.1228596362	-0.4161234841	-0.42680206	-0.4164597838	-0.401147296
	-0.4013803905	-0.3833933939	-0.3624061333	-0.3835301426	0.1199722888
	0.1258546758	0.1388167331	0.1308454792	-0.3155723406	-0.3399034134
	-0.3395756248	-0.3623597829	0.1272513612	0.1272846426	0.1441539202
	0.1422509238	-0.314916945	-0.2644364258	-0.289125161	-0.2904429072
	-0.2377268315	-0.2624778245	-0.210340133	-0.2343372371	0.134559511
	0.1142740751	0.1410021392	0.1219305541	0.08414105047	0.1230771763
	0.1066574293	0.1006787285	-0.1746089671	-0.2057523108	-0.1522884192
	-0.1818614933	0.05944709879	0.03674589868	0.08596644619	0.06185058946
	-0.1213771516	-0.1432252591	-0.1083987721	-0.08919916295	0.007286438572
	-0.003676240894	-0.03751321769	-0.02371704954	-0.05659019587	-0.07433929786
	0.03046941599	0.008942807595	0.008965442728	6.905283422e-32	3.785355533e-32
	0.02876854479	0.02906786921	0.01778270553	0.01788595134	-0.3573910022
	-0.3574535503	-0.3317065017	-0.3825527341	-0.4021030033	-0.3827201126
	-0.4024297315	-0.4185056725	0.05223949816	0.05330147674	0.03993549461
	0.03937828967	-0.429237382	-0.433861268	-0.4286792728	-0.4189068978
	-0.4332952325	-0.4344123295	-0.4339321156	-0.4272761395	0.07849170216
	0.08101702722	0.06429239094	0.06586912179	0.09125867514	0.1057887933
	0.1106478978	0.09463281838	0.1180479174	0.1313607257	0.1394724144
	0.124148616	0.1511186562	0.141354405	0.1513669426	0.1634972366
	-0.4278027185	-0.417313898	-0.401673041	-0.4168288509	-0.3621997758
	-0.4019448322	-0.3836280918	-0.383669299	0.1568710965	0.161119995
	0.1776376228	0.171018593	-0.3382331267	-0.3138229704	-0.3619011726
	-0.3390877241	0.1596961678	0.1763680813	0.1784673371	0.155699598
	-0.2874250325	-0.2847878789	-0.2594655546	-0.3123847035	-0.2301829235
	-0.1990814492	-0.2241126512	-0.255751407	0.1681043566	0.1309774869
	0.154866392	0.1451563921	0.1359079155	0.08504998588	0.1104989794
	0.1100147643	-0.1543986156	-0.1308225445	-0.1661019731	-0.1912170899
	0.05418077354	0.0808675534	0.04471250493	0.02025883717	-0.05534286669
	-0.03506219373	-0.09388331049	-0.01718976674	-0.0752530862	-0.1168876647
	0.007102259887	0.008961540389	0.008933844266	5.667302707e-32	3.144052876e-32
	0.02923647176	0.02931075439	0.01793114521	0.01792339503	0.05405545485
	0.05461883008	0.0405853299	0.04035100481	-0.3017053271	-0.301767207
	-0.2737195877	-0.331768555	-0.3576302436	-0.3319469136	-0.3580031578
	-0.3830738704	-0.3835673105	-0.4036239225	-0.419558356	-0.4028855709
	0.06815931264	0.08300301566	0.08469147624	0.06720808876	-0.4299136257
	-0.4203460197	-0.4309034207	-0.4352198404	-0.4361245772	-0.4356105565
	-0.4285096219	-0.4346449885	0.09767598399	0.1147342711	0.1184232733
	0.1000699948	0.1346339051	0.1298436539	0.1466647769	0.1533834784
	0.1747530886	0.1604284264	0.1854855481	0.1686821536	0.1846770908
	0.1935948586	0.1973422342	0.2089836133	-0.4177993702	-0.4022240234
	-0.4292368589	-0.4183670512	-0.3832962283	-0.3613056902	-0.4024040673
	-0.3835922495	0.1967074169	0.1970700843	0.2171347095	0.2143001888
	-0.3370649261	-0.3604253589	-0.3101151312	-0.335172648	0.2036264152
	0.1904722441	0.2128148907	0.1796054823	-0.2815059235	-0.2502955731
	-0.2766511343	-0.3072553265	-0.2169276939	-0.1803646254	-0.2437991925
	-0.2069553273	0.1612445448	0.164392453	0.1873877902	0.1377952297
	0.1355779259	0.07218089988	0.09932338757	0.1073106813	-0.1680716608
	-0.1241611528	-0.09895788088	-0.1412166939	0.05972411453	-0.01079939988
	-0.0797127063	0.03189871336	-0.03144590948	-0.05533821341	0.0139818178
	0.008893781454	0.008837105237	4.57180287e-32	2.558035878e-32	0.0292978822
	0.02920752484	0.01786797053	0.01778784011	0.05493575718	0.05507598887
	0.04067068173	0.04068846298	-0.2429870238	-0.2430403499	-0.2160169036
	-0.2737770605	0.08588926416	0.08678518287	0.06886961907	0.06926953478
	-0.3323216981	-0.3019415733	-0.2739417167	-0.3023072916	-0.3328414468
	-0.3593519708	-0.3843634028	-0.3585201605	-0.4045132034	-0.3853198535
	-0.4058074131	-0.4214963071	0.1021044675	0.1213216883	0.1237871197
	0.1035479908	-0.4227816699	-0.433519784	-0.4373551515	-0.4320123475
	-0.4386462986	-0.4378811315	-0.436619297	-0.4301282997	0.1389562235
	0.1590273804	0.1641226414	0.1423517435	0.1828574813	0.1763877848
	0.1949886111	0.2038596921	0.2232345433	0.2094088634	0.2367966493
	0.2200825035	0.2469057452	0.2550071461	0.2312427138	0.2364506218
	-0.4024462899	-0.4192969488	-0.4188553877	-0.4309557725	-0.3827377065
	-0.4022442937	-0.3589173904	-0.3816538112	0.2344148201	0.2275442778
	0.2505828421	0.2551551421	-0.3568991791	-0.3290236066	-0.3029766
	-0.3327323712	0.2126744037	0.191718938	0.2377666392	0.2180374153
	-0.2708285714	-0.2626533334	-0.2977975042	-0.2347392694	-0.2243663852
	-0.195611921	-0.1521044816	-0.1807796594	0.1910860035	0.128237044
	0.1561925565	0.1630076137	0.08715851997	0.06916954936	0.1163164083
	0.04178328965	-0.1057991193	-0.08359165052	-0.05655807445	0.02041629986
	-0.1348107838	-0.03281228719	-0.007021119341	0.008780276024	0.008714393591
	3.647224001e-32	2.052199384e-32	0.02907618618	0.02889075648	0.01767440538
	0.0175606863	0.0550513246	0.05488125284	0.040362506	0.04054503941
	0.06941453013	0.08728782121	0.08750996932	0.06944590707	-0.1875435823
	-0.1875845083	-0.1635563216	-0.216063844	-0.2431906996	-0.2435044067
	-0.2742859416	-0.2161980856	0.1046264454	0.1255326728	0.1268377944
	0.105231213	-0.2747609708	-0.3036177587	-0.3336741825	-0.3028115931
	-0.3603465625	-0.3346677955	-0.3617829436	-0.3867066361	-0.3882455589
	-0.4091977822	-0.4245265634	-0.4072490147	0.1452377691	0.168118111
	0.1472795131	0.1715146466	-0.4263575204	-0.4371125763	-0.4351053575
	-0.4402779299	-0.4318311133	-0.4418682723	-0.4404544661	-0.4390951774
	0.2112965501	0.2180025491	0.1886943735	0.1932659612	0.230040066
	0.2487789551	0.2383739087	0.2599412348	0.2617986216	0.2721412302
	0.2883926823	0.2749291605	0.2937617913	0.2933678929	0.275046346
	0.2726580234	-0.4195080418	-0.4324813672	-0.4193933986	-0.4016135853
	-0.3800836097	-0.3775035257	-0.4005131158	-0.3537412847	0.2618649296
	0.2689750331	0.2440644387	0.28489308	-0.3244675536	-0.3497822636
	-0.3179485125	-0.2904657864	0.2180257619	0.2445934903	0.1847039131
	0.2119771016	-0.2107313847	-0.253233339	-0.2407594873	-0.2819496513
	-0.1448724657	-0.1646358995	-0.1957822631	-0.1137917427	0.1444277858
	0.1730379878	0.09823829472	0.1262283802	0.07616052666	-0.006065584914
	0.04745191078	-0.0348816255	-0.06073840971	0.02034984529	-0.09203255542
	0.008656641021	0.008596138936	2.890961483e-32	1.632265779e-32	0.02870429698
	0.02848830372	0.01742874684	0.01731311419	0.05463288218	0.0542825984
	0.0398449802	0.04010443692	0.06888422592	0.08746792527	0.08719406491
	0.06919866712	-0.1388440681	-0.1388726292	-0.1185744293	-0.1635908526
	0.1054425622	0.10549593	0.1275648893	0.1278811672	-0.1877002832
	-0.1636896456	-0.1879411893	-0.2164777766	-0.2168626181	-0.2446212206
	-0.2755175037	-0.2439354116	0.1488022398	0.1739089889	0.1756923439
	0.1496472598	-0.3045751162	-0.276414958	-0.3059479224	-0.3360969012
	-0.3376703237	-0.3654970282	-0.39031877	-0.3633698592	-0.3924793271
	-0.4138113608	-0.4286768533	-0.4112381443	0.1971467364	0.2232417315
	0.2276823773	0.1998747958	-0.443696541	-0.4309546608	-0.4390851696
	-0.4413736152	-0.4415914346	-0.4452912563	-0.4425968086	-0.4329049963
	0.2692687942	0.2458820599	0.277653242	0.2517307853	0.3159981608
	0.297337369	0.3027088801	0.2871531703	0.3315311599	0.3107298835
	0.3259836368	0.313182018	0.3068715237	0.2927385181	0.3153670997
	0.3270566539	-0.418813339	-0.4174456364	-0.4328554981	-0.3985136438
	-0.3741477897	-0.3957542312	-0.3691467521	-0.3440217354	0.269962781
	0.2388152704	0.2941355996	0.2644115493	-0.2705924417	-0.3000019931
	-0.3102968384	-0.3371731075	0.200353042	0.227222568	0.1818623465
	0.1546878951	-0.2579549402	-0.2269918925	-0.1773614997	-0.2098864792
	-0.1242910224	-0.100694632	-0.1580251839	-0.06726933889	0.103814144
	0.04847109729	0.0756258421	0.1319628514	0.01815495123	-0.04257613705
	-0.009247700363	0.008547569051	0.008500411061	2.283804738e-32	1.29210221e-32
	0.02829851068	0.02809965048	0.01719185096	0.01709451539	0.05392920068
	0.05351963971	0.03927942449	0.03954393764	0.06799156777	0.08679339415
	0.08622900675	0.06843969129	0.1051068312	0.1278075754	0.1273924572
	0.1046188961	-0.1185977229	-0.09799024818	-0.09800863129	-0.08139270719
	-0.1389539551	-0.1186645964	-0.1391233216	-0.163895367	0.15000654
	0.1766699577	0.1770754576	0.1499095014	-0.1641784327	-0.1887969969
	-0.217473221	-0.1882718108	-0.2454314718	-0.2181950375	-0.2465877109
	-0.2776968532	0.2018969447	0.2307869782	0.2330760542	0.2029937241
	-0.307452198	-0.2790987055	-0.3094527758	-0.3397707498	-0.3419405121
	-0.3704642398	-0.3951965185	-0.3677045011	-0.3978507605	-0.4192755228
	-0.4336116857	-0.4163379593	0.2841657286	0.2566773709	0.2896506575
	0.2601150145	-0.4434188807	-0.4359993579	-0.4454818554	-0.4468410242
	-0.4431145006	-0.447871725	-0.4321144286	-0.4430250654	0.3135526345
	0.336951002	0.3270583445	0.3064830357	0.3401372024	0.3476515739
	0.362562048	0.3518756347	0.3461202462	0.3557547007	0.3361521651
	0.362841541	0.288805294	0.3171433232	0.3382841677	0.3120401757
	-0.4153130441	-0.3914734774	-0.4305898495	-0.411777283	-0.3630802919
	-0.3547123486	-0.3278568857	-0.3861409278	0.2528524465	0.2773250656
	0.2086198044	0.2342063155	-0.2738530307	-0.2421351294	-0.2884457222
	-0.3172955747	0.1588872274	0.1033564521	0.1299865093	0.1854813695
	-0.1917929094	-0.1356795445	-0.170695461	-0.2252538856	-0.1130539012
	-0.05131877633	0.07200843118	-0.07700127523	0.00992039933	0.04473409905
	-0.01600800269	0.00846529458	0.008433597787	1.800997739e-32	1.020290509e-32
	0.02793964194	0.02778410199	0.01699989701	0.01692941871	0.05315856218
	0.05277961919	0.03877820664	0.03900170217	0.08565767918	0.08499477841
	0.06747076957	0.06701179423	0.1032337468	0.1039298548	0.1267884043
	0.1259409893	-0.05133328148	-0.08140724992	-0.06467102007	-0.0646819434
	0.1494064183	0.1769364411	0.1763194728	0.1486839199	-0.09806154507
	-0.08144930387	-0.09817227761	-0.1188043068	-0.118997241	-0.1397270842
	-0.1646273746	-0.1393563083	0.2034276472	0.2342925638	0.2347450465
	0.2032389105	-0.1894160587	-0.1651579288	-0.1902980577	-0.2192217012
	-0.2478465253	-0.2203397517	-0.2495118061	-0.2809553085	0.2626308459
	0.2934365184	0.2961773115	0.2639398638	-0.2828582177	-0.3140572842
	-0.3446418785	-0.3115089654	-0.3472556563	-0.3762469699	-0.4009326318
	-0.3731497799	-0.4219278559	-0.4246637815	-0.4037019424	-0.4384569563
	0.3194924337	0.3509516345	0.3235548328	0.3445817145	-0.4469996374
	-0.4483675414	-0.4403257191	-0.4480238802	-0.4421223311	-0.4399781157
	-0.4480035068	-0.4277516017	0.3704248588	0.3859534419	0.3623711318
	0.3749348213	0.3729797695	0.388905969	0.3911361067	0.378316433
	0.3758134225	0.3582459761	0.3334416712	0.3536952186	0.2587177795
	0.3006871542	0.28222407	0.3222882562	-0.4005229312	-0.3786355721
	-0.4071770432	-0.4238246736	-0.3698875707	-0.303839616	-0.3327327502
	-0.3451020318	0.2110045154	0.1819208977	0.1564129244	0.2355806135
	-0.258144826	-0.2053997482	-0.2395009888	-0.2892220915	0.1246339438
	0.03671084124	0.09834361489	0.06275371659	0.0002248236531	-0.1253716401
	-0.0637791675	-0.08831227263	-0.1491483919	-0.02606424084	-0.1849345987
	0.008411812903	0.008393845212	1.418618909e-32	8.044868497e-33	0.0276679974
	0.02756294399	0.01686573495	0.0168219076	0.05247358089	0.05217524427
	0.03839772611	0.03856039813	0.06613822888	0.08440802645	0.08379070782
	0.06652851008	-0.03795711028	-0.02735148369	-0.05134160403	-0.03795130157
	0.1024232219	0.1250811732	0.1240831964	0.1017066589	0.1742142463
	0.1476695197	0.1754381388	0.1466443816	-0.06471389799	-0.05136594026
	-0.06478130606	-0.08153781314	0.2024942383	0.2344758497	0.2335688755
	0.2014518551	-0.08166091151	-0.09857075986	-0.1193043027	-0.09832556532
	-0.1401647279	-0.1196683085	-0.1407894009	-0.1659121413	0.2643852652
	0.297564009	0.264025389	0.2979787373	-0.1912551424	-0.1667327563
	-0.1925189419	-0.2218132974	-0.2233157767	-0.2533016159	-0.2852057717
	-0.2512098568	0.326471143	0.3552848774	0.3583513774	0.3279009711
	-0.2874559924	-0.3193091307	-0.3502575535	-0.31650918	-0.3790220933
	-0.3529278333	-0.3818706056	-0.4065660547	-0.4267904466	-0.4087896174
	-0.4284622891	-0.4417405412	0.3816716306	0.3944170442	0.4014381699
	0.3771422224	-0.4464541299	-0.4481526171	-0.4422077739	-0.4471189635
	-0.4179238633	-0.4367065292	-0.4315218636	-0.4437254502	0.4113386496
	0.4025713101	0.4021461202	0.413951078	0.3715975918	0.3882552073
	0.3921009304	0.4056777117	0.3249470594	0.3428099544	0.3610465692
	0.3040679406	0.2592687544	0.2066250248	0.2306005451	0.2814238351
	-0.3926006383	-0.3821243164	-0.3584870321	-0.4107249387	-0.3027530005
	-0.3458423253	-0.3191561896	-0.2717203618	0.1501666	0.08893219514
	0.1750592196	0.114533399	-0.2533500837	-0.1621433363	-0.2201076866
	-0.1983132075	-0.01260277325	0.02597222719	0.05203701705	-0.03802278566
	-0.1015870521	-0.1391427396	-0.07640824973	-0.01673827795	-0.01674064342
	-0.008370334967	-0.0273555749	6.335786733e-33	1.116202663e-32	0.008382830902
	0.008375106751	0.02749054358	0.02743058299	0.0167634987	0.01678574895
	0.03814822406	0.0519515835	0.05174835192	0.03825010012	0.0657563019
	0.08328985133	0.08279981812	0.06546987285	0.122262119	0.1009496775
	0.1231966707	0.1003360135	-0.03797448407	-0.02736770909	-0.03801142832
	-0.05141768312	0.1454508075	0.1729737135	0.1715373181	0.1443932878
	0.2000087727	0.2323170139	0.2306095079	0.1985553229	-0.05149031035
	-0.06502727513	-0.08185815618	-0.06487552078	0.2614893544	0.2629451535
	0.2974962838	0.2962116089	-0.09886159404	-0.0820933099	-0.09927858426
	-0.1201874032	-0.1414675894	-0.1207534511	-0.1423644154	-0.1678133028
	0.3282702561	0.3598182465	0.3601277396	0.3276664974	-0.168913021
	-0.1953783198	-0.2251586018	-0.193801843	-0.2269129045	-0.2575524149
	-0.2900119393	-0.2552942155	0.3848671754	0.4061829486	0.4095056125
	0.3863575065	-0.3217830358	-0.3242902767	-0.2922574768	-0.3556567979
	-0.3840816221	-0.3577517669	-0.3858405394	-0.4105736025	-0.4287511533
	-0.4415456164	-0.4291733578	-0.4113725597	0.4186401843	0.4306595397
	0.4235718881	0.4230604923	-0.4396206605	-0.4407641367	-0.4391255944
	-0.4448713467	-0.4160132595	-0.4010302318	-0.4331316997	-0.4249941426
	0.4272797444	0.4022334732	0.414830113	0.4178437914	0.3612252095
	0.3781083503	0.3436212255	0.3925284148	0.3027299313	0.2531701953
	0.3219300799	0.2750440412	0.2224225195	0.1993724374	0.1643671813
	0.139656734	-0.3558374039	-0.3899901848	-0.3304154731	-0.3703492185
	-0.2654988434	-0.2325241013	-0.2853719364	-0.3139229909	0.1030467843
	0.01331791214	0.03900866495	0.07769917447	-0.211143462	-0.1761248531
	-0.08998199611	-0.0513645683	-0.02565047501	-0.114588139	-0.1522462198
	0.00837032564	2.790498698e-33	0.0083715189	-2.790501685e-33	-0.008371528042
	-1.116203773e-32	-0.008375116066	-0.01674795828	-0.01676352004	-0.02739374388
	0.01674793793	0.02739370867	0.02736767497	0.01674062345	0.05160755773
	0.05149024412	0.03806359082	0.03801137996	0.06520848198	0.082430469
	0.06502719011	0.08209320257	0.1215006383	0.1207532984	0.09973286869
	0.09927845534	0.1423642426	0.1432741926	0.1702595955	0.1689128303
	-0.03806364047	-0.02743061954	-0.03814827522	-0.05160762564	0.196870506
	0.2288903012	0.2269126992	0.19537812	0.2595197245	0.2945161593
	0.2922572709	0.2575522148	-0.06520856873	-0.05174842142	-0.06546996148
	-0.0824305784	0.3261943059	0.3594058926	0.3577515278	0.3242900727
	-0.09973299934	-0.08279992915	-0.1003361452	-0.121500792	-0.1222622724
	-0.1443934578	-0.1702597835	-0.143274365	0.385840282	0.3866418327
	0.4110715819	0.4113722491	-0.2288905014	-0.171537502	-0.198555512
	-0.1968707017	-0.2595199212	-0.230609702	-0.2945163677	-0.2614895486
	0.4287508227	0.4270713649	0.4358701168	0.4396202963	-0.3261945187
	-0.3276667247	-0.2962118198	-0.3594061499	-0.3601280117	-0.4110719148
	-0.3866421108	-0.3863578101	-0.423572258	-0.4358704991	-0.4095059613
	-0.4270717135	0.4352347867	0.424708965	0.433131289	0.4407637539
	-0.430659939	-0.4247093999	-0.4272801692	-0.435235188	-0.4148305744
	-0.392528919	-0.3762271698	-0.405628662	0.4056281834	0.4160128071
	0.3762266576	0.3899896949	0.3401616756	0.2949001385	0.3558368826
	0.3139224706	0.2449174436	0.2654983519	0.2111430136	0.1879507458
	0.1522458064	0.1281368736	0.06454326705	0.08998158519	-0.3612257411
	-0.2949006587	-0.3219306214	-0.3401622117	-0.2224230088	-0.2449179377
	-0.1879511927	-0.2750445635	-2.225957574e-07	-0.06454369342	-0.1643676407
	0.02565004812	-0.1030472295	-0.03900911224	-0.1281373064	0.02735145029
	0.01673825809	0.02735554133	-6.33579316e-33	-0.008382840879	-1.41862052e-32
	-0.01678577161	-0.008393856192	-0.01682193115	-0.02749058128	0.05141761845
	0.05136587694	0.03795706368	0.03797443694	0.08185805076	0.08166080806
	0.06487543762	0.06478122452	0.1201872524	0.09857063537	0.1196681602
	0.09886146753	0.1678131114	0.1667325656	0.1414674175	0.1407892309
	0.1938016405	0.2251583928	0.2233155654	0.1925187387	-0.03825015235
	-0.0275629825	-0.03839777938	-0.0519516545	0.2552940123	0.2900117334
	0.2533014103	0.2874557863	0.3217828408	0.355656571	0.3529276184
	0.3193089398	-0.06575639188	-0.05217531649	-0.06613831969	-0.0832899632
	0.3840813886	0.4105733094	0.3818703885	0.4087893436	-0.100949809
	-0.08379081969	-0.1017067888	-0.1231968221	-0.1240833444	-0.146644541
	-0.1729738904	-0.1454509736	0.4422074371	0.4284619964	0.4415452661
	0.4291730487	-0.174214415	-0.2014520275	-0.2323172017	-0.2000089541
	-0.2629453453	-0.2974965018	-0.2640255814	-0.2335690568	0.447118608
	0.4448709802	0.4391252046	0.4437250749	-0.3282704962	-0.3598185406
	-0.2979789602	-0.3279012282	-0.3816719767	-0.4061833209	-0.3848675002
	-0.358351685	-0.4230609167	-0.4113390609	-0.4186405739	-0.4014385552
	0.4249937149	0.4107245002	0.4010297684	0.4315214551	-0.4139515224
	-0.4056781893	-0.4022339628	-0.417844242	-0.3882557212	-0.3610471154
	-0.3436217697	-0.3781088803	0.3821238342	0.3703487152	0.3458418219
	0.3304149588	0.3027525039	0.2853714397	0.2533496253	0.2325236516
	0.1761244406	0.1983128011	0.1391423633	0.1145877523	-0.01331834901
	0.05136415409	0.01260234496	0.07640786669	-0.3249476149	-0.2531707166
	-0.2814243867	-0.3027304833	-0.1145338901	-0.1396572043	-0.2306010742
	-0.1750597259	-0.1993729382	-0.05203748062	-0.07769964298	0.03795125512
	0.05134154125	0.05133321878	-8.044878597e-33	-0.008411824594	-1.801000233e-32
	-0.01686575912	-0.008433609901	-0.01692944289	-0.0276680363	0.08153771143
	0.08144920372	0.064681864	0.0647138179	0.1193041566	0.1189970971
	0.09832544289	0.09817215684	0.1659119522	0.139726919	0.1651577421
	0.1401645604	0.2218130851	0.2203395396	0.1912549396	0.1902978564
	0.2512096494	0.2852055645	0.2828580099	0.249511598	-0.0385604521
	-0.02778414133	-0.03877826119	-0.05247365385	0.3165089929	0.350257346
	0.3472554547	0.3140570981	0.3790218938	0.4065657966	0.4037016988
	0.3762467804	-0.06652860092	-0.05277969236	-0.06701188413	-0.08440813699
	0.4267901739	0.4417402168	0.4246635227	0.4403254061	-0.1024233488
	-0.08499488651	-0.1032338686	-0.1250813152	-0.125941124	-0.148684061
	-0.1754382976	-0.1476696712	0.4480031509	0.4480235439	0.4481522733
	0.4464537668	-0.2032390653	-0.2344760266	-0.176319621	-0.2024944015
	-0.2643854579	-0.2975642431	-0.2347452182	-0.2639400609	0.4399777326
	0.4367061365	0.4238242772	0.417923449	-0.2961775509	-0.326471414
	-0.3235551181	-0.3552852061	-0.3704252382	-0.3509519716	-0.3771425859
	-0.3944174533	-0.4025717423	-0.4021465936	-0.3859538614	-0.3911365608
	0.3926001802	0.4005224935	0.3584865464	0.3698871066	-0.388906461
	-0.3758139493	-0.3715981288	-0.3921014364	-0.3222888301	-0.3040685036
	-0.3536957725	-0.342810522	0.3327322667	0.2717198954	0.3191556979
	0.2892216199	0.2201072731	0.1849342278	0.2395005666	0.1621429695
	0.06377879717	0.1015866879	0.03802238957	0.1253712981	-0.02597268901
	-0.08893268883	-0.0002252539803	-0.0627542147	-0.2355811806	-0.2066255605
	-0.2822246425	-0.2592693186	-0.1501671258	-0.1819214491	-0.1246344748
	0.0646709409	0.08140715049	0.08139260794	-1.020291964e-32	-2.283808037e-32
	-0.008465306757	-0.01699992145	-0.008500423411	-0.01709453984	-0.02793968153
	0.1188041647	0.1186644559	0.09800851278	0.09806142576	0.1646271902
	0.1641782507	0.1393561454	0.1391231604	0.21922149	0.218194828
	0.1887967998	0.1894158596	0.2809550999	0.2790984966	0.2478463169
	0.2465875029	0.3115087799	0.3446416801	0.3419403157	0.3094525896
	-0.02809969023	-0.03927947869	-0.05315863466	-0.0390017569	0.3731496
	0.4009323995	0.3704640639	0.3978505372	0.4219276127	0.4384566548
	0.4359990662	0.4192752895	-0.06747085757	-0.05351971079	-0.06799165231
	-0.08565778293	0.4469993106	0.4483671923	0.4478713804	0.4454815351
	-0.08622910501	-0.1046190029	-0.1267885294	-0.1039299703	-0.127392572
	-0.1769365792	-0.1499096207	-0.1494065488	0.4305894768	0.443024694
	0.442121956	0.4277512199	-0.1770755854	-0.2029938664	-0.2342927356
	-0.2034277942	-0.2626310463	-0.2330762237	-0.2934367695	-0.2601152207
	0.4071766247	0.3861405085	0.4117768776	0.3786351317	-0.3445820682
	-0.3194927295	-0.3135529395	-0.2896509119	-0.3369513582	-0.3623715233
	-0.3749352633	-0.3518760383	-0.3783169083	-0.362562498	-0.3628420318
	-0.3729802865	0.3451015655	0.3038391456	0.3172951135	0.3547118984
	-0.3557552311	-0.3382847298	-0.3334422416	-0.3582465295	-0.3120407572
	-0.2587183619	-0.2773256615	-0.3006877468	0.2581443965	0.2053993669
	0.2252534891	0.2738525926	0.1491480583	0.1130535785	0.08831193362
	0.1706951253	-0.00992084393	-0.03671131477	0.05131841706	0.02606384284
	-0.1299870826	-0.09834415589	-0.2110051002	-0.156413486	-0.1854819629
	-0.234206911	-0.07200895496	0.1185742897	0.1185975831	0.09799012996
	-1.292104094e-32	-2.890965715e-32	-0.008547581441	-0.01719187562	-0.01731313846
	-0.02829854994	-0.008596151478	0.1638951869	0.1636894671	0.1388724703
	0.1389537954	0.2174730132	0.2168624122	0.1879409956	0.1882716157
	0.2776966442	0.2764147494	0.2446210143	0.2454312647	0.3397705541
	0.3376701278	0.307452011	0.3059477341	0.3677043286	0.3951963015
	0.3924791144	0.3654968558	-0.02848834234	-0.03984503139	-0.05392926906
	-0.03954399091	0.4163377356	0.433611403	0.4309543855	0.4138111423
	0.4434185683	0.4468406846	0.4452909208	0.4413733083	-0.06843977154
	-0.05428266341	-0.06888430009	-0.08679348506	0.4431141331	0.4321140625
	0.4328551356	0.4425964431	-0.08719414763	-0.1054426497	-0.1278076794
	-0.1051069289	-0.1766700793	-0.1496473602	-0.1500066486	-0.1278812602
	0.3957538444	0.4174452475	0.4153126492	0.3914730771	-0.1998749342
	-0.1756924587	-0.2307871513	-0.2018970832	-0.2566775813	-0.2276825507
	-0.2517310005	-0.2841659921	0.3630798608	0.32785644	0.3371726798
	0.3691463363	-0.3270587129	-0.2973376849	-0.3064833457	-0.2776535059
	-0.3401376151	-0.3159985289	-0.3259840568	-0.3476520407	-0.331531633
	-0.3461207581	-0.32705717	-0.3361527123	0.2884452871	0.2421347184
	0.3000015615	0.2579545209	-0.2888058905	-0.3153676559	-0.2941361861
	-0.3171439078	-0.2272231909	-0.2528530609	-0.2644121566	-0.2086204164
	0.158024863	0.2098861196	0.1356792296	0.1917925682	0.01600760191
	0.07700094961	0.04257577382	0.1006943256	-0.1818629708	-0.01815540914
	-0.1033570184	-0.07562638961	-0.04473459658	-0.1588878361	-0.1319634583
	0.1635561442	0.1635906749	0.1388439095	-1.632268184e-32	-0.008656653415
	-3.647229306e-32	-0.01742877087	-0.01756070938	-0.02870433408	-0.008714405938
	0.2164775721	0.2161978825	0.1875843166	0.1877000908	0.2755172956
	0.2747607634	0.2435042013	0.243935206	0.3360967049	0.3036175678
	0.3346675987	0.3045749267	0.3903185599	0.38824535	0.3633696861
	0.3617827684	0.4112379302	0.428676584	0.4263572557	0.4091975697
	-0.02889079182	-0.04036255114	-0.05463294237	-0.04010448573	0.4390848685
	0.4436962098	0.4371122792	0.4418679451	0.4415910717	0.4329046368
	0.4324810092	0.4404541054	-0.06919873465	-0.05488130757	-0.06941459013
	-0.08746799909	0.4188129547	0.3985132678	0.419393017	0.4005127459
	-0.1275649742	-0.08751003365	-0.1052312822	-0.1054960074	-0.1268378709
	-0.1739091028	-0.1488023328	-0.1472796037	0.3497818712	0.3775031335
	0.3741473876	0.3440213268	-0.1932661028	-0.1715147585	-0.2232419097
	-0.197146875	-0.2458822777	-0.238374131	-0.2692690648	-0.2180027283
	0.3102964184	0.2705920222	0.2819492389	0.3179481037	-0.2749294825
	-0.2871534883	-0.2599415048	-0.3027092561	-0.2883930605	-0.3107303144
	-0.3131824994	-0.2933683247	-0.2848936139	-0.3068720592	-0.2937622793
	-0.292739086	0.2269915233	0.1957819098	0.2407591059	0.1773611637
	-0.2699633846	-0.2445940991	-0.2388158959	-0.2689756097	-0.2119777363
	-0.1730386297	-0.2003536787	-0.1546885276	0.09203224758	0.144872165
	0.1242907304	0.06726900986	0.03488125191	0.009247286993	-0.04847160974
	-0.07616109531	-0.1262290046	-0.02035031544	-0.1038147399	0.2160167014
	0.1875433907	0.2160636416	-2.052202344e-32	-0.008780287941	-4.571809217e-32
	-0.01767442749	-0.02907621893	-0.008837116743	-0.0177878607	0.2742857347
	0.2739415105	0.2430401448	0.2431904944	0.3336739852	0.3328412491
	0.3023070978	0.3028114007	0.3867064275	0.3593517908	0.3853196449
	0.3603463851	0.4245263019	0.4227814105	0.4072488031	0.405807201
	0.4351050643	0.440277606	0.4386459778	0.4335194935	-0.02920755448
	-0.04067071823	-0.0550513733	-0.04054508048	0.4390948193	0.4318307574
	0.4309554176	0.4378807759	0.4195076624	0.4016132206	0.4022439311
	0.4192965712	-0.06944595884	-0.05507603045	-0.06926958052	-0.08728787842
	0.3800832252	0.3537409062	0.3568988104	0.3816534321	-0.1035480493
	-0.08678523176	-0.1255327469	-0.1046265064	-0.1423518343	-0.1237871902
	-0.1681182261	-0.1452378573	0.3290232212	0.2977971179	0.3244671574
	0.2904653862	-0.1828576296	-0.1641227576	-0.2112967346	-0.1886945171
	-0.23004029	-0.203859878	-0.2200827323	-0.2487792306	0.253232956
	0.210731017	0.2243660106	0.2626529519	-0.2721416119	-0.2617989495
	-0.2367969286	-0.2469060752	-0.2551555857	-0.2750467913	-0.2550075363
	-0.2726585143	-0.2440650245	-0.2505833419	-0.2377671876	-0.2618654766
	0.1646355918	0.1348104762	0.1137914391	0.1807793351	-0.1910866237
	-0.1847045576	-0.2180263787	-0.2180380072	-0.1163170303	-0.1561931972
	-0.09823890022	-0.1444284246	0.08359133313	0.006065160932	0.03281190876
	0.06073807325	-0.0691701218	-0.04745244549	-0.02041678727	0.2737193822
	0.2737768547	0.2429868186	-2.558039301e-32	-0.008893792236	-5.667309785e-32
	-0.01786798914	-0.00893385408	-0.01792341186	-0.02929790869	0.3323215002
	0.3319467158	0.3017670111	0.3019413781	0.384363194	0.3835671014
	0.3580029727	0.3585199778	0.4214960489	0.4203457622	0.4036237085
	0.4045129905	0.4373548329	0.4361242603	0.4320120594	0.4309031343
	0.4366189441	0.4301279464	0.4292365065	0.4356102062	-0.02931077636
	-0.04058535719	-0.05493579394	-0.04068849381	0.4188550119	0.4024459296
	0.4183666773	0.4024037075	0.3827373313	0.3589170291	0.360425002
	0.3832958561	-0.06886965696	-0.05461885967	-0.0681593492	-0.08588931109
	0.3327319951	0.3029762271	0.3351722791	0.3072549654	-0.08469151849
	-0.100070052	-0.1213217616	-0.1021045219	-0.1590275018	-0.134634002
	-0.1184233467	-0.1389563152	0.2766507665	0.2708281958	0.2437988243
	0.2347388951	-0.1686823106	-0.1533836024	-0.194988803	-0.1763879357
	-0.209409098	-0.1854857459	-0.197342474	-0.2232348269	0.1956115872
	0.1680713294	0.1521041607	0.2069549874	-0.2312430553	-0.2143005323
	-0.208983908	-0.236451013	-0.2171351124	-0.2275447775	-0.234415274
	-0.2128153449	-0.2126749549	-0.1873883405	-0.2036269216	-0.1917195286
	0.05655772545	0.07971238321	0.1241608499	0.1057988162	-0.1643930408
	-0.135578528	-0.1630082297	-0.1282376703	-0.08715912107	-0.09932399119
	-0.01398229558	-0.05972467192	0.007020676702	0.03144551301	-0.04178381892
	0.3317063041	0.3017051307	0.3317683574	-3.144056466e-32	-0.008961549326
	-6.905290556e-32	-0.01793115892	-0.00896545004	-0.01788596388	-0.02923649142
	0.3830736611	0.3827199034	0.3574533618	0.3576300563	0.4195580988
	0.4189066407	0.4028853556	0.4024295149	0.4352195246	0.4344120144
	0.4292370982	0.4299133408	0.4285092705	0.4278023677	0.4346446409
	0.4339317704	0.4177989983	0.4022236646	0.4019444736	0.4173135281
	-0.03993551557	-0.05405548364	-0.04035102602	-0.02906788388	0.3835918796
	0.3613053368	0.3619008207	0.3836689309	0.3370645629	0.310114779
	0.3123843582	0.3382327675	-0.06720812026	-0.05330150058	-0.0658691568
	-0.08300306119	0.250295214	0.2815055637	0.2557510584	0.2847875265
	-0.09463288057	-0.08101707135	-0.1147343499	-0.09767604065	-0.1466649074
	-0.1106479784	-0.1241487219	-0.1298437532	0.216927353	0.1912167498
	0.2241123142	0.1803642867	-0.1394725512	-0.1747532925	-0.1511188264
	-0.1604285898	-0.1846773423	-0.1935951569	-0.1634974525	-0.1710188498
	0.09895756432	0.1168873541	0.1543983113	0.1412163913	-0.1967077707
	-0.1970704863	-0.1776379334	-0.1784676934	-0.1796059808	-0.1681048099
	-0.1904727002	-0.1763684903	-0.1548668899	-0.1377957981	-0.1612450894
	-0.1359084456	0.03506181221	0.05533785604	0.01079896913	0.07525275728
	-0.1073112675	-0.007102720816	-0.07218146369	-0.08086810278	-0.03189923011
	-0.1104995332	-0.0447130257	0.382552525	0.3824945123	0.3573908129
	-3.785358775e-32	-0.008942814303	-8.212972609e-32	-0.01778271442	-0.00889126651
	-0.01759991788	-0.02876855964	0.4185054155	0.4182193265	0.4019488377
	0.4021027855	0.4338609532	0.4334067743	0.4286789899	0.4283361398
	0.4272757892	0.4328595608	0.4268017099	0.4332948896	0.4016726829
	0.4013800323	0.4168284829	0.4164594175	0.3836277255	0.3621994252
	0.3623594327	0.3835297777	-0.05223952538	-0.03937830612	-0.02836744985
	-0.03859450493	0.3390873682	0.3138226297	0.3395752712	0.3149166076
	0.2874246864	0.2594652153	0.2624774936	0.2891248199	-0.05098949156
	-0.06228943185	-0.07849175195	-0.0642924238	0.2301825917	0.2057519816
	0.1990811133	0.2343369118	-0.07569286513	-0.1057888805	-0.08725094815
	-0.09125873827	-0.1005867309	-0.1111760202	-0.1313608695	-0.118048029
	0.1432249499	0.1746086674	0.1308222334	0.1661016696	-0.1228597909
	-0.1308456673	-0.1413545867	-0.1513671643	-0.1611203079	-0.1422511956
	-0.1388169658	-0.1568713637	0.05534251828	0.07433898023	0.1083984811
	0.09388300544	-0.1596965265	-0.1441542382	-0.141002497	-0.1557000013
	-0.1345599136	-0.1309779666	-0.1451568412	-0.123077613	-0.08505050312
	-0.1066578991	-0.1100152813	-0.0859669327	-0.02025930454	0.01718935689
	0.0375128541	0.00367582581	-0.0594475853	-0.05418128882	-0.03046988046
	0.4180382045	0.4180847041	0.4018946527	-4.432801881e-32	-0.008799751693
	-9.467764446e-32	-0.01735438623	-0.008677145827	-0.01700925312	-0.02780269778
	0.4331280821	0.4329300501	0.4279771682	0.4280918797	0.4264762777
	0.4262070391	0.4325009277	0.4322806872	0.4011469379	0.4158895326
	0.4009273394	0.4161231196	0.3624057835	0.3623959509	0.3833930304
	0.3832686838	0.3399030616	0.3155720051	0.3160456645	0.3400683364
	-0.03767070413	-0.02713756975	-0.03649771386	-0.0494007138	0.29044257
	0.2644361009	0.2659736488	0.2912536675	0.2377265123	0.2103398123
	0.2140996024	0.2399453363	-0.04763873558	-0.07236668243	-0.05742881669
	-0.06006719358	0.1522881139	0.186862863	0.1600314226	0.1818611986
	-0.06880433516	-0.07812146074	-0.09472431864	-0.08295588129	-0.08858082227
	-0.1137093026	-0.09622082894	-0.1039685711	0.1213768734	0.08919886346
	0.1025009854	0.1308790364	-0.1042516085	-0.1258549129	-0.1087593429
	-0.1199724864	-0.1123667042	-0.1272516356	-0.1125761219	-0.1272849594
	0.04253001851	0.02371668325	0.05658987475	0.07153258629	-0.1101126723
	-0.1219309091	-0.1036797182	-0.1142744659	-0.100679156	-0.09375599793
	-0.08414149202	-0.0800078832	0.0121179292	-0.06185104879	-0.007286854242
	-0.06162748046	-0.03674633708	-0.0145867757	-0.04051904181	0.4328051886
	0.4279371398	0.4328371862	-5.013551722e-32	-0.008504360622	-1.050562514e-31
	-0.01660213045	-0.008301053138	-0.01608540616	-0.02629236308	0.4260414022
	0.4259235282	0.4320508448	0.4321243403	0.40077151	0.4006394402
	0.4156952757	0.4155747759	0.3623591805	0.3623068899	0.3830482579
	0.3831426385	0.3163105763	0.3164885136	0.3401615754	0.3401951075
	0.291858318	0.2669313426	0.2676582933	0.292212155	-0.03519555925
	-0.02535471287	-0.03364986067	-0.04554538809	0.2416992793	0.2165716265
	0.2428017927	0.2185360742	0.1698219338	0.1936952385	0.1909801342
	0.1653963029	-0.04330261687	-0.05141749737	-0.06479167753	-0.05460004097
	0.120687654	0.1122838562	0.1446922281	0.1390337059	-0.06760124924
	-0.06058582122	-0.08197253038	-0.07304949635	-0.07514453215	-0.0799522048
	-0.09449603354	-0.0882067115	0.08495107571	0.09483132323	0.07057007255
	0.05730062253	-0.08589832567	-0.09940598285	-0.08451520492	-0.09727256635
	-0.09723228526	-0.08603684196	-0.09370396116	-0.08279988051	0.021358416
	0.03034384153	0.003952739072	0.04466159054	-0.06834280591	-0.08526130895
	-0.07717951912	-0.07486323494	-0.05606702684	-0.04175542152	-0.0593955625
	-0.04124018811	-0.01973371316	-0.00235784903	-0.02242386972	0.425868197
	0.4258491276	0.4320254353	-5.439637163e-32	-0.008042435641	-1.114648019e-31
	-0.01551159888	-0.00775580968	-0.01483043197	-0.02424064719	0.4005566507
	0.4004968992	0.4154482246	0.415488933	0.3622608224	0.3622163658
	0.3829657858	0.3829124613	0.3165781631	0.3166307923	0.340193716
	0.3402017319	0.2680914419	0.2684074795	0.2924635217	0.2926015363
	0.2436462445	0.2197764165	0.2207327338	0.2441558963	-0.03199202809
	-0.0230469207	-0.03012747038	-0.0407769317	0.1750952845	0.1972346679
	0.195861812	0.172751812	0.1524865851	0.1493792856	0.126544909
	0.1314009274	-0.03812921066	-0.05606338708	-0.0444909482	-0.04807729498
	0.08037312611	0.08882846892	0.1092924637	0.1033496793	-0.05616391666
	-0.05139079684	-0.06810626101	-0.0619649922	-0.06090954167	-0.0631430663
	-0.07462974685	-0.07150096668	0.04736480567	0.05754707519	0.06707453979
	0.0350452905	-0.07435344292	-0.06336761863	-0.07329461935	-0.0646095988
	-0.05498798334	-0.06828166477	-0.06049639256	-0.06202135737	0.008862161455
	-0.006279742121	0.01394787227	0.02677311846	-0.0515422953	-0.03954013187
	-0.03679540258	-0.04699425412	-0.02361035501	-0.02351336567	-0.008900139794
	0.4154342328	0.4004685274	0.4004586802	-5.625087331e-32	-0.007414865056
	-1.123567522e-31	-0.01409970366	-0.007049874104	-0.01327807801	-0.02170254148
	0.3621858501	0.3621624081	0.3828544652	0.3828734877	0.3166519354
	0.3166600456	0.3401793706	0.3401665075	0.2685861335	0.2927385416
	0.2687096728	0.292692992	0.2213128686	0.2217452218	0.244532533
	0.2447494435	0.1982976304	0.176585235	0.1777420733	0.1989453984
	-0.02816983734	-0.02029342735	-0.02606866122	-0.0352824778	0.137231434
	0.1549812688	0.1346335542	0.1565697377	0.09967989736	0.1175329465
	0.1142379664	0.09475000868	-0.04657575519	-0.03696200189	-0.03234144438
	-0.04077984476	0.0753137815	0.05649316407	0.06439016811	0.08108905457
	-0.05378655261	-0.04165356224	-0.04435593626	-0.0502249893	-0.05507288789
	-0.04657162653	-0.04660956258	-0.05466602259	0.03150357623	0.03832510565
	0.04689159166	0.02077320338	-0.05233555898	-0.04225461817	-0.0455082345
	-0.04878435481	-0.04182260044	-0.03720040181	-0.03381961821	-0.03029646439
	0.002356902168	-0.02107560144	-0.01062210942	0.01573022205	0.004884974677
	-0.02251484621	-0.01015524803	0.3828478854	0.362150724	0.3621465448
	-5.508977125e-32	-0.006638175339	-1.069167688e-31	-0.006207608996	-0.01241516982
	-0.01148925347	-0.01877787809	0.3166603181	0.316657933	0.3401490964
	0.340155334	0.2687745369	0.2688156586	0.2927652607	0.2927762168
	0.2449849373	0.2221745567	0.2449023332	0.2219959001	0.1997134038
	0.178449219	0.1789805411	0.1994304697	0.1585652826	0.1578073981
	0.1388919533	0.1401873614	-0.02389374371	-0.01721292772	-0.02165702644
	-0.02931068164	0.1056398362	0.1201908953	0.1029779457	0.1218913151
	0.08591255094	0.06994207155	0.08914248027	0.0745814848	-0.0262133218
	-0.02919145427	-0.0330528682	-0.03678307253	0.05431487097	0.03946989508
	0.05953955781	0.04637722704	-0.03185160487	-0.03275240092	-0.03970977107
	-0.03840446736	-0.03852588152	-0.03676805087	-0.03114867949	-0.03283314932
	0.02106527908	0.02550085917	0.01219745851	0.03276093864	-0.0281357502
	-0.02357731933	-0.03228720305	-0.02706554568	-0.01727995991	-0.01915734192
	-0.01047215201	-0.0005528835504	-0.009896553801	0.00050776133	0.009261798624
	0.3401467985	0.3166548214	0.3166557897	-5.077138015e-32	-0.005743163792
	-9.541949218e-32	-0.01053057201	-0.00526530744	-0.009544921503	-0.01559925247
	0.2688346428	0.268844684	0.2927820019	0.2927810167	0.2450650907
	0.2450389531	0.2222720108	0.2223367217	0.1792914089	0.1795152211
	0.2000278074	0.1999162516	0.1594717674	0.1415847894	0.1409835193
	0.1591367082	0.1232228571	0.1073500894	0.1086904656	0.1240420786
	-0.01936632227	-0.01395141068	-0.01710427382	-0.02314817283	0.08022736267
	0.09175887247	0.07769955343	0.09344180482	0.06391650399	0.051249024
	0.05533430114	0.06686242995	-0.02716276777	-0.02527566809	-0.02155850866
	-0.02004584872	0.03906189521	0.02765791065	0.04351242683	0.03338452773
	-0.02246598384	-0.02191344676	-0.02708307677	-0.02655456493	-0.0175017208
	-0.02059426141	-0.02386120695	-0.02035877514	0.02301738749	0.01714870405
	0.01427367486	0.007245513455	-0.008193065569	-0.01332199221	-0.01517155488
	-0.009149746738	-0.00123933608	-0.001552194352	0.005566931745	0.2688480188
	0.2927820585	0.2688488583	-4.3729305e-32	-0.00477056272	-7.927167902e-32
	-0.008535246993	-0.00426764294	-0.007538439287	-0.01231945976	0.2450797
	0.222368529	0.2223867369	0.2450849577	0.2001395634	0.1796387429
	0.179721868	0.2001024617	0.1597138763	0.1419386666	0.1421949556
	0.1598478599	0.1095189136	0.1101478485	0.1246631773	0.1250291979
	0.09558588638	0.09476615211	0.08186036699	0.08314702508	-0.01066919248
	-0.01709586263	-0.01263282641	-0.01481005514	0.06925860676	0.05809226279
	0.06033877942	0.07080950678	0.04725148847	0.03743510393	0.04084302279
	0.04978086982	-0.01443233894	-0.01783024929	-0.01414213856	-0.01817942279
	0.02811785029	0.01950436818	0.03173155698	0.0240549742	-0.01680906082
	-0.01495116044	-0.01235881561	-0.013951664	-0.009741053636	-0.006284636544
	-0.007286732744	-0.01136976826	0.01626724908	0.009799878125	0.01169928354
	-0.001674722996	0.003447635702	-0.001651452852	0.004418608155	0.2223954735
	0.2450863556	0.2223935307	-3.490109713e-32	-0.003767257551	-6.070061931e-32
	-0.006527284353	-0.00326366486	-0.005567882637	-0.009098781329	0.1797633957
	0.1797876143	0.2001690914	0.2001610051	0.1599837375	0.1423373822
	0.1424339348	0.1599383769	0.1105204027	0.1107919158	0.1252953818
	0.1254435402	0.09658213874	0.08394752239	0.09621109186	0.08455922575
	0.07203658962	0.06179866555	0.06295613947	0.07280192626	-0.007527713986
	-0.008459269539	-0.01144647788	-0.01044897995	0.05184716613	0.04315390426
	0.04504565545	0.05319364433	0.03477619877	0.02728215466	0.03000580077
	0.03684583159	-0.01107797039	-0.008155267291	-0.008788990254	-0.01026385198
	0.020242559	0.01380861019	0.02306659466	0.0173008031	-0.005420739939
	-0.004516384631	-0.008070073425	-0.006712765559	0.002775778983	-0.001389120554
	0.002191513951	0.006765973559	-0.001537469265	0.01150423985	0.008063260598
	0.1797968721	0.1797995784	0.2001713448	-2.54981184e-32	-0.002782297158
	-4.218303936e-32	-0.002302770092	-0.004605467298	-0.003728776969	-0.006093093127
	0.1424825925	0.1425112447	0.160020408	0.1600102734	0.1255953395
	0.1109439837	0.1110478933	0.1255444227	0.08492452875	0.08519296658
	0.09685400482	0.09700663316	0.06368181347	0.0642408729	0.07338981221
	0.07374203	0.05426553558	0.04628272293	0.04727038818	0.05494000412
	-0.006471374592	-0.004679812785	-0.004784426531	-0.006495149974	0.03854423684
	0.03186062233	0.03338654602	0.0396586288	0.02545252771	0.0197832526
	0.02188426539	0.02708157767	-0.003007486584	-0.00533943209	-0.003769696757
	-0.004240680014	0.01663717955	0.009740781476	0.01233513104	0.0145024734
	0.001777459363	-0.001024462971	0.001404117536	-0.00120007128	0.005551996364
	0.004631433094	0.008058810065	0.1425256011	0.1425223254	0.1600232805
	-1.669683601e-32	-2.583954691e-32	-0.001863269672	-0.002863339889	-0.001431738834
	-0.002109703812	-0.003446878819	0.1111007821	0.1111322527	0.1256370363
	0.1256254324	0.09716512528	0.0853448681	0.08544977893	0.09711157607
	0.06457806442	0.06482846908	0.07400253059	0.07415053822	0.05577901238
	0.04789487939	0.05546243861	0.04838049978	0.04055164354	0.0343906712
	0.03519807695	0.04111880944	-0.001772148618	-0.002260885188	-0.002392338236
	-0.003136473147	0.02842442614	0.02332074864	0.02931124604	0.02450788357
	0.0157508667	0.01418312589	0.01968455707	0.01844530375	-0.0008317924373
	0.0008763544943	0.001131452276	-0.0006688614304	0.003074410866	0.01180490405
	0.008618808924	0.01024532453	0.003751162197	0.006760518404	0.005502782102
	0.1111482721	0.1256403771	0.1111445849	-9.378759079e-33	-1.303150149e-32
	-0.001054259748	-0.001383757356	-0.0007828327329	-0.001277987756	-0.0006920025335
	0.0855038962	0.08553655024	0.09720974125	0.09719719552	0.06497198729
	0.06507245992	0.07425357723	0.07430696677	0.04867668233	0.05615223599
	0.04889931357	0.05601576686	0.03611735356	0.04156214258	0.03571303026
	0.04183406076	0.03002656333	0.02529364499	0.02592964614	0.03048493652
	0.0006846568833	-0.0003619140767	0.0004997155052	-0.0004994276834	0.02139146096
	0.0177187235	0.02071025767	0.0168264394	0.01403879146	0.0110715533
	0.01312867992	0.009944709536	0.004524618855	0.005790981982	0.008123776447
	0.002415861262	0.007031723862	0.001904278422	0.003565213391	0.0855535228
	0.08554957245	0.0972134287	-3.99675623e-33	-0.0003912316873	-4.212854478e-33
	-0.0002223233229	0.0002177274629	0.0003577066115	-0.0001113516071	0.06512514412
	0.06515748254	0.0743524533	0.07433948004	0.04902874543	0.04912074716
	0.05624862744	0.05629948671	0.0363667763	0.03655660505	0.04203986355
	0.04216031814	0.03084645633	0.0263385629	0.03107079409	0.02666252133
	0.02230111969	0.01831230526	0.02194417569	0.01879543473	0.001005915075
	0.002815009199	0.00207259869	0.001400144643	0.01249185389	0.01184680906
	0.01479461501	0.01529888736	0.009052149333	0.003610391243	0.005286452725
	0.006695709562	0.009691945056	0.004568857969	0.007465509783	0.06517064795
	0.07435636048	0.06517470983	-5.550210716e-34	0.0001087866959	9.977495869e-34
	0.0006142257512	0.001490202852	0.0003068670486	0.0009104475925	0.05634391726
	0.04916985159	0.04920055229	0.05633103909	0.03666855487	0.03674934977
	0.04224668699	0.04229311726	0.02701996228	0.03124255944	0.03134456231
	0.02686448395	0.01935786884	0.01910820744	0.0225848969	0.02276279128
	0.01597721047	0.01571002697	0.01292270689	0.01327489179	0.003080055914
	0.001913056664	0.004179210376	0.002659839056	0.007996266093	0.00843876235
	0.01022461028	0.01058124587	0.006318605462	0.005897054279	0.004663456742
	0.04921732416	0.05634789095	0.04921331743	1.295058761e-33	0.0004550067616
	3.505616263e-33	0.001169060766	0.0005842537442	0.001354266323	0.002215729719
	0.03679321627	0.03682112751	0.04233469238	0.04232244897	0.03141873386
	0.03145930195	0.02711285269	0.02718081705	0.01963695229	0.02298311953
	0.01951490294	0.02290037999	0.01619099941	0.01350413877	0.01632611269
	0.01368818156	0.008978300306	0.01106359902	0.008735239519	0.01087305981
	0.003437717851	0.005276978109	0.003684985787	0.006906079298	0.006670118187
	0.0049978765	0.002473378595	0.03683672982	0.0423385496	0.03683295804
	2.055366576e-33	0.0006768597968	4.312978664e-33	0.001511842766	0.0007556402044
	0.001620925469	0.002651548205	0.03148534211	0.03149643269	0.02721827687
	0.02724247766	0.01971066341	0.01976520648	0.02304400427	0.02307779877
	0.01380474691	0.01643145523	0.01389599934	0.01649543981	0.01121678215
	0.00913716226	0.01131417996	0.009265203935	0.002800262005	0.007226389581
	0.007099595818	0.005618327072	0.004030056471	0.005464409692	0.003891291808
	0.02725290258	0.03149998267	0.02725626986	2.186601951e-33	0.000810181972
	4.218507431e-33	0.001711894572	0.0008556800702	0.001773199016	0.00290031436
	0.02310929141	0.01979564102	0.01981554652	0.0230997726	0.01395157185
	0.01399304391	0.01654296196	0.01656965022	0.009346712668	0.009410835904
	0.01139055785	0.01143729356	0.004218803536	0.005719226025	0.005800736786
	0.007393926279	0.002982506925	0.007328634853	0.004143970182	0.023112372
	0.01982706683	0.01982423228	2.014501612e-33	0.000886334972	3.734301063e-33
	0.001823495396	0.0009115032113	0.00185662224	0.003036513433	0.01659486775
	0.01401640416	0.01403182487	0.01658717259	0.01147223353	0.00945012173
	0.01149202833	0.009479609046	0.005852812621	0.007445315011	0.007476923456
	0.00308017113	0.00431794217	0.004279230464	0.005893898248	0.01403862038
	0.0165973751	0.01404085511	1.730327226e-33	3.138912561e-33	0.0009280706557
	0.001883352146	0.00094145529	0.001900533281	0.003108141186	0.01151091934
	0.009496331656	0.009507440755	0.01150511177	0.005919174745	0.007514175854
	0.005938209583	0.007500650006	0.004348460806	0.004367303889	0.003130228126
	0.009514001871	0.00951237195	0.01151281761	1.430674565e-33	2.563076384e-33
	0.0009500493366	0.001914063986	0.001922453152	0.00314385923	0.0009568310387
	0.005949054826	0.007527166613	0.007523150259	0.003154134266	0.005956285121
	0.004381471335	0.004389584971	0.0075284788	0.005960579981	0.005959511265
	1.157247191e-33	2.057586062e-33	0.0009610272656	0.004397401119	0.000967927513
	0.001935864294	0.003166264821	0.001928749201	0.0009641873067	0.003160008969
	0.001932374953	0.003165684331	0.001936211701	0.004394973347	0.003163928293
	0.004398189916	3.225831937e-34	0.0009677494477	1.29033247e-33	9.238286068e-34
	0.0009672065688	0.0009659995833	0.001934773183	7.314641509e-34	1.634749616e-33
	
