2048	
	4.71923605e-06	4.71923593e-06	6.16043508e-06	6.160400194e-06	8.442157843e-06
	8.441810444e-06	1.201339342e-05	1.201145627e-05	1.752177323e-05	1.751394667e-05
	2.586242873e-05	2.583661892e-05	3.820315312e-05	3.813034655e-05	5.594815175e-05
	5.576982636e-05	8.058125716e-05	8.02029094e-05	0.0001133034146	0.0001126137171
	0.0001544547169	0.0001533439884	0.0002027373759	0.0002011496347	0.0002544866301
	0.0002524242151	0.0003035204949	0.0003010100686	0.0003419610273	0.0003390415948
	0.000362850589	0.0003594331176	0.0003621605418	0.0003583193232	0.0003402843934
	0.0003362884465	0.000301670856	0.0002980258584	0.0002531542617	0.0002502774115
	0.0002021910672	0.0002001994752	0.0001545024687	0.0001533195663	0.0001135941532
	0.0001129885433	8.087036648e-05	8.059962326e-05	5.614571094e-05	5.6038424e-05
	3.830945138e-05	3.827133648e-05	2.591032898e-05	2.589814936e-05	1.75403866e-05
	1.753692001e-05	1.201965475e-05	1.201880595e-05	8.443923938e-06	8.443762174e-06
	6.160797662e-06	6.160789708e-06	4.719275737e-06	4.719275818e-06	6.160399237e-06
	6.160434182e-06	7.600298514e-06	7.60029649e-06	9.877917279e-06	9.877856094e-06
	1.343687264e-05	1.343632624e-05	1.891134455e-05	1.890757827e-05	2.716672237e-05
	2.714940878e-05	3.93148413e-05	3.925413344e-05	5.667578967e-05	5.650247112e-05
	8.064465277e-05	8.023224977e-05	0.0001123880079	0.0001115645309	0.0001522945964
	0.0001508901772	0.0001991470006	0.0001970843074	0.0002492783756	0.0002466141254
	0.0002964053532	0.0002932698538	0.0003327041292	0.0003292038053	0.0003514848102
	0.0003475698476	0.0003493734604	0.0003450642886	0.000327497447	0.0003229713513
	0.0002905906992	0.0002863002733	0.000245154212	0.0002415194393	0.0001975319644
	0.000194849465	0.0001525499081	0.0001508566369	0.0001133923828	0.0001124758599
	8.160953063e-05	8.117779428e-05	5.731842238e-05	5.713779474e-05	3.965782088e-05
	3.958933238e-05	2.732245264e-05	2.729851449e-05	1.897347392e-05	1.896566418e-05
	1.345901156e-05	1.345662111e-05	9.884981738e-06	9.884305663e-06	7.602276805e-06
	7.602116956e-06	6.160797807e-06	6.160789715e-06	8.44179611e-06	8.44213972e-06
	9.877823262e-06	9.877853993e-06	1.214707141e-05	1.214700706e-05	1.568660691e-05
	1.568721006e-05	2.111482469e-05	2.111626714e-05	2.926324587e-05	2.926006396e-05
	4.118086013e-05	4.114816848e-05	5.809310837e-05	5.796009454e-05	8.129244295e-05
	8.091221263e-05	0.000111893745	0.0001110447529	0.0001503208392	0.0001487762932
	0.0001954320795	0.0001930902126	0.0002435724299	0.0002405394941	0.0002883964883
	0.0002849096618	0.0003221970974	0.0003184446333	0.0003386472259	0.0003346258723
	0.0003351067919	0.0003307664732	0.0003134274436	0.0003088224312	0.0002785861616
	0.0002740269613	0.0002366137043	0.0002325235383	0.0001927103108	0.0001895198793
	0.0001507818276	0.0001486586927	0.0001136498009	0.000112442103	8.298995418e-05
	8.239273635e-05	5.923557975e-05	5.897224418e-05	4.180288208e-05	4.169638025e-05
	2.955600937e-05	2.951537532e-05	2.123935382e-05	2.122433636e-05	1.573632048e-05
	1.57308327e-05	1.216630228e-05	1.216431588e-05	9.884982251e-06	9.884308181e-06
	8.443923728e-06	8.443762139e-06	1.201128758e-05	1.201321049e-05	1.343590625e-05
	1.343628312e-05	1.568669084e-05	1.568556764e-05	1.919302921e-05	1.919230952e-05
	2.455588496e-05	2.455956259e-05	3.257052424e-05	3.25807783e-05	4.422005616e-05
	4.422187312e-05	6.063097945e-05	6.055868776e-05	8.298503803e-05	8.267914135e-05
	0.0001123271829	0.0001115243698	0.0001490919691	0.0001475084978	0.000192196426
	0.0001896994867	0.0002380124974	0.0002347438068	0.0002802004721	0.0002764901791
	0.0003112496	0.000307370139	0.000325300287	0.0003212931694	0.0003204690681
	0.000316219481	0.0002992446926	0.0002946851604	0.0002667712534	0.0002620582402
	0.0002284545522	0.0002240209857	0.0001884276933	0.0001848008777	0.0001497287969
	0.0001471980982	0.0001148050504	0.0001132949403	8.542064472e-05	8.463498836e-05
	6.23080147e-05	6.194062876e-05	4.516675779e-05	4.500668953e-05	3.304398065e-05
	3.29765294e-05	2.477877886e-05	2.475032961e-05	1.92972077e-05	1.928491189e-05
	1.573635747e-05	1.573091031e-05	1.345902475e-05	1.345665884e-05	1.201965553e-05
	1.201881359e-05	1.75126485e-05	1.752050153e-05	1.890451836e-05	1.89074914e-05
	2.111159678e-05	2.110799472e-05	2.455526911e-05	2.454707501e-05	2.981903848e-05
	2.981416064e-05	3.766156985e-05	3.767377564e-05	4.899886751e-05	4.903186508e-05
	6.485636315e-05	6.486103042e-05	8.629862879e-05	8.611408567e-05	0.0001142813247
	0.0001136118939	0.0001492182361	0.0001477251181	0.0001900611927	0.0001875729452
	0.0002332276768	0.0002299032575	0.0002724705541	0.0002687116453	0.0003005766194
	0.0002967325219	0.0003122583135	0.0003084058261	0.0003063689313	0.0003023384977
	0.0002859274833	0.0002815219746	0.0002560690308	0.0002513336563	0.0002214855313
	0.0002168394744	0.0001853616676	0.0001813918032	0.0001499679807	0.0001470664025
	0.000117390358	0.0001155681752	8.943592292e-05	8.843038556e-05	6.709501758e-05
	6.658974176e-05	5.033713679e-05	5.009586948e-05	3.83971318e-05	3.82828967e-05
	3.021871883e-05	3.016322375e-05	2.477929698e-05	2.475118053e-05	2.123970622e-05
	2.122498342e-05	1.897362213e-05	1.896599154e-05	1.754041587e-05	1.753702224e-05
	2.582903435e-05	2.585556882e-05	2.713221182e-05	2.714659828e-05	2.923369174e-05
	2.922860366e-05	3.254933926e-05	3.252357725e-05	3.765013779e-05	3.76122095e-05
	4.526520472e-05	4.524253543e-05	5.624574185e-05	5.627647189e-05	7.150909382e-05
	7.15859454e-05	9.19881586e-05	9.196940654e-05	0.0001185260103	0.000118092889
	0.0001514832246	0.0001502412793	0.0001898240157	0.000187552966	0.0002300380248
	0.0002268930114	0.0002660691461	0.0002624968022	0.0002911229604	0.0002875312482
	0.0003005696319	0.0002970561102	0.0002939495776	0.0002902904654	0.0002746531284
	0.0002705443481	0.000247573593	0.0002429787284	0.000216678605	0.0002119806194
	0.0001843477481	0.0001801547482	0.0001522263228	0.0001490060861	0.0001220822158
	0.000119937052	9.571889018e-05	9.444627521e-05	7.431890925e-05	7.361901773e-05
	5.808325947e-05	5.770972903e-05	4.642574751e-05	4.622425358e-05	3.840095472e-05
	3.82882564e-05	3.304746807e-05	3.298182012e-05	2.955825422e-05	2.951910655e-05
	2.732354532e-05	2.730060005e-05	2.591061211e-05	2.589892561e-05	3.809464501e-05
	3.817290634e-05	3.917485297e-05	3.922748004e-05	4.102811351e-05	4.103382992e-05
	4.407382146e-05	4.402165785e-05	4.888468812e-05	4.877463505e-05	5.61844162e-05
	5.604930376e-05	6.677983392e-05	6.670607995e-05	8.14620176e-05	8.15377509e-05
	0.0001009781458	0.0001011353723	0.0001260118838	0.0001259225729	0.0001568472643
	0.0001560464634	0.0001924607725	0.0001906586379	0.0002294586597	0.0002267825835
	0.0002620834871	0.0002589949308	0.0002840890654	0.0002810263424	0.0002915570358
	0.0002886194908	0.0002846204318	0.0002815331615	0.0002668025245	0.0002631876959
	0.0002425625087	0.0002383154591	0.000215167481	0.0002106163478	0.0001863606262
	0.0001820943184	0.0001573441083	0.0001538718798	0.0001296500133	0.0001271631578
	0.0001050415459	0.0001034258293	8.480540287e-05	8.381289228e-05	6.930420232e-05
	6.870305694e-05	5.810041806e-05	5.773009272e-05	5.035720901e-05	5.012204873e-05
	4.518338805e-05	4.503014305e-05	4.181417257e-05	4.171364216e-05	3.966387099e-05
	3.959974966e-05	3.831122361e-05	3.827556978e-05	5.563059357e-05	5.583672211e-05
	5.619662685e-05	5.635595359e-05	5.750142069e-05	5.756278985e-05	5.998973473e-05
	5.992145964e-05	6.426406034e-05	6.404226689e-05	7.10886543e-05	7.072772424e-05
	8.128959093e-05	8.090779496e-05	9.553669264e-05	9.538110926e-05	0.0001142531847
	0.000114473198	0.000137814546	0.0001381373105	0.0001664104651	0.0001662586494
	0.0001990938503	0.0001980535653	0.0002326765092	0.0002308129159	0.000261818996
	0.0002595754856	0.0002809376477	0.0002787482304	0.0002868280544	0.0002847738022
	0.0002800443182	0.0002778094482	0.0002639755495	0.0002611320908	0.0002424933234
	0.0002388755654	0.0002182109153	0.00021406949	0.0001924311527	0.0001882889076
	0.0001661446702	0.0001625082547	0.0001407883667	0.0001379279803	0.0001180755461
	0.0001159950606	9.929003661e-05	9.783948854e-05	8.484523753e-05	8.384495472e-05
	7.438770049e-05	7.369216567e-05	6.716923858e-05	6.667897951e-05	6.237167496e-05
	6.202375455e-05	5.928134053e-05	5.903678782e-05	5.734450323e-05	5.717888095e-05
	5.615388376e-05	5.605595941e-05	7.974805228e-05	8.023707109e-05	7.923854701e-05
	7.965352877e-05	7.943225162e-05	7.966510152e-05	8.084035426e-05	8.08234721e-05
	8.413904688e-05	8.380474555e-05	9.019378529e-05	8.950341386e-05	9.995354236e-05
	9.899576741e-05	0.0001140806424	0.0001132429366	0.000132526152	0.0001323982699
	0.0001549442755	0.0001555759649	0.0001813078956	0.0001819824221	0.0002109289474
	0.00021097569	0.0002410193897	0.0002403669288	0.0002667985756	0.0002658310267
	0.0002834159751	0.000282528317	0.0002883000578	0.0002875392251	0.0002821788162
	0.0002811974236	0.0002680318319	0.0002663684358	0.000249005699	0.0002464336992
	0.000227119204	0.0002237776856	0.000203471156	0.0001997513049	0.0001791648212
	0.0001755068185	0.0001557849111	0.0001525194732	0.0001350289018	0.0001323134506
	0.0001180455495	0.0001158860538	0.0001051297577	0.0001034511625	9.589972652e-05
	9.460712662e-05	8.964700969e-05	8.86572018e-05	8.561300143e-05	8.486292928e-05
	8.313545639e-05	8.257963358e-05	8.169618102e-05	8.130189329e-05	8.089861811e-05
	8.065421095e-05	0.0001113719347	0.0001124189245	0.0001088438758	0.0001097899335
	0.0001070123852	0.0001076521279	0.000106515545	0.0001067288463	0.0001081547887
	0.0001078106966	0.0001129521793	0.0001119254415	0.0001220761078	0.0001203463382
	0.0001364068312	0.0001343447913	0.0001555703775	0.0001542528892	0.0001778803858
	0.0001782634189	0.0002024695072	0.0002039591866	0.0002291435293	0.000230583567
	0.000255920351	0.0002569180996	0.0002787780683	0.0002795863435	0.0002936029692
	0.0002945464617	0.0002982687799	0.0002993496814	0.0002933653874	0.0002942136555
	0.0002811685026	0.0002813061385	0.000263937624	0.0002630750441	0.0002431432952
	0.0002412526482	0.0002200096644	0.0002172378221	0.0001962860214	0.0001929036262
	0.0001741107004	0.0001704873118	0.0001552166815	0.0001517072903	0.0001404172972
	0.000137247542	0.0001296574343	0.0001269199284	0.0001223725093	0.000120075481
	0.0001178087052	0.0001159241583	0.0001152238534	0.0001137145703	0.0001139858287
	0.0001128152614	0.0001136008742	0.0001127361085	0.0001136633648	0.0001131052414
	0.0001504939249	0.0001525145771	0.0001446044726	0.0001465083803	0.0001394994024
	0.0001409319541	0.0001360093961	0.0001367851567	0.0001350966059	0.0001350105725
	0.0001379596457	0.0001367816868	0.0001460222885	0.0001435672476	0.0001605760156
	0.0001570005115	0.000181487507	0.0001779918229	0.0002057147963	0.0002045540885
	0.000230120146	0.0002318561618	0.0002546628751	0.0002576083134	0.0002788312024
	0.0002818817375	0.0002997279924	0.0003028394138	0.0003139292112	0.000317314956
	0.0003194703004	0.0003230852328	0.0003164345662	0.0003199065574	0.0003060418197
	0.0003089140021	0.0002893889156	0.0002913236398	0.0002673949028	0.0002680965359
	0.0002420002351	0.0002411469029	0.0002165615505	0.0002140941404	0.0001943058672
	0.0001906275787	0.0001769124985	0.0001726273478	0.0001645604853	0.0001601700939
	0.0001566117039	0.0001524356306	0.000152158236	0.0001483711704	0.0001502872997
	0.0001469766017	0.0001501920347	0.0001473973334	0.0001512125382	0.0001489457293
	0.0001528371118	0.0001510937689	0.0001545947829	0.0001534254969	0.0001955732278
	0.0001990787816	0.0001847812667	0.0001881811033	0.0001750425469	0.0001777772562
	0.0001674219173	0.0001692352139	0.0001630330109	0.0001636486523	0.0001632124819
	0.000162301629	0.0001695919109	0.0001667973057	0.0001839132845	0.0001790698963
	0.0002068555927	0.0002007761468	0.0002352910977	0.0002309187366	0.0002628926923
	0.0002632559974	0.0002876701203	0.0002916204155	0.0003109315575	0.000316182375
	0.0003316065843	0.0003374236254	0.0003469953507	0.000353383711	0.0003549778808
	0.0003618557416	0.0003547145578	0.0003617633599	0.0003458815072	0.0003527721741
	0.0003278405041	0.000334263097	0.000300881487	0.0003060454506	0.0002689513312
	0.0002716020311	0.0002386099194	0.0002381794972	0.0002144871491	0.0002114846781
	0.0001977891606	0.0001931354121	0.0001877437413	0.0001822470278	0.0001829763433
	0.0001772134775	0.0001821267697	0.0001764860292	0.0001840190688	0.0001787647498
	0.0001876810906	0.0001829978059	0.0001923318777	0.0001883470234	0.0001973563583
	0.0001941550445	0.0002021020062	0.0001998651052	0.0002431283763	0.0002485679742
	0.0002261948308	0.0002315995203	0.0002108033909	0.0002153616696	0.0001982410155
	0.0002016219911	0.0001897123021	0.0001915791199	0.0001866064666	0.0001865564205
	0.000190655216	0.0001881956489	0.0002039437465	0.0001986025767	0.0002281462832
	0.0002200850061	0.0002616738049	0.0002533119978	0.0002968111148	0.0002932700368
	0.0003266317775	0.000329813546	0.000352369172	0.0003592594008	0.0003756263335
	0.0003841016181	0.0003948489829	0.0004044230929	0.0004075587223	0.0004181142537
	0.0004115581206	0.0004229456295	0.0004042281041	0.0004165115937	0.0003819296457
	0.0003950528161	0.0003442560513	0.000356355128	0.0003001072714	0.0003081989107
	0.0002612321709	0.0002642626467	0.0002331268801	0.0002319134731	0.0002157985994
	0.0002116432274	0.0002072791306	0.0002012917455	0.0002054187711	0.0001984153013
	0.0002083923148	0.0002009689971	0.0002147259439	0.0002073420705	0.0002232211729
	0.0002162500353	0.0002328916441	0.0002266414072	0.0002429139784	0.000237639534
	0.0002522824058	0.0002484202532	0.0002878049483	0.0002953101418	0.000264516757
	0.0002721813315	0.000243357942	0.0002500880347	0.0002257782601	0.0002311559541
	0.0002130017834	0.0002166338589	0.0002063881752	0.0002078225649	0.0002076594991
	0.0002063211796	0.0002190754452	0.0002142740621	0.0002431258287	0.0002344104338
	0.0002804599091	0.0002689989806	0.0003254694958	0.00031620839	0.0003669376051
	0.0003659969615	0.0004009234508	0.000407527217	0.0004308769553	0.000441116066
	0.0004574278709	0.0004695956341	0.0004779654701	0.0004917559217	0.0004885950934
	0.000504161489	0.0004832226614	0.0005015537141	0.000452378435	0.0004741367832
	0.0003959453771	0.0004167797584	0.0003338093479	0.0003485631422	0.0002834305182
	0.0002910600289	0.0002493995323	0.000251121423	0.0002298455599	0.0002273004504
	0.0002215209462	0.000216070708	0.0002215524243	0.0002141966503	0.0002277189492
	0.0002192025879	0.0002383069401	0.0002292336311	0.0002519253532	0.0002428291017
	0.0002673797964	0.0002587546445	0.0002835883368	0.0002759022382	0.000299040302
	0.0002931029967	0.0003232080584	0.0003324127981	0.0002949652819	0.0003046787511
	0.0002692248881	0.00027810053	0.0002475463983	0.0002550646121	0.000231147587
	0.0002368494549	0.000221331414	0.0002247231912	0.000219751517	0.0002202158396
	0.000228694673	0.0002254228121	0.0002511352857	0.0002432518261	0.0002896545145
	0.0002770726613	0.0003427211844	0.0003283764071	0.000400351969	0.0003917473481
	0.0004506026322	0.000452974533	0.0004930194284	0.0005030292718	0.000530887816
	0.0005444007076	0.0005625876057	0.0005783176681	0.0005825399627	0.0006007933217
	0.0005789700228	0.0006023025269	0.0005308525038	0.0005597891271	0.0004477634365
	0.0004747279586	0.0003661298985	0.000386411345	0.0003037878079	0.000316152907
	0.0002628361807	0.0002681987901	0.0002397124377	0.000239724575	0.0002301213103
	0.0002262794909	0.0002305893968	0.0002240104286	0.0002385910289	0.0002300985465
	0.000252268552	0.0002425270823	0.0002701412971	0.0002597567859	0.0002909019505
	0.0002804763574	0.0003132732174	0.0003034390002	0.000335226699	0.000327180592
	0.0003435015691	0.0003535009965	0.0003132382075	0.0003242288073	0.0002853486249
	0.0002958398111	0.0002614559497	0.000270826315	0.0002427936091	0.0002505059962
	0.0002306406259	0.0002361519686	0.0002265868114	0.0002292535179	0.000232858617
	0.0002318273763	0.00025259301	0.0002467671009	0.0002895316727	0.0002779410228
	0.0003458147505	0.0003291141962	0.0004173347295	0.0004004253703	0.0004906705036
	0.000482745407	0.000554167053	0.0005593442189	0.0006080566792	0.0006212950724
	0.0006529014227	0.0006691452475	0.0006806264818	0.0006960764567	0.0006612054645
	0.0006700409414	0.0005809552723	0.0005957906056	0.0004820615762	0.000503929851
	0.000390604261	0.0004121021447	0.0003199981357	0.0003358179862	0.0002727374599
	0.0002816743083	0.0002454271199	0.0002484371994	0.0002334371059	0.0002319295838
	0.0002329154541	0.000228049979	0.000241110512	0.0002337416507	0.0002560804779
	0.0002468731585	0.0002763365639	0.0002658839555	0.000300569123	0.0002894741362
	0.0003274354977	0.0003163773632	0.0003545529853	0.0003449815615	0.0003449815676
	0.0003545529447	0.0003163773117	0.0003274354249	0.0002894740477	0.0003005690275
	0.0002658838421	0.000276336445	0.0002468730307	0.000256080341	0.0002337415147
	0.0002411103634	0.0002280498366	0.0002329153017	0.0002319294344	0.0002334369533
	0.0002484370494	0.0002454269649	0.0002816741765	0.0002727373057	0.0003358177447
	0.0003199979542	0.0004121017065	0.0003906039722	0.0005039293083	0.0004820611844
	0.0005957903732	0.0005809549605	0.0006700419941	0.0006612050132	0.0006960781065
	0.0006806256778	0.000669145196	0.0006529005987	0.0006212950104	0.0006080567573
	0.0005593444399	0.000554167466	0.0004827458466	0.0004906710352	0.0004004257619
	0.000417335213	0.0003291144416	0.0003458150451	0.0002779411541	0.0002895317976
	0.0002467672196	0.0002525931322	0.0002318274935	0.0002328587498	0.0002292536357
	0.0002265869417	0.0002361520858	0.0002306407517	0.0002505061076	0.0002427937294
	0.0002708264144	0.0002614560591	0.0002958398939	0.000285348713	0.0003242288737
	0.0003132382598	0.0003535010397	0.0003435015662	0.0003271805926	0.0003352266773
	0.0003034389525	0.0003132731553	0.0002804762808	0.0002909018625	0.0002597566872
	0.0002701411814	0.0002425269689	0.0002522684137	0.0002300984232	0.0002385908729
	0.0002240102989	0.0002305892297	0.0002262793556	0.0002301211363	0.0002397244342
	0.0002397122526	0.000268198661	0.0002628359803	0.0003161527565	0.0003037876114
	0.0003864110472	0.0003661297145	0.000474727748	0.0004477632465	0.0005597895693
	0.0005308522393	0.0006023032079	0.0005789697029	0.0006007931016	0.0005825398303
	0.0005783172021	0.0005625877017	0.0005444006589	0.0005308880709	0.0005030293836
	0.0004930196102	0.0004529747587	0.0004506029433	0.0003917476902	0.0004003524423
	0.0003283767118	0.0003427215407	0.0002770728298	0.0002896546795	0.0002432519346
	0.0002511353775	0.000225422911	0.0002286947712	0.0002202159327	0.0002197516146
	0.0002247232797	0.0002213315076	0.0002368495368	0.0002311476759	0.0002550646839
	0.0002475464794	0.0002781005893	0.0002692249545	0.0003046787983	0.0002949653222
	0.0003324128299	0.0003232080587	0.0002931029838	0.0002990402947	0.0002759021855
	0.0002835882906	0.0002587545667	0.0002673797252	0.0002428290017	0.0002519252523
	0.0002292335144	0.000238306814	0.0002192024598	0.0002277188024	0.0002141965174
	0.0002215522628	0.0002160705765	0.0002215207751	0.000227300319	0.0002298453724
	0.0002511212907	0.0002493993079	0.0002910599131	0.0002834302835	0.0003485630774
	0.0003338092218	0.0004167800851	0.000395945358	0.0004741374506	0.0004523783072
	0.000501553719	0.0004832226167	0.0005041608789	0.0004885953653	0.0004917556873
	0.0004779659326	0.0004695957699	0.000457428158	0.0004411160918	0.0004308769811
	0.0004075271551	0.0004009235562	0.0003659971169	0.0003669379663	0.0003162086976
	0.0003254698683	0.0002689992168	0.0002804601237	0.0002344105466	0.0002431259132
	0.0002142741504	0.0002190755159	0.0002063212576	0.0002076595691	0.0002078226347
	0.0002063882415	0.0002166339205	0.0002130018452	0.0002311560055	0.0002257783153
	0.0002500880755	0.0002433579871	0.0002721813606	0.0002645167866	0.0002953101587
	0.0002878049595	0.0002484202383	0.0002522824034	0.0002376394869	0.0002429139462
	0.0002266413335	0.0002328915886	0.0002162499348	0.0002232210869	0.0002073419472
	0.0002147258303	0.0002009688575	0.0002083921785	0.0001984151547	0.0002054186194
	0.0002012916014	0.0002072789701	0.000211643081	0.0002157984225	0.0002319132972
	0.0002331266548	0.0002642624513	0.0002612319259	0.0003081988625	0.0003001071994
	0.0003563554793	0.000344256147	0.0003950531722	0.0003819296489	0.0004165113934
	0.0004042282771	0.0004229453624	0.0004115586281	0.0004181144135	0.0004075591757
	0.0004044233668	0.000394849049	0.0003841015864	0.0003756261236	0.0003592591663
	0.0003523690581	0.0003298135176	0.0003266319609	0.0002932702813	0.000296811401
	0.0002533122514	0.0002616740068	0.0002200851124	0.0002281463633	0.0001986026421
	0.0002039437971	0.0001881957061	0.0001906552675	0.0001865564721	0.0001866065163
	0.0001915791653	0.0001897123479	0.0002016220285	0.0001982410553	0.0002153616987
	0.0002108034233	0.0002315995374	0.0002261948567	0.0002485679724	0.0002431283984
	0.000199865096	0.0002021020041	0.0001941550112	0.0001973563335	0.0001883469667
	0.0001923318319	0.0001829977254	0.0001876810207	0.0001787646488	0.0001840189778
	0.0001764859138	0.0001821266629	0.0001772133544	0.000182976226	0.0001822469019
	0.0001877436162	0.0001931352737	0.0001977890149	0.0002114844879	0.0002144869475
	0.0002381792529	0.0002386096969	0.000271601905	0.00026895133	0.0003060455521
	0.0003008817494	0.000334263145	0.0003278407986	0.0003527721005	0.0003458818871
	0.0003617634968	0.000354714943	0.0003618560949	0.0003549779588	0.0003533839122
	0.0003469950853	0.0003374234504	0.0003316061987	0.0003161820054	0.0003109313152
	0.0002916202337	0.0002876701721	0.0002632561092	0.0002628928758	0.0002309189331
	0.0002352912474	0.0002007762347	0.0002068556637	0.0001790699386	0.0001839133237
	0.0001667973459	0.0001695919527	0.0001623016679	0.0001632125232	0.0001636486875
	0.000163033049	0.000169235243	0.00016742195	0.0001777772781	0.0001750425739
	0.0001881811148	0.0001847812908	0.0001990787697	0.0001955732474	0.0001534254889
	0.0001545947796	0.0001510937445	0.0001528370931	0.0001489456913	0.0001512125065
	0.0001473972837	0.0001501919922	0.0001469765433	0.0001502872496	0.0001483711054
	0.0001521581808	0.0001524355579	0.0001566116425	0.0001601700113	0.0001645604127
	0.0001726272488	0.0001769123996	0.0001906274347	0.000194305708	0.0002140939348
	0.0002165613648	0.0002411467493	0.0002420002927	0.0002680965093	0.0002673953081
	0.0002913236848	0.000289389427	0.0003089141872	0.0003060421934	0.0003199069163
	0.0003164346002	0.000323085529	0.0003194699595	0.0003173149656	0.0003139287365
	0.0003028391189	0.0002997276152	0.000281881327	0.0002788310171	0.0002576080706
	0.0002546629151	0.0002318561638	0.0002301202915	0.0002045542126	0.0002057149223
	0.0001779919075	0.0001814875841	0.0001570005572	0.0001605760642	0.0001435672921
	0.0001460223348	0.0001367817292	0.000137959689	0.0001350106099	0.000135096645
	0.0001367851866	0.0001360094294	0.0001409319752	0.0001394994299	0.0001465083921
	0.0001446044961	0.0001525145661	0.0001504939382	0.0001131052355	0.0001136633632
	0.0001127360962	0.0001136008672	0.000112815246	0.0001139858187	0.0001137145527
	0.0001152238421	0.0001159241379	0.0001178086926	0.0001200754547	0.0001223724934
	0.0001269198912	0.0001296574097	0.0001372474938	0.000140417259	0.0001517072383
	0.0001552166228	0.0001704872378	0.0001741105901	0.0001929034857	0.0001962858923
	0.000217237657	0.0002200097539	0.000241252579	0.0002431437243	0.0002630751877
	0.0002639381306	0.0002813065035	0.0002811686828	0.0002942140249	0.0002933650689
	0.0002993498106	0.0002982681931	0.0002945463536	0.0002936024967	0.0002795860961
	0.0002787778614	0.0002569178007	0.0002559203489	0.000230583353	0.0002291436355
	0.0002039591393	0.0002024696539	0.0001782634946	0.0001778805107	0.0001542529834
	0.0001555704646	0.0001343448582	0.0001364068956	0.0001203463947	0.0001220761625
	0.0001119254884	0.000112952225	0.0001078107343	0.0001081548269	0.0001067288741
	0.0001065155761	0.0001076521462	0.00010701241	0.0001097899441	0.000108843895
	0.0001124189182	0.0001113719413	8.065420893e-05	8.089861863e-05	8.130189148e-05
	8.169618214e-05	8.257963262e-05	8.313545854e-05	8.486292731e-05	8.56130035e-05
	8.86571963e-05	8.964700985e-05	9.460711405e-05	9.589972145e-05	0.0001034511421
	0.0001051297447	0.0001158860341	0.0001180455313	0.000132313445	0.0001350288793
	0.0001525194618	0.0001557848615	0.0001755067279	0.0001791647623	0.000199751117
	0.0002034712477	0.0002237775789	0.0002271195573	0.0002464338886	0.0002490060591
	0.0002663688333	0.0002680317754	0.0002811976862	0.0002821782757	0.0002875392261
	0.0002882994387	0.0002825282286	0.0002834156622	0.0002658309319	0.0002667985854
	0.0002403667813	0.0002410195515	0.0002109755256	0.0002109291103	0.0001819823557
	0.0001813080374	0.0001555760122	0.0001549443869	0.0001323983634	0.0001325262258
	0.0001132430143	0.0001140807007	9.899582294e-05	9.995359172e-05	8.950345241e-05
	9.019382299e-05	8.380477272e-05	8.413907532e-05	8.082349008e-05	8.084037551e-05
	7.966511256e-05	7.94322674e-05	7.965353514e-05	7.923855815e-05	8.02370691e-05
	7.974805322e-05	5.605595937e-05	5.615388458e-05	5.717888206e-05	5.734450549e-05
	5.903678889e-05	5.928134308e-05	6.202375376e-05	6.237167627e-05	6.667897558e-05
	6.716923744e-05	7.369215848e-05	7.438769585e-05	8.384494904e-05	8.484523207e-05
	9.783949499e-05	9.92900373e-05	0.0001159950864	0.0001180755539	0.0001379279982
	0.0001407883616	0.0001625081754	0.0001661446492	0.0001882886985	0.0001924312201
	0.0002140693593	0.0002182111588	0.0002388757438	0.000242493511	0.0002611324247
	0.000263975315	0.0002778095908	0.0002800437092	0.0002847737654	0.0002868275517
	0.000278748231	0.0002809375416	0.0002595755136	0.0002618191617	0.0002308128584
	0.000232676744	0.0001980534292	0.0001990940254	0.0001662585697	0.0001664105872
	0.0001381373373	0.00013781463	0.0001144732784	0.0001142532285	9.53811817e-05
	9.553672625e-05	8.090783993e-05	8.128962294e-05	7.072774937e-05	7.108867838e-05
	6.40422816e-05	6.426407668e-05	5.992146793e-05	5.998974534e-05	5.756279455e-05
	5.750142765e-05	5.635595602e-05	5.619663129e-05	5.583672246e-05	5.563059182e-05
	3.827557e-05	3.831122398e-05	3.959975003e-05	3.966387188e-05	4.171364167e-05
	4.181417273e-05	4.503014128e-05	4.518338699e-05	5.012204606e-05	5.035720671e-05
	5.773009157e-05	5.810041596e-05	6.870306315e-05	6.930420502e-05	8.38129123e-05
	8.480541535e-05	0.0001034258624	0.000105041566	0.0001271631718	0.0001296500224
	0.0001538717895	0.0001573440949	0.0001820941042	0.0001863606626	0.0002106162155
	0.0002151676287	0.0002383156029	0.0002425625613	0.0002631879375	0.0002668021962
	0.0002815332207	0.0002846198613	0.0002886194736	0.0002915567107	0.0002810264128
	0.0002840891324	0.0002589950222	0.0002620837187	0.0002267825667	0.0002294588924
	0.0001906585092	0.0001924609285	0.0001560463712	0.0001568473629	0.0001259225831
	0.0001260119417	0.0001011354368	0.0001009781643	8.153781169e-05	8.146202989e-05
	6.670611518e-05	6.677985053e-05	5.604931987e-05	5.618442998e-05	4.877464209e-05
	4.88846966e-05	4.402166058e-05	4.407382555e-05	4.103383112e-05	4.102811527e-05
	3.922748025e-05	3.917485377e-05	3.817290732e-05	3.809464277e-05	2.589892566e-05
	2.591061217e-05	2.730059972e-05	2.732354527e-05	2.951910548e-05	2.955825327e-05
	3.298181873e-05	3.304746655e-05	3.828825577e-05	3.840095327e-05	4.622425654e-05
	4.642574832e-05	5.770973937e-05	5.808326573e-05	7.361903811e-05	7.431892345e-05
	9.444630163e-05	9.571890987e-05	0.0001199370516	0.0001220822247	0.0001490059868
	0.0001522263084	0.0001801545494	0.000184347763	0.0002119805038	0.0002166786874
	0.0002429788366	0.0002475735631	0.0002705445089	0.0002746527747	0.0002902904799
	0.0002939490984	0.0002970561025	0.0003005694893	0.0002875313342	0.0002911231363
	0.0002624969164	0.0002660693763	0.0002268930082	0.0002300382142	0.0001875528353
	0.0001898241409	0.0001502411769	0.0001514833034	0.0001180928849	0.0001185260472
	9.196945514e-05	9.198815898e-05	7.15859929e-05	7.150909205e-05	5.627649933e-05
	5.624574822e-05	4.524254761e-05	4.52652125e-05	3.76122138e-05	3.765014279e-05
	3.252357804e-05	3.25493412e-05	2.922860353e-05	2.923369199e-05	2.714659769e-05
	2.71322117e-05	2.585556957e-05	2.582903274e-05	1.753702218e-05	1.754041578e-05
	1.896599106e-05	1.897362177e-05	2.122498261e-05	2.123970532e-05	2.475118003e-05
	2.47792962e-05	3.016322466e-05	3.021871884e-05	3.828290087e-05	3.839713408e-05
	5.009587876e-05	5.03371429e-05	6.658975743e-05	6.7095029e-05	8.843040266e-05
	8.943593747e-05	0.0001155681628	0.0001173903624	0.0001470663043	0.0001499679655
	0.0001813916333	0.0001853616732	0.0002168393813	0.000221485579	0.0002513337314
	0.0002560689635	0.0002815220764	0.0002859271374	0.0003023384762	0.0003063685605
	0.0003084057757	0.0003122583338	0.000296732585	0.000300576865	0.0002687117659
	0.0002724707657	0.0002299032611	0.0002332278068	0.0001875728187	0.0001900612806
	0.0001477250151	0.0001492182985	0.000113611884	0.0001142813488	8.61141245e-05
	8.629862137e-05	6.486106836e-05	6.48563565e-05	4.903188675e-05	4.899887025e-05
	3.767378556e-05	3.766157522e-05	2.981416385e-05	2.981904171e-05	2.454707507e-05
	2.455527e-05	2.110799385e-05	2.111159617e-05	1.890749057e-05	1.890451766e-05
	1.752050197e-05	1.751264731e-05	1.201881355e-05	1.201965547e-05	1.345665847e-05
	1.345902442e-05	1.573090991e-05	1.57363569e-05	1.928491196e-05	1.929720741e-05
	2.47503308e-05	2.477877916e-05	3.297653249e-05	3.30439822e-05	4.500669563e-05
	4.516676159e-05	6.194063912e-05	6.230802215e-05	8.463499824e-05	8.542065443e-05
	0.0001132949227	0.000114805052	0.0001471980107	0.0001497287834	0.0001848007394
	0.0001884276968	0.0002240209077	0.0002284545867	0.0002620582872	0.0002667711831
	0.0002946852284	0.0002992443701	0.0003162193896	0.0003204688306	0.0003212930255
	0.0003253004155	0.0003073701229	0.0003112498557	0.0002764902768	0.0002802006209
	0.0002347438179	0.0002380125399	0.0001896993851	0.0001921964695	0.0001475084093
	0.0001490920119	0.0001115243612	0.0001123271917	8.267917158e-05	8.298502036e-05
	6.055871592e-05	6.063096618e-05	4.422188894e-05	4.422005422e-05	3.258078579e-05
	3.257052654e-05	2.455956549e-05	2.455588667e-05	1.919231057e-05	1.919303026e-05
	1.568556751e-05	1.568669131e-05	1.343628274e-05	1.343590663e-05	1.201321063e-05
	1.201128714e-05	8.443762077e-06	8.443923652e-06	9.884307875e-06	9.884981893e-06
	1.216431585e-05	1.216630217e-05	1.573083304e-05	1.57363206e-05	2.122433734e-05
	2.123935429e-05	2.951537732e-05	2.955601057e-05	4.169638443e-05	4.18028849e-05
	5.897225162e-05	5.923558497e-05	8.239274237e-05	8.298995993e-05	0.0001124420852
	0.0001136497995	0.0001486586207	0.0001507818194	0.0001895197696	0.0001927103306
	0.0002325234703	0.0002366137598	0.0002740270033	0.0002785861106	0.0003088224502
	0.0003134271435	0.0003307662956	0.0003351067297	0.0003346256546	0.0003386474838
	0.0003184445519	0.0003221974256	0.0002849097825	0.0002883966586	0.0002405395472
	0.0002435724228	0.0001930901595	0.0001954320886	0.0001487762319	0.0001503208671
	0.0001110447577	0.0001118937526	8.091224402e-05	8.129242486e-05	5.796011861e-05
	5.809309362e-05	4.114818129e-05	4.118085694e-05	2.926006952e-05	2.926324735e-05
	2.111626865e-05	2.111482593e-05	1.568721041e-05	1.568660732e-05	1.214700641e-05
	1.214707079e-05	9.877853515e-06	9.877822757e-06	8.442139651e-06	8.441795359e-06
	6.160789684e-06	6.160797709e-06	7.602116903e-06	7.602276763e-06	9.884305801e-06
	9.884981797e-06	1.345662129e-05	1.345901149e-05	1.896566463e-05	1.8973474e-05
	2.729851548e-05	2.732245311e-05	3.958933469e-05	3.96578222e-05	5.713779866e-05
	5.731842475e-05	8.117779566e-05	8.160953292e-05	0.0001124758425	0.000113392382
	0.0001508565785	0.0001525499094	0.0001948493706	0.0001975319938	0.0002415193621
	0.0002451542641	0.0002863003244	0.0002905906341	0.0003229712686	0.0003274972545
	0.0003450639993	0.0003493735595	0.0003475695367	0.0003514851095	0.0003292036087
	0.0003327043684	0.0002932699348	0.0002964052796	0.0002466141593	0.0002492783114
	0.0001970842578	0.000199147018	0.000150890113	0.0001522946389	0.0001115645305
	0.0001123880193	8.023228136e-05	8.064462294e-05	5.650249157e-05	5.66757665e-05
	3.925414309e-05	3.931483255e-05	2.714941292e-05	2.716671984e-05	1.890757985e-05
	1.891134373e-05	1.343632739e-05	1.343687243e-05	9.877856618e-06	9.877917286e-06
	7.600297167e-06	7.600299366e-06	6.160434045e-06	6.160399739e-06	4.719275733e-06
	4.719275814e-06	6.160789735e-06	6.160797793e-06	8.443762256e-06	8.443923937e-06
	1.201880602e-05	1.201965468e-05	1.75369202e-05	1.754038656e-05	2.58981497e-05
	2.591032893e-05	3.82713371e-05	3.830945133e-05	5.603842459e-05	5.614571087e-05
	8.059962124e-05	8.087036647e-05	0.0001129885293	0.0001135941554	0.0001533195229
	0.0001545024872	0.0002001993924	0.0002021911366	0.0002502773288	0.000253154389
	0.000298025879	0.000301670861	0.0003362882403	0.0003402843607	0.0003583189777
	0.0003621608374	0.0003594328425	0.0003628510278	0.0003390415013	0.000341961391
	0.0003010101637	0.0003035206896	0.0002524241566	0.0002544866331	0.0002011495021
	0.0002027374256	0.0001533438675	0.0001544547875	0.0001126136855	0.0001133034577
	8.020293992e-05	8.058121928e-05	5.576983853e-05	5.594811574e-05	3.813034781e-05
	3.820313983e-05	2.583661761e-05	2.586242552e-05	1.751394539e-05	1.752177294e-05
	1.201145549e-05	1.201339354e-05	8.441809754e-06	8.442157779e-06	6.160400151e-06
	6.160434965e-06	4.719235957e-06	4.71923593e-06	
