2048	
	4.719243871e-06	4.719243771e-06	6.160495007e-06	6.160466005e-06	8.442428554e-06
	8.442136983e-06	1.201433311e-05	1.201268749e-05	1.752452725e-05	1.751780551e-05
	2.586945428e-05	2.584705204e-05	3.821879709e-05	3.815489336e-05	5.597831858e-05
	5.58198307e-05	8.063198114e-05	8.029046069e-05	0.0001133803376	0.0001127481879
	0.0001545534033	0.0001535221883	0.0002028489985	0.0002013538062	0.000254606313
	0.000252640732	0.0003036532719	0.0003012426627	0.0003421461922	0.0003393260579
	0.0003631182211	0.0003598202739	0.0003625224203	0.0003588356617	0.0003407086789
	0.0003369119716	0.0003020582807	0.0002986597116	0.0002534903927	0.0002508223716
	0.0002024376979	0.0002006120475	0.0001546515723	0.0001535786296	0.0001136697845
	0.0001131252401	8.090334554e-05	8.066158471e-05	5.615833915e-05	5.606308458e-05
	3.83137494e-05	3.828008973e-05	2.59116266e-05	2.590093372e-05	1.754072581e-05
	1.753770524e-05	1.20197263e-05	1.201899502e-05	8.443933473e-06	8.443797291e-06
	6.160797933e-06	6.160792304e-06	4.719275996e-06	4.719276067e-06	6.160465268e-06
	6.160494349e-06	7.600605068e-06	7.600603551e-06	9.879001995e-06	9.878947316e-06
	1.344024295e-05	1.343977748e-05	1.892072371e-05	1.891751973e-05	2.719011203e-05
	2.717524335e-05	3.936664513e-05	3.931388795e-05	5.6776327e-05	5.662365316e-05
	8.081389691e-05	8.044483115e-05	0.0001126348353	0.0001118858289	0.0001526052378
	0.000151308768	0.0001994973714	0.0001975631749	0.0002496616149	0.0002471280942
	0.0002968490809	0.0002938357116	0.0003332843496	0.0003298911297	0.0003522793419
	0.0003484710284	0.0003504231879	0.0003462369268	0.0003287386495	0.0003243764503
	0.0002918350965	0.0002877527172	0.0002462371376	0.0002428167419	0.0001983183977
	0.0001958292132	0.0001530268965	0.0001514759513	0.0001136378171	0.0001128073696
	8.171897386e-05	8.133106918e-05	5.736160999e-05	5.720037433e-05	3.967314369e-05
	3.961233587e-05	2.732737985e-05	2.730623269e-05	1.897490709e-05	1.896804472e-05
	1.345938257e-05	1.345729559e-05	9.885063014e-06	9.884478143e-06	7.602288846e-06
	7.602153178e-06	6.160798061e-06	6.160792327e-06	8.442126039e-06	8.442414676e-06
	9.878921596e-06	9.878952527e-06	1.215000823e-05	1.214995701e-05	1.569417355e-05
	1.569469179e-05	2.113370311e-05	2.113500329e-05	2.930753806e-05	2.930509514e-05
	4.127571503e-05	4.124811914e-05	5.827391815e-05	5.815856509e-05	8.159358419e-05
	8.125679214e-05	0.0001123282599	0.0001115615399	0.0001508667208	0.0001494470145
	0.0001960514586	0.0001938617736	0.0002442569055	0.0002413766806	0.0002891964512
	0.0002858417101	0.0003232241346	0.0003195717161	0.0003400231725	0.0003360765785
	0.0003368925132	0.0003326203416	0.000315518855	0.0003110142369	0.0002807177409
	0.0002763033084	0.0002384740618	0.0002345706455	0.000194074491	0.0001910786138
	0.0001516239282	0.0001496602373	0.0001140931889	0.0001129903154	8.319322134e-05
	8.265320906e-05	5.931865272e-05	5.908229938e-05	4.183384517e-05	4.17387968e-05
	2.956675063e-05	2.953065727e-05	2.124288406e-05	2.122960394e-05	1.573743218e-05
	1.573260282e-05	1.216663166e-05	1.216489464e-05	9.885063378e-06	9.884480076e-06
	8.44393329e-06	8.443797211e-06	1.201255558e-05	1.20141896e-05	1.343944354e-05
	1.343977488e-05	1.569427233e-05	1.569333587e-05	1.920888495e-05	1.9208297e-05
	2.458977166e-05	2.459302551e-05	3.264265407e-05	3.265198618e-05	4.436602333e-05
	4.436919001e-05	6.090043281e-05	6.084044505e-05	8.34257931e-05	8.315902464e-05
	0.0001129570554	0.0001122375646	0.0001498827584	0.0001484326015	0.000193100068
	0.0001907697216	0.0002390206234	0.0002359182054	0.0002813839897	0.0002778090538
	0.0003127511748	0.0003089584394	0.0003272757597	0.0003233064661	0.0003229857662
	0.0003187464685	0.0003021621458	0.0002976288114	0.0002697482625	0.0002651139992
	0.0002310626093	0.0002267748554	0.0001903665973	0.0001869213761	0.000150952826
	0.0001485889625	0.0001154686098	0.0001140781052	8.573607161e-05	8.502071477e-05
	6.244317619e-05	6.21114399e-05	4.522060428e-05	4.507695441e-05	3.306456902e-05
	3.300432649e-05	2.478655842e-05	2.476125771e-05	1.930016045e-05	1.928927434e-05
	1.573746177e-05	1.573266554e-05	1.345939277e-05	1.345732549e-05	1.201972674e-05
	1.201900077e-05	1.75167722e-05	1.752351108e-05	1.891505693e-05	1.891762216e-05
	2.113119254e-05	2.112813964e-05	2.458946993e-05	2.458249285e-05	2.988008725e-05
	2.987599725e-05	3.777474811e-05	3.778577488e-05	4.920883399e-05	4.923951772e-05
	6.522532341e-05	6.523466698e-05	8.68864424e-05	8.673158817e-05	0.0001151112103
	0.0001145181632	0.0001502586006	0.0001488975383	0.0001912581729	0.0001889401474
	0.0002345751646	0.000231420493	0.0002740562953	0.0002704280568	0.0003025675759
	0.0002987904724	0.0003148307197	0.0003109758488	0.0003095845441	0.0003055047525
	0.0002896147259	0.0002851617432	0.0002598132855	0.0002550887741	0.0002247808263
	0.0002202292858	0.0001878516736	0.00018403663	0.000151582773	0.000148844295
	0.0001182983996	0.0001166052527	8.988872173e-05	8.896592172e-05	6.730188615e-05
	6.684248244e-05	5.042713463e-05	5.020927068e-05	3.843588971e-05	3.833328167e-05
	3.023574254e-05	3.018612548e-05	2.478698362e-05	2.476196053e-05	2.124316985e-05
	2.123013265e-05	1.897502535e-05	1.896830889e-05	1.754074858e-05	1.753778644e-05
	2.584091861e-05	2.586388332e-05	2.716122658e-05	2.717368925e-05	2.928335661e-05
	2.927900099e-05	3.262569556e-05	3.260348859e-05	3.776566887e-05	3.773288912e-05
	4.544638929e-05	4.542679542e-05	5.654223522e-05	5.657023642e-05	7.199331573e-05
	7.206624616e-05	9.273195042e-05	9.272760587e-05	0.0001195600673	0.0001191870174
	0.0001527762863	0.0001516540904	0.000191320568	0.0001892117927	0.0002317359182
	0.0002287532119	0.0002680686165	0.0002646133194	0.0002936066109	0.0002900554253
	0.0003037199654	0.0003001607983	0.0002978144062	0.0002940463841	0.0002790231937
	0.0002747991026	0.0002519828872	0.0002473306128	0.0002205803463	0.000215917426
	0.0001873517195	0.0001832734931	0.0001542379391	0.0001511647518	0.0001232667707
	0.0001212533189	9.634788612e-05	9.516949054e-05	7.463157557e-05	7.399023525e-05
	5.823511353e-05	5.789552851e-05	4.650055304e-05	4.63185034e-05	3.843908941e-05
	3.833779862e-05	3.306745683e-05	3.300873487e-05	2.956859095e-05	2.953373563e-05
	2.732826684e-05	2.730793811e-05	2.591185424e-05	2.590156343e-05	3.812558047e-05
	3.819385051e-05	3.924839089e-05	3.929432876e-05	4.114800733e-05	4.115305065e-05
	4.424416443e-05	4.419871691e-05	4.911307133e-05	4.901690609e-05	5.648935769e-05
	5.637049956e-05	6.720495194e-05	6.713869331e-05	8.208527211e-05	8.215293743e-05
	0.0001018883216	0.0001020391779	0.0001272550985	0.0001271981518	0.0001583980069
	0.0001576921747	0.0001942642705	0.0001926047122	0.0002315163211	0.0002289843037
	0.0002645028782	0.000261508591	0.0002870582502	0.000284002822	0.0002952519887
	0.0002922225287	0.0002890640379	0.0002858110698	0.0002717485634	0.0002679547296
	0.0002475207371	0.0002431478999	0.0002195838599	0.0002150010985	0.00018983571
	0.0001856310039	0.0001597634178	0.0001564086989	0.00013116033	0.0001287997255
	0.0001059112152	0.0001044001409	8.528574889e-05	8.43684863e-05	6.956888363e-05
	6.901844138e-05	5.824983611e-05	5.791319696e-05	5.044410159e-05	5.023157599e-05
	4.523450486e-05	4.509668771e-05	4.184320021e-05	4.175318736e-05	3.967812139e-05
	3.962095944e-05	3.831519962e-05	3.828357578e-05	5.570376975e-05	5.588497964e-05
	5.63673172e-05	5.650761589e-05	5.77709786e-05	5.782521614e-05	6.035448026e-05
	6.029449191e-05	6.471712983e-05	6.452131606e-05	7.162517157e-05	7.130490575e-05
	8.192475814e-05	8.15814664e-05	9.633831512e-05	9.618942883e-05	0.0001153386943
	0.0001155316664	0.0001392696657	0.0001395828386	0.0001682265503	0.0001681295579
	0.0002012154288	0.000200285886	0.0002351036449	0.0002333555835	0.0002646590484
	0.0002624781065	0.0002843728166	0.0002821507654	0.0002910154892	0.000288820277
	0.0002849742835	0.0002825180043	0.0002693745262	0.0002662896126	0.0002478730144
	0.0002440584103	0.0002230425187	0.0002187933419	0.0001963345388	0.0001921853157
	0.0001689971885	0.0001654325967	0.0001427060681	0.0001399561245	0.0001192961145
	0.0001173291469	0.0001000505531	9.869775181e-05	8.532173409e-05	8.439877195e-05
	7.469153879e-05	7.40550154e-05	6.736538849e-05	6.691958257e-05	6.249700642e-05
	6.218226925e-05	5.935703249e-05	5.913679758e-05	5.738335402e-05	5.723484504e-05
	5.61651264e-05	5.607773362e-05	7.990537203e-05	8.033865723e-05	7.959932077e-05
	7.996826327e-05	7.998788279e-05	8.019598715e-05	8.156749888e-05	8.155360073e-05
	8.500101675e-05	8.470333702e-05	9.114255935e-05	9.052450611e-05	0.0001009462374
	0.0001000818895	0.0001151366841	0.0001143612112	0.0001337925304	0.0001336385868
	0.0001566000146	0.0001571657891	0.0001833923102	0.0001840595167	0.0002133799876
	0.0002134906979	0.0002438219516	0.0002432459548	0.0002700474214	0.000269101758
	0.0002872751902	0.0002863077507	0.0002928977792	0.000291942487	0.0002874714205
	0.0002862100471	0.0002737322106	0.0002717605424	0.0002546539552	0.0002518043277
	0.0002322479546	0.0002287048463	0.0002077576674	0.000203938091	0.0001824994051
	0.0001788434348	0.0001582421258	0.0001550547104	0.0001367812063	0.0001341825372
	0.0001192783919	0.0001172439429	0.0001059960473	0.0001044335788	9.650919605e-05
	9.531703672e-05	9.007249113e-05	8.916615298e-05	8.590134011e-05	8.521856498e-05
	8.33171639e-05	8.281379388e-05	8.179234305e-05	8.143697051e-05	8.09271865e-05
	8.070797169e-05	0.00011167884	0.0001126139365	0.0001095350734	0.0001103848738
	0.0001080521489	0.0001086312291	0.0001078401744	0.0001080376241	0.0001096770412
	0.0001093712321	0.0001145617353	0.0001136358545	0.000123648688	0.000122078439
	0.0001378642218	0.0001359669941	0.0001570373836	0.0001557597833	0.0001796915911
	0.0001799568062	0.0002047966737	0.0002061844517	0.0002319179529	0.0002333516808
	0.0002590834391	0.0002601055327	0.0002823909178	0.000283170653	0.0002977981807
	0.0002986059763	0.0003031388213	0.0003039637467	0.0002988355725	0.0002993365768
	0.0002869521061	0.0002867015461	0.0002696318314	0.0002683875714	0.0002483922328
	0.0002461689093	0.0002246073566	0.0002215967158	0.0002001666183	0.0001966723989
	0.0001772897682	0.0001736783461	0.0001577567996	0.0001543472176	0.0001424072378
	0.0001393839887	0.0001311930701	0.000128617723	0.000123539342	0.0001214012319
	0.00011867401	0.0001169348589	0.000115837751	0.0001144549684	0.0001143861465
	0.0001133204706	0.0001138182699	0.000113035532	0.0001137295097	0.0001132270755
	0.000151036672	0.0001528556996	0.0001458024141	0.0001475308451	0.0001412586996
	0.0001425727581	0.0001381962892	0.0001389207701	0.0001375509874	0.0001374911491
	0.0001404968838	0.0001394352192	0.0001484318438	0.0001461923055	0.0001626576513
	0.0001593668481	0.0001832432893	0.0001799438925	0.0002075984706	0.0002063380121
	0.000232590021	0.0002340966718	0.000257696788	0.0002605247077	0.0002822845261
	0.0002852879921	0.0003035915454	0.0003066137166	0.0003182872786	0.0003214721349
	0.0003243743349	0.0003276613922	0.0003217791451	0.0003248235425	0.0003115469037
	0.0003139292638	0.0002947414526	0.0002961467618	0.000272435857	0.0002726004777
	0.0002467398609	0.0002454229292	0.0002210070156	0.0002182377199	0.0001983755635
	0.000194581318	0.0001805113632	0.000176261137	0.0001676412331	0.0001633872322
	0.0001591765318	0.0001551958296	0.0001542346059	0.0001506703283	0.0001519087924
	0.0001488256719	0.0001513911222	0.0001488123242	0.0001520207731	0.0001499460738
	0.0001532880162	0.0001517040972	0.0001547356229	0.0001536802439	0.0001964436805
	0.0001996229738	0.000186661092	0.0001897792859	0.0001777370941	0.0001802779014
	0.0001706945806	0.0001724097234	0.0001666337219	0.0001672536444	0.0001668817845
	0.0001660890635	0.0001730477656	0.0001705024127	0.000186850703	0.0001823881701
	0.0002090896544	0.000203406045	0.0002371906305	0.0002328899006	0.000265283399
	0.0002653140788	0.0002907771196	0.00029443596	0.0003145031265	0.0003196029658
	0.0003355005121	0.0003411611288	0.0003512172213	0.0003573396721	0.0003595257866
	0.0003660038475	0.0003594367216	0.0003659766938	0.0003504839616	0.0003567702925
	0.000332139423	0.0003378244198	0.0003050887738	0.0003093904104	0.0002734574133
	0.0002752948653	0.0002434817613	0.0002424643749	0.0002194728216	0.00021614785
	0.000202598141	0.0001978423357	0.0001921729668	0.000186738923	0.0001869077332
	0.0001813252968	0.0001854931339	0.0001801122807	0.0001867789896	0.0001818312441
	0.000189809112	0.0001854495816	0.0001938184297	0.0001901476268	0.0001982116569
	0.0001952905864	0.0002023772463	0.0002003533772	0.0002443968417	0.0002493616615
	0.000228873019	0.0002338740294	0.0002145559732	0.0002188384741	0.0002027060488
	0.0002059419125	0.0001945446948	0.0001963953007	0.0001914817474	0.0001915484026
	0.0001952445533	0.0001930516368	0.0002078788296	0.0002029761974	0.0002310746582
	0.0002235760814	0.0002636680762	0.0002556788747	0.0002988157159	0.0002950161079
	0.00032943588	0.0003320999359	0.0003557498787	0.0003623263091	0.000379222407
	0.0003874797771	0.0003985186537	0.0004077995617	0.000411211037	0.0004213455575
	0.000414940611	0.0004258052089	0.0004069395115	0.0004185683957	0.0003839745476
	0.0003961116483	0.0003466202146	0.0003573804603	0.0003037734007	0.0003105894285
	0.0002661778828	0.0002682737593	0.0002388125811	0.0002370162663	0.0002217166062
	0.0002172594312	0.0002130769916	0.0002070055892	0.0002108575492	0.0002039437278
	0.0002132922391	0.0002060986185	0.0002189352927	0.0002118894188	0.0002266081669
	0.0002200483186	0.0002353507186	0.0002295453061	0.0002443786923	0.0002395389691
	0.0002527688877	0.0002492640994	0.0002894852709	0.0002963621993	0.0002679882288
	0.0002751261858	0.000248135691	0.0002545127834	0.0002313771889	0.0002365717017
	0.0002189910305	0.0002225970009	0.0002123928415	0.0002139508413	0.0002133261672
	0.0002122707774	0.0002240119059	0.0002196823024	0.0002468767969	0.0002388305459
	0.0002827562994	0.0002719705771	0.0003269042259	0.0003177469774	0.0003688726003
	0.0003672729578	0.0004036589981	0.0004096681949	0.0004338312815	0.0004437838543
	0.0004601724024	0.0004721225698	0.0004802334621	0.0004937455281	0.0004899068627
	0.0005051744561	0.0004827856649	0.000500697345	0.000450543277	0.0004711110647
	0.0003953567413	0.0004143164174	0.00033602223	0.0003490670982	0.0002879844786
	0.0002943620549	0.000255365626	0.00025625475	0.0002365027151	0.0002334450084
	0.000228393333	0.0002226768735	0.0002283071921	0.000220891317	0.0002340801573
	0.0002256884384	0.000244010128	0.0002352286963	0.0002567066584	0.0002480447002
	0.0002709890279	0.0002629018774	0.0002858171263	0.0002787174605	0.0002998033133
	0.0002943954841	0.0003252128479	0.0003336633578	0.0002990582343	0.000308139778
	0.0002748095939	0.0002832649309	0.0002540455487	0.0002613495774	0.0002380663409
	0.0002437395826	0.0002282590752	0.00023178971	0.0002263231769	0.0002270929021
	0.000234518194	0.0002317447322	0.0002557142185	0.0002485618606	0.0002924631494
	0.0002807807774	0.0003437386538	0.000330022753	0.0004008508155	0.0003918310159
	0.0004520203851	0.0004533344934	0.0004950717885	0.0005044977176	0.0005326938222
	0.0005461129772	0.0005635045212	0.0005793388162	0.0005815960658	0.0006002126387
	0.0005742433931	0.0005979384095	0.0005240151069	0.0005518099836	0.0004440697088
	0.0004691779387	0.0003667031692	0.0003851796393	0.0003075761781	0.0003185173106
	0.0002686153166	0.0002729710122	0.0002466011885	0.0002459407798	0.0002375535669
	0.0002332924857	0.000238173628	0.0002313870252	0.0002459935519	0.0002374930123
	0.0002591459957	0.0002495962148	0.0002761164773	0.0002661197709	0.0002955742255
	0.0002857119905	0.0003162570818	0.0003071139225	0.0003362748514	0.0003289182091
	0.0003456475108	0.000354831411	0.0003176223996	0.0003279100394	0.0002913479925
	0.0003013592908	0.0002684611315	0.0002775790824	0.0002502806741	0.0002579496955
	0.0002381790669	0.000243833859	0.0002338063683	0.0002367939911	0.0002393767411
	0.0002388623132	0.0002579132881	0.0002528499339	0.0002929911411	0.0002824353528
	0.0003468428833	0.0003312349997	0.0004162805171	0.0003997328843	0.0004895556355
	0.0004803483489	0.0005545298368	0.0005578061894	0.0006091315861	0.0006215041012
	0.0006532989444	0.0006697691345	0.0006782082555	0.0006952599665	0.0006532186229
	0.0006659947714	0.0005732075035	0.0005903090238	0.0004774619984	0.0004991787915
	0.0003900525533	0.0004102537273	0.000322889934	0.0003373368703	0.0002779697939
	0.0002858326292	0.0002520791032	0.0002543371735	0.0002408866603	0.00023887799
	0.0002407371516	0.0002355740161	0.0002489469374	0.0002414722155	0.0002635540875
	0.0002544428949	0.0002830068414	0.0002728673355	0.0003059300606	0.0002953682566
	0.0003309521153	0.0003206215437	0.0003558115213	0.0003470336147	0.000347033625
	0.0003558114853	0.0003206215021	0.0003309520516	0.0002953681812	0.0003059299774
	0.0002728672362	0.0002830067363	0.0002544427805	0.0002635539638	0.0002414720915
	0.0002489468003	0.0002355738842	0.0002407370081	0.0002388778497	0.0002408865145
	0.0002543370291	0.0002520789535	0.0002858324989	0.000277969642	0.0003373366596
	0.0003228897649	0.0004102533353	0.0003900523013	0.0004991783191	0.0004774616666
	0.0005903088354	0.0005732072392	0.0006659955835	0.0006532183282	0.0006952614013
	0.0006782076732	0.0006697691935	0.0006532981788	0.0006215041028	0.0006091315653
	0.0005578063869	0.0005545301352	0.0004803487176	0.0004895560901	0.0003997332219
	0.0004162809443	0.0003312352164	0.0003468431457	0.0002824354814	0.00029299126
	0.0002528500517	0.0002579134109	0.0002388624272	0.0002393768688	0.0002367941037
	0.0002338064908	0.0002438339687	0.0002381791834	0.0002579497972	0.0002502807835
	0.000277579171	0.0002684612291	0.0003013593637	0.0002913480691	0.0003279100978
	0.0003176224427	0.0003548314514	0.0003456475041	0.0003289182131	0.0003362748334
	0.0003071138827	0.0003162570283	0.0002857119245	0.0002955741503	0.0002661196838
	0.0002761163766	0.0002495961129	0.0002591458731	0.0002374928997	0.0002459934113
	0.0002313869052	0.0002381734751	0.00023329236	0.000237553406	0.0002459406484
	0.0002466010168	0.0002729708874	0.0002686151282	0.0003185171764	0.0003075759887
	0.00038517938	0.0003667030004	0.0004691777457	0.0004440695631	0.0005518103202
	0.0005240149434	0.0005979390168	0.0005742431914	0.0006002125455	0.0005815959527
	0.0005793384525	0.0005635045118	0.0005461128851	0.0005326939454	0.0005044977495
	0.000495071919	0.0004533346735	0.0004520206907	0.000391831333	0.0004008512602
	0.0003300230399	0.0003437389787	0.0002807809342	0.0002924632965	0.0002485619677
	0.0002557143113	0.000231744827	0.0002345182896	0.0002270929895	0.0002263232695
	0.0002317897914	0.0002282591625	0.0002437396564	0.0002380664227	0.0002613496404
	0.0002540456221	0.0002832649825	0.000274809653	0.0003081398186	0.0002990582688
	0.0003336633877	0.000325212847	0.0002943954755	0.0002998033081	0.000278717416
	0.0002858170873	0.0002629018101	0.0002709889682	0.0002480446116	0.0002567065715
	0.000235228591	0.0002440100173	0.000225688321	0.0002340800263	0.0002208911936
	0.0002283070463	0.0002226767509	0.0002283931775	0.0002334448863	0.0002365025456
	0.0002562546242	0.0002553654229	0.0002943619386	0.0002879842591	0.0003490670273
	0.0003360221083	0.0004143166716	0.0003953567447	0.0004711116648	0.0004505432036
	0.0005006974762	0.0004827856114	0.0005051740296	0.0004899070355	0.0004937453031
	0.0004802337738	0.000472122595	0.0004601725847	0.0004437837984	0.0004338312947
	0.0004096681345	0.0004036591335	0.0003672731414	0.000368872965	0.0003177472879
	0.0003269045768	0.000271970795	0.0002827564948	0.0002388306544	0.0002468768778
	0.0002196823858	0.0002240119744	0.0002122708492	0.0002133262331	0.0002139509043
	0.0002123929029	0.0002225970554	0.0002189910869	0.000236571746	0.0002313772386
	0.0002545128182	0.0002481357312	0.0002751262097	0.0002679882553	0.0002963622134
	0.0002894852817	0.0002492640888	0.0002527688866	0.0002395389303	0.0002443786654
	0.0002295452436	0.0002353506718	0.0002200482315	0.0002266080926	0.00021188931
	0.0002189351932	0.0002060984938	0.0002132921185	0.0002039435955	0.0002108574139
	0.0002070054583	0.0002130768482	0.0002172592988	0.0002217164492	0.0002370161065
	0.0002388123821	0.0002682735724	0.0002661776586	0.0003105893529	0.0003037733281
	0.0003573807221	0.0003466203309	0.0003961119831	0.0003839745994	0.0004185683132
	0.0004069396415	0.0004258050116	0.0004149409844	0.0004213456439	0.0004112113679
	0.0004077997183	0.0003985186749	0.0003874796859	0.0003792222158	0.0003623260978
	0.0003557498053	0.0003320999572	0.0003294360795	0.0002950163647	0.0002988159929
	0.0002556791119	0.0002636682656	0.0002235761788	0.0002310747308	0.0002029762587
	0.0002078788777	0.0001930516893	0.000195244601	0.000191548449	0.0001914817925
	0.0001963953407	0.0001945447358	0.0002059419448	0.000202706084	0.0002188384989
	0.0002145560018	0.0002338740432	0.0002288730423	0.0002493616575	0.0002443968607
	0.0002003533699	0.0002023772448	0.0001952905581	0.0001982116354	0.0001901475783
	0.00019381839	0.0001854495123	0.0001898090515	0.000181831157	0.0001867789112
	0.0001801121812	0.0001854930422	0.0001813251904	0.0001869076328	0.0001867388138
	0.0001921728598	0.0001978422162	0.0002025980168	0.0002161476867	0.0002194726489
	0.0002424641565	0.0002434815604	0.0002752947319	0.0002734574032	0.0003093904815
	0.0003050890392	0.0003378244947	0.0003321397378	0.0003567702779	0.000350484292
	0.0003659768154	0.0003594370131	0.0003660041168	0.0003595258146	0.0003573397973
	0.0003512169611	0.0003411609272	0.0003355001551	0.0003196026275	0.0003145029207
	0.0002944358277	0.0002907771893	0.0002653142093	0.0002652835802	0.0002328900869
	0.000237190774	0.0002034061224	0.0002090897175	0.0001823882102	0.0001868507399
	0.0001705024503	0.0001730478039	0.000166089099	0.0001668818218	0.0001672536761
	0.000166633756	0.000172409749	0.0001706946098	0.0001802779203	0.000177737118
	0.0001897792957	0.0001866611134	0.0001996229626	0.0001964436962	0.0001536802368
	0.0001547356202	0.0001517040761	0.0001532880004	0.0001499460415	0.0001520207466
	0.0001488122827	0.0001513910873	0.0001488256236	0.0001519087517	0.0001506702749
	0.0001542345617	0.0001551957695	0.0001591764827	0.0001633871632	0.0001676411745
	0.0001762610548	0.0001805112824	0.0001945812005	0.0001983754313	0.0002182375436
	0.0002210068486	0.0002454227848	0.0002467399005	0.0002726004545	0.000272436234
	0.0002961468297	0.0002947419467	0.0003139294528	0.0003115472465	0.000324823858
	0.0003217791559	0.000327661638	0.0003243740059	0.0003214721179	0.0003182868285
	0.0003066134191	0.0003035911872	0.0002852876103	0.0002822843616	0.0002605245046
	0.000257696841	0.0002340966959	0.0002325901654	0.000206338135	0.0002075985913
	0.0001799439685	0.0001832433591	0.0001593668918	0.0001626576963	0.0001461923472
	0.000148431886	0.0001394352579	0.0001404969228	0.0001374911826	0.0001375510223
	0.0001389207963	0.0001381963188	0.0001425727763	0.0001412587239	0.0001475308552
	0.0001458024345	0.0001528556903	0.000151036682	0.0001132270705	0.0001137295087
	0.000113035522	0.0001138182647	0.0001133204587	0.0001143861394	0.0001144549551
	0.0001158377434	0.0001169348436	0.0001186740017	0.0001214012115	0.0001235393312
	0.000128617693	0.0001311930518	0.0001393839495	0.000142407208	0.0001543471773
	0.0001577567537	0.0001736782921	0.0001772896809	0.000196672286	0.0002001665069
	0.0002215965692	0.000224607426	0.0002461688432	0.0002483926165	0.0002683877045
	0.000269632309	0.0002867018797	0.0002869522899	0.0002993369122	0.0002988352889
	0.0003039638661	0.0003031382756	0.0002986058681	0.0002977977257	0.0002831704026
	0.0002823907113	0.0002601052438	0.0002590834373	0.0002333514919	0.0002319180618
	0.0002061844258	0.0002047968171	0.0001799568878	0.0001796917074	0.0001557598716
	0.0001570374614	0.0001359670558	0.0001378642792	0.0001220784898	0.0001236487365
	0.0001136358957	0.0001145617755	0.0001093712646	0.0001096770746	0.0001080376477
	0.0001078402014	0.0001086312443	0.0001080521701	0.0001103848826	0.0001095350895
	0.0001126139316	0.0001116788444	8.070797014e-05	8.092718716e-05	8.143696954e-05
	8.179234462e-05	8.281379389e-05	8.33171666e-05	8.52185642e-05	8.590134286e-05
	8.916614922e-05	9.007249233e-05	9.531702697e-05	9.650919285e-05	0.0001044335628
	0.0001059960376	0.0001172439286	0.0001192783786	0.0001341825379	0.0001367811921
	0.0001550547112	0.0001582420923	0.0001788433687	0.0001824993598	0.0002039379283
	0.0002077577419	0.0002287047386	0.0002322482646	0.0002518044826	0.0002546542966
	0.0002717608981	0.0002737321903	0.0002862102981	0.0002874709463	0.0002919425021
	0.0002928972005	0.0002863076641	0.0002872748736	0.0002691016484	0.0002700474145
	0.0002432457982	0.0002438221006	0.0002134905455	0.0002133801443	0.0001840594692
	0.0001833924455	0.000157165845	0.000156600114	0.0001336386759	0.0001337925935
	0.0001143612805	0.0001151367344	0.0001000819375	0.0001009462799	9.05245387e-05
	9.114259154e-05	8.470335965e-05	8.500104081e-05	8.155361549e-05	8.156751668e-05
	8.019599605e-05	7.998789578e-05	7.996826845e-05	7.959932976e-05	8.033865605e-05
	7.990537203e-05	5.607773368e-05	5.616512718e-05	5.723484616e-05	5.738335613e-05
	5.913679866e-05	5.935703482e-05	6.218226875e-05	6.24970077e-05	6.691957949e-05
	6.736538774e-05	7.405500984e-05	7.469153521e-05	8.439876844e-05	8.532173033e-05
	9.869776021e-05	0.000100050556	0.0001173291744	0.000119296126	0.0001399561492
	0.000142706072	0.0001654325395	0.0001689971766	0.0001921851345	0.0001963345939
	0.0002187932089	0.0002230427304	0.0002440585475	0.0002478732004	0.0002662899109
	0.0002693743487	0.0002825181537	0.0002849737475	0.0002888202586	0.0002910150081
	0.0002821507612	0.0002843726849	0.0002624781138	0.0002646591895	0.0002333555085
	0.0002351038639	0.0002002857544	0.0002012155935	0.0001681294952	0.000168226664
	0.0001395828742	0.0001392697368	0.0001155317432	0.0001153387289	9.618949261e-05
	9.633834322e-05	8.158150443e-05	8.19247853e-05	7.130492651e-05	7.162519185e-05
	6.452132799e-05	6.47171434e-05	6.029449852e-05	6.035448886e-05	5.78252198e-05
	5.777098408e-05	5.650761778e-05	5.636732061e-05	5.588498027e-05	5.570376784e-05
	3.828357598e-05	3.831519995e-05	3.962095975e-05	3.967812216e-05	4.17531869e-05
	4.184320029e-05	4.50966862e-05	4.523450393e-05	5.023157383e-05	5.044409964e-05
	5.791319643e-05	5.824983453e-05	6.901844787e-05	6.956888668e-05	8.43685059e-05
	8.528576143e-05	0.0001044001737	0.0001059112364	0.0001287997448	0.0001311603443
	0.0001564086296	0.0001597634116	0.0001856308168	0.0001898357391	0.0002150009639
	0.0002195839882	0.0002431480068	0.0002475208024	0.0002679549478	0.0002717483006
	0.0002858111445	0.0002890635315	0.0002922225251	0.0002952516595	0.0002840028864
	0.0002870582773	0.0002615086614	0.0002645030864	0.0002289842664	0.0002315165414
	0.0001926045853	0.0001942644165	0.0001576920988	0.0001583980966	0.0001271981707
	0.000127255144	0.0001020392396	0.0001018883332	8.215299092e-05	8.208528193e-05
	6.713872302e-05	6.720496626e-05	5.63705129e-05	5.648936947e-05	4.901691171e-05
	4.911307838e-05	4.419871896e-05	4.424416761e-05	4.115305146e-05	4.114800853e-05
	3.929432882e-05	3.924839137e-05	3.81938515e-05	3.812557839e-05	2.590156347e-05
	2.591185428e-05	2.73079378e-05	2.732826677e-05	2.953373467e-05	2.956859007e-05
	3.300873367e-05	3.306745548e-05	3.833779816e-05	3.843908816e-05	4.631850624e-05
	4.650055387e-05	5.789553821e-05	5.82351194e-05	7.399025446e-05	7.463158902e-05
	9.516951638e-05	9.634790581e-05	0.0001212533241	0.0001232667832	0.0001511646725
	0.0001542379308	0.0001832733185	0.0001873517308	0.0002159173084	0.000220580419
	0.0002473306916	0.0002519828789	0.0002747992502	0.0002790229057	0.0002940464157
	0.0002978139749	0.0003001608058	0.0003037197937	0.0002900555102	0.0002936067426
	0.0002646134135	0.00026806883	0.0002287531872	0.0002317361023	0.0001892116637
	0.0001913206866	0.0001516540043	0.0001527763562	0.0001191870223	0.0001195600932
	9.272765276e-05	9.273194626e-05	7.206628812e-05	7.199331371e-05	5.657025978e-05
	5.654224118e-05	4.542680571e-05	4.544639623e-05	3.773289258e-05	3.77656731e-05
	3.260348909e-05	3.262569705e-05	2.927900074e-05	2.928335667e-05	2.717368867e-05
	2.716122638e-05	2.586388402e-05	2.584091716e-05	1.753778638e-05	1.754074849e-05
	1.896830846e-05	1.897502502e-05	2.123013193e-05	2.124316904e-05	2.47619601e-05
	2.478698293e-05	3.018612631e-05	3.023574255e-05	3.833328546e-05	3.843589176e-05
	5.02092792e-05	5.042714021e-05	6.684249704e-05	6.730189679e-05	8.896593875e-05
	8.988873618e-05	0.0001166052465	0.0001182984069	0.000148844215	0.000151582763
	0.0001840364801	0.0001878516776	0.000220229191	0.0002247808698	0.0002550888272
	0.0002598132435	0.0002851618374	0.0002896144441	0.0003055047528	0.0003095841994
	0.0003109758246	0.0003148306937	0.0002987905398	0.0003025677786	0.0002704281568
	0.0002740564955	0.0002314204743	0.0002345752969	0.0001889400223	0.0001912582593
	0.0001488974519	0.0001502586552	0.0001145181624	0.000115111225	8.673162586e-05
	8.688643183e-05	6.523470054e-05	6.522531736e-05	4.923953629e-05	4.920883693e-05
	3.77857833e-05	3.777475298e-05	2.987599984e-05	2.988008995e-05	2.45824928e-05
	2.458947056e-05	2.112813882e-05	2.113119193e-05	1.891762142e-05	1.89150563e-05
	1.752351148e-05	1.751677117e-05	1.201900073e-05	1.201972669e-05	1.345732516e-05
	1.345939246e-05	1.573266519e-05	1.573746126e-05	1.92892744e-05	1.930016018e-05
	2.476125877e-05	2.478655867e-05	3.300432927e-05	3.306457041e-05	4.507695998e-05
	4.522060772e-05	6.211144951e-05	6.244318308e-05	8.502072496e-05	8.573608123e-05
	0.0001140780935	0.0001154686137	0.0001485888906	0.0001509528167	0.0001869212539
	0.0001903666	0.0002267747768	0.0002310626417	0.0002651140285	0.0002697482176
	0.0002976288755	0.000302161888	0.0003187464113	0.0003229855289	0.0003233063565
	0.0003272758387	0.0003089584327	0.0003127513954	0.0002778091317	0.0002813841367
	0.000235918195	0.0002390206785	0.000190769619	0.0001931001162	0.0001484325278
	0.0001498827953	0.0001122375644	0.0001129570566	8.315905407e-05	8.342577373e-05
	6.084047012e-05	6.090042111e-05	4.436920372e-05	4.436602227e-05	3.265199259e-05
	3.264265632e-05	2.45930279e-05	2.458977314e-05	1.920829784e-05	1.920888581e-05
	1.56933357e-05	1.56942727e-05	1.343977455e-05	1.343944387e-05	1.201418972e-05
	1.201255521e-05	8.443797156e-06	8.443933232e-06	9.884479802e-06	9.885063056e-06
	1.216489461e-05	1.216663155e-05	1.573260311e-05	1.573743228e-05	2.122960481e-05
	2.124288447e-05	2.953065908e-05	2.95667517e-05	4.173880057e-05	4.183384769e-05
	5.908230622e-05	5.931865751e-05	8.265321551e-05	8.319322714e-05	0.0001129903028
	0.0001140931894	0.0001496601777	0.0001516239224	0.0001910785167	0.0001940745075
	0.0002345705776	0.0002384741131	0.00027630333	0.0002807177159	0.0003110142696
	0.000315518608	0.0003326202059	0.0003368924251	0.0003360763951	0.0003400233771
	0.0003195716456	0.0003232244287	0.0002858418096	0.000289196615	0.0002413767117
	0.0002442569107	0.000193861714	0.0001960514746	0.0001494469633	0.0001508667462
	0.0001115615512	0.0001123282613	8.12568216e-05	8.159356406e-05	5.815858637e-05
	5.827390498e-05	4.12481302e-05	4.127571272e-05	2.930509982e-05	2.930753949e-05
	2.113500447e-05	2.113370413e-05	1.569469201e-05	1.569417382e-05	1.214995642e-05
	1.215000764e-05	9.878952145e-06	9.878921159e-06	8.442414623e-06	8.442125417e-06
	6.160792296e-06	6.160797976e-06	7.602153128e-06	7.602288809e-06	9.884478263e-06
	9.885063069e-06	1.345729575e-05	1.345938251e-05	1.896804512e-05	1.897490716e-05
	2.730623358e-05	2.732738026e-05	3.961233794e-05	3.967314486e-05	5.720037797e-05
	5.736161219e-05	8.133107119e-05	8.17189763e-05	0.0001128073564	0.0001136378173
	0.0001514759025	0.0001530268983	0.0001958291298	0.0001983184232	0.0002428166669
	0.0002462371873	0.0002877527402	0.0002918350651	0.000324376401	0.0003287384694
	0.0003462366877	0.0003504232454	0.0003484707532	0.0003522795893	0.00032989095
	0.0003332845632	0.0002938357772	0.0002968490254	0.0002471281128	0.0002496615641
	0.0001975631196	0.000199497394	0.0001513087118	0.000152605276	0.0001118858389
	0.0001126348383	8.044486101e-05	8.081386536e-05	5.662367123e-05	5.677630679e-05
	3.93138963e-05	3.936663798e-05	2.717524687e-05	2.719011005e-05	1.891752105e-05
	1.892072307e-05	1.343977844e-05	1.34402428e-05	9.878947734e-06	9.879002022e-06
	7.600604122e-06	7.600605795e-06	6.160494233e-06	6.16046569e-06	4.719275994e-06
	4.719276063e-06	6.160792335e-06	6.160798048e-06	8.443797365e-06	8.443933472e-06
	1.201899508e-05	1.201972623e-05	1.753770541e-05	1.754072577e-05	2.590093404e-05
	2.591162655e-05	3.828009031e-05	3.831374935e-05	5.606308518e-05	5.615833909e-05
	8.066158326e-05	8.090334558e-05	0.0001131252287	0.0001136697864	0.0001535785927
	0.0001546515877	0.0002006119746	0.0002024377569	0.000250822292	0.0002534905064
	0.0002986597298	0.0003020583286	0.0003369118128	0.0003407086252	0.0003588353672
	0.0003625226523	0.0003598200277	0.0003631186012	0.0003393259757	0.0003421465261
	0.0003012427537	0.0003036534561	0.0002526406701	0.0002546063231	0.0002013536787
	0.0002028490499	0.0001535220818	0.0001545534683	0.000112748178	0.0001133803675
	8.029048908e-05	8.063193518e-05	5.581984038e-05	5.597828752e-05	3.8154894e-05
	3.821878641e-05	2.584705078e-05	2.586945193e-05	1.751780438e-05	1.752452716e-05
	1.201268683e-05	1.201433326e-05	8.442136404e-06	8.44242852e-06	6.160465975e-06
	6.160494916e-06	4.719243803e-06	4.71924378e-06	
