2048	
	4.719158331e-06	4.719158018e-06	6.159873414e-06	6.159781947e-06	8.43973026e-06
	8.438860106e-06	1.200530444e-05	1.2000743e-05	1.749905618e-05	1.748167852e-05
	2.58071768e-05	2.575317628e-05	3.808661116e-05	3.794382036e-05	5.573529976e-05
	5.541099054e-05	8.023544325e-05	7.960578106e-05	0.0001128180815	0.0001117476148
	0.0001538694299	0.0001522724119	0.0002020999167	0.0001999760751	0.0002538149142
	0.0002512072017	0.0003028046427	0.000299732304	0.000341035785	0.0003375930615
	0.0003614945154	0.0003575004121	0.000360204698	0.0003556386975	0.0003377884538
	0.0003328063656	0.0002990953706	0.0002941410944	0.0002509808316	0.0002468015066
	0.0002004982842	0.0001974289725	0.0001534252124	0.0001514825479	0.0001130266536
	0.0001119778608	8.061611088e-05	8.012730542e-05	5.604633125e-05	5.584614138e-05
	3.827499654e-05	3.820178951e-05	2.589970843e-05	2.587560101e-05	1.753753095e-05
	1.753041045e-05	1.201902389e-05	1.201718485e-05	8.443828563e-06	8.443442425e-06
	6.16079738e-06	6.160753656e-06	4.719274176e-06	4.719274325e-06	6.159778231e-06
	6.15986908e-06	7.59753462e-06	7.597525836e-06	9.86842851e-06	9.868319571e-06
	1.340830404e-05	1.340701696e-05	1.883473368e-05	1.882590278e-05	2.698394542e-05
	2.694560331e-05	3.893059461e-05	3.880531265e-05	5.597224645e-05	5.564254151e-05
	7.952892141e-05	7.881206186e-05	0.0001108640428	0.0001095463594	0.000150479715
	0.0001484129329	0.0001971665506	0.0001943625365	0.0002471531931	0.000243754406
	0.0002940405802	0.0002902073108	0.000329775995	0.0003256893258	0.0003475052209
	0.0003430847791	0.0003438781131	0.0003390723661	0.000320512675	0.0003153290816
	0.0002830551344	0.0002777547055	0.0002382585146	0.0002334789024	0.0001922171764
	0.0001883975186	0.0001491607135	0.0001465519824	0.0001115785648	0.0001100685167
	8.077647994e-05	8.002684951e-05	5.698222081e-05	5.665593978e-05	3.953626229e-05
	3.940865293e-05	2.728262769e-05	2.72367964e-05	1.896163946e-05	1.894626959e-05
	1.345586241e-05	1.345100509e-05	9.884262841e-06	9.882827842e-06	7.602158854e-06
	7.601790724e-06	6.160797608e-06	6.160753574e-06	8.438801798e-06	8.439657415e-06
	9.868201426e-06	9.868198072e-06	1.212213577e-05	1.212192222e-05	1.562415263e-05
	1.562545994e-05	2.096395609e-05	2.096622911e-05	2.892338194e-05	2.891243581e-05
	4.048859872e-05	4.041143975e-05	5.684801671e-05	5.657608954e-05	7.934397399e-05
	7.86520227e-05	0.0001092508697	0.0001078569963	0.0001471662968	0.0001448585288
	0.0001919620476	0.0001887481691	0.0002398142699	0.0002359267508	0.000284171252
	0.0002799230427	0.0003170311721	0.0003127089341	0.0003318029007	0.0003274415275
	0.0003258866592	0.0003213853495	0.0003019079082	0.0002970927907	0.0002661147234
	0.0002610396898	0.0002250560801	0.0002201458725	0.0001837255095	0.0001795151403
	0.0001449421185	0.0001418703998	0.0001104410807	0.0001085495713	8.146943447e-05
	8.047372133e-05	5.859844303e-05	5.813851575e-05	4.156071938e-05	4.136821058e-05
	2.947057332e-05	2.939511252e-05	2.121081017e-05	2.118224254e-05	1.572716623e-05
	1.571646053e-05	1.216352129e-05	1.215952062e-05	9.884265418e-06	9.88283745e-06
	8.443828225e-06	8.443443375e-06	1.20001296e-05	1.200464969e-05	1.340561422e-05
	1.340631982e-05	1.562387076e-05	1.562092959e-05	1.906583803e-05	1.906377414e-05
	2.429261779e-05	2.42994499e-05	3.203062139e-05	3.204636692e-05	4.317735282e-05
	4.316217948e-05	5.881088979e-05	5.863508996e-05	8.018376545e-05	7.959082306e-05
	0.0001085523868	0.0001071983681	0.0001445722603	0.0001421799982	0.0001871809907
	0.0001837371476	0.0002325351813	0.0002283398875	0.0002740093389	0.0002695137187
	0.0003037405426	0.0002993454546	0.0003155341946	0.0003113766401	0.0003076125097
	0.0003035351104	0.0002834995869	0.0002791623381	0.0002497780298	0.0002450402117
	0.0002126735822	0.0002077774348	0.0001760128982	0.0001715591406	0.0001414684402
	0.0001380276763	0.0001101182657	0.000107874263	8.311011247e-05	8.185651944e-05
	6.129041237e-05	6.067222645e-05	4.475299051e-05	4.447308712e-05	3.288321366e-05
	3.276181771e-05	2.471715074e-05	2.466469542e-05	1.92734448e-05	1.925021796e-05
	1.572728401e-05	1.571669535e-05	1.34559112e-05	1.345113052e-05	1.201902975e-05
	1.201721605e-05	1.747736698e-05	1.749491665e-05	1.881632826e-05	1.882268053e-05
	2.095270368e-05	2.094397022e-05	2.428806364e-05	2.426891072e-05	2.935969235e-05
	2.934772817e-05	3.684097405e-05	3.686149617e-05	4.753941485e-05	4.75842877e-05
	6.241922221e-05	6.237422472e-05	8.263028942e-05	8.221899176e-05	0.0001093796614
	0.0001082012997	0.0001433376005	0.0001410477644	0.0001834821806	0.0001800328489
	0.0002259872874	0.000221718892	0.0002642609218	0.0002597362698	0.0002906882727
	0.0002864204482	0.0002996157943	0.0002958169161	0.0002901080168	0.0002865642296
	0.0002663896784	0.0002626199413	0.0002351614427	0.0002308285752	0.0002020698013
	0.000197327436	0.0001698775697	0.000165331939	0.0001393845886	0.0001356809804
	0.0001111495647	0.0001085895269	8.619986497e-05	8.467193224e-05	6.557190097e-05
	6.475694062e-05	4.965979648e-05	4.925328042e-05	3.810043763e-05	3.790154608e-05
	3.008641193e-05	2.998713217e-05	2.471859741e-05	2.466698867e-05	2.121185845e-05
	2.1184093e-05	1.89621167e-05	1.894726801e-05	1.753763625e-05	1.753074665e-05
	2.573004507e-05	2.578672323e-05	2.689545065e-05	2.69256381e-05	2.884036978e-05
	2.882832415e-05	3.196756637e-05	3.19111152e-05	3.68082593e-05	3.672751596e-05
	4.400078466e-05	4.395481716e-05	5.425632598e-05	5.430837891e-05	6.839460434e-05
	6.848932275e-05	8.743259352e-05	8.728876563e-05	0.0001125000464	0.0001116544865
	0.0001442493787	0.0001422801727	0.0001816779115	0.0001784905138	0.0002210170091
	0.0002169657542	0.0002558283419	0.0002515555611	0.0002788768643	0.0002749902991
	0.0002851772278	0.0002819327212	0.0002745962138	0.0002717223421	0.0002518395229
	0.0002487215583	0.0002234551986	0.0002196339253	0.0001942795426	0.0001898474438
	0.0001662094951	0.0001617371056	0.0001394405976	0.0001355928244	0.0001141817874
	0.000111345556	9.134818774e-05	8.951669281e-05	7.207510972e-05	7.099844941e-05
	5.696635834e-05	5.636197251e-05	4.586465353e-05	4.552574938e-05	3.810997415e-05
	3.791437441e-05	3.28924772e-05	3.277537786e-05	2.947687917e-05	2.940523383e-05
	2.728586042e-05	2.724273465e-05	2.5900587e-05	2.587790505e-05	3.784378177e-05
	3.800392623e-05	3.859132818e-05	3.869728273e-05	4.010484316e-05	4.011400545e-05
	4.281149697e-05	4.270325286e-05	4.727122156e-05	4.705010045e-05	5.414039377e-05
	5.388320915e-05	6.405171731e-05	6.393694942e-05	7.758654486e-05	7.773359864e-05
	9.551177054e-05	9.56933446e-05	0.0001188482082	0.0001185087415	0.0001482440591
	0.0001468440439	0.0001827308919	0.0001801092827	0.0002186454721	0.0002151501456
	0.000249823544	0.000246143707	0.0002695534372	0.000266359784	0.0002736013758
	0.0002711618142	0.0002625442773	0.0002605183046	0.0002413161859	0.0002389909719
	0.0002159603963	0.0002128173666	0.0001904392198	0.0001865135811	0.0001659819455
	0.0001617745039	0.0001424468131	0.0001385881036	0.0001198957485	0.0001168199239
	9.918117769e-05	9.698994067e-05	8.145262099e-05	8.000162012e-05	6.740389635e-05
	6.647193696e-05	5.700300914e-05	5.6402364e-05	4.970696309e-05	4.931184487e-05
	4.479481713e-05	4.452980953e-05	4.159059789e-05	4.141231187e-05	3.95529202e-05
	3.943637033e-05	3.828002187e-05	3.821339143e-05	5.50532852e-05	5.545738842e-05
	5.488343871e-05	5.518867537e-05	5.549299479e-05	5.560410271e-05	5.737486285e-05
	5.723750487e-05	6.116627149e-05	6.074444606e-05	6.762446014e-05	6.696427366e-05
	7.741003732e-05	7.677797641e-05	9.077455465e-05	9.063923335e-05	0.0001078806425
	0.0001083111576	0.0001294972919	0.00012982437	0.000156386725	0.000155833747
	0.0001877316534	0.0001860161099	0.0002200517983	0.0002174979725	0.0002475728662
	0.0002448878212	0.0002642332535	0.0002621109566	0.0002665741109	0.0002652608872
	0.0002557173324	0.0002548025364	0.0002364875601	0.0002352048594	0.0002141526506
	0.0002119565268	0.0001918052854	0.000188670469	0.0001702000409	0.0001665163484
	0.0001491421831	0.0001454435539	0.0001288107249	0.0001255325815	0.0001101091614
	0.0001074637318	9.413246797e-05	9.21235997e-05	8.151061435e-05	8.002974179e-05
	7.220753717e-05	7.112416971e-05	6.573360888e-05	6.493954007e-05	6.14397008e-05
	6.08581982e-05	5.871123085e-05	5.829130528e-05	5.704884748e-05	5.675708678e-05
	5.60677025e-05	5.589046082e-05	7.854117923e-05	7.945871012e-05	7.655381297e-05
	7.730604712e-05	7.544287642e-05	7.584324593e-05	7.582321889e-05	7.57689224e-05
	7.845679085e-05	7.784804369e-05	8.427521099e-05	8.306924502e-05	9.414806192e-05
	9.256639352e-05	0.0001081612251	0.0001070244	0.0001253358621	0.0001255411889
	0.0001455316365	0.0001465544772	0.0001698139739	0.0001703964663	0.0001978714408
	0.0001974450474	0.0002265771361	0.0002254054939	0.0002506559545	0.0002494386384
	0.0002647680671	0.0002641833361	0.000266161408	0.0002664059925	0.0002562355181
	0.0002568397057	0.0002393509901	0.000239529849	0.0002197928403	0.0002189965894
	0.0001997877505	0.0001979167897	0.0001798038802	0.0001770719404	0.0001599594759
	0.0001567093566	0.0001409603064	0.0001375675713	0.0001239646831	0.0001207614472
	0.0001099405577	0.0001071294675	9.924126037e-05	9.688649991e-05	9.164408773e-05
	8.972444733e-05	8.661082867e-05	8.507346959e-05	8.351843445e-05	8.230959059e-05
	8.179578831e-05	8.087078509e-05	8.097845969e-05	8.030250119e-05	8.068343942e-05
	8.025199894e-05	0.0001090806846	0.0001109593747	0.0001038717297	0.000105488141
	9.98309143e-05	0.0001008581655	9.774225622e-05	9.802369578e-05	9.850600078e-05
	9.786900715e-05	0.0001032456614	0.000101521606	0.000113170863	0.0001103857139
	0.0001286808084	0.0001256618983	0.0001477066018	0.0001464857328	0.0001676782332
	0.0001689542503	0.0001895976824	0.0001915106291	0.0002144116073	0.0002156865529
	0.000239763374	0.0002404723611	0.0002609960711	0.0002617996262	0.0002734706466
	0.0002750035401	0.0002749488191	0.0002773426959	0.0002667608347	0.0002695020788
	0.0002524600139	0.0002547804124	0.0002351307101	0.0002365100832	0.000216049051
	0.0002162994435	0.0001955901954	0.0001946239777	0.0001748139354	0.0001726033955
	0.0001556545682	0.0001524369864	0.0001397639734	0.0001360203503	0.0001278011531
	0.0001239864316	0.0001195745702	0.000115982954	0.0001144804936	0.0001112601353
	0.0001118050708	0.0001090161966	0.0001108690557	0.0001085298949	0.0001110905846
	0.0001092006958	0.0001120020151	0.0001105529195	0.0001131702383	0.0001122023121
	0.0001465396104	0.0001500103665	0.0001362592328	0.0001393235952	0.0001277942514
	0.0001299346065	0.0001220911572	0.0001231102032	0.0001201302589	0.000119798953
	0.0001231586566	0.0001211871961	0.0001327145238	0.0001288644337	0.0001499174889
	0.0001446048039	0.0001728234082	0.0001685285025	0.0001954697097	0.0001955002795
	0.0002164178498	0.0002194235913	0.000238592554	0.0002419041701	0.0002613702473
	0.0002644648077	0.0002809363165	0.0002843608133	0.0002932264995	0.000297557855
	0.0002962030958	0.0003015078598	0.0002907422823	0.0002964842431	0.0002792550068
	0.0002847384186	0.0002632834606	0.0002681178047	0.0002427958413	0.0002467190132
	0.0002183446056	0.0002206695895	0.0001932543278	0.0001932199871	0.0001717526573
	0.0001694093908	0.0001559626519	0.0001520263916	0.0001458504091	0.0001410843617
	0.0001404435358	0.0001354059569	0.0001386215022	0.0001336750451	0.0001393846331
	0.0001347635101	0.0001418966226	0.0001377603912	0.0001454731666	0.0001419355142
	0.0001495588715	0.0001467031488	0.0001535498531	0.000151549346	0.0001893560972
	0.0001951402829	0.0001720494072	0.0001772246955	0.0001577002531	0.0001615175445
	0.0001473181857	0.0001495710342	0.0001418257841	0.0001422690318	0.0001424507883
	0.0001407190598	0.0001509183889	0.0001465423851	0.000169112789	0.0001619318166
	0.000196587282	0.0001883986395	0.0002259947695	0.0002221725173	0.0002498192341
	0.0002525348434	0.0002713050385	0.0002765826667	0.0002931647648	0.0002989772569
	0.0003130600943	0.000319585681	0.0003273517975	0.0003350998501	0.0003338142522
	0.0003428091534	0.0003324932122	0.0003421995504	0.000324344272	0.0003342372273
	0.0003087195703	0.0003188360411	0.0002831861494	0.0002933059582	0.0002490994902
	0.0002571384549	0.0002149521802	0.0002187918364	0.0001883433835	0.0001880165353
	0.0001711518301	0.0001678153171	0.0001621064407	0.0001568914469	0.0001593046873
	0.0001530311929	0.000161081591	0.000154321263	0.0001661232813	0.0001593008851
	0.0001733837371	0.0001668459812	0.0001819980688	0.0001760463914	0.0001912176314
	0.0001861236979	0.0002000697319	0.0001962992257	0.0002342075796	0.0002428927677
	0.0002084738387	0.0002163232244	0.0001873010354	0.0001933052266	0.0001715933106
	0.0001755680526	0.0001620507627	0.0001637784642	0.0001597237008	0.0001588254753
	0.0001663340891	0.000162204677	0.0001842967897	0.0001762905602	0.000215093504
	0.0002037892346	0.0002536404891	0.000243971027	0.0002868851927	0.0002861362626
	0.0003121958698	0.0003182777538	0.0003361022715	0.0003443953315	0.0003592891442
	0.0003688737289	0.0003786523243	0.0003899044449	0.0003913650256	0.0004043213897
	0.0003963037218	0.0004104145943	0.0003928225962	0.0004078184309	0.0003769375539
	0.0003940822313	0.0003407126847	0.000360310152	0.0002884890196	0.0003050055016
	0.0002396915398	0.0002491438659	0.0002050643918	0.0002080428492	0.000184635527
	0.0001829809788	0.0001753176685	0.0001705784622	0.0001741964175	0.000167429451
	0.0001791163908	0.0001710454614	0.000188528174	0.0001797085796	0.000201243765
	0.0001921705414	0.0002162524143	0.000207416696	0.0002325887481	0.0002245084317
	0.0002487231874	0.0002423403127	0.000276152877	0.0002878807837	0.0002419582383
	0.0002527073177	0.0002140388596	0.0002225197099	0.0001930734077	0.000199123436
	0.0001794466254	0.0001828931164	0.0001739377061	0.0001744333598	0.0001781161003
	0.0001750177363	0.0001946224327	0.0001869947425	0.0002264804163	0.0002138081626
	0.0002727193098	0.0002577400435	0.0003211055946	0.0003130298468	0.0003580541923
	0.0003618187119	0.000388676945	0.0003981409007	0.0004188611	0.0004304530459
	0.0004470143895	0.000460631616	0.0004693257313	0.0004851408268	0.0004830906872
	0.0005004031643	0.0004865837257	0.0005050445493	0.000470967103	0.0004949230258
	0.0004147653274	0.0004461563701	0.000334151776	0.0003601269522	0.0002664726736
	0.0002823467926	0.0002217037521	0.000228934882	0.0001963582329	0.0001973851674
	0.0001852509113	0.0001820185689	0.0001844366232	0.0001782169408	0.0001913272371
	0.0001829387596	0.000204251227	0.0001942862301	0.0002220357597	0.0002110223258
	0.0002437030243	0.0002322101114	0.0002682299888	0.000256949272	0.000293534928
	0.0002839527213	0.0003094406782	0.0003236471765	0.0002686654788	0.0002819914503
	0.000235381928	0.0002462508941	0.0002100917511	0.0002183096945	0.0001929237471
	0.0001983340025	0.0001844094384	0.0001867019754	0.0001859093303	0.0001844649635
	0.0002000461214	0.0001938193091	0.0002307202157	0.0002184900905	0.0002806348239
	0.0002628556743	0.0003439509932	0.000327259137	0.0004013100577	0.0003976470824
	0.0004453346094	0.0004534048798	0.0004861055452	0.0004979178094	0.0005263484747
	0.0005399892268	0.0005612485789	0.0005773607875	0.0005852105715	0.0006029808102
	0.0005966139038	0.0006132892153	0.0005813064081	0.0006064975442	0.0004887972722
	0.000524797843	0.0003779251065	0.0004091665076	0.0002926834859	0.0003140429164
	0.0002375330359	0.0002492334779	0.0002062866132	0.0002105700179	0.0001921631039
	0.0001911962783	0.0001902995116	0.0001855448619	0.0001976993263	0.0001900503277
	0.0002126195316	0.0002026511945	0.0002340179022	0.0002221888713	0.0002611444103
	0.0002479495693	0.0002931848565	0.000279305199	0.000327778299	0.0003150910422
	0.0003288130443	0.0003441965858	0.0002851469435	0.0003001121147	0.0002491111667
	0.0002618215339	0.0002212501738	0.0002313879238	0.0002016436436	0.000208997973
	0.0001907114201	0.0001949740024	0.0001896441226	0.0001902349267	0.0002009043914
	0.0001967863062	0.0002286551841	0.0002182870264	0.0002778910131	0.000260121323
	0.0003497254854	0.0003270856773	0.0004306869338	0.0004150115448	0.0004973509293
	0.0004998648516	0.0005516877003	0.0005632031611	0.0006050460992	0.0006173037524
	0.00065390355	0.000667608896	0.0006826049655	0.0006963112095	0.0006734077958
	0.0006666948238	0.0006206509106	0.0006095737121	0.0005211480391	0.000534552613
	0.0004078640487	0.0004350602394	0.0003143379048	0.0003384093311	0.000251020379
	0.0002665226876	0.0002139058712	0.0002214712195	0.0001961094049	0.0001977243019
	0.0001921877692	0.0001894349119	0.0001987641513	0.0001926149965	0.0002139939714
	0.0002050103407	0.0002369535341	0.0002254992551	0.0002671695355	0.0002535860465
	0.0003041868198	0.0002889881279	0.0003457117792	0.0003308766883	0.0003308766415
	0.0003457116946	0.0002889879764	0.0003041866593	0.0002535858403	0.0002671693328
	0.0002254990251	0.0002369533054	0.0002050101078	0.0002139937362	0.0001926147702
	0.0001987639232	0.0001894346945	0.0001921875578	0.0001977241004	0.0001961092115
	0.0002214710698	0.0002139057007	0.0002665225167	0.0002510202152	0.0003384089796
	0.0003143375985	0.0004350593629	0.0004078634259	0.0005345508179	0.0005211474664
	0.0006095728865	0.0006206522554	0.0006666986219	0.0006734096127	0.0006963149548
	0.0006826029747	0.0006676070474	0.0006539023135	0.0006173022048	0.0006050473436
	0.0005632029471	0.000551689415	0.0004998657871	0.0004973521711	0.0004150125266
	0.0004306878284	0.0003270861318	0.0003497259583	0.000260121536	0.0002778912352
	0.0002182871437	0.00022865528	0.0001967864503	0.000200904547	0.0001902350895
	0.0001896443039	0.0001949741804	0.0001907116117	0.0002089981606	0.0002016438418
	0.0002313881114	0.0002212503725	0.0002618217038	0.0002491113487	0.0003001122556
	0.0002851470811	0.0003441966542	0.0003288130855	0.000315091004	0.0003277782344
	0.0002793050707	0.0002931847091	0.0002479493908	0.0002611442069	0.0002221886659
	0.0002340176614	0.00020265098	0.0002126192701	0.0001900501136	0.0001976990578
	0.0001855446508	0.0001902992472	0.0001911960687	0.0001921628447	0.0002105698281
	0.0002062863549	0.00024923336	0.0002375328051	0.000314042661	0.0002926832699
	0.0004091660159	0.0003779247464	0.000524797857	0.0004887964598	0.0006065015989
	0.0005813045309	0.0006132909636	0.0005966121127	0.0006029790442	0.0005852097366
	0.0005773591522	0.000561249738	0.0005399894395	0.0005263502414	0.0004979187448
	0.0004861064255	0.0004534057352	0.000445334867	0.0003976477005	0.0004013104997
	0.000327259483	0.0003439514966	0.0002628558976	0.0002806350849	0.0002184902009
	0.00023072031	0.0001938194372	0.0002000462335	0.000184465105	0.000185909463
	0.0001867021228	0.0001844095778	0.0001983341516	0.0001929238894	0.0002183098396
	0.0002100918925	0.0002462510233	0.0002353820569	0.0002819915575	0.0002686655746
	0.0003236472282	0.0003094406993	0.0002839526702	0.0002935348967	0.0002569491487
	0.0002682298708	0.0002322099464	0.0002437028464	0.0002110221344	0.0002220355365
	0.0001942860254	0.0002042509737	0.0001829385512	0.0001913269659	0.0001782167358
	0.0001844363439	0.0001820183683	0.0001852506242	0.0001973849731	0.0001963579194
	0.0002289347445	0.0002217034133	0.0002823466436	0.0002664723983	0.0003601268979
	0.0003341515877	0.000446157407	0.0004147649372	0.0004949239453	0.0004709664376
	0.0005050427707	0.000486583726	0.0005004005494	0.0004830918349	0.0004851404787
	0.0004693277305	0.0004606328255	0.0004470157282	0.0004304540316	0.0004188613067
	0.0003981411404	0.0003886767204	0.0003618186757	0.0003580543242	0.0003130299844
	0.0003211060163	0.0002577402693	0.0002727195931	0.0002138083072	0.0002264805508
	0.00018699486	0.00019462252	0.000175017858	0.000178116199	0.0001744334807
	0.0001739378089	0.0001828932333	0.0001794467289	0.0001991235449	0.0001930735081
	0.0002225198039	0.0002140389491	0.0002527073927	0.000241958302	0.0002878808241
	0.0002761528941	0.0002423402535	0.0002487231691	0.0002245083069	0.0002325886599
	0.0002074165241	0.0002162522716	0.0001921703329	0.0002012435713	0.0001797083473
	0.0001885279417	0.0001710452183	0.0001791161325	0.0001674292113	0.0001741961453
	0.0001705782334	0.0001753173859	0.0001829807469	0.0001846352055	0.0002080426086
	0.0002050639984	0.0002491437053	0.0002396912167	0.0003050058613	0.0002884889579
	0.0003603113256	0.000340712533	0.0003940821701	0.0003769374144	0.0004078166702
	0.0003928234901	0.000410413813	0.0003963055695	0.0004043224466	0.0003913665939
	0.0003899058129	0.0003786527463	0.0003688743085	0.0003592888091	0.0003443950903
	0.0003361018488	0.0003182773419	0.0003121958577	0.0002861362597	0.0002868854911
	0.0002439712863	0.0002536407332	0.0002037894323	0.000215093654	0.0001762906564
	0.0001842968588	0.000162204766	0.0001663341656	0.0001588255623	0.0001597237815
	0.0001637785474	0.0001620508428	0.0001755681285	0.0001715933858	0.0001933052912
	0.0001873011006	0.0002163232713	0.0002084738865	0.0002428927879	0.0002342076112
	0.0001962991891	0.0002000697202	0.000186123609	0.0001912175719	0.0001760462543
	0.0001819979638	0.0001668458003	0.0001733835837	0.0001593006695	0.000166123087
	0.0001543210263	0.0001610813668	0.0001530309496	0.0001593044451	0.0001568912038
	0.0001621061838	0.000167815043	0.0001711515261	0.0001880161715	0.0001883429859
	0.0002187915102	0.000214951871	0.0002571386208	0.0002490995246	0.0002933064054
	0.0002831861886	0.0003188356172	0.0003087198153	0.0003342365618	0.0003243453914
	0.0003422000424	0.0003324945334	0.0003428103749	0.0003338147055	0.0003351006647
	0.0003273514312	0.0003195857541	0.0003130595299	0.0002989767748	0.0002931643241
	0.0002765821408	0.0002713049561	0.0002525347221	0.00024981942	0.000222172736
	0.0002259949409	0.0001883988373	0.0001965874078	0.0001619318841	0.0001691128445
	0.000146542442	0.0001509184513	0.0001407191187	0.0001424508555	0.0001422690897
	0.0001418258495	0.0001495710865	0.0001473182444	0.0001615175885	0.0001577003028
	0.0001772247234	0.0001720494476	0.0001951402795	0.0001893561374	0.0001515493277
	0.0001535498445	0.0001467030945	0.0001495588294	0.0001419354255	0.0001454730921
	0.0001377602712	0.0001418965175	0.0001347633647	0.0001393845027	0.0001336748815
	0.0001386213529	0.0001354057791	0.0001404433697	0.0001410841674	0.0001458502189
	0.0001520261501	0.0001559624016	0.0001694090389	0.0001717523001	0.0001932196282
	0.0001932540733	0.0002206694833	0.0002183447746	0.0002467189259	0.0002427962559
	0.0002681175311	0.0002632840798	0.0002847385935	0.0002792558024	0.0002964850858
	0.000290742599	0.0003015085829	0.0002962026507	0.0002975580179	0.0002932258388
	0.0002843605713	0.0002809358644	0.0002644643086	0.0002613699866	0.0002419036927
	0.0002385925017	0.0002194234021	0.0002164179775	0.0001955003832	0.0001954698452
	0.0001685286557	0.0001728235164	0.0001446048625	0.0001499175544	0.0001288644862
	0.0001327145888	0.0001211872533	0.0001231587226	0.000119799009	0.0001201303213
	0.0001231102519	0.0001220912117	0.0001299346452	0.0001277942977	0.0001393236184
	0.0001362592727	0.0001500103507	0.0001465396458	0.0001122022994	0.0001131702321
	0.0001105528866	0.0001120019906	0.000109200648	0.0001110905459	0.0001085298352
	0.0001108690069	0.0001090161263	0.0001118050132	0.0001112600513	0.0001144804254
	0.0001159828495	0.000119574483	0.0001239863038	0.0001278010352	0.0001360201903
	0.0001397637959	0.00015243674	0.0001556542781	0.0001726030869	0.0001748137433
	0.000194623742	0.0001955904571	0.0002162993078	0.0002160496857	0.0002365102146
	0.0002351313419	0.0002547810222	0.0002524602112	0.0002695027311	0.0002667603175
	0.0002773428479	0.0002749479794	0.0002750033769	0.0002734701168	0.000261799417
	0.0002609959189	0.0002404720749	0.0002397633823	0.0002156862232	0.0002144116678
	0.0001915104352	0.0001895978007	0.0001689542568	0.000167678371	0.0001464858416
	0.0001477067218	0.0001256619824	0.0001286809048	0.0001103857901	0.0001131709469
	0.0001015216794	0.0001032457357	9.786907292e-05	9.850606634e-05	9.802374874e-05
	9.774231156e-05	0.0001008582047	9.983096093e-05	0.0001054881645	0.0001038717687
	0.0001109593597	0.0001090807094	8.025199252e-05	8.068343776e-05	8.030248962e-05
	8.097845405e-05	8.087077143e-05	8.179578107e-05	8.230957312e-05	8.351842512e-05
	8.507344401e-05	8.66108138e-05	8.972440618e-05	9.16440607e-05	9.688643911e-05
	9.924121402e-05	0.0001071293971	0.0001099404902	0.0001207613754	0.0001239645764
	0.0001375674341	0.0001409601135	0.0001567090829	0.0001599593555	0.0001770716262
	0.0001798041462	0.0001979167203	0.0001997883457	0.0002189970031	0.0002197932143
	0.0002395305227	0.0002393506317	0.0002568400018	0.0002562345522	0.0002664058316
	0.0002661606228	0.0002641831935	0.0002647678973	0.0002494386272	0.0002506561031
	0.00022540544	0.0002265773326	0.0001974448654	0.0001978715958	0.0001703962902
	0.0001698140981	0.0001465544341	0.0001455317775	0.0001255412669	0.0001253359889
	0.0001070245104	0.0001081613301	9.25664886e-05	9.414815294e-05	8.306932116e-05
	8.427528417e-05	7.784810331e-05	7.845684919e-05	7.576896539e-05	7.582326447e-05
	7.584327524e-05	7.544291293e-05	7.730606424e-05	7.655384126e-05	7.945870142e-05
	7.85411908e-05	5.589045945e-05	5.606770323e-05	5.675708634e-05	5.704884968e-05
	5.829130457e-05	5.871123349e-05	6.085819324e-05	6.143970062e-05	6.493952708e-05
	6.57336025e-05	7.112414619e-05	7.220752106e-05	8.002971331e-05	8.151059046e-05
	9.212358203e-05	9.413244247e-05	0.000107463728	0.0001101091197	0.0001255325138
	0.0001288106272	0.000145443288	0.0001491421132	0.0001665159861	0.0001702002477
	0.0001886704346	0.0001918057098	0.000211957015	0.0002141527157	0.0002352053868
	0.0002364868434	0.0002548025604	0.0002557162831	0.0002652606967	0.0002665736528
	0.0002621109501	0.0002642334516	0.0002448879465	0.0002475731787	0.0002174980383
	0.000220052049	0.0001860160103	0.0001877318389	0.0001558335803	0.0001563868482
	0.0001298243043	0.0001294974228	0.0001083112163	0.0001078807503	9.063934331e-05
	9.077463073e-05	7.67780679e-05	7.741010511e-05	6.69643335e-05	6.762451428e-05
	6.074448515e-05	6.116631078e-05	5.723752889e-05	5.737489029e-05	5.560411769e-05
	5.549301496e-05	5.518868333e-05	5.488345294e-05	5.545738551e-05	5.505328692e-05
	3.821339155e-05	3.828002254e-05	3.943637102e-05	3.9552922e-05	4.141231099e-05
	4.159059863e-05	4.452980515e-05	4.479481487e-05	4.931183682e-05	4.970695716e-05
	5.640235535e-05	5.70030011e-05	6.647193611e-05	6.740389252e-05	8.000163583e-05
	8.145262513e-05	9.698996345e-05	9.918117349e-05	0.0001168198679	0.0001198956963
	0.0001385878308	0.000142446757	0.0001617741368	0.0001659820753	0.0001865135578
	0.000190439463	0.0002128178006	0.0002159602221	0.0002389913014	0.000241315314
	0.0002605182143	0.00026254339	0.0002711616955	0.000273601333	0.000266359845
	0.0002695538745	0.0002461438855	0.0002498238773	0.0002151502641	0.0002186456866
	0.0001801092124	0.0001827310563	0.0001468438731	0.0001482441696	0.0001185086623
	0.0001188483213	9.569338963e-05	9.551185012e-05	7.773369356e-05	7.758658576e-05
	6.393702619e-05	6.405175357e-05	5.388325067e-05	5.414042536e-05	4.705012144e-05
	4.727124301e-05	4.270326269e-05	4.281150956e-05	4.011401088e-05	4.010485081e-05
	3.869728473e-05	3.859133271e-05	3.800392639e-05	3.784377932e-05	2.587790516e-05
	2.59005872e-05	2.724273429e-05	2.728586064e-05	2.940523187e-05	2.947687772e-05
	3.277537462e-05	3.289247413e-05	3.791437175e-05	3.81099707e-05	4.55257516e-05
	4.586465313e-05	5.636198475e-05	5.696636537e-05	7.099847356e-05	7.207512438e-05
	8.951671239e-05	9.134819509e-05	0.0001113454863	0.0001141817507	0.0001355925536
	0.0001394405425	0.0001617367704	0.0001662095636	0.0001898474278	0.0001942796502
	0.0002196342659	0.0002234548832	0.0002487217298	0.000251838634	0.0002717222053
	0.000274595625	0.0002819325735	0.0002851775435	0.0002749903406	0.0002788773897
	0.000251555749	0.00025582861	0.0002169658921	0.0002210171367	0.0001784904462
	0.0001816780196	0.0001422799925	0.0001442494728	0.0001116543948	0.0001125001409
	8.728879445e-05	8.743264532e-05	6.848939698e-05	6.83946166e-05	5.430843828e-05
	5.425633694e-05	4.395484696e-05	4.400079916e-05	3.672752824e-05	3.680827052e-05
	3.191111909e-05	3.196757243e-05	2.882832567e-05	2.88403724e-05	2.692563777e-05
	2.689545168e-05	2.57867241e-05	2.573004245e-05	1.753074657e-05	1.753763614e-05
	1.894726722e-05	1.896211619e-05	2.118409141e-05	2.121185681e-05	2.466698752e-05
	2.471859584e-05	2.998713345e-05	3.008641183e-05	3.790155247e-05	3.810044123e-05
	4.92532939e-05	4.965980548e-05	6.475696082e-05	6.557191471e-05	8.467193975e-05
	8.619987079e-05	0.0001085894443	0.0001111495318	0.0001356807287	0.0001393845358
	0.0001653316563	0.000169877604	0.0001973274268	0.0002020698319	0.0002308288311
	0.0002351610594	0.0002626200083	0.0002663888295	0.0002865639581	0.0002901077651
	0.0002958166485	0.0002996163281	0.0002864204415	0.0002906888146	0.0002597364648
	0.0002642611284	0.000221719047	0.0002259873246	0.0001800327929	0.0001834822197
	0.000141047587	0.0001433376738	0.0001082012027	0.0001093797399	8.221901015e-05
	8.263032381e-05	6.237428451e-05	6.241922219e-05	4.75843344e-05	4.753941656e-05
	3.686151972e-05	3.684098232e-05	2.934773718e-05	2.935969959e-05	2.426891223e-05
	2.428806699e-05	2.094396942e-05	2.095270358e-05	1.882267911e-05	1.88163272e-05
	1.749491736e-05	1.747736463e-05	1.201721598e-05	1.201902965e-05	1.345112985e-05
	1.345591061e-05	1.571669456e-05	1.572728288e-05	1.925021816e-05	1.92734443e-05
	2.466469758e-05	2.471715136e-05	3.276182276e-05	3.288321629e-05	4.447309645e-05
	4.475299639e-05	6.067224003e-05	6.12904219e-05	8.18565179e-05	8.311011599e-05
	0.0001078741797	0.0001101182378	0.0001380274587	0.000141468394	0.000171558911
	0.0001760129188	0.0002077774241	0.0002126735847	0.0002450404259	0.0002497776151
	0.0002791622836	0.0002834988694	0.0003035346804	0.0003076125367	0.0003113762473
	0.0003155348066	0.000299345363	0.000303741019	0.0002695138945	0.0002740094247
	0.0002283400467	0.0002325350976	0.0001837371241	0.0001871809526	0.0001421798532
	0.000144572302	0.0001071982793	0.0001085524436	7.959083357e-05	8.018377945e-05
	5.86351336e-05	5.881087561e-05	4.31622119e-05	4.317734401e-05	3.204638361e-05
	3.203062233e-05	2.429945732e-05	2.429262079e-05	1.906377724e-05	1.906584076e-05
	1.562092998e-05	1.562387232e-05	1.340631909e-05	1.340561515e-05	1.200464994e-05
	1.200012864e-05	8.443443264e-06	8.443828038e-06	9.882836894e-06	9.884264787e-06
	1.215952062e-05	1.216352109e-05	1.571646126e-05	1.572716656e-05	2.118224429e-05
	2.121081109e-05	2.939511594e-05	2.947057551e-05	4.136821757e-05	4.156072416e-05
	5.813852596e-05	5.859845009e-05	8.047371629e-05	8.146943469e-05	0.0001085494974
	0.0001104410563	0.0001418702237	0.0001449420928	0.0001795149579	0.0001837255633
	0.000220145871	0.0002250561145	0.0002610398757	0.0002661142409	0.0002970925646
	0.0003019074674	0.0003213848032	0.00032588698	0.0003274410798	0.0003318036138
	0.000312708797	0.0003170316864	0.0002799232414	0.0002841713766	0.0002359269412
	0.0002398141698	0.0001887482144	0.0001919619789	0.0001448584497	0.0001471663074
	0.0001078569381	0.0001092509083	7.865204431e-05	7.934398317e-05	5.657613062e-05
	5.684800131e-05	4.041146674e-05	4.048858888e-05	2.891244914e-05	2.892338248e-05
	2.096623394e-05	2.096395894e-05	1.562546171e-05	1.562415461e-05	1.212192134e-05
	1.212213527e-05	9.868196674e-06	9.868200414e-06	8.439657173e-06	8.438799856e-06
	6.160753554e-06	6.160797441e-06	7.601790652e-06	7.602158777e-06	9.882828126e-06
	9.884262916e-06	1.345100543e-05	1.345586232e-05	1.894627035e-05	1.896163964e-05
	2.723679816e-05	2.728262864e-05	3.94086569e-05	3.953626457e-05	5.665594452e-05
	5.698222364e-05	8.002684028e-05	8.077647793e-05	0.0001100684558	0.0001115785509
	0.0001465518437	0.0001491607116	0.0001883973549	0.0001922172378	0.0002334789129
	0.0002382585169	0.0002777547632	0.0002830546542	0.0003153286377	0.0003205125753
	0.0003390716722	0.0003438786654	0.0003430842501	0.0003475059307	0.0003256890709
	0.0003297763643	0.0002902074509	0.0002940403794	0.0002437545362	0.000247153052
	0.000194362565	0.0001971665049	0.000148412867	0.0001504797538	0.0001095463007
	0.0001108640951	7.881207821e-05	7.952892566e-05	5.564257659e-05	5.597221367e-05
	3.880533236e-05	3.893057279e-05	2.694561245e-05	2.698393724e-05	1.882590654e-05
	1.883473081e-05	1.340701977e-05	1.340830313e-05	9.868321175e-06	9.868428209e-06
	7.597527484e-06	7.597536524e-06	6.159868751e-06	6.159779435e-06	4.719274154e-06
	4.719274318e-06	6.160753656e-06	6.160797613e-06	8.443442577e-06	8.443828556e-06
	1.201718495e-05	1.201902377e-05	1.753041074e-05	1.75375309e-05	2.587560155e-05
	2.589970839e-05	3.820179036e-05	3.827499646e-05	5.584614116e-05	5.604633085e-05
	8.012729651e-05	8.061610989e-05	0.0001119778216	0.0001130266585	0.0001514824487
	0.0001534252611	0.0001974288209	0.0002004984421	0.0002468015742	0.0002509809779
	0.0002941409273	0.0002990950619	0.0003328057226	0.0003377887535	0.0003556379794
	0.0003602055761	0.0003574999894	0.0003614953681	0.0003375929465	0.0003410362807
	0.0002997323758	0.0003028047437	0.0002512071681	0.0002538148659	0.0001999759444
	0.0002020999289	0.0001522722357	0.0001538695063	0.0001117474879	0.0001128181706
	7.960576476e-05	8.02354869e-05	5.54110207e-05	5.573525717e-05	3.794382926e-05
	3.808657577e-05	2.575317561e-05	2.580716434e-05	1.748167617e-05	1.749905322e-05
	1.200074125e-05	1.200530391e-05	8.438858392e-06	8.439729794e-06	6.159781752e-06
	6.159873046e-06	4.71915796e-06	4.719157912e-06	
