6144	
	10.76282441	5.139697146	8.174008257	10.76282511	8.186961627
	5.026879143	28.7708521	10.55229714	22.21521016	20.39709194
	24.04544571	7.859910542	47.945787	16.25486379	35.25188857
	29.68519763	42.19794278	11.69205923	63.78020427	22.686667
	43.81738428	36.75130474	60.13440353	16.46563705	71.64584568
	28.9919332	47.17537573	40.36771862	73.51395155	22.68131899
	66.18663294	33.68340202	45.74863016	40.73168782	76.26164749
	29.1321946	43.93794578	35.42196233	40.9559337	39.13014196
	62.64904266	34.01002415	7.204022622	33.5684962	34.68579449
	36.7608507	31.48138003	35.80294024	33.63020263	28.50885227
	28.29771662	33.56818265	12.75850658	33.85077131	63.21407446
	21.6616033	22.08978996	28.67613167	49.7788417	28.63471802
	70.44927642	14.93368666	16.04250404	22.07671669	68.43112713
	21.68214596	56.25778072	9.786214212	10.68344569	15.17848949
	63.05525821	14.9263154	30.8201846	6.679742695	6.881633548
	9.686276195	41.31838805	9.787329826	3.540789089	5.383763368
	5.363615	6.537532728	14.23504418	6.690893766	22.78117925
	5.559022613	6.159698424	5.892413194	12.81945733	5.396486886
	46.11871291	7.006397636	8.431399066	7.080441379	37.53963432
	5.557621901	61.71362298	9.67317452	11.56352825	9.152216314
	57.29052886	6.983801204	59.39296992	13.45432543	15.09359681
	11.5626502	63.54688805	9.675290448	30.00567104	17.73982981
	18.42837159	14.31501444	45.44527998	13.56793826	23.6348631
	21.17444827	21.01852713	17.85601473	2.597298239	17.986355
	81.50725777	22.35132523	22.73529552	21.89671446	56.75719357
	21.45537772	120.5409026	20.89558493	23.68398946	24.93652955
	102.2130003	22.54034796	130.5081269	17.64872852	23.73957019
	25.75507786	121.363697	20.94708664	116.8827641	13.87337417
	22.67771959	24.37113122	115.3407451	17.60998621	91.55441659
	10.48405148	20.53473173	21.55190401	94.44500303	13.82765517
	64.36153073	7.846612529	17.57923527	18.04737828	69.02758698
	10.50054182	40.64863124	5.924020705	14.11021832	14.32057675
	45.50910718	7.962572624	22.40097227	4.466072194	10.37558254
	10.64724076	26.69094382	6.142032753	9.867460902	3.166371174
	6.613291152	7.271724637	13.26685194	4.753878208	2.576535152
	1.866845541	3.18046515	4.462127275	5.038087212	3.468087037
	0.3202103316	0.5898912151	0.6626093143	2.33491803	1.402604276
	2.101698194	0.5896482563	0.2238073899	0.7277242233	0.706468195
	0.2238070244	0.5759507875	20.46988624	7.793265914	24.01804124
	28.84573779	22.28020752	10.57477241	30.35590404	12.30013164
	31.05012221	30.35784575	31.25208895	12.41396602	39.33057391
	16.95837613	38.65513836	34.07465666	39.48682825	14.67047056
	47.91155429	22.91170061	44.94362751	37.6332887	47.1539461
	17.46754957	53.21706927	29.74300862	47.85528619	39.91333793
	54.38549233	22.92839158	50.33640577	35.65104537	46.87813309
	40.46404748	57.47417122	30.28216561	35.26262455	38.69379637
	43.1159163	40.11252761	50.57157321	36.75307138	11.49133244
	37.69294932	38.12761984	39.45512688	30.98530498	39.82311084
	28.39682316	32.78669933	32.5187151	37.49679061	16.63626805
	38.34972861	52.65851054	25.49184339	26.013259	32.83167872
	40.24336837	32.9260488	59.7899716	18.02529832	18.92341342
	25.68424477	56.7229827	25.44492621	48.72412136	12.14929377
	12.58116985	18.00191691	54.01235791	18.0600991	27.14806926
	8.506515874	8.373754045	11.89107165	36.4685074	12.27261121
	4.353900677	6.954817676	7.021171691	8.477147708	13.38725753
	8.649203184	21.27501088	7.161363516	8.161629453	7.874717191
	12.27305049	7.089499456	41.64602673	8.898762266	10.8057227
	9.20014223	33.56156259	7.240621543	53.64460711	12.12877195
	14.30187324	11.33251316	49.57326919	8.885656756	47.64577969
	16.71992176	18.2011108	13.79317262	51.82429385	12.15775839
	16.97207116	21.8395551	22.11956571	17.16510597	31.47786805
	17.04153695	35.83640099	25.78097671	25.69255438	22.20241656
	14.57781526	22.47626409	87.29848647	26.91517185	28.40372246
	27.67735826	64.42765234	26.43840255	119.1960112	24.913512
	29.58601741	31.10015207	102.3849356	27.29733494	124.2508731
	20.85271981	28.87142017	31.17235198	115.9162777	24.97871727
	108.8173099	16.24350418	26.47077417	28.42057793	107.4376288
	20.77404274	83.94588611	12.15699455	22.94609242	24.15355973
	86.60462664	16.23245231	58.35966624	9.012476001	18.84711215
	19.45950895	62.6082007	12.35607427	36.73970897	6.754210815
	14.58528686	14.97918522	41.09665766	9.47164662	20.79827668
	5.088839243	10.51590652	11.10669926	24.53528889	7.421188353
	10.58215405	3.71548339	7.035987355	8.102920929	13.42133235
	5.81121544	5.08381087	2.477294741	4.421115407	5.877373149
	7.061243437	4.313007089	2.351441452	1.351233166	2.342173845
	3.829629934	3.833762097	2.893243321	0.6507445106	0.576164099
	0.3245518714	1.403149599	2.323021529	2.084205198	30.53480664
	11.89966025	42.97659617	49.47135151	36.40426408	16.9033829
	35.10654452	15.06138396	39.92746624	40.30579396	40.25817218
	17.91334031	37.31822607	18.46046963	41.48769636	37.1964562
	42.46261034	19.10292507	37.21352444	22.72837635	44.51148361
	37.07122781	41.37961718	19.9026841	36.87393408	29.03485453
	46.70785538	37.9970943	39.23723304	22.97807475	35.64595734
	35.96515979	46.51756205	38.97990837	39.46216935	30.02061334
	29.77629227	40.73970002	44.20149413	40.00316547	39.48402062
	37.94830601	20.72080951	41.18005801	40.76370156	40.96120676
	33.54114194	42.66986896	26.49557982	36.83725528	36.10592956
	40.25634531	25.80757962	42.08402687	41.89473273	29.26813564
	29.53429197	36.16226858	32.88850574	36.75121577	48.02834662
	21.17751555	21.73478573	28.98260276	43.99004417	28.99542683
	40.34939049	14.75878966	14.76726432	20.96393037	43.47121328
	21.23565795	23.43650527	10.75758211	10.43137943	14.52008012
	30.80030829	15.01492227	6.811606563	9.033815483	9.304433399
	10.96439073	13.08225167	11.00728787	19.55215912	9.315548589
	10.74474671	10.37968431	12.47621933	9.25424159	35.94257765
	11.4146091	13.74989931	11.76612404	29.04017639	9.437133221
	43.45899797	15.28202608	17.60032412	13.90638257	40.38957969
	11.37106076	33.29778633	20.71717461	21.89242335	16.53493385
	37.92635868	15.35527139	8.396219538	26.66640456	26.57678935
	20.96666152	16.32053923	21.37748792	49.61623903	31.05865889
	31.35806999	27.82685245	30.18477206	27.85699971	93.13278841
	31.9899509	34.94783934	34.51322509	73.41356339	32.14453718
	116.5102448	29.19048059	35.90048827	37.74817866	102.592813
	32.46801094	116.0585201	24.0816289	33.92807845	36.5105909
	109.5788756	29.12476022	98.95964091	18.54525969	29.8845995
	32.0455122	98.31206396	23.89478973	75.13568608	13.85641193
	24.90950176	26.26910723	77.72888449	18.61991139	51.95426885
	10.44279639	19.86250608	20.63335475	55.68609354	14.35226453
	33.24346114	8.136508488	15.32778757	15.98033951	36.8544048
	11.29736674	20.16464753	6.511315599	11.75372309	12.69878255
	23.07916737	9.113676392	12.09449095	5.15520573	9.263648731
	10.59286555	14.22888819	7.320811839	7.349000964	3.811744122
	7.281786688	8.889847523	8.971257235	5.682091311	4.417320366
	2.462185401	5.028739563	6.968669419	5.847157449	4.262540553
	3.176862412	1.850550296	2.601586618	5.011676735	4.413877212
	3.41089401	39.59285721	17.30693309	63.76052704	69.73352704
	47.78074508	24.95573267	40.89926778	18.86270243	49.42205173
	51.58609644	49.87185014	25.9453831	39.11657702	20.67545822
	42.27563817	38.92276179	48.76536475	26.02979352	32.77896991
	22.78484686	41.40596998	33.67070637	42.59991883	24.80790653
	24.63261018	27.17960433	43.46522853	34.13435828	31.75835193
	24.16569415	23.34767349	34.26046131	44.91303509	36.70551662
	24.92218266	28.5083311	28.31289933	40.83226417	44.34445805
	39.24586386	31.50023688	36.97061705	29.93546448	43.22295632
	42.16517826	41.12938419	38.03887167	43.58428744	28.95126169
	39.94488423	38.27468369	41.17122431	35.52067421	44.37727798
	32.22771032	32.47168374	32.01228527	37.87700483	30.08828988
	39.49164141	35.60073111	24.0903566	24.22156202	31.41575936
	31.29376163	31.79343347	31.43405608	17.47083575	17.27558131
	23.83825751	31.84995231	24.08950507	20.08149904	13.36680446
	13.13269435	17.54226027	24.72588569	17.83434198	9.795537317
	11.60805531	12.23383509	13.9914669	13.64522569	13.68655582
	17.68237206	12.05108416	13.9042956	13.3720145	13.38154003
	11.86317895	28.8112117	14.59014612	17.20965677	14.7043622
	23.92416223	12.15719725	30.78662741	19.16049367	21.38080604
	16.79427229	29.46261278	14.47938938	16.36313192	25.44700165
	26.16567763	19.87805403	21.65538043	19.32827729	21.96908678
	32.10762118	31.87380398	25.98778915	11.67066974	26.58039399
	64.03570425	36.68381935	37.90075643	34.7666534	46.9881876
	33.93834575	98.05199593	37.06093496	41.88278603	42.00110168
	82.45398663	38.12766022	111.8299843	33.1619405	41.88388162
	44.13003988	101.7738004	37.4538676	105.6490988	26.85139791
	38.11322098	40.92088102	101.6199609	32.81421898	87.30861519
	20.41468212	32.24609773	34.539748	87.5831958	26.53669874
	65.29769302	15.30853095	26.03028435	27.51277664	67.74565584
	20.68092032	45.37229436	11.88429074	20.66636307	21.63152037
	48.38895588	16.220469	30.18822325	9.723759021	16.84315647
	17.78672777	32.87494743	13.12190958	19.96873905	8.15264146
	14.60981846	15.83708229	22.03685445	10.84474004	13.45916848
	6.653455211	13.21721117	14.79748549	15.02712833	8.899286887
	9.293273507	5.072513022	11.80363969	13.84959409	10.57608483
	7.140414851	6.983679895	3.648657775	10.35231968	13.0316691
	7.9824278	5.608328773	6.534516197	3.116503736	9.783369676
	12.98456534	7.107882867	4.577364306	47.16034534	24.9974565
	84.70292243	88.16545538	56.70796999	34.62356769	47.50966727
	26.07538275	60.71172255	63.25587217	59.19069183	36.83055736
	43.96406383	26.28691537	42.14030034	40.87706389	57.54545856
	37.02681766	34.85320328	25.5813862	34.85039831	27.46336894
	49.74200995	34.34957717	20.91834306	25.95723293	38.07679223
	28.35925882	34.86051985	29.45275167	16.43400307	30.76265526
	42.8613141	34.66693185	19.41220931	27.38669161	29.72487639
	38.31244308	44.19870899	38.76112619	27.59477133	33.50896608
	37.73585292	43.02512718	42.26464349	40.1210394	42.29484644
	41.82569449	34.36755492	41.48878234	38.40270275	39.72783378
	43.94212962	44.68168966	26.10701149	34.6358959	32.8048313
	37.27306385	32.63768652	40.73508628	23.35850972	26.3586968
	26.02465997	32.40569306	21.14737205	33.36024682	22.56269988
	19.96532326	19.98286818	26.22989557	20.10145171	26.12140722
	17.66551803	16.16221869	16.42183229	20.70718929	19.14826339
	20.36922879	12.87373108	14.64893967	15.78365836	17.40566041
	15.00665507	16.51001941	15.99020382	15.43673305	17.62608104
	16.74648655	14.70268398	14.87755381	20.40826962	18.5461048
	21.15556317	17.92263676	18.50527709	15.45854043	15.59310821
	23.86725907	25.63238882	20.03074378	16.97850757	18.3598048
	6.682348177	30.86151433	31.07961489	24.17388984	5.065002155
	24.23557116	40.94515965	37.83303131	38.00046589	32.52433062
	28.65587156	32.58437281	77.34711232	42.0014102	44.89650586
	42.73350086	63.33791604	40.2590922	100.4410512	41.26482326
	48.30387452	49.24940148	89.45818403	43.58192921	104.1800084
	35.95387597	46.38709191	49.04682488	98.29190043	41.3386143
	92.63286821	28.44103837	40.33951608	43.24960679	91.14892415
	35.23827835	73.83821146	21.35512336	32.79530629	35.08980902
	74.98388295	28.10122389	54.58027542	16.21290942	26.10278402
	27.64731095	56.75642778	22.02265335	38.70916506	13.09699492
	21.68990662	22.85347676	40.89482455	17.6914919	27.34546939
	11.17405779	19.78098809	21.00706952	29.10856758	14.71489975
	19.76040181	9.574377209	19.36639374	20.90526347	21.10138475
	12.40478774	14.75204516	7.89495429	19.30619953	21.32549734
	15.80468609	10.35073033	11.69452226	6.233184276	19.33584027
	21.99379944	12.48884493	8.495572812	10.29201997	4.898116446
	19.95269464	23.24212269	10.75675904	6.870585461	10.0089917
	4.313076012	21.62609674	25.34195525	10.17132042	5.710250044
	53.58460793	34.58494707	103.2136007	102.4928135	63.90577632
	45.2307333	54.73480346	36.7876535	72.42735703	72.96108039
	68.00903677	49.60730186	51.70333262	36.96163858	43.14950729
	43.24563388	67.9191037	51.37485703	42.80912698	34.31072294
	25.59812172	20.04503561	61.23224156	48.81501162	28.19992237
	29.61258117	31.69455495	22.58873691	46.40984995	41.06165425
	18.72106153	27.75426144	42.09870161	34.73777926	27.09217254
	30.80829788	31.37774468	33.30533287	45.19789961	39.92321536
	26.82690981	28.59802483	42.81846322	40.21814765	41.74617271
	38.76668889	44.16848704	37.16457668	40.24318295	41.24701704
	36.32675429	35.97060949	49.82925522	43.00252408	26.07912593
	35.64030808	31.49687215	34.01538031	38.18833376	40.64520374
	13.72636222	27.75542577	26.86486135	31.55378815	18.39667408
	33.60732628	14.84546069	21.93203085	22.6672086	27.71097325
	10.01820351	26.96484519	16.41318651	18.91007681	20.07125754
	23.60870683	15.08683192	22.24937412	15.53044184	18.05265214
	19.77350473	20.87211378	16.43458137	19.24226675	15.26206113
	19.46326101	21.7610613	20.24105606	16.15468993	18.19616495
	13.08245603	23.28919524	25.44499465	21.26598204	14.75431431
	19.35032767	6.3702981	29.29355344	30.25679643	23.76557976
	9.394805802	23.08742612	26.53966631	36.58000098	36.58544172
	29.83000225	19.46758879	30.02968899	59.29774318	43.07913352
	44.61047131	40.44506113	48.22722332	38.94587116	86.83607586
	45.92057064	51.38776772	50.73379354	76.42017251	45.88321031
	98.09481447	43.40651569	52.80102081	54.71269337	91.62162123
	47.28794577	92.42920457	36.51499024	47.94007219	50.89372282
	90.33456337	42.95613567	76.72829693	28.08790792	39.42584822
	42.22444618	77.49512204	35.51845116	58.70828	20.90159335
	30.94897534	33.06272714	60.58049326	28.05551032	43.28306606
	16.29074631	25.41522871	26.93018475	45.13243572	22.3660142
	32.17425613	13.81583249	23.82543254	25.1593031	33.56900165
	18.58863537	24.84060389	12.21567462	24.85946055	26.38383749
	25.81825922	15.9433511	20.01265375	10.66317693	26.72836697
	28.67344782	20.73957666	13.73820365	16.86835793	9.01638463
	28.76350998	31.26282359	17.41637341	11.71512872	14.99464434
	7.503805558	31.1482108	34.19201817	15.35744784	9.889595444
	13.88088249	6.281764199	34.14452069	37.56579131	14.06918378
	8.275492663	13.09124535	5.535593978	37.65591479	41.31947785
	13.1640626	7.038844027	59.62950953	45.2079499	116.0122169
	110.0395117	70.04737998	55.88889516	62.81997181	49.63690159
	81.47177439	78.01234473	76.51050825	62.954047	62.0618997
	51.42925115	45.26175576	44.23629489	79.24354885	67.30594412
	55.33909775	48.83073827	16.04145706	13.45228019	75.39828422
	66.40940568	42.02150931	40.94826914	27.36354642	20.79299529
	62.48844795	57.92279582	28.04647998	30.36600571	44.21997348
	38.06972808	41.57868004	41.76642409	31.79324572	27.39727965
	48.42244622	43.27055654	28.53083918	26.08994709	44.24689298
	35.00476976	41.72034555	38.03906678	42.33702599	29.96867005
	44.80724396	39.64489747	32.5565491	30.59255826	52.42672766
	39.99163204	30.99038065	36.04872101	28.17562144	28.40989907
	44.08787663	40.22285594	12.92814733	28.52779809	26.65346285
	28.88289336	23.53152191	33.23362224	10.04006891	23.21594289
	24.93751758	27.8907063	6.932488088	26.67773426	15.66260794
	21.34946284	23.58731595	25.64783185	12.55534581	23.22137954
	17.48072884	21.61363182	23.777549	23.81330611	17.05434194
	21.61798866	17.18085631	23.9573396	25.94883455	23.42363939
	18.10320577	21.63740352	16.53684798	28.54649499	29.76193659
	24.5986287	17.90734793	23.72270322	24.40109452	34.88685485
	35.00126494	28.29282583	22.38976557	28.48846258	46.93347468
	41.64518876	42.28795412	36.85535239	40.05828833	36.18247739
	72.97967815	46.54000798	50.70508874	48.63197976	64.40531689
	44.57905368	89.05146064	47.06600962	55.79897977	56.81445706
	82.43584836	49.32590884	88.97227733	42.34865469	53.71349112
	56.37715162	86.24706426	47.81412895	76.11107659	34.11957657
	45.1959954	48.13539612	76.91935264	41.32176335	58.39026011
	25.50772538	34.56523564	36.98649972	61.00599444	33.27827811
	42.71768973	19.14396382	26.90290696	28.6205944	45.36022072
	26.54847216	32.38366707	15.81976858	25.40373463	26.72452555
	34.11336784	22.12074773	26.86361027	14.33902714	28.55898206
	29.95303791	27.7424913	19.36531912	23.87073756	13.23103509
	33.1555258	34.90689145	24.35369274	17.28757071	21.84631405
	11.93951395	37.81601063	40.02940081	22.20613101	15.37013725
	20.21780333	10.52481602	42.4455805	45.07081827	20.52935995
	13.50941158	18.72220026	9.18150039	47.18941635	50.05210707
	18.99676501	11.74931645	17.14596203	7.947764693	51.9831171
	54.90458978	17.39083649	10.0952429	15.50352771	6.967857997
	56.55274679	59.54006356	15.72402956	8.684809688	65.77502157
	55.89940941	119.8195291	108.4192971	75.40139408	65.64678169
	71.77340021	63.07095373	84.49886452	76.11488832	84.57466711
	75.50386685	74.3232766	67.50308756	45.87949603	41.51272509
	90.72323309	82.9156969	70.83752066	66.60972507	9.86130888
	9.055103493	90.59145657	84.73851542	59.30271072	58.00852125
	28.0182286	24.51619878	80.54739038	77.343397	41.6082249
	41.54216091	48.7982179	43.42624976	59.05744847	58.4439944
	31.99639591	25.01211891	53.17932638	47.62468233	34.31398886
	31.5739993	41.60001715	28.06148605	42.65405423	38.13178882
	36.64167797	21.38317026	47.03898321	37.5487456	28.09331196
	24.76943575	51.47006638	36.55880691	37.34345117	36.9993306
	23.47658239	21.49087256	48.91753989	40.84601269	19.46044977
	29.50977093	25.42289439	24.87610726	30.77944657	33.67076863
	9.076419632	23.9432721	26.14160118	26.41611875	11.55928899
	25.93811628	14.29040225	23.19881416	26.13128685	26.06007174
	10.09246395	23.2592963	19.11440757	24.90682606	27.01793203
	25.448344	16.80762514	23.34233403	23.00615923	28.33827957
	29.49460684	25.7663012	21.87203088	24.82595919	29.62378005
	33.42454831	33.48194535	27.84976809	28.13922236	28.09666771
	43.20336416	39.31701463	39.20626133	33.58296443	39.71008949
	33.7516112	62.10866488	44.41636282	47.06185561	43.98906988
	56.80465258	41.30756325	77.45075831	46.71087499	54.54001565
	54.60988731	72.26447531	47.67545256	81.39539217	44.5278589
	56.43254477	58.50927569	78.09958029	48.95667921	73.03195731
	37.95347793	50.0833376	52.83754368	72.61970049	44.29014877
	56.96939788	29.3579569	37.920473	40.49537901	59.57709427
	36.61750261	39.97601069	21.96880577	26.11612717	28.0343631
	44.45060862	29.78731752	28.42460252	17.82695873	22.71986458
	23.78448151	32.62742856	25.53487395	24.76403212	16.46463698
	28.64848338	29.47405174	27.17439714	23.2324837	25.17986531
	16.00198386	37.16714379	38.31220721	26.26596899	21.63471496
	25.74053115	15.31060407	45.35213501	46.95210448	26.36754155
	20.03528012	25.36140086	14.21708288	52.84603767	54.82093555
	25.90458209	18.26058473	24.07920523	12.87682122	59.7745912
	61.93074909	24.63407486	16.34899283	22.12661759	11.45107358
	66.15712737	68.29234167	22.69386593	14.39014752	19.74183144
	9.995293265	71.86077009	73.88414284	20.29978095	12.44291408
	17.24794205	8.68662298	76.72159507	78.74411882	17.76357936
	10.66441269	71.88887553	65.68302352	112.5750162	96.66597207
	79.80813192	73.64380698	80.93951267	75.65571311	79.1645185
	66.1767477	91.61977183	86.03979143	87.16010321	83.15698447
	42.08844724	33.54989745	101.2003222	96.50674726	87.41871226
	85.00115395	9.652911314	8.303782586	105.0343215	101.5589484
	78.28065814	77.53400059	32.40558272	30.76586243	98.51871709
	96.59077562	58.4609024	58.46194299	53.66420063	48.70343789
	77.86010069	77.48970667	35.73729205	31.22356563	57.40857402
	51.1896327	45.57998293	44.65618493	35.39356123	20.33283493
	43.70586151	38.28002178	28.88922571	14.60376926	46.56788695
	35.41846447	23.78800262	19.76071167	47.18014415	32.93108466
	43.13589269	39.25914139	18.25300712	14.96329749	52.21128406
	42.9087869	26.84573371	31.62283618	23.09289765	20.27985227
	37.60427022	35.99921299	11.03759939	24.44873922	25.39852268
	22.99879293	17.04975127	25.77264858	12.78243926	24.07222412
	26.60646796	24.14869197	8.372890866	22.50597837	21.82269126
	27.08880585	28.40395418	25.09813822	17.68001499	23.99810638
	31.43306887	31.3137606	31.34947522	26.87529756	28.13892756
	26.97988645	43.07672101	36.13718026	35.56524146	30.75012617
	39.86885779	31.26941128	56.3965665	40.51397377	41.56799032
	38.30114217	53.19207541	37.09040267	67.0364154	43.18795149
	49.01862159	48.30798668	64.55975278	43.20982467	69.97749299
	42.99264627	54.29671733	55.36938984	68.37168118	46.42005995
	64.87416239	39.07005993	52.86686907	54.61709966	63.51245446
	44.18396239	54.25860332	32.08716952	43.3450892	45.37848399
	54.08932293	37.60191425	40.33717593	24.97515359	28.38570148
	30.73913594	43.57037012	31.19177397	27.27684507	20.95569806
	16.30446499	18.3270816	34.12626183	28.57638272	21.83185952
	20.14071877	22.17072032	22.32684722	28.87343726	28.43968651
	24.39805769	20.3266399	36.03106205	35.91554427	28.72727843
	28.19115709	28.03665512	20.12406819	49.17308259	49.4785055
	30.48201696	27.06233902	29.74212459	19.25831633	60.63911134
	61.43945719	31.4186822	25.22741848	29.41630061	17.87981671
	70.60830379	71.7582211	30.82102535	22.96494717	27.60901996
	16.18709909	79.2498388	80.55673208	28.89778222	20.47689671
	24.90553954	14.34533999	86.61248805	87.94271991	26.1015776
	17.91966613	21.78091576	12.45544267	92.70418397	94.03840483
	22.87005312	15.40287527	18.6528416	10.70184765	97.57389146
	99.01912302	19.60203527	13.07785535	77.31784497	73.6953227
	94.47947999	75.78237743	82.8764713	79.29308276	89.17318066
	86.18421943	65.00808898	48.70979688	96.87107001	93.70991771
	98.8961058	96.71892882	32.46031712	20.27846097	109.4350498
	106.8416457	103.0166791	101.7847271	12.82188546	13.99480112
	117.0101039	115.1313223	97.00857334	96.75994523	37.73670636
	37.6890046	114.421177	113.4083934	77.1637772	77.54132411
	57.20889161	53.03597178	96.17852115	96.10754062	45.88677994
	44.56344085	59.61721621	53.21599462	60.95364694	61.18809031
	27.85812508	14.31663539	43.81553816	37.91367175	24.64236187
	17.4386299	43.50640361	32.69428013	20.1932695	16.8687795
	40.0889471	28.24653158	47.89164718	42.38959327	13.60128607
	11.85342545	53.92096553	45.23830567	34.35785283	35.12001775
	19.78929357	16.46955015	44.05281565	39.92187683	16.63478922
	25.0959333	22.16234104	18.06281717	23.95984808	26.923237
	14.66957209	23.39799922	24.17890784	20.04849576	12.91845752
	21.14839249	26.0525573	26.78946459	26.95504587	22.84514023
	21.66006623	22.92453613	38.68832742	30.88917472	30.43461958
	26.62211823	34.55432353	26.75664965	50.74829761	34.40303951
	34.77434794	32.13881238	47.37858258	31.25352555	59.03737112
	36.67044194	40.39310626	39.5598094	57.47314008	36.12856834
	59.54626142	37.55120471	46.28761412	46.55393925	60.37269332
	39.99971958	52.96822082	36.70329748	49.47588278	49.62207895
	54.20424947	40.55166964	45.47849506	33.23434212	47.35001845
	47.18246586	44.04685545	36.66540052	39.47564495	27.78971578
	38.36214352	39.0035425	37.11629822	30.49906953	32.45817184
	24.108478	22.76779456	25.62709443	34.54213873	28.16605469
	26.3173662	24.69703939	10.07732722	14.35893932	34.16909208
	31.94004261	26.0884416	26.6765587	25.48571675	24.85592136
	35.24924144	36.06501479	30.07890914	27.44456508	45.06459107
	43.45303284	37.10889905	37.219533	33.4902172	26.75747048
	62.38572914	61.07593576	38.42867726	35.78937254	34.57279286
	25.11360678	77.10682804	76.42236518	38.2619926	32.97356079
	33.48445252	22.93895766	89.487643	89.41251724	36.48179662
	29.59347791	30.90457768	20.49425863	99.78952192	100.2185803
	33.46826399	26.05949903	27.51512914	17.95878836	108.2274052
	109.0721757	29.74480296	22.58127661	23.83498279	15.45283611
	115.009298	116.228163	25.76690358	19.27394327	20.25752746
	13.13375514	120.3606786	121.9601318	21.8935198	16.24995703
	81.29427603	79.3540519	67.70564219	47.93757008	84.22049432
	82.35065122	95.36775642	93.83476043	43.37967944	25.26886104
	99.70962665	98.12259707	108.0491038	107.0104994	17.86358065
	6.05596597	114.5102765	113.2691968	115.7945395	115.3050557
	19.55128252	25.3218631	125.2514629	124.4087208	113.4600387
	113.534904	43.45130307	45.61902507	126.6345083	126.2400766
	95.60155846	96.13644684	59.59345308	57.07635718	112.1185415
	112.2305811	60.91565313	61.09344172	60.02754041	54.42058836
	77.68222793	78.21654835	24.57980568	17.2201403	43.10889297
	37.50284128	30.66040371	29.32500326	38.18899427	28.28156456
	18.42378308	17.14182047	30.88766871	21.43271281	51.50848316
	45.13223253	12.0881798	14.58334054	53.86256214	46.11366139
	42.4051005	39.54469138	17.22569965	16.21567145	50.35661714
	44.28849011	25.29269711	26.35146079	17.66704382	14.47352691
	32.67526878	29.59158556	20.20316564	20.81239827	19.50294207
	16.03840309	21.27680077	19.65073135	29.17081599	22.66513961
	22.87023468	20.05603695	26.1358775	19.47284855	40.1802073
	25.3816581	26.59847025	24.88689336	36.71346087	22.73285009
	48.3359205	27.00700838	30.54357827	30.12000395	46.08034266
	26.27171349	49.80181829	27.93066377	34.66340943	34.8837906
	50.26805117	29.5591127	43.32333323	29.18811586	38.36369847
	37.85004631	46.57649565	31.97072215	34.29818756	30.13974164
	41.45968309	39.20537919	37.06305216	32.41446771	30.75290376
	28.86915846	43.13664839	39.83080304	28.40062779	29.72865494
	31.46964975	25.86909876	39.43137744	37.48323566	25.96892598
	25.132006	31.61058464	26.15590322	27.19328845	29.14348863
	30.55621388	27.0518959	32.1359878	31.26201009	14.36538555
	19.7744178	38.54511199	37.38445976	35.00011018	35.86351523
	29.03531115	28.40992726	45.23033002	46.22675629	38.62930317
	37.19207745	52.52186865	49.14763742	48.66000845	49.26848889
	40.74388224	35.81927798	74.19639734	70.57248469	49.08558597
	47.58522715	40.5654863	33.01821269	92.73030091	89.840872
	47.26061527	43.48202897	38.41489804	29.64336822	108.2067216
	106.3587815	43.87107541	38.56976714	34.97109525	26.11452193
	120.9802405	120.1821824	39.52089555	33.61160092	30.88372055
	22.64181447	131.4233359	131.5718877	34.72877121	28.90466378
	26.63390764	19.33989126	139.8802633	140.8485116	29.88963485
	24.55547666	22.5640738	16.32130589	146.6691228	148.3412901
	25.29525829	20.63433347	83.28385086	82.42039831	34.70277142
	14.98523988	83.56682015	82.80505013	98.83642237	98.2346922
	16.47056879	3.741364124	99.78534996	99.21196584	113.7094307
	113.4122419	11.12960617	22.38927006	115.9590841	115.5986213
	124.5359379	124.5580042	31.19729496	40.73062511	129.1101822
	128.9695052	126.0301093	126.3589055	50.56303063	55.42089225
	134.1614649	134.2317666	111.6803935	112.2760924	62.16766672
	62.01017637	124.1704059	124.4532179	77.53182074	78.15017637
	60.0831651	56.10873095	93.26149977	93.78992059	31.12791847
	29.0927246	42.73612972	37.96170281	44.01051288	44.33504899
	30.86444066	21.41737414	19.56213487	19.66715896	20.73896182
	12.74897137	53.19831715	46.13674707	15.13640882	19.56049705
	51.29089506	44.224762	50.03517229	44.12395579	18.28593516
	19.85165034	55.54109835	47.91891184	34.18787771	28.93946971
	16.14295486	15.93834202	41.29059267	33.56525804	25.10309341
	17.62200083	16.20295492	15.58906082	28.38457355	19.35587724
	27.96452672	15.11715141	18.84312417	18.37461269	27.14615253
	14.23164315	33.62704217	15.47340158	21.83776146	21.70532578
	31.85720659	14.97484661	36.06468096	15.91329607	24.30962434
	24.33580313	35.38074692	16.89119375	32.97253643	17.78898803
	25.73956383	25.3236772	34.53357462	19.42818948	26.79057146
	21.67734458	27.19959383	25.31066835	30.02638252	22.94231747
	24.03184039	25.28850434	32.10403296	27.63524203	26.53652464
	26.41249515	25.60657108	25.95418173	39.78970093	33.3081891
	25.13796674	26.72204626	27.88667216	24.14808954	43.25091427
	37.4129349	22.68338177	22.08503945	31.76163721	27.41454747
	36.5169795	34.73650382	26.69547471	24.04365923	38.40607019
	37.69816347	24.01295526	27.47170689	41.22149691	40.66411002
	45.24593649	46.395939	31.36133904	31.65933723	54.92412146
	56.20512098	49.55192397	49.39749482	56.37433478	51.81295732
	61.91955461	63.16408999	50.6233018	47.69873885	82.31539619
	76.17194347	62.64630076	62.35959507	48.98376508	43.57760414
	105.3490314	99.50445932	59.45365084	57.23695839	45.47452676
	38.64995045	124.9406959	120.2186804	54.2631598	50.57649936
	40.87648061	33.68418813	141.3214912	137.9431975	48.21481961
	43.80681647	35.80787399	28.97699557	154.8704047	152.7741724
	41.95104447	37.46849999	30.70649188	24.6318081	165.9646148
	164.9967521	35.85195354	31.71286659	25.87888512	20.71585461
	174.9644671	174.9600032	30.17042998	26.58754013	83.04380538
	82.88516542	3.815556474	23.00967255	80.74061551	80.70255693
	99.30946965	99.32099491	16.9221169	35.19089057	96.97726702
	97.0608623	115.5243836	115.7331694	31.96227734	47.80293299
	113.7116011	113.9298903	128.709556	129.1168734	47.18696247
	59.36067711	128.4319974	128.7809403	133.7945048	134.3679154
	59.94675713	67.42959798	136.5862006	137.0331873	123.8535525
	124.5434998	66.10740689	68.4746082	131.3887141	131.8847793
	93.05970848	93.79176951	61.02216765	58.97390238	105.8621383
	106.4077183	44.24460289	44.17951354	43.42738616	39.49247349
	59.16917037	59.78835023	22.05919877	12.41865225	22.32627114
	22.20500166	14.26519135	9.689618453	51.5030954	44.25086493
	18.94914088	23.06395939	45.13092205	38.86509287	55.35758175
	47.8832095	21.55215031	23.43808598	57.79354706	49.70368742
	41.197869	33.18868831	18.82137787	19.01967389	47.7476925
	38.15218787	27.70635471	17.68205067	17.18940684	16.94577749
	32.84895774	21.76546871	22.83508978	9.267701113	18.00799681
	17.40529613	24.62592252	11.11776825	21.82282749	7.162119963
	19.32469232	18.15074374	22.12752943	7.479410038	19.58925118
	9.368009869	19.80873063	18.05866438	20.09815029	8.661874454
	16.9273159	14.37769052	18.7681187	16.80680689	17.45937741
	13.03824952	19.75651811	20.28707858	18.31751189	16.18021616
	19.25693797	19.57095066	26.39977267	25.173165	23.85784675
	19.80127835	26.74563199	26.45672878	29.79542945	26.40125552
	34.90488413	27.648334	32.02089895	29.86704951	28.46167795
	22.7076821	43.9522626	35.0214399	28.58459502	24.69270463
	30.63159094	24.84871534	43.12153545	36.34988314	23.61760465
	18.39044674	42.47045838	40.87098283	32.63575822	31.48500152
	39.86894899	38.49797719	55.26443161	56.21365153	32.9207295
	33.2691644	61.87715808	62.8656191	62.43798346	63.19964493
	56.32575442	51.65442441	75.15673709	76.70042206	63.57577398
	62.45280727	85.33143356	77.36774521	78.34172199	79.01392432
	60.62219802	57.35276348	112.5995103	103.6313725	74.79366648
	73.96466242	55.43672882	50.68523992	136.4889065	127.872363
	67.93042971	65.76588406	49.22613407	43.89960496	156.8088248
	149.1436355	59.85810266	56.92541937	42.7139426	37.54922101
	173.7577503	167.222459	51.63867068	48.52631484	36.3424141
	31.78855249	187.6589678	182.254364	43.78733726	40.92031997
	30.40268537	26.6636247	198.8980355	194.5604784	36.57832976
	34.19380422	80.4917598	80.79149922	44.30375337	63.63813407
	75.81908335	76.23794386	96.768148	97.17068931	51.24623056
	70.11561165	91.44213135	91.92231282	113.5264062	114.0627197
	58.9154201	76.02132074	107.9612038	108.523068	128.252612
	128.9320673	66.32213671	80.31978838	123.389585	124.0433119
	136.3994778	137.1873104	71.5577514	81.24793227	133.8908257
	134.6113274	131.1926455	132.0129038	71.59762683	76.23390258
	133.2822244	133.9941534	105.6758829	106.4624225	62.94751655
	62.6929528	114.2019615	114.83297	59.12840092	59.67356308
	44.6537553	41.36780581	73.1761625	73.80037166	15.5838479
	8.434772027	24.3788186	23.37692902	20.87027853	20.8153723
	45.29713988	38.7104274	20.33022264	23.95789214	34.86841375
	30.0030013	56.96757777	49.67632799	22.96686634	24.56842405
	55.72462817	48.61469866	45.94192796	38.12076063	20.44442087
	19.45812068	51.1929688	42.15512975	29.71453165	21.74359884
	18.02308392	15.88449295	35.94896807	26.17926455	18.67410316
	11.52229936	17.80651801	15.16775781	22.81407223	13.40579741
	12.29991847	9.636962008	18.21243598	15.09422613	14.66133445
	8.069028255	8.40821389	12.65228414	18.08671703	14.80919502
	9.345956773	9.579597818	12.03123675	17.39994161	17.13859696
	14.61193583	9.538631064	14.32770701	21.77298056	23.02749161
	16.57449124	15.50474541	18.29754733	21.03581977	31.39193435
	28.66466072	19.70005803	18.47070168	29.83369217	29.14593112
	36.0434379	31.28358953	28.95836917	24.290166	38.5711085
	35.60380781	32.23571836	26.04417535	39.94764965	31.11630221
	37.28011197	33.13377933	27.5304723	19.60257815	43.62445848
	33.57299096	24.58763732	18.09376025	41.68697632	38.48378142
	36.17752898	29.83942084	33.52274204	30.39484891	62.45072975
	62.5729891	32.83450718	31.38513229	63.71786074	63.82666304
	75.46518492	76.47613308	53.40516866	49.33648201	85.72554125
	87.01969017	78.7526349	78.92529569	83.53265539	75.21025962
	93.96123858	95.12337975	75.30782249	73.97159822	113.2204246
	102.2084258	91.72327372	91.9669726	68.42479806	65.81315571
	139.8235546	127.6460456	83.84988258	83.0591132	60.21930902
	56.9789143	162.7010979	150.3599167	73.77000907	72.2822316
	51.80595668	48.57454724	181.8097724	169.8967691	63.32009626
	61.60035298	43.75064002	40.96458456	197.38044	186.2401658
	53.36694718	51.79704391	36.3604449	34.2398249	209.8076538
	199.6379009	44.30219718	43.11526022	75.77306923	76.32937884
	86.17395032	105.0009251	69.09937869	69.74197289	91.43327463
	92.0312183	87.02053867	105.8245927	83.55888626	84.19408453
	107.9660326	108.6550024	87.51500733	105.1635036	99.15839013
	99.82814096	123.3815222	124.198649	87.07474339	102.2571945
	114.4349031	115.1862933	133.8504491	134.7802555	84.54862898
	95.93802992	126.3680893	127.214281	133.2052451	134.1505412
	78.01755609	84.56292888	129.7067025	130.5749634	114.0957416
	114.9236245	65.14965465	66.51832401	117.3730269	118.1088881
	73.07618018	73.70621518	45.3384923	42.77456543	84.11979607
	84.65632968	21.08777482	19.84484137	24.57238873	23.24429428
	34.55285357	35.08650956	34.64186928	29.41688553	18.93849059
	23.47783732	21.61041689	18.73353379	54.37064401	48.45804409
	21.5993824	24.47120466	49.0185531	43.96354907	48.62453888
	42.12646678	18.79563126	18.08738271	51.38358264	44.21924945
	32.5109953	26.35955562	15.10188718	12.13238627	38.53994848
	30.59635335	18.73607408	14.3751447	14.10677438	10.60326318
	24.03856419	16.90232973	10.28942581	10.5333412	14.28339894
	10.90721677	13.78914893	9.6537878	7.3609498	12.21730578
	14.31507569	11.42791792	8.239924521	9.554715649	12.29423856
	16.05093919	14.28030621	12.33673003	9.610503857	13.06023955
	21.50887078	21.72730884	14.59638775	13.89096894	17.46087294
	18.9088736	31.88766671	29.1704138	16.17074988	16.17531145
	28.79236498	27.72212628	39.25885976	35.42623278	22.3754496
	20.42692828	40.19944752	37.60976444	36.99994028	33.15256864
	32.83390263	26.30699447	43.57410396	40.5759036	24.52442727
	18.62415683	38.83662201	28.58583239	30.17411738	26.41118495
	34.22139155	30.33683509	33.85738686	24.55183543	22.86804038
	18.5869236	64.03321911	63.42000524	29.82481947	26.97717667
	59.12095363	58.5811187	85.82842367	86.60030257	49.16736706
	46.39242132	91.22387642	92.03317872	94.01971547	94.81055703
	78.96818748	71.810301	106.8244528	108.0229206	91.74122787
	91.77001748	108.4240298	97.23646024	107.8641859	108.7210754
	83.77240021	82.94567563	134.73583	120.8106893	100.1474986
	100.3726168	73.56329983	72.21892283	157.231019	141.8034546
	88.5516334	88.25628011	62.98841615	61.5658206	175.8232045
	159.8811491	75.97076337	75.44737337	52.94053394	51.78080696
	190.7243781	175.0018339	63.84517078	63.37823347	43.82093441
	43.11335579	202.341307	187.3592994	52.80854452	52.59047863
	69.22672334	69.82809962	125.9776126	144.2633037	61.057382
	61.66128954	83.72516269	84.29908066	121.351994	139.9079108
	73.92258518	74.42444951	99.33148084	99.96119843	115.3707992
	133.22826	88.00609396	88.48478602	114.5777153	115.3526774
	107.6878963	123.6497764	102.3153518	102.8834152	126.4539612
	127.4095357	97.74473277	110.4749557	114.6560842	115.4067429
	129.7357563	130.7769217	84.60433412	92.86431694	120.90974
	121.8170355	117.370197	118.2643911	67.075128	70.14924078
	114.861528	115.7011744	84.12156327	84.64734406	45.10039128
	43.77696718	90.47971751	90.92909317	34.7135734	34.50370709
	23.56486681	23.31206642	48.33958292	48.31761208	21.55925643
	17.50675842	17.30631055	24.51463691	12.45305133	10.89844256
	47.86470694	43.76133095	20.54255098	26.52038837	38.72340431
	35.86107391	49.06800528	44.21210007	17.33668553	19.28067872
	48.23978159	43.40124743	35.47632438	30.54753114	11.24281689
	10.20038618	39.93926629	33.95402707	20.6648908	16.43874896
	7.696528014	5.646854877	26.17791506	20.38766491	9.95272115
	7.531510347	6.597078079	4.501366345	14.47851525	9.971039452
	3.683726184	5.11149825	6.031221002	4.079371806	6.225114908
	4.339996801	8.072176516	8.593613659	6.367842901	4.989379028
	4.983356958	5.689380566	17.30848125	15.31983337	7.703323444
	6.934683507	12.72830157	11.73994647	28.92765278	25.18035345
	9.587762343	9.466651968	24.29053084	21.72515571	40.03981688
	35.9171511	15.0011884	14.14087239	38.2419143	34.86686313
	42.67787303	39.51825979	24.99597046	20.58102669	47.26908615
	43.96516933	28.35176263	25.92667331	31.9988573	23.29617495
	38.84499474	35.99268972	21.52510062	18.62128165	28.63849143
	19.22407676	14.38665091	9.669691749	58.95100555	58.33188707
	25.62974475	23.74650715	48.67611411	48.18375303	91.1501891
	91.65499888	45.60819432	44.9372399	90.57630853	91.09567749
	106.7405696	107.651389	74.13899869	69.03287192	114.9315105
	115.9654199	107.7091712	108.4161127	100.979342	91.0387648
	121.026292	122.08531	99.87388295	100.1454414	123.9478254
	110.1680635	114.8636046	115.6366394	88.16046403	88.09710805
	142.8819338	126.5610817	102.6120915	103.062318	75.50306319
	75.34050961	158.0091801	140.3816879	88.35298706	88.61658742
	63.35514888	63.30828849	169.6955969	151.7852122	74.26873239
	74.52002015	52.34384638	52.54466214	178.4035494	160.9936712
	61.36121717	61.73426362	61.36100103	61.73395422	160.9875266
	178.4095296	52.3434048	52.54416753	74.26936632	74.52050281
	151.7814213	169.7001467	63.35548925	63.30840754	88.35388025
	88.61733875	140.3794099	158.0113572	75.50378436	75.34094582
	102.6136823	103.0638794	126.5587939	142.8839185	88.16198198
	88.0984119	114.8661095	115.63934	110.1633962	123.9496442
	99.87653768	100.1481174	121.0307102	122.0903881	91.02862539
	100.9797342	107.7140966	108.421649	114.9391538	115.9745655
	69.01486007	74.13100016	106.74965	107.6624677	90.58626859
	91.10807127	44.91374528	45.58263903	91.16385309	91.67323724
	48.68217	48.19049562	23.73036191	25.60319131	58.96121211
	58.34980861	14.41367494	9.67150436	19.23058338	28.65536903
	21.51643893	18.61781377	38.88664745	36.02097113	23.30960799
	32.02237738	28.37863816	25.94405424	47.30244756	43.99284154
	20.59514283	25.010617	42.71528311	39.54732148	38.25134449
	34.87981282	14.14822649	15.00649668	40.05851704	35.93258612
	24.27509228	21.7207961	9.452337903	9.57577019	28.92108458
	25.17346395	12.69828134	11.72077272	6.904505081	7.685106945
	17.29430605	15.30215384	4.966218249	5.668456807	4.975732434
	6.36670783	8.075377833	8.586219777	6.259547565	4.351389473
	4.102306306	6.050751686	3.715657794	5.120070004	14.50262579
	9.986336356	4.528407684	6.615112938	9.962153192	7.532066419
	26.18257975	20.38995194	5.651709571	7.699079117	20.6654379
	16.43421713	39.92297111	33.94011321	10.18930401	11.23034809
	35.46776754	30.53854593	48.20593965	43.37300131	19.26345107
	17.31337463	49.04644606	44.19341415	38.68532173	35.8321588
	26.49823441	20.5155718	47.83408989	43.73660003	12.42753354
	10.89442058	24.49593811	17.28795986	21.53192779	17.49260906
	48.33249799	48.31182196	23.33049495	23.57115836	34.71448237
	34.50965332	90.46950086	90.91809335	43.80192004	45.11511881
	84.11817854	84.6440685	114.8541257	115.693068	70.16161485
	67.0879577	117.3662758	118.2600492	120.9056476	121.8125569
	92.86848657	84.61174473	129.7330915	130.7739466	114.6538589
	115.4043501	110.4766936	97.74725515	126.4522202	127.4076257
	102.3139733	102.8820158	123.6505206	107.6879274	114.5764522
	115.3513441	88.00535613	88.4841244	133.2283899	115.3711214
	99.33067591	99.9604051	73.92205998	74.42400439	139.9044515
	121.3545107	83.72457469	84.29854002	61.05766626	61.66158697
	144.2589083	125.9834305	69.22702881	69.82846283	52.80810707
	52.58995714	187.353367	202.3439535	43.81885036	43.11117808
	63.84544556	63.37835441	174.9985642	190.7254107	52.94094106
	51.78101103	75.97137074	75.44781378	159.8789281	175.8235208
	62.98888229	61.56600088	88.5530446	88.25758373	141.8015422
	157.2319987	73.56445931	72.21980131	100.1501596	100.3753385
	120.8072044	134.7385573	83.77440549	82.94746819	107.8693917
	108.7268497	97.22831643	108.4281768	91.74492283	91.77385663
	106.8342513	108.0346583	71.79320901	78.96758287	94.02699306
	94.8193932	91.23846275	92.05261708	46.36523155	49.14923334
	85.84109392	86.61827772	59.13098265	58.6001232	26.95461926
	29.79473737	64.04491798	63.44389189	22.85894015	18.58150863
	24.55205999	33.86701461	34.20827352	30.34245744	30.20508127
	26.42719633	28.59172256	38.86132239	24.51389977	18.61186758
	43.61493826	40.60417868	26.31428267	32.84950509	37.02324611
	33.16733444	40.21664895	37.62266862	20.42476479	22.37356481
	39.26850971	35.43195765	28.77777277	27.71140546	16.15830457
	16.15444579	31.87381596	29.15675366	17.43838209	18.89010963
	13.8830411	14.59333891	21.49689371	21.7145125	9.627793229
	13.05405315	12.34840986	14.29449715	12.30747019	16.05379188
	8.280655543	9.56103401	11.44212329	14.32335007	7.381747523
	12.22194587	13.79986294	9.656234612	10.91060943	14.27754767
	10.28096578	10.5252665	24.03637812	16.89867495	10.60064558
	14.09874135	18.72421073	14.36592332	38.5301706	30.5875763
	12.12527907	15.09583683	32.50226798	26.35461058	51.36177904
	44.20080393	18.07181271	18.77997897	48.61001461	42.11549536
	48.98816809	43.93945221	24.4502955	21.57426264	54.34794167
	48.43863454	21.5821412	18.72020983	23.45671965	18.91422126
	34.6222115	29.40092146	34.55153257	35.09185904	23.24829346
	24.5652611	21.0953912	19.85874237	84.11542409	84.65340594
	42.79108814	45.34266192	73.07738063	73.7081474	117.3687456
	118.1049882	66.5290364	65.15595559	114.0942786	114.9223154
	129.7039497	130.5722693	84.56860077	78.02151093	133.2036732
	134.1490036	126.3663536	127.2125029	95.94238137	84.5491745
	133.8491112	134.7789047	114.433674	115.1850251	102.2608848
	87.07335022	123.3803952	124.1974843	99.15763208	99.82739189
	105.1661278	87.51456603	107.9652063	108.6541482	83.55835225
	84.19356917	105.8227505	87.02307895	91.4328536	92.03079593
	69.09973718	69.74232048	104.9970212	86.18151478	75.77301805
	76.32937009	44.30003571	43.11305093	199.6358217	209.8049155
	36.35563392	34.2347394	53.36696386	51.79720475	186.2406049
	197.3772132	43.7517807	40.96603722	63.31992271	61.60040835
	169.8975926	181.8065713	51.80582464	48.57479314	73.77034593
	72.28285704	150.3613251	162.6992648	60.21952168	56.97964232
	83.85101923	83.06050591	127.6468717	139.8244392	68.42459755
	65.81330361	91.72628401	91.97028601	102.2066565	113.2241503
	75.30762034	73.9713549	93.96841864	95.13161855	75.20061248
	83.53481814	78.75439396	78.92695591	85.73906644	87.03695101
	49.31154198	53.39287992	75.47321502	76.48550788	63.73021419
	63.84877161	31.35319049	32.79981061	62.46554349	62.59307556
	33.50472578	30.39382503	29.83051093	36.17177221	41.69162994
	38.49768279	24.5713442	18.07411223	33.57809686	43.64176799
	27.51822678	19.58391795	37.30456114	33.14979799	31.12292342
	39.9566114	32.24494359	26.04288663	38.58351098	35.61138435
	24.28544929	28.9478339	36.04042214	31.27964274	29.82263592
	29.13466571	18.46424004	19.69250152	31.35964215	28.64623014
	18.29522403	21.02804024	15.52269508	16.60072109	21.73944487
	23.01602554	9.56908413	14.34061433	14.63566739	17.1639474
	12.02808871	17.40304312	9.348713974	9.598188098	14.80846334
	18.08082659	8.420728287	12.65401531	14.64473384	8.066020044
	15.07972437	18.19332745	12.29293972	9.629386592	22.80593717
	13.39680665	15.16383544	17.80035154	18.66364651	11.516245
	35.9465507	26.17441564	15.89224725	18.03050061	29.70891663
	21.74205226	51.18265145	42.14473943	19.45488224	20.44157163
	45.93102436	38.11179707	55.7028633	48.59639252	24.54949462
	22.94713335	56.94543389	49.65602644	34.8458304	29.98810179
	23.93106828	20.3018351	45.27493807	38.6901394	20.8719295
	20.82668112	23.36530042	24.35793027	15.58546154	8.44943565
	73.1761604	73.80176866	41.37414481	44.64879065	59.13190658
	59.67761134	114.2000858	114.8315347	62.69864514	62.94887851
	105.6756521	106.4623108	133.2804795	133.9925501	76.23767927
	71.59926204	131.1916443	132.011967	133.8893989	134.6099025
	81.25204235	71.55737687	136.3983026	137.186146	123.3884203
	124.0420979	80.3241835	66.32052758	128.2514042	128.9308077
	107.9603889	108.5222063	76.02427567	58.9153688	113.5254123
	114.0616372	91.44176361	91.92190126	70.11332114	51.25016925
	96.76774373	97.17022312	75.81909951	76.23790643	63.63147606
	44.31400365	80.49113895	80.79089781	36.57353875	34.18871413
	194.5625211	198.8948586	30.39692446	26.65706299	43.78828851
	40.92176318	182.2576993	187.6564692	36.34488103	31.7919718
	51.63821434	48.52650805	167.2255963	173.7544438	42.71370248
	37.54997018	59.8578688	56.926028	149.1471744	156.8067377
	49.22624834	43.90116056	67.92963497	65.76581358	127.8760266
	136.4884677	55.43497312	50.68472424	74.79265464	73.96403326
	103.6345052	112.6006005	60.61844603	57.34962673	78.34256657
	79.01490832	77.36534532	85.33090459	63.5715106	62.4483187
	75.16430007	76.70856437	51.63462352	56.31309998	62.43913129
	63.19984087	61.89188895	62.88275523	33.22726722	32.87985122
	55.27865297	56.22596049	39.86890605	38.50340091	31.45735742
	32.61079122	42.4918031	40.88726803	23.58688682	18.35563707
	36.34686123	43.12668273	30.64396797	24.84303522	28.58549143
	24.6918684	35.03006695	43.95333363	28.48302856	22.70682871
	32.01973314	29.866979	27.65285902	34.89061279	29.8067854
	26.40672523	26.72643768	26.43890541	19.80831679	23.85691959
	26.37083668	25.15666883	19.23794655	19.55919742	16.19843042
	18.34332328	19.72184206	20.25375324	17.43173604	13.0448535
	16.79346091	18.75918521	16.93831132	14.33854587	20.06149216
	8.662007261	18.01510078	19.76583262	19.61178595	9.330209741
	22.10170979	7.463511954	18.11863603	19.29389086	21.83120969
	7.139406338	24.61849755	11.11028904	17.40675158	18.01035405
	22.83865946	9.267180763	32.85288953	21.7647822	16.96818762
	17.21020828	27.712748	17.686788	47.7439326	38.14412915
	19.02627521	18.82593858	41.19270653	33.18047019	57.77421731
	49.68418564	23.41791307	21.53361624	55.3320687	47.85768854
	45.10741199	38.84514349	23.02855843	18.9153179	51.47129991
	44.22162882	14.25931116	9.697780768	22.17967483	22.29336063
	22.04305296	12.40828225	59.17161554	59.79160874	39.49117652
	43.41651048	44.25110801	44.18793387	105.861691	106.4074121
	58.97503166	61.02021199	93.06164414	93.79391361	131.3876614
	131.8837434	68.47566102	66.10653935	123.8537849	124.5437622
	136.5850146	137.0319234	67.43223116	59.94437673	133.7939079
	134.3672718	128.4308237	128.7796129	59.36495614	47.18391951
	128.7083782	129.1155511	113.7107006	113.9287946	47.80559758
	31.96154361	115.5233096	115.7318542	96.9770017	97.0604119
	35.18759116	16.92732747	99.30880209	99.32012028	80.7401187
	80.70191809	22.99865542	3.816104805	83.04289312	82.88420039
	30.16465585	26.58099673	174.9620274	174.9626513	25.87548343
	20.71155747	35.85466807	31.7163065	164.9993523	165.9643481
	30.709321	24.63581861	41.95118138	37.46929265	152.7769641
	154.8685207	35.80760284	28.97752667	48.21546665	43.80843894
	137.9463093	141.320582	40.87653822	33.68561146	54.26189503
	50.57607871	120.2222532	124.9398982	45.47191273	38.64844731
	59.45006419	57.23391393	99.50817035	105.3481436	48.97839053
	43.57306624	62.64172894	62.35514247	76.17164488	82.31226937
	50.61606291	47.69215768	61.92033144	63.16419717	51.79771762
	56.36175998	49.5482208	49.39429094	54.93836613	56.21671831
	31.61670068	31.3228301	45.25621307	46.40483615	41.24034714
	40.67719458	27.43018089	23.97295518	38.43236643	37.7173117
	26.69586073	24.03367585	34.72513602	36.51408052	31.78474463
	27.42040201	22.69721124	22.09087485	37.42584663	43.2533645
	27.9086546	24.15295955	25.15095138	26.73136298	33.32771913
	39.78590584	25.62408017	25.97220443	26.51067834	26.38870047
	27.64050321	32.10064048	24.01956219	25.27346284	29.98740391
	22.89653815	25.27923221	27.17266009	26.78871155	21.60979753
	34.51149527	19.37774524	25.25331149	25.66927394	32.98805192
	17.70420098	35.38242751	16.84853736	24.26912977	24.24167758
	36.07072675	15.85468983	31.87232735	14.95204273	21.67813564
	21.80879132	33.62440519	15.44390451	27.16473791	14.2285135
	18.38694417	18.84955324	27.96935291	15.11095225	28.40281217
	19.3590928	15.61861114	16.22179128	25.12201182	17.63026666
	41.29273583	33.55617247	15.94862971	16.14494867	34.19259629
	28.93423931	55.51992441	47.89287624	19.83104757	18.26806522
	50.00850527	44.0939198	51.26103106	44.19516998	19.51820706
	15.0999338	53.15620965	46.09610516	20.72200166	12.73700125
	19.6315748	19.52187003	30.83548156	21.39232909	44.01660678
	44.34326278	37.95560133	42.72145929	31.14117885	29.11316718
	93.26322131	93.7922519	56.10719785	60.07720407	77.53925441
	78.15861965	124.1705179	124.453581	62.00977639	62.16204005
	111.6837437	112.279812	134.1608143	134.2311096	55.42283023
	50.55603315	126.0311352	126.3600283	129.1090492	128.968146
	40.73579809	31.19048237	124.5351969	124.5571043	115.9581688
	115.5973114	22.39238213	11.12624203	113.7085607	113.4109468
	99.78492725	99.21112833	3.738140426	16.4670249	98.83492001
	98.23274108	83.56611052	82.8040512	15.00024144	34.68527043
	83.28371761	82.42006973	25.29166159	20.63006629	148.3416957
	146.6671507	22.56382346	16.32111142	29.89269728	24.55949261
	140.8499026	139.8800857	26.6343435	19.34083616	34.72872905
	28.90523742	131.5742313	131.4214781	30.88160573	22.63964118
	39.52124081	33.61307805	120.1848345	120.979025	34.96820651
	26.1119855	43.86856794	38.56833911	106.3615133	108.2047552
	38.40926446	29.63805306	47.25515674	43.47756359	89.84284341
	92.7280032	40.55794968	33.01148751	49.07834608	47.57872403
	70.57072588	74.19273618	40.73558797	35.8125642	48.65708574
	49.26550136	49.13517262	52.51279395	38.62428368	37.18946174
	45.24264904	46.23620836	28.37601593	29.01059525	35.00887511
	35.87294708	38.57188527	37.40434666	19.73429199	14.32839829
	32.16697999	31.28674764	30.57164055	27.06087645	29.13508016
	27.19499706	31.6387688	26.17234616	25.97828463	25.14572709
	37.49784943	39.44018557	31.468297	25.86324363	28.39328094
	29.74576173	39.84651528	43.13676898	30.72720329	28.85664944
	37.01231105	32.39227727	39.18533347	41.43209584	34.27809681
	30.100695	46.54169492	31.91121603	37.78444579	38.29548447
	43.32027543	29.12265646	50.28792088	29.49634619	34.80869244
	34.58712019	49.7861908	27.87372547	46.13608379	26.23223256
	30.07802829	30.5003857	48.30264409	26.96890534	36.76987698
	22.71728679	24.88268206	26.58638066	40.15085313	25.35630693
	26.1818153	19.47131585	20.06777825	22.86845989	29.16232131
	22.65396746	21.31591267	19.65466903	16.04704052	19.49607927
	20.22455634	20.81651816	32.68615856	29.58217596	14.46859327
	17.6495956	25.31124059	26.35064146	50.33514026	44.2561725
	16.19531769	17.20418194	42.3858688	39.51504594	53.82556526
	46.07205101	14.53815536	12.05270618	51.46280653	45.08166749
	30.86290691	21.40746688	17.09982297	18.38434217	38.14998426
	28.23904424	30.67420013	29.34609094	37.49216862	43.09017642
	24.59386858	17.25165329	77.6890296	78.22547515	54.41670906
	60.0149032	60.93138593	61.11128592	112.121445	112.2344471
	57.07503269	59.58076873	95.60992092	96.14580071	126.6353361
	126.24114	45.62033205	43.43850665	113.4638568	113.5391288
	125.2507559	124.4077372	25.32770547	19.54060873	115.7947728
	115.3051573	114.509622	113.2678987	6.054509079	17.86393241
	108.0488418	107.0095911	99.70849161	98.12070711	25.26978204
	43.37586187	95.36447923	93.83066505	84.22063944	82.35031801
	47.95984007	67.68897232	81.29728878	79.35672396	21.89309621
	16.24980256	121.961805	120.3581519	20.25791035	13.13486994
	25.76702966	19.27491085	116.2310629	115.0074377	23.83144617
	15.44827599	29.74183566	22.57918812	109.0752432	108.2243968
	27.51005914	17.95313472	33.46417348	26.05707096	100.2209245
	99.7868317	30.89782367	20.4876403	36.47473759	29.58830334
	89.41352949	89.48480959	33.47650577	22.93230328	38.25346618
	32.96697074	76.42166407	77.1048624	34.56528103	25.10870971
	38.42050907	35.78279192	61.07256915	62.38407147	33.48418566
	26.75467064	37.10568999	37.21711453	43.44335992	45.0609082
	30.0762755	27.44506975	35.26197945	36.07471216	24.83454947
	25.47752085	26.0996254	26.68701963	34.20309882	31.96427008
	14.34370947	10.08743134	26.35720075	24.72536945	34.56254043
	28.18083094	25.63300025	22.78750259	32.49331304	24.12769889
	37.08640802	30.49390512	39.00334096	38.36118709	39.46302104
	27.75883012	43.9711373	36.65277597	47.15839992	47.31632286
	45.4306143	33.17165099	54.12709623	40.51865413	49.56403196
	49.40822648	52.92863081	36.64111174	60.35682674	39.9518919
	46.48560297	46.21554616	59.51168203	37.51201666	57.52380833
	36.09182792	39.52028722	40.35548075	58.98539548	36.65181841
	47.4460261	31.23573866	32.13407442	34.76713391	50.69138481
	34.38643299	34.60188407	26.74689148	26.62421932	30.4289702
	38.64787302	30.87069653	21.69381255	22.91812338	22.83297603
	26.93651186	26.03166608	26.77498813	12.96441949	21.1481108
	20.01976653	24.14641045	14.67500794	23.39476711	23.97870515
	26.91647055	18.02928348	22.12507264	16.66475106	25.09863408
	44.0358867	39.88895577	16.44239258	19.75939498	34.35337624
	35.09730483	53.88021314	45.18645853	11.81050349	13.57166888
	47.84941303	42.33357574	40.05389481	28.20400483	16.82468598
	20.16095849	43.45528309	32.62871194	24.65403408	17.47123829
	37.89568821	43.79142493	27.84574612	14.30194435	60.96754058
	61.2060969	53.20734027	59.59611781	45.90589093	44.58583342
	96.18613403	96.11660118	53.0317227	57.1895312	77.17705435
	77.55590556	114.4249558	113.4122191	37.68716144	37.72010141
	97.01586085	96.76752666	117.010686	115.1311678	13.99655864
	12.81079749	103.0185535	101.7860293	109.4352301	106.8407013
	20.27551841	32.46014756	98.89710216	96.71875932	96.8683207
	93.70591297	48.70879631	65.00268326	89.16744166	86.17706041
	82.87971426	79.29581696	75.81007864	94.4662205	77.32730087
	73.70463398	19.60214258	13.07901225	99.02410977	97.5694307
	18.65127341	10.70039144	22.86518824	15.39843795	94.04314441
	92.69958964	21.77498157	12.44836541	26.09451179	17.91426495
	87.94520226	86.60894047	24.89950313	14.34100806	28.88918227
	20.47062236	80.55704424	79.24778117	27.60269969	16.18424967
	30.81222418	22.95863238	71.75651072	70.60797691	29.41211925
	17.88107973	31.41213164	25.22265409	61.43704645	60.64047382
	29.74126988	19.26292972	30.4785215	27.05931792	49.47557946
	49.17488412	28.03867962	20.12929357	28.72800418	28.19078129
	35.90922371	36.03166389	24.40233664	20.33090632	28.8884716
	28.44724231	22.31729535	22.17508507	21.84836098	20.15008877
	34.16379385	28.59566589	18.33765718	16.33759534	27.31907504
	20.97855156	43.5917329	31.19836238	30.74750677	28.40481354
	40.37386108	24.98187893	54.04371829	37.57247134	45.34953536
	43.31406867	54.24956021	32.03587955	63.41669873	44.13568074
	54.54808732	52.78756022	64.82158309	38.98515312	68.30282995
	46.37481718	55.29062171	54.20954457	69.91232638	42.93314378
	64.56685042	43.18333442	48.26286086	48.97387145	66.97114184
	43.17508054	53.24164148	37.08353491	38.29988649	41.56806495
	56.33440481	40.51815022	39.89751097	31.26366865	30.75557508
	35.56750499	43.02900201	36.1312405	28.13159458	26.96566181
	26.85901406	31.33219494	31.40037564	31.29783069	17.66077467
	23.98227177	25.06138626	28.36953111	21.79173125	27.07067803
	8.375612788	22.49892847	24.09948629	26.56082352	12.74985403
	24.06187081	17.0709543	25.77017287	22.95085558	25.3533148
	11.05775449	24.45263265	37.59605708	35.9731513	20.24619511
	23.06009759	26.85694434	31.61122829	52.16998601	42.85148283
	14.93048464	18.22967503	43.10004504	39.20288076	47.12874203
	32.86588645	19.71690634	23.76045649	46.50182407	35.32861577
	28.86719468	14.5908736	38.25121151	43.67558141	35.34362382
	20.25196425	45.59442369	44.67802735	51.17330322	57.38067813
	35.74001325	31.23050256	77.87247373	77.50340237	48.69451114
	53.64249591	58.47532228	58.4777116	98.52644245	96.59769681
	30.75976559	32.39050163	78.29095596	77.5439161	105.0370276
	101.5599943	8.297540451	9.647084024	87.42267984	85.00356012
	101.2019066	96.50666168	33.55057923	42.086925	87.162856
	83.15787956	91.61446355	86.03280879	66.1739998	79.15713511
	80.93151746	75.64567423	79.81729266	73.65327179	96.6928396
	112.5707851	71.90660434	65.70202748	17.76170941	10.66303342
	78.74987376	76.71574625	17.24466364	8.682344184	20.29252641
	12.43622313	73.88784913	71.85532468	19.73735194	9.992739833
	22.68719911	14.38632394	68.29238709	66.15603248	22.12416967
	11.45518143	24.62884349	16.34640726	61.92879648	59.77655636
	24.07981374	12.88543921	25.90382455	18.26121244	54.81842164
	52.84986342	25.36680868	14.22990445	26.37189225	20.03803552
	46.95066072	45.35616752	25.74941311	15.32276565	26.27300855
	21.63702434	38.31062771	37.16970991	25.18869077	16.00920748
	27.18189057	23.23264565	29.4699231	28.64978978	24.7706971
	16.46637852	32.64177635	25.53660832	23.78320547	22.72945708
	28.43799235	17.83002648	44.47802789	29.79503759	28.04616907
	26.14074432	40.00691751	21.97827621	59.59220888	36.61363187
	40.49349542	37.92379651	56.99928028	29.35040938	72.58298126
	44.25005322	52.78821176	50.02863144	73.02279444	37.89991877
	78.02759199	48.89372014	58.42208019	56.33600668	81.33515036
	44.45242436	72.22607777	47.62934273	54.53838951	54.46591038
	77.36612054	46.66869636	56.82569179	41.29907336	43.97302705
	47.04843748	62.0347034	44.41799005	39.73378693	33.75872793
	33.59499799	39.21646187	43.15807584	39.32621548	28.10952092
	28.08883516	27.83896108	33.47069501	29.59727335	33.41887759
	21.81111773	24.80413253	25.73198081	29.46378948	22.97827234
	28.32214646	16.74936923	23.31930511	25.40391161	26.97818967
	19.07457445	24.88717108	10.05069409	23.24582279	26.00980891
	26.08634162	14.23702147	23.18382882	11.58091058	25.93724566
	26.36918292	26.10057259	9.064851948	23.94535656	30.78328119
	33.65477879	24.84346988	25.39525404	19.48845906	29.50785832
	48.87720361	40.78819228	21.46285167	23.456024	37.31728298
	36.94777371	51.39880593	36.4705049	24.72373086	28.0634038
	46.96128245	37.44291442	36.57793632	21.30717833	38.0913249
	42.61824317	41.51847333	27.94652771	34.30849415	31.58021196
	47.6010414	53.14938934	31.96265865	24.97487042	59.07148232
	58.45883973	43.41522992	48.78066452	41.61656173	41.55158745
	80.55839929	77.35296272	24.51153005	28.01222858	59.31386771
	58.01877607	90.5959279	84.74107369	9.055648481	9.865697772
	70.84280105	66.61312159	90.72577878	82.91700844	41.51757357
	45.87884841	74.32711134	67.50540897	84.56612546	75.4941191
	76.11101501	84.49072624	71.76394835	63.05979845	75.41739335
	65.665987	108.4366552	119.8301914	65.79880124	55.92841593
	15.72096847	8.680637315	59.5424057	56.54952655	15.50118512
	6.96430238	17.38719363	10.09314324	54.90587435	51.97997547
	17.14671152	7.954533277	18.99760917	11.75306756	50.0505724
	47.19254329	18.72728959	9.195641848	20.53524127	13.51586685
	45.06907838	42.45076067	20.2278423	10.54178911	22.21783943
	15.37864591	40.02865467	37.82064434	21.85893535	11.95408583
	24.36779597	17.29450916	34.90660778	33.15797049	23.88082702
	13.23799112	27.75475209	19.36778207	29.95124619	28.55909501
	26.86747574	14.33790202	34.12277246	22.11852131	26.72233925
	25.40532899	32.38434833	15.81461591	45.3708754	26.54598837
	28.62407141	26.91340842	42.72477175	19.14143964	61.02124212
	33.27936449	36.99481652	34.58055102	58.41071534	25.50866015
	76.92647033	41.31344901	48.12494743	45.18683852	76.13166495
	34.10684143	86.2249724	47.77444029	56.32234869	53.65303052
	88.95805289	42.30424818	82.3982203	49.26561998	56.73387818
	55.71378748	88.98505557	47.01072103	64.39545867	44.54102146
	48.58224712	50.65793672	72.89018286	46.51441247	40.08094275
	36.1841008	36.85758516	42.29118635	46.87024068	41.65082129
	22.38063551	28.49593396	28.2960895	35.00225607	24.37908329
	34.89251289	17.83853059	23.70900191	24.57089437	29.7367359
	16.50983863	28.53855143	18.03074686	21.6125863	23.38540919
	25.91442706	17.14205086	23.94233927	16.99207927	21.5930183
	23.77456763	23.7425701	17.43902648	21.59557098	12.50694667
	23.20351477	25.6071277	23.55156623	15.61375503	21.3326609
	6.964712869	26.67480139	27.85373423	24.90785637	10.01682172
	23.21410477	23.55268633	33.22589651	28.85679071	26.63486193
	12.98064301	28.53035834	44.04962588	40.17059205	28.38307367
	28.15483714	30.97775479	36.00636942	52.33763867	39.89085024
	30.54553116	32.52145488	44.72499172	39.54009391	42.23919211
	29.86312167	37.99259577	41.68350418	44.14393022	34.88297635
	28.48429115	26.05566366	43.24483475	48.39729526	31.72602416
	27.32696316	41.58887713	41.77560897	38.06189622	44.21120096
	28.04085727	30.35998138	62.50030854	57.93313561	20.79698406
	27.36859518	42.02961272	40.95496117	75.4025664	66.41319987
	13.45932074	16.04576644	55.34239231	48.83362964	79.24523839
	67.30877848	44.24393397	45.26201839	62.06433358	51.4327165
	76.49851614	62.94310218	78.00916497	81.46246641	62.8091987
	49.62691774	70.06717179	55.91800805	110.0412562	116.0384039
	59.65360223	45.24454748	13.16273222	7.035078166	41.31733308
	37.65860656	13.09252591	5.536532586	14.07359101	8.281442593
	37.56620619	34.1445674	13.88821233	6.295975231	15.36840417
	9.900142307	34.19093671	31.15351655	15.00660151	7.520997894
	17.43189527	11.72641106	31.2628629	28.76747958	16.88183257
	9.029721763	20.75622394	13.74727693	28.67374398	26.72989489
	20.02115294	10.66752861	25.83156279	15.94721977	26.38307294
	24.85881064	24.84085087	12.21117262	33.57831314	18.58707953
	25.15853308	23.82579975	32.1697118	13.80717384	45.13942771
	22.36184631	26.93267657	25.42069397	43.28050596	16.28339464
	60.58687139	28.05275541	33.06970369	30.96034946	58.71324193
	20.89865961	77.50102643	35.51811678	42.22999191	39.43508153
	76.74368904	28.0867576	90.33560309	42.94699937	50.87870848
	47.92464551	92.44370218	36.50278272	91.61349718	47.2531487
	54.66199559	52.74658079	98.07631652	43.37343861	76.41195869
	45.8336812	50.67116169	51.32516187	86.76725699	45.88391305
	48.2341267	38.91911942	40.41752846	44.58701682	59.2123531
	43.06524727	19.48594625	30.03516945	29.83731107	36.59163057
	26.49418745	36.58517646	9.369908113	23.09047086	23.75553667
	30.24659256	6.352750669	29.2950855	14.71204731	19.33416484
	21.23296832	25.41538664	13.02789498	23.28085343	16.10500395
	18.17389495	20.20874727	21.73134719	15.21403994	19.45140894
	16.38095884	19.21983132	20.84384792	19.74763192	15.49787678
	18.03841237	15.04398834	22.23001567	23.58052275	20.04746166
	16.38702987	18.89428711	10.04023747	26.95834761	27.68650538
	22.65088362	14.8408686	21.92660599	18.43955044	33.60362127
	31.53520814	26.85466696	13.78342951	27.75795283	38.15692486
	40.60309944	33.98907732	31.47473012	26.08618152	35.60902526
	49.73197529	42.90525108	35.92560552	36.28860089	40.16913274
	41.15809961	44.0516371	37.05349328	38.72547567	41.71499361
	42.70992726	40.10844745	26.74519517	28.5351687	39.90655744
	45.18542885	31.29290732	33.23149321	27.09136169	30.80377261
	34.73950246	42.10013023	18.69597696	27.73326197	46.41896693
	41.06837126	22.59695777	31.70147574	28.20097238	29.61129167
	61.2340443	48.81773033	20.04509999	25.59315804	42.80521058
	34.30866726	67.91844525	51.3782606	43.25261565	43.14470505
	51.70094954	36.96352248	67.99432256	49.59706201	72.96181877
	72.41301941	54.72139461	36.77868932	63.92433311	45.26722811
	102.4807047	103.2516669	53.60340655	34.62522147	10.17436975
	5.709963385	25.33794208	21.6348269	10.01598386	4.321795523
	10.76935909	6.881642042	23.244262	19.95470357	10.30382557
	4.912153036	12.50551762	8.507218423	21.9945922	19.33991693
	11.70717661	6.244408774	15.82061408	10.36040876	21.3266744
	19.30636389	14.75819333	7.897248247	21.11264702	12.40897713
	20.90547193	19.36540502	19.75707957	9.5682655	29.11468641
	14.7131372	21.00771758	19.78171732	27.33710788	11.16392613
	40.89842303	17.68658848	22.85720638	21.69560655	38.70314655
	13.08819052	56.75928272	22.01819315	27.65426157	26.11280305
	54.57982136	16.20778133	74.98539395	28.09892826	35.09761601
	32.80652563	73.84416606	21.35340421	91.14732031	35.2369054
	43.25162601	40.34366408	92.64601898	28.43897284	98.29005077
	41.3291332	49.02947471	46.36861439	104.1893922	35.94281079
	89.46384363	43.55350457	49.20727719	48.25975264	100.4167783
	41.24140892	63.35218512	40.2227664	42.6909126	44.85646034
	77.2761513	41.9792112	28.66774521	32.5681008	32.51294679
	37.9924347	40.86782481	37.82672757	5.086695191	24.24097244
	24.17790145	31.08252192	6.676350926	30.8650593	16.99748402
	18.35832483	20.0123279	25.61586429	15.56955392	23.86602023
	18.51012156	15.44299552	17.89215776	21.12808772	20.35191455
	18.53851503	14.67790633	14.85975357	16.72225231	17.60322898
	15.93861705	15.42792784	14.95649866	16.49175788	17.3869846
	15.76629514	12.84741815	14.63857635	19.1058772	20.35062645
	20.69003207	16.40887608	17.66474769	16.14927022	20.10124567
	26.11181335	26.21632707	19.97806674	22.58122224	19.95802606
	21.18685211	33.35791731	32.39394697	26.0203629	23.40265175
	26.35860731	32.61380085	40.70621249	37.25014404	32.78265827
	26.12632489	34.61423189	43.83905297	44.60278587	39.69117747
	38.36737387	34.30151577	41.42322733	42.16543733	41.72797488
	40.0955855	42.24640911	37.62513169	42.94007868	27.4984176
	33.44481096	38.76354135	44.20670856	29.63183513	38.25159736
	19.39834366	27.37110523	34.68262094	42.87749534	16.39684203
	30.74129967	34.86489617	29.45238057	28.36587904	38.08411031
	20.91444655	25.95284917	49.73820101	34.3466945	27.45233824
	34.8378498	34.83679563	25.57204294	57.53912809	37.02764626
	40.87556123	42.12329595	43.94776204	26.27956248	59.17162195
	36.82051675	63.25773079	60.68512142	47.48706869	26.06101866
	56.71922134	34.66386024	88.13825449	84.74402512	47.16800266
	25.03428707	7.116616046	4.583609822	12.98305322	9.795268844
	6.546282472	3.129461933	7.997857027	5.619064902	13.03473986
	10.35348388	6.992793562	3.654915399	10.59063146	7.148538853
	13.84976525	11.80498412	9.298349341	5.073960314	15.0362664
	8.902839127	14.79757305	13.21504088	13.45330825	6.645468468
	22.04031537	10.84136027	15.83775765	14.61089648	19.95805867
	8.141010942	32.87527558	13.11461499	17.79100142	16.84934148
	30.18045174	9.712897903	48.38853207	16.21369337	21.63916716
	20.67639805	45.37087535	11.87702902	67.74465959	20.676992
	27.52163243	26.041241	65.30148699	15.30478385	87.57935803
	26.53566652	34.54704316	32.25507994	87.31824953	20.4135294
	101.6139897	32.81392654	40.92086681	38.11354803	105.6651037
	26.84973053	101.7772464	37.44684904	44.11421262	41.86663208
	111.8381626	33.15486019	82.47918338	38.1073065	41.97046365
	41.85206623	98.02245081	37.04801055	47.0222033	33.91458898
	34.74195856	37.879732	63.96207284	36.67312901	11.66666653
	26.57209359	25.98573305	31.87347137	21.90013426	32.10566634
	21.6703674	19.33297301	19.87771881	26.16454518	16.38722994
	25.44903997	29.50057533	14.47714144	16.77547218	21.36406113
	30.75659948	19.15911725	23.95347534	12.14623801	14.6813842
	17.18878884	28.76066242	14.58587796	13.38130561	11.85169011
	13.356465	13.88973641	17.64185878	12.04702742	13.59985029
	13.67367061	13.98079749	12.22477881	9.79590182	11.60299123
	24.67969523	17.81869633	17.53343571	13.12861803	20.11556539
	13.35879972	31.82507339	24.07851237	23.83220741	17.2780325
	31.48233419	17.4642113	31.30002885	31.78956059	31.40757471
	24.21945309	35.65688795	24.08714755	30.06618314	39.47107826
	37.85448777	31.98958864	32.27292131	32.45548302	35.41996159
	44.31612209	41.13741336	38.24166101	28.94135472	39.8993155
	37.92111696	43.50148507	41.11243709	42.15431844	29.87668773
	43.16010066	31.42920226	36.90903409	39.26211987	44.36321786
	28.26157098	40.78079848	24.91453011	28.48689487	36.73657754
	44.93846079	23.33186549	34.23542704	31.76024619	24.16351823
	34.15089567	43.47765585	24.63226066	27.17353075	42.59271132
	24.80186849	33.65949381	41.39683409	32.76464882	22.78000114
	48.75700319	26.02381717	38.90214513	42.24275367	39.09222603
	20.66187242	49.85565112	25.929916	51.58767769	49.37083455
	40.87261461	18.84161673	47.78622399	24.99411238	69.70603677
	63.7923844	39.58949867	17.32004156	4.425041547	3.421953626
	5.011069864	2.60529614	3.185145397	1.862298178	5.862110116
	4.268933518	6.976712215	5.035932995	4.422270951	2.460218873
	8.976966484	5.686363903	8.891309203	7.280270746	7.341301928
	3.806332079	14.22921911	7.319347087	10.59692457	9.266084183
	12.08089369	5.145403893	23.07567987	9.108203917	12.70688462
	11.76268259	20.15596563	6.504201651	36.849269	11.29280086
	15.99191478	15.34030354	33.24302696	8.133568415	55.67965528
	14.3502496	20.64451564	19.87496549	51.96033669	10.44361373
	77.72044929	18.61866529	26.27724525	24.92003048	75.1466467
	13.85853787	98.30218569	23.89273381	32.04847553	29.89050502
	98.97507811	18.54594766	109.5749571	29.12108043	36.50556728
	33.9241873	116.0723666	24.07862702	102.6097274	32.46007115
	37.73305318	35.88375452	116.5027692	29.18338688	73.4567523
	32.13062556	34.49308949	34.92682596	93.08287917	31.98156935
	30.22440103	27.84353128	27.81518717	31.34872637	49.53574823
	31.05375516	16.29726984	21.37311711	20.96665186	26.57861443
	8.386434255	26.66598069	37.95605007	15.35553401	16.52862846
	21.8877136	33.30064924	20.71669972	40.43923109	11.36509051
	13.88771669	17.58398611	43.41241826	15.27804381	29.07767848
	9.426656026	11.74770001	13.7325386	35.88421729	11.40890589
	12.48611277	9.245535141	10.36898947	10.73327435	19.50323417
	9.310653795	13.02703561	11.00047834	10.96054931	9.298910877
	6.796454577	9.030116369	30.73843073	15.00792415	14.5204133
	10.43315392	23.47545586	10.7552118	43.41687388	21.23003017
	20.9647729	14.7744835	40.41195692	14.75842019	43.96555892
	28.99244188	28.97677284	21.73384545	48.09685599	21.17630591
	32.85881991	36.74033148	36.14434813	29.51283923	41.93696984
	29.25687703	25.66102725	42.05238496	40.23862598	36.08014031
	26.47782724	36.81143792	33.39330899	42.62736368	40.97159041
	40.76989538	20.65416006	41.15059478	39.41759266	37.92036199
	40.04767785	44.24505974	29.74691841	40.72350263	39.46126775
	30.01837867	39.03021223	46.5674871	35.65134961	35.96839108
	39.25450408	22.98585844	38.02610707	46.73959392	36.89100915
	29.04905647	41.37800799	19.8958385	37.0765424	44.52337233
	37.20876619	22.7380787	42.43570648	19.07644797	37.1634201
	41.45939988	37.26832118	18.44644797	40.21306793	17.87957697
	40.28123188	39.85445637	35.02390295	15.03209114	36.36455579
	16.92101666	49.37344846	42.94444971	30.45530098	11.81764285
	2.330633877	2.096931869	1.403302625	0.3098758981	0.6647956718
	0.5916664209	3.833067632	2.893020906	3.827836431	2.345727681
	2.338481548	1.345973075	7.061097235	4.30594126	5.874056021
	4.424325875	5.067909879	2.46695324	13.41902635	5.798740789
	8.107508548	7.044115236	10.57278691	3.702193118	24.52936706
	7.408587623	11.11332424	10.52552723	20.79662593	5.079487495
	41.08814431	9.46061378	14.98389826	14.59288145	36.74381638
	6.747212861	62.5980758	12.34605727	19.46046576	18.85091455
	58.36699058	9.005609393	86.59463665	16.22457182	24.1524881
	22.94637003	83.95563371	12.14899361	107.4326197	20.77140006
	28.41994443	26.46810236	108.8282555	16.23618728	115.9263272
	24.98159582	31.1720464	28.8663765	124.2559504	20.84957161
	102.422348	27.29975957	31.09654685	29.58007247	119.1793761
	24.91573928	64.49019328	26.43411137	27.6695167	28.40003775
	87.24983161	26.91926828	14.62385373	22.46860057	22.19683167
	25.69247445	35.7782343	25.78216891	31.47421523	17.03984667
	17.16555986	22.1190156	17.01828915	21.83750627	51.87454835
	12.16290748	13.79240065	18.19666875	47.62764677	16.71899416
	49.6384257	8.890521795	11.32733344	14.29599672	53.58573959
	12.13197476	33.60939739	7.242941629	9.195812927	10.80270936
	41.58770271	8.904709735	12.30032294	7.089708439	7.873295363
	8.162653442	21.24194291	7.167338198	13.34940494	8.644088138
	8.473560165	7.023531118	4.429911564	6.958126492	36.42532396
	12.26262686	11.8841935	8.372867846	27.19312767	8.503806299
	53.97866758	18.05458795	17.99832423	12.57594818	48.76840447
	12.14178642	56.72766204	25.44959299	25.68444377	18.91476732
	59.81514192	18.02039028	40.28385336	32.92708709	32.82427555
	26.00193527	52.64154739	25.49253419	16.57639707	38.32349366
	37.47444124	32.51013235	28.36043156	32.78431296	30.8799636
	39.76494879	39.43095337	38.1292231	11.6450608	37.67470232
	50.52204539	36.68419818	40.10440431	43.1232968	35.34940796
	38.65579768	57.44778514	30.22982577	40.47091694	46.87984043
	50.37987841	35.60278188	54.35762973	22.91091845	39.9237887
	47.84919971	53.24775565	29.70125423	47.1229008	17.49424404
	37.64852179	44.94507429	47.95901338	22.89356597	39.46346291
	14.7111703	34.05491358	38.64716296	39.3865599	16.97448874
	31.26734896	12.43541163	30.34596403	31.0226357	30.39665644
	12.36437397	22.31468638	10.50266014	28.84781501	23.90991826
	20.46761306	7.751976841	0.5914411559	0.731407557	0.2270825246
	0.2270819871	0.7027455125	0.5747967231	1.391792747	2.094032402
	2.337750619	0.646653812	0.3244299086	0.575013108	5.017840013
	3.470649052	4.475679485	3.184822703	2.594567505	1.864616538
	13.2476017	4.761214527	7.290518988	6.629284437	9.896828492
	3.177660225	26.67507353	6.149607081	10.66212468	10.39167201
	22.42989495	4.481684475	45.49871038	7.970226023	14.33156735
	14.12185354	40.67223143	5.936504832	69.02335006	10.50988605
	18.05643171	17.58727883	64.37820481	7.856419613	94.44696215
	13.83738202	21.55986706	20.54180116	91.56555495	10.49402199
	115.3522438	17.61514525	24.37527336	22.68443216	116.887577
	13.88306728	121.3933746	20.94327844	25.75110444	23.74249111
	130.4975372	17.65361278	102.2685686	22.53063007	24.92604984
	23.67838439	120.4976041	20.891614	56.82517606	21.45091967
	21.89148987	22.72469302	81.42663579	22.34211854	2.523275499
	17.99303647	17.86352548	21.01598899	23.54600003	21.17144192
	45.46703736	13.57308329	14.32025802	18.43687888	30.03284748
	17.74782797	63.61997328	9.662474184	11.55019732	15.09689557
	59.3525392	13.45931391	57.36416672	6.958138871	9.129978334
	11.54956665	61.63425652	9.659811173	37.58338684	5.535858703
	7.061624221	8.408171163	46.04643049	6.981442982	12.83252378
	5.3877391	5.884220592	6.140116124	22.73317067	5.538563811
	14.20836006	6.702614692	6.550122014	5.355767907	3.528298184
	5.375996199	41.31288111	9.822191909	9.721672039	6.893903764
	30.83257742	6.692117104	63.09648079	14.96524703	15.21521654
	10.71499134	56.25181189	9.821186203	68.5582014	21.69651397
	22.08697726	16.07516042	70.39001053	14.97151729	49.99270636
	28.62813165	28.66604445	22.09799097	63.06684066	21.67400908
	12.95988886	33.86820321	33.58899101	28.29086692	33.39830646
	28.50209841	31.29926952	35.88415786	36.85437635	34.71707654
	7.481810256	33.59094768	62.57486728	34.15025927	39.27198921
	41.05048401	44.15921649	35.51311341	76.28131996	29.28876364
	40.85774242	45.87102816	66.32666926	33.83329577	73.57877661
	22.79835488	40.43514061	47.27488263	71.70556714	29.15276863
	60.1841627	16.4797661	36.74908725	43.86523609	63.77559621
	22.80320868	42.15876511	11.53805329	29.58679537	35.2181346
	47.84636432	16.26981893	23.84021295	7.688950643	20.31869423
	22.11909634	28.61887536	10.39855867	7.833440226	4.854970915
	10.38518509	7.824856383	10.38518487	4.885031835	
