4225	
	-7.742291983e-30	-3.096587364e-29	-0.0001266431741	-3.931534549e-29	6.644149897e-34
	0.0001483047773	-1.756786391e-29	3.221723291e-33	1.532040912e-33	0.0008137313939
	-0.000892814716	-0.002313769713	-4.978310852e-29	-2.227073241e-29	-0.001250842279
	-0.006562485722	-0.005476148022	-0.0008695856455	-1.837937523e-32	-1.216128588e-33
	-0.00573180129	-2.814259139e-29	-6.280107554e-29	-0.004346645882	-0.00611948456
	-0.0178038657	-0.03118154055	-0.01108867106	-0.01815613137	-0.0179995229
	-0.01724843692	-0.04201726551	-0.03919473734	-2.588775444e-32	-1.151157914e-31
	-0.03467224932	-0.008200354867	-0.009798454063	-7.879447779e-29	-3.540056829e-29
	-0.02510958386	-0.0328581701	-0.0489774206	-0.06614066282	-0.06364478098
	-0.08040412166	-0.09566958232	-0.1225751009	-0.06485059393	-3.834481417e-31
	-0.137836516	-0.1031722097	-0.07695395989	-1.087667446e-31	-0.1362152651
	-0.01173524724	-0.0128671523	-9.810898267e-29	-4.424131104e-29	-0.08598714906
	-0.1029692161	-0.03944389489	-0.04645702661	-0.2307874564	-0.1629670474
	-0.1268998162	-0.1775414168	-9.869866189e-31	-0.1615250494	-3.127666307e-31
	-0.2298851985	-0.3240460166	-0.3316124747	-0.202418082	-0.2326742605
	-0.2852354123	-0.2106544921	-0.3509096666	-0.01437033089	-0.01489651273
	-1.208947555e-28	-5.479324969e-29	-0.120924928	-0.1345113308	-0.05143363343
	-0.05670860843	-0.2930363258	-0.3477459825	-0.227624247	-0.1944428489
	-0.4339341461	-2.176313754e-30	-0.326451816	-7.407814255e-31	-0.4561655181
	-0.3652082145	-0.5754491458	-0.4586868792	-0.4560967764	-0.5293317059
	-0.4909903805	-0.6647708672	-0.7372430103	-0.6435606441	-0.7302721558
	-6.704885724e-29	-0.0158611734	-0.01590680186	-1.469500228e-28	-0.1478175132
	-0.1562224045	-0.05950577632	-0.06268736188	-0.4059419974	-0.4521286517
	-0.2784000432	-0.2534365281	-0.7303393872	-1.539336114e-30	-4.273228164e-30
	-0.5773066262	-0.7149262883	-0.8389345047	-0.6299797451	-0.5414828897
	-0.8512396827	-1.031393493	-1.129957518	-1.358035733	-0.8296112156
	-1.205473262	-1.021915238	-0.9751261789	-1.334504571	-1.401021165
	-1.007934271	-0.01643156832	-0.0163606938	-1.75503415e-28	-8.07755811e-29
	-2.871826709e-30	-1.119103095	-7.556817513e-30	-0.9227614277	-0.06364271111
	-0.06519848507	-0.1639910098	-0.1676165677	-0.2949759133	-0.4966081053
	-0.5275201177	-0.3097555934	-0.9724406128	-1.081099824	-0.7011365895
	-0.7700851535	-2.262007583	-1.795812028	-1.426096717	-1.800979222
	-1.19298082	-1.710151689	-1.472440631	-1.378036248	-2.421877795
	-1.836579892	-1.989916679	-1.841325463	-2.403554501	-1.638631344
	-2.248980788	-0.01671933489	-0.01684671755	-2.048753043e-28	-9.538582845e-29
	-4.823762474e-30	-1.567063601	-1.198875908e-29	-1.347564918	-0.1712721948
	-0.1726564003	-0.06547348306	-0.06647488646	-2.852169727	-2.181695456
	-2.62818738	-3.452467421	-0.56973482	-0.3175001337	-0.5542418525
	-0.3245271288	-0.8614652932	-1.187156787	-1.264191385	-0.8189834389
	-1.679078995	-1.529659221	-1.967680697	-2.180536688	-3.961559141
	-3.157917593	-3.0441185	-3.834750707	-2.640088654	-2.301536101
	-3.519745422	-3.130199599	-2.716055192	-3.8322591	-2.924458679
	-0.01729509485	-0.01753321932	-2.319893791e-28	-1.097319853e-28	-0.1751037378
	-0.1770514454	-0.06718337462	-0.06851276952	-7.228987308e-30	-1.991668622
	-1.686363157e-29	-1.793880289	-4.833226839	-4.15802613	-3.055171511
	-3.500717256	-0.5825982809	-0.589591791	-0.3324079683	-0.3278190753
	-5.5862007	-4.982595222	-6.021656196	-4.637634683	-0.887053924
	-1.331221632	-1.373500336	-0.9080822406	-2.549493287	-1.885830788
	-2.391592274	-1.788912401	-3.200827433	-3.952577515	-3.578864067
	-2.920437644	-5.746845696	-4.798103449	-4.597857963	-6.028870634
	-4.614784271	-5.273261794	-4.044963062	-0.01807759107	-0.0179856712
	-2.519101198e-28	-1.218479632e-28	-0.1803696622	-0.1831855348	-0.06959248009
	-0.07110223429	-0.5978446554	-0.6049543883	-0.3422164648	-0.3362915406
	-9.532826698e-30	-2.272446032	-2.078112209e-29	-2.156855703	-4.21582352
	-6.158795896	-5.54239525	-3.887981189	-7.452210074	-7.251716472
	-8.429404197	-6.492599923	-1.407573964	-0.9201126286	-1.428167994
	-0.9332366681	-7.280481796	-8.702867351	-7.210661486	-8.768798685
	-1.9481463	-1.99896333	-2.689835091	-2.782864415	-3.602540576
	-4.613150041	-4.327144682	-3.412045036	-6.612226255	-8.250213273
	-7.48210854	-5.088750692	-5.566929421	-6.002858438	-6.58049455
	-0.01837820972	-0.01761066848	-2.57878334e-28	-1.287945483e-28	-0.1865973655
	-0.1874930548	-0.07126677119	-0.07184281877	-0.615091598	-0.6239509932
	-0.3530669539	-0.3474080698	-0.9594093895	-1.448848731	-1.466193688
	-0.944429505	-2.320775553	-1.095391359e-29	-2.311359521	-2.235165257e-29
	-4.547704046	-7.063545286	-6.68927015	-4.44642786	-9.013942718
	-10.7767817	-9.684042258	-8.286030168	-10.19384634	-10.48060232
	-12.18791825	-11.72323304	-2.858495562	-2.030069651	-2.060197675
	-2.906139519	-11.2996456	-9.951627094	-11.98715973	-9.370555463
	-3.730198081	-3.835632806	-5.050198437	-4.872458268	-6.26890162
	-7.700848335	-8.993691918	-7.226183446	-5.932921821	-8.23326871
	-10.30736307	-0.01748009912	-0.01611864781	-2.42536421e-28	-1.269147717e-28
	-0.1878898577	-0.1834367006	-0.06978819447	-0.06810587908	-2.123779298e-29
	-2.232066371	-1.101131469e-29	-2.107944116	-0.6328176787	-0.6352935666
	-0.3541480242	-0.3546809844	-1.487923682	-1.506038863	-0.9722973352
	-0.9842302832	-2.084477206	-2.949703175	-2.983688322	-2.11327624
	-4.536766995	-4.388232279	-7.237169378	-7.24107664	-11.74623023
	-12.44059294	-9.790605783	-9.531117247	-14.25914117	-13.05795144
	-14.03128256	-15.64731141	-13.94389366	-15.84153654	-13.61125031
	-16.07168418	-3.901957994	-5.290521358	-5.196776635	-3.961313826
	-11.25313825	-13.56535016	-14.97263939	-12.42500862	-8.136896162
	-6.500144059	-11.98920652	-8.44190675	-9.581106496	-6.693484913
	-10.12566241	-0.01520422989	-0.01371821443	-2.006633681e-28	-1.128366928e-28
	-0.1776901841	-0.166763871	-0.06366581439	-0.05916197452	-1.767780457
	-1.840350025e-29	-1.94706564	-9.911093131e-30	-0.632230278	-0.6171882324
	-0.3335078982	-0.3458901819	-4.152182924	-3.840720604	-6.655960016
	-7.017501063	-0.9790801923	-1.521142337	-1.521973682	-0.9866354218
	-2.135983353	-3.020805057	-3.04794117	-2.152679031	-4.049495
	-5.425897015	-4.00493321	-5.370193965	-12.86441113	-9.528901701
	-12.81426827	-9.805107575	-15.62229261	-15.12857548	-18.20747559
	-17.12481403	-19.68040516	-17.94405372	-20.43977374	-18.28055813
	-19.0488641	-20.14297644	-16.3495819	-17.43333352	-6.917354455
	-8.695152799	-8.856067004	-6.815629272	-12.66918171	-17.42557709
	-10.82382811	-14.45109404	-10.50570283	-13.14850376	-15.27402233
	-8.507055072e-29	-0.01216954976	-0.010870858	-1.322492571e-28	-8.334232474e-30
	-1.424195398	-1.526811178e-29	-1.592937529	-0.1541807364	-0.139203849
	-0.05354210997	-0.04713811032	-0.5926751631	-0.5556445879	-0.2881817092
	-0.3130984906	-3.493967302	-3.15154956	-5.626634477	-6.170068872
	-1.505408223	-1.463557731	-0.9541816074	-0.9128792634	-8.415673343
	-11.95828412	-12.54016817	-9.059632857	-2.148893014	-3.063146929
	-3.048918002	-2.118680283	-4.086773555	-5.476003896	-4.077922126
	-5.501172046	-7.033935709	-6.982327762	-8.98200918	-9.055445157
	-15.72310403	-15.3705516	-18.86238305	-19.04175976	-24.00555582
	-21.78926542	-22.47287234	-20.96996335	-24.85278411	-22.0351555
	-24.70791435	-22.55242689	-20.31037559	-18.41977023	-21.47963017
	-23.521555	-11.16987565	-13.54334218	-13.7856891	-11.02083699
	-15.84981088	-16.32415567	-19.11863826	-0.009154830827	-0.007835627204
	-4.38153267e-29	-4.523238628e-29	-0.04159829708	-0.03492019464	-0.1225813961
	-0.1070183137	-6.903430067e-30	-1.163077489	-1.277904433e-29	-1.284246124
	-2.822394658	-2.546507283	-4.561111853	-5.083397607	-0.5096098053
	-0.4577104314	-0.2280192589	-0.2598421299	-0.7800027034	-1.39460413
	-1.300352159	-0.8540888733	-6.960792436	-10.21232043	-11.13903865
	-7.692523312	-2.993989814	-1.948736067	-2.053717912	-2.890765526
	-18.68436253	-14.70107568	-13.73115472	-17.9361994	-4.054775596
	-5.492778693	-5.427709264	-3.965242381	-7.047470936	-9.08562619
	-9.098296708	-7.010548781	-11.24293085	-14.01532237	-13.9520681
	-11.26652729	-25.44285487	-25.03532509	-21.72595213	-22.06430934
	-27.84736823	-27.29499536	-29.30487491	-26.6125318	-26.40602286
	-29.23371789	-24.89381923	-27.97769748	-25.85103869	-22.29371813
	-16.78007524	-16.60273642	-19.99979473	-19.67981427	-22.94181259
	-0.006289349648	-0.004586609376	5.284250928e-29	1.961403858e-30	-0.09008921043
	-0.07481052169	-0.02941956676	-0.02324288656	-5.90278178e-30	-1.009515923
	-1.120771281e-29	-1.075801413	-0.3457064403	-0.1661628004	-0.1982273844
	-0.4007008071	-2.308394016	-2.135433484	-3.737525883	-4.118772125
	-5.655617377	-8.34401841	-9.260401343	-6.257292911	-0.6085238374
	-1.182462425	-1.053273224	-0.6984230058	-1.637875048	-1.810516648
	-2.729271082	-2.522467688	-15.51460171	-16.81212275	-12.62514699
	-11.47299936	-5.279824632	-5.047605778	-3.579667742	-3.812290178
	-25.16439306	-24.35163343	-19.68833423	-20.93222138	-6.897591309
	-8.993836019	-8.80026293	-6.672583517	-11.21030819	-13.99313329
	-11.0420152	-13.86091068	-20.16881831	-16.81537278	-16.72761205
	-20.15309857	-30.784268	-28.20624743	-31.52097707	-28.40132259
	-31.45996463	-31.03213873	-33.46965317	-33.1604515	-29.0671324
	-32.28406029	-23.43761602	-26.59032654	-29.89752946	-26.96481052
	-23.28753307	-0.003202852131	-0.001004138251	1.437940689e-28	4.98569883e-29
	-0.05879296667	-0.04218779242	-0.01691620039	-0.01086377429	-5.343884493e-30
	-0.955199268	-1.044500858e-29	-0.972775429	-0.2888427105	-0.2352400816
	-0.106410707	-0.137003201	-2.004004246	-1.930353708	-3.245247075
	-3.457603726	-0.9133355464	-0.7773369845	-0.5222894484	-0.433272069
	-5.137343948	-4.753443974	-6.867568073	-7.550705438	-10.36101409
	-9.388221491	-12.80479848	-14.13799835	-1.250849213	-2.268503067
	-1.996759633	-1.452100706	-4.296018488	-2.939104915	-3.290951514
	-4.707786355	-16.66325267	-23.00661945	-18.23354579	-21.40174799
	-7.972389259	-8.453429904	-6.341887188	-5.871360288	-30.73282551
	-26.01031629	-31.46282359	-27.41359397	-13.10172049	-10.24316556
	-10.74257834	-13.56555765	-16.03513134	-16.49102148	-19.55451501
	-19.95081706	-27.06613739	-23.00234051	-23.34488703	-26.8638611
	-36.52312194	-34.17151342	-35.40338078	-34.08025048	-36.99051201
	-33.2185526	-30.33272637	-33.63379791	-34.87423833	-30.28550846
	-35.91673986	0.0003809223512	0.002992680788	2.168647961e-28	9.16782271e-29
	-0.02580612233	-0.006354141183	-0.003175737415	0.003387279726	-0.1805979865
	-0.1242097234	-0.04356363134	-0.07526335457	-5.139757163e-30	-0.9875886367
	-1.030977269e-29	-0.9622244603	-1.894335817	-1.906622343	-3.063694284
	-3.123862431	-0.6398610627	-0.5081388257	-0.3494473674	-0.2636970487
	-4.461812121	-4.292665218	-5.966430792	-6.355536545	-1.056882461
	-1.706970573	-1.426143229	-0.8605636687	-11.62199368	-8.549307971
	-7.914580573	-10.60058602	-17.89328531	-19.63002584	-15.13412709
	-13.76143916	-2.175539083	-3.804709797	-3.292311268	-2.569185708
	-6.555918689	-4.664424817	-5.317864184	-7.313599774	-22.37277331
	-29.31753716	-27.53795515	-24.30172527	-11.46260419	-8.70484825
	-12.37793833	-9.584535649	-33.5413099	-36.32664647	-36.81221899
	-32.15883841	-17.9155189	-15.37285671	-14.38426203	-18.86110181
	-21.44482546	-22.41294188	-26.31691732	-25.46571251	-29.23336312
	-33.1266232	-33.60873014	-29.9997352	-38.68557261	-39.61841186
	-36.27722669	-38.177129	-38.28312997	-36.35818509	-38.75590597
	-5.208984366e-30	-1.103976348	-1.063459721e-29	-1.035882117	0.004483978196
	0.007509559033	2.647897163e-28	1.223886617e-28	0.01182663284	0.0344172625
	0.01241125998	0.01977543121	-0.06701950477	-0.002688342062	0.02776373039
	-0.007575521459	-0.37546705	-0.2387228562	-0.176085403	-0.08605800395
	-1.954680361	-2.04746338	-3.1532659	-3.079559089	-4.206933207
	-4.223710347	-5.616631586	-5.735962944	-0.6733380137	-1.145860847
	-0.8760032096	-0.4838898932	-9.218937388	-9.817565888	-7.430598017
	-7.139257038	-1.797848898	-1.420361764	-2.239969959	-2.755348614
	-11.64990117	-14.92958433	-16.30837255	-12.57147781	-23.40662636
	-18.70018382	-25.47232948	-20.46536248	-4.79689986	-3.297333672
	-5.681990458	-3.995463584	-8.993194461	-6.602412969	-10.28291194
	-7.722066595	-33.29487667	-35.04598567	-28.21944707	-30.36492403
	-11.66979656	-13.18367283	-14.98521474	-16.56927531	-37.28738808
	-38.43443632	-40.28782364	-40.15171749	-24.13677775	-18.44673119
	-22.47319169	-20.18591425	-32.09290811	-28.1017738	-30.63210726
	-26.39478259	-37.84061907	-38.57711682	-40.12222137	-41.02923159
	-35.6524748	-34.37441003	-40.21411651	0.009155937635	0.01279528706
	2.862539234e-28	1.398183623e-28	-5.45445763e-30	-1.304462661	-1.113836035e-29
	-1.194429657	-2.17816928	-2.351856956	-3.499714413	-3.296095688
	0.05491293857	0.08076120189	0.0301627115	0.03850884922	0.06115775374
	0.1349763598	0.1091354794	0.06933401847	-0.09919092891	0.05448042378
	0.01319553093	0.1134972046	-0.2902852395	-0.6058375705	-0.3280574704
	-0.09118207405	-4.318760622	-4.505704358	-5.746915073	-5.630090286
	-6.990550439	-8.648656173	-8.850358267	-6.984212852	-1.05914706
	-1.730455523	-1.240642784	-0.6960129252	-13.00783116	-10.49700754
	-13.84570214	-10.94111762	-2.634829795	-3.887550974	-3.027987902
	-1.979734795	-21.45721592	-15.92536575	-19.73956749	-17.15448766
	-28.89385118	-31.12692546	-23.96133749	-26.04756196	-4.35591446
	-7.558890718	-6.154035999	-5.49057807	-8.295457544	-13.05120277
	-11.03784579	-10.0602929	-37.72002818	-35.63587535	-33.50701739
	-39.20701243	-14.09710473	-16.46701773	-20.25539863	-17.79306426
	-41.03749605	-40.32042193	-41.21881182	-41.06336741	-25.96134391
	-24.325738	-28.49194738	-21.62753789	-37.65830193	-36.33135821
	-40.26399466	-30.06863208	-32.60796458	-39.32278333	-34.2736656
	0.01471710236	0.01918225035	2.847251653e-28	1.446023388e-28	-5.679565345e-30
	-1.563901913	-1.132440329e-29	-1.42907138	0.1040416388	0.1343572216
	0.05081026577	0.06064850865	-2.562021239	-2.798986084	-4.09216658
	-3.767172571	-5.980292219	-4.773608284	-5.123797979	-6.318798511
	0.2066368638	0.2903765315	0.2016952219	0.1565530395	0.2094150644
	0.3836084069	0.2268215095	0.3388824868	0.1251050215	-0.0447429953
	0.2632964149	0.345133573	-0.3255768006	-0.7522741317	0.05407842719
	-0.2523312155	-7.122488999	-7.39348992	-8.782866583	-8.639837554
	-10.21701641	-10.2459674	-12.46979847	-12.15561371	-1.354273747
	-2.186205157	-1.382009785	-0.7290050908	-18.34964103	-14.96674379
	-17.25737949	-14.33948362	-3.296495801	-4.743367964	-3.437254171
	-2.261590434	-20.58407965	-26.69869564	-24.72750559	-22.10610927
	-31.27858627	-29.037238	-35.71968656	-33.5725592	-6.84811691
	-8.882415128	-4.917950736	-6.601324136	-14.92607497	-9.159850488
	-12.07666462	-11.69212166	-39.67139111	-37.21156609	-40.71104179
	-39.03515014	-19.33912055	-22.74591965	-15.37437502	-18.70961176
	-40.5436935	-40.23266349	-38.86172591	-38.53907452	-27.12810804
	-28.01725007	-32.17979182	-31.35085735	-35.38754639	-36.14974002
	-23.45301887	0.02158729706	0.02679962477	2.662499817e-28	1.392498914e-28
	0.1617819191	0.1983816238	0.07559437849	0.08764717407	-5.599637053e-30
	-1.807516778	-1.067905589e-29	-1.691493369	-3.053603152	-3.291627472
	-4.839820044	-4.453039769	0.3713492318	0.4683636623	0.3100122264
	0.2570382035	-7.289016529	-6.756864317	-5.548687564	-6.015540158
	-7.789578068	-8.299537676	-9.540526513	-9.08809065	0.5557260001
	0.751060072	0.4668883593	0.5928466126	0.5887893117	0.5744575379
	0.9184292059	0.8315671931	0.462249822	0.2558127981	0.8021621989
	0.8763301957	0.5537747304	-0.09355213217	-0.5835639959	0.2285691186
	-10.6887611	-12.22932364	-12.09355856	-10.36159681	-16.52316186
	-13.85918005	-13.95976431	-16.06306309	-1.279560893	-2.173148822
	-0.9777822858	-0.3046551396	-21.75037536	-23.07645039	-18.54365222
	-19.37388175	-3.378990548	-3.067763313	-1.899688162	-4.86077557
	-27.00092511	-29.31022346	-31.35424292	-25.26536183	-35.21281098
	-38.11897768	-36.35748811	-33.08651123	-4.561948604	-9.143123255
	-6.482354145	-6.816132292	-8.85452547	-15.52917517	-11.89813144
	-12.13042637	-38.188474	-38.7302148	-39.43854255	-38.17128903
	-19.63277882	-15.4320431	-19.72470862	-23.9175369	-32.75191041
	-28.93114392	-36.46421854	-28.55604133	-33.01330153	-36.46163226
	-24.14717784	0.02981230152	0.03527824654	2.374244973e-28	1.270304757e-28
	0.2315115225	0.2746490075	0.105206551	0.1195830348	0.5628336159
	0.6783404769	0.4398116986	0.3764416705	-5.019961475e-30	-1.929915895
	-9.050791322e-30	-1.887653631	-3.505639343	-3.647559566	-5.507556906
	-5.194711584	-6.961134652	-8.473675393	-7.864716031	-6.513094359
	0.8861591176	0.9432526763	1.166191388	0.7402926354	-8.917537494
	-9.577480011	-10.81715014	-10.11838893	-11.80347375	-13.08292289
	-12.56661227	-11.17928851	1.103048416	1.259002774	1.638467693
	1.371952809	1.777513322	1.328489923	1.351689638	1.950279835
	1.049583938	1.243020077	1.922163155	1.936782577	0.6811665461
	0.2023447752	1.677049523	1.393498433	-13.97392137	-15.90606592
	-14.30592867	-15.98246044	-20.18215107	-20.81319788	-17.78646315
	-18.00343304	-0.5090309795	-1.360960781	0.2321568831	0.8590119227
	-23.85144016	-22.82937556	-27.52487207	-26.05134663	-1.770212827
	-2.554139581	-0.6657679043	-3.969314249	-31.09964436	-34.42640806
	-32.58635418	-29.32447211	-36.69154002	-37.26748703	-35.00981624
	-36.13890413	-5.936340096	-5.170313833	-3.23699226	-8.302553052
	-7.672044839	-15.1813213	-10.99908688	-11.49386599	-35.54214267
	-32.98692651	-33.10028001	-36.14024778	-14.9205382	-24.30452659
	-29.27149689	-19.68792883	-24.41737959	-29.11985363	-19.67413948
	0.03869027517	0.04363606895	2.040453154e-28	1.111170628e-28	0.3130587639
	0.3594457004	0.1382837474	0.1536918836	0.7900342641	0.9244384447
	0.5900842725	0.5177085252	-3.996457423e-30	-1.854888019	-6.778360245e-30
	-1.919648774	1.386665374	1.646902813	1.060315415	1.23082589
	-5.706516818	-3.716269917	-3.682559715	-5.785090179	-7.581532438
	-9.459567421	-9.009875299	-7.349175474	-10.269249	-10.86332077
	-12.30931076	-11.55114244	1.679199818	2.011967809	2.435980798
	1.984298311	-13.33165779	-14.5186666	-13.73662451	-12.55469357
	-15.48199948	-16.78413712	-14.82495174	-16.28744515	2.271708532
	2.539682002	3.185160074	2.758421882	3.419336345	2.684309332
	2.792900386	3.726712657	2.589754807	2.727295532	3.846466906
	3.772448244	3.612960211	3.358510662	2.235245145	1.793000634
	-19.88540476	-19.83778747	-17.8116165	-18.07348534	-22.1149423
	-21.74140968	-24.95067643	-24.15563705	1.088509477	0.2741896608
	2.15678677	2.797393497	-26.69347527	-29.4507792	-30.89449036
	-27.83527002	-0.907130928	-2.328542027	1.224565733	0.07286444899
	-33.37947253	-33.48717806	-31.83474453	-34.81066745	-33.80775188
	-34.76643883	-32.722846	-32.33115981	-1.491610233	-6.999517633
	-3.644341221	-4.395075506	-10.57654015	-10.3331711	-6.494379314
	-14.75513801	-29.32694073	-24.82738072	-24.60768871	-14.76957186
	-29.3574114	-19.9592956	-19.72094069	0.0468624593	0.05045724994
	1.704428453e-28	9.408318087e-29	0.3990986179	0.44195789	0.1708098855
	0.1846221414	1.049775835	1.192200695	0.7467223618	0.6733675867
	1.619927887	1.901004166	2.196568678	1.431442297	-2.790649044e-30
	-1.581838522	-4.438078013e-30	-1.745015019	-3.545323764	-5.46844498
	-5.70985161	-3.32312682	2.338778604	2.853915881	3.334997452
	2.685226216	-7.520163037	-9.742448751	-9.709131777	-7.651966306
	-11.34595999	-11.58545734	-13.42596482	-12.94135538	-14.75659159
	-16.09763859	-15.31203195	-14.12150357	3.303786944	3.814916514
	3.839966846	4.514651815	-17.03661975	-18.15183027	-16.26154864
	-17.41342232	-20.02686789	-19.09781733	-20.39433285	-18.52298029
	4.636129986	5.612602215	4.214973281	4.987642274	4.882786403
	5.087782545	5.95791108	6.3971114	5.05344826	4.921062398
	6.548560217	6.468849004	5.821411889	6.218346618	4.511712767
	3.98644042	-21.61226817	-21.71731584	-23.46310963	-23.69145758
	-25.8384121	-27.41458923	-25.29948201	-28.3027778	3.178574983
	4.210205772	2.240032332	5.071664208	-30.49151634	-29.38811564
	-31.0291832	-32.18721619	0.9247811249	3.068293929	-0.7253240075
	1.651049669	-31.80367833	-32.82427304	-31.22814289	-31.81239582
	-25.42093447	-29.30975484	-29.18477187	-25.12716498	-3.109592409
	-0.2286705741	-6.208881396	-2.845407421	-6.234805183	-15.04310966
	-10.33075982	-15.52259612	-20.30736492	-10.66106517	-20.83916362
	0.05271627737	0.05419862988	1.393558899e-28	7.770755149e-29	0.4758063864
	0.5067047058	0.196934584	0.2059835729	1.316323955	1.444557063
	0.8838985763	0.8228116197	2.012847562	2.472247143	2.77597704
	1.829735087	-1.689099588e-30	-1.181577301	-2.500956416e-30	-1.400286263
	3.450831905	3.0818725	3.800781096	4.328197056	-3.00083622
	-2.647841701	-4.587527677	-5.106338596	-6.667560063	-9.031214269
	-9.528157311	-7.169642611	4.448419741	5.194804412	5.957614391
	5.034202819	-11.56346433	-11.25297901	-13.50909602	-13.62687233
	-15.34746766	-17.07968647	-16.69980482	-15.21244868	-18.31601362
	-19.51746816	-18.86609544	-17.78131219	5.834766795	6.549576352
	7.564269945	6.651372997	-20.87279331	-20.38391608	-19.76213278
	-21.41339166	-21.98270101	-22.34529187	-23.58262485	-23.45433187
	7.652122105	7.099021869	8.968806597	8.183033647	9.792266747
	9.358056852	8.139320343	7.950700825	9.556912591	7.994457165
	9.723236217	7.651787771	6.978267832	6.122995702	8.062260807
	8.887472838	-24.97491782	-26.3830976	-24.85402021	-26.80519552
	-28.50337437	-27.85622448	-29.20782566	-30.03532109	5.009518335
	3.729053882	6.901450255	5.603313853	-30.58726885	-29.9697333
	-30.88583105	-30.0505464	2.084056773	4.077787361	2.216070057
	-0.01760418216	-28.72761898	-28.99919655	-25.69550463	-25.9141124
	-21.40700231	-17.05221374	-22.01941774	-16.23904611	-2.908204886
	-6.610502974	-3.341171165	-0.1472037417	-7.271612538	-12.09799171
	-11.23333505	0.0547101503	0.05339873179	1.12166482e-28	6.300991922e-29
	0.5268122039	0.5376242347	0.2104164214	0.2117188552	1.544308438
	1.631023784	0.9714754144	0.9371418515	2.340653854	3.03722278
	3.298140999	2.197883249	3.850741561	4.812778841	5.331204675
	4.192001126	-0.9758970465	-8.649994486e-31	-0.7553496513	-1.169244585e-30
	-2.226061741	-1.834956413	-3.376650463	-4.033870894	5.687537302
	6.682122817	7.478619503	6.282378472	-5.224597412	-7.435685846
	-8.359853	-5.963274317	-10.60997477	-9.775292279	-12.24353903
	-13.07117773	7.55324528	8.527502653	9.574255462	8.400097016
	-15.11974451	-14.54608669	-16.72537637	-17.1101157	-18.4973714
	-20.05360482	-19.93621945	-18.59298075	-21.18767497	-22.23458573
	-21.89083475	-20.91089452	10.20100071	9.339492733	11.49332681
	10.42158459	-22.73853043	-23.0525663	-23.98526172	-23.78682167
	-24.83946131	-24.88259494	-26.13364783	-25.95607185	12.1624057
	12.93525708	11.34608872	10.81721022	11.51040991	11.41022776
	13.3168555	13.17457208	10.88348133	12.09287731	10.02502278
	12.82794379	7.445542654	8.841204628	10.83178197	9.367201725
	-27.35839418	-28.55494928	-27.00199223	-28.00661325	-29.32443233
	-28.80677814	-29.36660888	-28.70957101	5.874987994	7.665099741
	4.122070583	5.846986248	-26.09056509	-26.03792992	-28.42850583
	-28.07911429	2.020341157	-0.6281840383	1.496311763	3.861053061
	-22.57453901	-17.94331649	-18.79518203	-23.04096953	-14.1685882
	-9.320983352	-1.37946269	-13.07584071	-5.062332164	-4.053897075
	-8.226541093	0.05147146184	0.04676938156	8.929146213e-29	5.042013472e-29
	0.5369381827	0.5209826212	0.205594398	0.1966690149	1.681978239
	1.702117414	0.9822957376	0.9870597463	3.493427004	3.652094609
	2.460062421	2.526777901	4.770208624	4.525611849	5.76548943
	6.181550536	-4.108709723e-31	-0.5710448135	-3.527939503e-31	-0.3919757121
	6.907919848	8.191961817	8.928213276	7.423837816	-1.417007347
	-1.073057065	-2.140163599	-2.776532282	-3.57294876	-5.38373986
	-6.487028796	-4.35591566	9.315215463	10.53926685	11.56164997
	10.12234035	-8.650896271	-7.515871772	-9.868885217	-11.21954199
	-13.54310795	-12.34453258	-14.77279242	-15.98439759	11.57584947
	12.67769252	13.91321175	12.62099002	-17.04403414	-19.03552329
	-19.78921027	-17.950802	-20.68788611	-22.03008206	-22.3175475
	-21.12982372	-23.19712197	-23.98287701	-23.07761408	-24.08754338
	13.54772892	15.82224713	14.79075394	14.37354296	-24.8820873
	-25.81033834	-24.77526429	-25.58238806	-26.67847041	-27.09258665
	-26.36507332	-27.55367629	16.34954554	16.83279874	14.85561001
	15.0781566	14.12126235	16.20687197	16.66008058	14.826151
	15.05313068	12.95357974	11.37723588	13.55429877	7.586630645
	9.565666217	9.477741677	11.59735693	-27.76195427	-28.28378576
	-28.15039608	-27.64146549	-27.31927774	-26.03820748	-25.91308393
	-27.71471767	5.533670762	4.956274135	3.300795323	7.249992023
	-23.40327291	-19.56170531	-20.20715212	-23.62336227	2.532486647
	-2.39635874	0.7293304968	-0.2707233221	-3.537826705	-11.71665559
	-7.460803848	-10.53071977	-15.22250125	-6.202419457	-16.20510832
	0.04188822738	0.03349134422	7.056637576e-29	3.998156967e-29	0.4943118659
	0.4474880076	0.1779216758	0.1572894596	1.684723166	1.620989307
	0.8970524497	0.9488889119	2.508474345	3.730989235	3.737811697
	2.544572052	-0.1442593556	-7.706849065e-32	-0.2587662013	-9.634643362e-32
	4.959127893	6.475043121	6.688028122	5.042433039	10.05522865
	7.90521598	9.520701279	8.232091769	-0.7389291662	-0.4941482009
	-1.122071402	-1.621585605	10.93765366	12.4430757	13.30898257
	11.57714507	-2.081977263	-3.37589397	-4.401610044	-2.747362274
	-6.210017633	-5.061078472	-7.013374035	-8.532023443	13.70372528
	15.00316365	14.61507696	16.10030318	-10.79728975	-9.290479463
	-11.62650509	-13.3826119	-14.08763282	-16.32926839	-17.93756727
	-15.64466605	16.0549979	17.08559917	18.32960262	17.14003651
	-18.46133673	-20.18905758	-21.37281219	-19.73616126	-22.56296693
	-21.69933104	-22.83768937	-23.61849854	-24.42846543	-23.83361729
	-24.62182785	-25.23698193	19.06373306	18.36046368	19.8219242
	17.81956253	-26.61248096	-25.93182766	-25.37614279	-25.97724566
	-27.23638748	-27.08364087	-26.62035893	-26.48058936	20.00885809
	18.46671441	18.11484016	19.97293872	15.73568623	18.00131168
	17.22070755	19.20019283	13.84654687	13.83195287	16.10020994
	11.53869067	9.14417163	6.667099768	8.586128691	11.24899418
	-26.87693244	-25.3799162	-25.69423293	-26.38019564	-21.0228696
	-23.69263049	-23.72944182	-20.68725151	4.193667686	1.56191455
	5.925249463	3.259806079	-17.73451273	-12.83545258	-17.055752
	-13.82875357	-2.579354672	-1.380192017	0.4982273841	-4.782026383
	-8.696136773	-9.87674349	-6.012351457	-8.402400647e-33	-0.02416460304
	4.584558704e-33	-0.07284630497	3.152537087e-29	5.554134612e-29	0.02551452637
	0.01402189309	0.3931554758	0.3170672169	0.09449759693	0.1256721144
	0.7103633294	1.525090634	1.373232463	0.8095268286	2.40262964
	3.665912749	3.49519729	2.253124973	6.697036899	5.025015526
	6.760503891	4.907126147	-0.2819619245	-0.149720705	-0.4416356736
	-0.7570825929	8.449131053	10.39653593	10.59092421	8.494720613
	12.13128713	13.96289908	14.49503184	12.45848831	-0.9782655165
	-1.771565262	-2.554921015	-1.442453424	16.10704013	15.48200007
	16.99165816	17.79987913	-3.869048984	-2.92305704	-4.334806304
	-5.692244247	-7.598334717	-6.142406571	-8.087966019	-9.947940829
	18.19507146	19.35486618	20.30365385	19.0169293	-10.34987098
	-12.51088384	-14.60185945	-12.16168549	-14.81205874	-16.75825758
	-18.72400764	-16.67658706	20.24279151	21.01103462	22.08131301
	21.16953853	-20.30824225	-20.13019001	-18.67985153	-21.74395979
	-22.81030427	-21.51386886	-22.49586743	-23.77557006	-24.1310845
	-25.2118552	-24.52522313	-23.46432521	21.44268189	22.92630528
	22.5609871	21.52751304	-24.7641982	-25.01684957	-25.92713934
	-25.69010207	-24.38519023	-24.96252311	-25.0275332	-25.75791178
	22.68382832	20.0727965	22.06019033	21.11254701	18.71850814
	18.47226557	16.21781096	20.64584988	13.6341056	10.73852162
	16.11411105	13.20922041	10.07640819	7.872121456	6.999751879
	5.019088259	-21.18900141	-23.21762972	-21.18344505	-23.5274554
	-15.3246044	-14.65439193	-18.25574655	-18.5854348	4.023303718
	-0.6477761388	1.130552282	2.234393146	-11.85416984	-10.94084256
	-4.932809794	-3.772767403	-1.800741143	-7.195565014	-8.284692638
	-3.472600639e-33	1.38856708e-29	0.005536077309	1.280523252e-29	-0.00489091843
	5.066675768e-29	-0.01360737859	-0.05536732787	-0.09481246728	-0.241055775
	0.0551535367	0.2410514915	0.1496877126	0.02401954632	1.203203098
	0.9781476857	0.5749355843	0.4415390778	2.023028199	3.264244005
	1.771468235	2.922944072	6.505257597	6.142230472	4.657103381
	4.334788714	8.088180285	8.366558745	10.5792969	10.34962448
	-0.5750578887	-0.3172625904	-0.7105259376	-1.203203217	12.60156805
	14.76761356	14.8117065	12.51147568	16.57463679	18.33991335
	18.67952761	16.7590422	-2.023114341	-1.373301367	-2.253260639
	-3.264331619	19.71611481	20.99299221	21.51376764	20.13074527
	-4.657121525	-3.495304068	-4.907150109	-6.505417476	-6.697162722
	-8.494508736	-10.57957356	-8.366297606	22.49609884	21.97120453
	22.862305	23.46441325	-14.76801123	-10.5911087	-12.45802077
	-12.60094038	-16.57387935	-14.49526015	-18.34030977	-16.10654497
	24.13109088	23.50634196	23.96133254	24.76441218	-19.71559987
	-19.01658042	-17.80000439	-20.9932521	-20.30360734	-22.86240848
	-21.97090694	-21.16922267	-22.56080104	-23.96120868	-22.08121117
	-23.50620008	24.05516295	23.66753491	25.02793115	25.01653094
	-22.92608261	-23.66719169	-22.6841163	-24.05545487	-22.05976608
	-20.64641712	-21.01944188	-22.72485693	22.72410036	24.3845407
	21.01965303	23.21804945	18.74978834	15.80210793	21.18873937
	18.58538001	12.62313322	15.32520433	11.85377213	9.241173364
	8.284643658	6.019600848	2.935278732	4.933146065	-18.71824869
	-15.8024607	-16.11399121	-18.74995146	-10.07598396	-12.62250903
	-9.241569376	-13.20959368	-0.0006809587591	-2.934774229	-6.999974252
	1.799611011	-4.024058692	-1.129792784	-6.020121105	7.70549996e-32
	7.743428327e-33	0.07290012036	2.841374678e-29	-0.02516975206	6.26438456e-29
	-0.1260560728	-0.03356143179	-0.1575402659	-0.3931687466	0.7570947752
	0.4943490995	0.1442995192	0.28208281	2.554793825	2.081794211
	1.442366591	1.122016816	5.692050509	3.375944456	5.060911458
	3.869094386	9.947626735	9.290178765	7.598581411	7.013612586
	12.16241686	14.60141393	14.08720354	11.62717204	-0.8096422324
	-0.4475233053	-0.8971752091	-1.525133377	16.67767101	18.72357043
	16.33027732	18.46086115	20.30912886	21.74376875	21.6990726
	20.18985129	-2.402730753	-1.621084373	-2.508561872	-3.665972639
	22.81068841	23.77567242	22.83789059	23.83367188	-5.0249952
	-3.737851657	-5.042414835	-6.760650561	-6.688109572	-8.231877466
	-10.39677775	-8.448871807	25.37637251	24.6215975	25.2121635
	24.52525111	-10.05533139	-11.57683363	-13.96324412	-12.13084795
	-15.4816697	-16.99202828	-14.61484811	-13.30907316	25.97676531
	25.68981723	25.92759985	26.48095199	-18.19489869	-19.35522657
	-16.1002623	-17.13980981	-19.0633494	-21.01131711	-20.24254694
	-18.3294983	-21.52750332	-20.00863279	-21.44252381	-19.82184762
	25.75722333	26.38062187	24.96291928	26.61966608	-19.97271767
	-19.20051908	-20.07253836	-21.11295014	-18.00097429	-16.10047818
	-16.21778343	-18.47281098	25.37937455	23.52694323	23.6927737
	21.18331571	21.02333777	18.25628212	17.73409093	14.65371097
	10.94100701	13.82943875	9.876693274	7.195476989	0.6485982393
	3.77132763	2.580273337	6.011395927	-13.84667732	-10.73888923
	-11.24855523	-13.63365099	-3.259435068	-5.018941921	-8.586676517
	-5.925454647	-7.871776329	-0.4995595812	-2.235589298	9.58314885e-32
	0.2589622416	4.114235136e-31	3.495089915e-29	-0.04203515642	7.668979961e-29
	-0.1780978505	-0.04696912811	-0.1967008271	-0.4942666077	1.621448829
	1.073096275	0.3920218703	0.738957748	4.401410538	3.572756064
	2.7474118	2.140220919	8.531677169	5.384010583	7.515564057
	6.210304307	13.38214026	12.344073	10.79803597	9.869569481
	15.64590167	17.937089	17.04349336	14.77390032	-0.9490010615
	-0.5209405429	-0.9823880091	-1.684809316	19.73729765	21.37262634
	20.68753436	19.03649281	22.56342528	23.61873337	23.07764054
	22.03031091	-2.544617614	-1.702186347	-2.526806046	-3.731045509
	24.4283295	25.23746568	23.98244831	24.77553697	-4.959073806
	-3.65208709	-4.770142098	-6.475182798	-6.181576298	-7.423644459
	-9.520907608	-7.904989064	26.36544825	25.5816836	25.93139635
	26.61306947	-10.1221842	-12.4433553	-8.928239198	-10.93747422
	-13.70375639	-15.00349913	-11.56162607	-12.62093283	27.09178752
	27.08298659	27.6418873	27.2369557	-13.91310655	-16.05500044
	-14.79057407	-17.08601411	-16.34917617	-15.82219785	-17.81933512
	-18.3608063	-18.46664365	-18.11486087	-16.83277841	-16.65995143
	26.87627533	27.76119849	25.69444831	27.31955081	-16.20669746
	-15.0533802	-15.73553195	-17.22110322	-11.5971236	-11.53884824
	-13.55423093	-13.83184011	25.91317155	20.68661939	23.72981921
	23.62296051	17.05669558	16.20455203	20.2083919	12.83480104
	7.461516188	8.695066699	4.782609069	11.71655869	1.378155139
	-1.561098612	3.53596664	0.271836874	-7.24967073	-6.667237219
	-9.478267403	-9.143352713	-4.194237226	-4.956463075	-2.533569429
	3.524528678e-31	0.5710898002	1.16941853e-30	4.255693629e-29	9.292185166e-29
	-0.05164405913	-0.2056084973	-0.05358438353	-0.2116922529	-0.5368956588
	2.776355524	1.834912872	0.7553872349	1.417064175	6.486697841
	5.224297743	4.356190792	3.37691425	11.21907365	9.77484211
	7.436339967	8.651619404	15.98390888	14.54556112	13.54432649
	12.24461943	17.95200522	19.7889991	18.49700302	16.7263974
	-0.5375499383	-0.9715509854	-1.682083666	-0.9871730029	21.13029926
	22.31781496	20.05386577	21.18770032	23.19682612	24.08812549
	23.05288523	22.23404116	-2.46006873	-1.631063193	-2.340637801
	-3.493476866	24.88144323	25.811017	24.88301628	23.98437069
	-3.298082437	-4.191907187	-5.765614636	-4.525528986	-5.331187488
	-8.192118798	-6.282235485	-6.907788999	27.00243443	25.9551508
	26.67772861	27.55435012	-7.478587742	-8.400053567	-10.53945792
	-9.315269419	-11.5760377	-9.574180265	-12.67795766	-10.42158955
	28.14960447	28.70999196	28.00569291	28.28432866	-14.37392024
	-13.54772896	-12.16224187	-11.49327112	-12.93531544	-14.85542359
	-15.07845235	-13.17430457	-14.82620681	-13.31687834	-12.8279238
	-14.12131522	27.7146686	26.03797966	28.07896987	28.80630857
	-12.09281407	-10.83170925	-11.37729636	-12.95363832	-9.367473861
	-7.586931697	-7.664470008	-9.564826836	23.4048525	19.56068177
	23.03991831	26.09175243	15.22281992	14.16853945	10.53075373
	18.7964014	5.063742195	2.397477604	9.319427586	6.199908359
	-1.495599668	-0.7311900743	-5.533393466	-3.300448141	-3.861397266
	-5.847526124	1.377475678	2.500902674e-30	0.9758799372	8.648242558e-31
	5.126553588e-29	1.113632398e-28	-0.05491250986	-0.2103870059	-0.2059691976
	-0.526768414	-0.05440248774	4.033585181	2.64766488	1.18167513
	2.226275728	8.359419543	6.66715448	4.588105745	5.963928144
	13.07071477	11.25248889	9.032201816	10.61107769	17.10988885
	15.34714195	15.12087036	13.51005995	18.59340397	19.9364612
	18.31605444	17.07994816	-0.5065761283	-0.8839618623	-1.544413189
	-0.9372317123	20.91047703	21.89142552	20.38426833	19.51688091
	22.73771005	23.78752132	22.34574866	21.41240771	-2.197838896
	-1.444548603	-2.012806928	-3.03725897	24.83860597	26.13433897
	24.85447833	23.58164479	-2.775879367	-3.45074258	-4.812877594
	-3.850663922	-6.682215824	-5.034120774	-5.687523503	-4.328156565
	27.85674091	26.38212328	27.35749464	28.55566081	-6.651379551
	-5.957560331	-8.527595645	-7.553402618	-9.339634594	-7.564217124
	-8.183030922	-10.20117059	29.32375347	29.36694789	30.05087379
	29.20686345	-11.34636834	-9.357924407	-10.81716413	-8.968852048
	-11.51036211	-9.792380016	-9.723108673	-11.41048073	-9.556925246
	-10.88356509	-8.887413683	-10.02524268	28.42973388	26.03704126
	29.97009326	28.72669744	-7.445935677	-8.062339796	-6.90090259
	-8.840709799	-4.07729183	-5.874117568	-5.603742186	-4.122419564
	22.01827904	25.91616779	17.94266064	22.57664078	8.227523917
	13.07450459	12.09886466	17.05206158	-2.216009246	7.269141309
	0.6290540289	3.342526887	4.050876667	-2.021302063	0.1461349263
	4.437821717e-30	1.40020102	1.689115283e-30	6.105560307e-29	-0.0529560556
	1.319284015e-28	-0.1968605368	-0.1846477734	-0.4757556262	-0.0506646821
	5.105954228	3.322820448	1.582043766	3.001288923	9.527722517
	7.519729448	5.469270806	7.170613377	13.62664844	9.743344306
	11.58514858	11.56444958	16.70000025	14.75664906	15.21279918
	13.4262249	17.78082377	18.86663747	17.03697484	16.09707494
	-0.4417608275	-0.7467788794	-1.316417698	-0.8228437698	19.76122863
	20.87344609	18.15085435	19.09827351	21.98179895	23.45496805
	21.71775814	20.39338451	-1.829643139	-1.192131954	-1.619887071
	-2.472269445	24.97402141	26.80589574	23.46221542	25.29998851
	-3.800842164	-2.196458568	-2.685165787	-3.081826389	-3.334955506
	-5.194832064	-4.448473034	-3.839931478	29.38880798	27.41342505
	28.50226637	30.03608755	-4.987652173	-4.514609057	-6.549595435
	-5.834879899	-7.099055629	-5.957889891	-7.652213541	-5.612604325
	30.88579043	30.58701679	31.8122589	31.02845454	-6.468789533
	-7.950720282	-6.397199727	-8.139529583	-6.548602039	-7.994621342
	-7.652129395	-6.218318202	-5.071369722	-6.97822821	-5.821360755
	-6.123581127	29.00179489	29.18321031	31.22975453	25.69441722
	-5.008727229	-3.06741053	-3.729842882	-4.210356333	-1.651344184
	0.2287103266	-2.084016963	0.01756184602	20.83889471	25.42239647
	21.4080025	16.2395738	15.52077412	11.23066828	6.611668907
	6.233014215	2.846023613	10.66223596	2.906185416	6.77795089e-30
	2.790930242e-30	1.744866863	7.184594964e-29	-0.04713357035	1.54390619e-28
	-0.1706775805	-0.399047994	-0.04380599654	-0.1537551436	5.709445846
	3.682194142	1.855186844	3.545960269	9.70887218	7.581219727
	5.785865082	7.652873872	12.94148972	9.45991712	10.86332404
	11.34628905	15.31249072	13.33197665	14.12103801	12.30886845
	16.26066177	17.41398607	15.48241355	14.51779531	-0.3591943665
	-0.5901358304	-1.049848566	-0.6733193261	18.52212322	20.02740531
	18.07387612	16.78329665	21.61148451	23.69204161	21.74183836
	19.83705522	-1.431328492	-0.924325632	-1.230804059	-1.901014535
	25.83726202	28.30367193	26.69423764	24.15458083	-1.984270489
	-1.646812987	-2.853935534	-2.338760852	-2.758410724	-2.435947539
	-3.814903865	-3.303826049	29.4493278	31.83544813	30.49030329
	32.18774473	-3.419338664	-3.185140509	-4.636120846	-4.214992331
	-4.882808237	-3.726730883	-3.772451763	-5.087840276	32.82558618
	31.80274967	33.80678171	33.48741502	-4.921286633	-5.05367695
	-3.846469463	-3.613018251	-2.797374061	-4.512056768	-3.358379544
	-3.987008825	-2.240996383	-2.156690012	-1.223955651	-3.178377137
	29.31236845	29.35625038	25.1269828	32.33331522	1.492488858
	0.7243906163	-0.9241508605	-0.07308311052	6.494109014	3.644104789
	6.209271685	3.109029031	24.82698283	15.04435851	19.9598476
	20.30645617	10.33370699	10.32853329	14.7676253	9.050276401e-30
	1.919468892	3.997043225e-30	8.346860662e-29	-0.03894566527	1.782888438e-28
	-0.1380927609	-0.03535761387	-0.119654441	-0.3130158568	5.70621388
	3.647252158	1.930215865	3.716883543	9.009878677	6.961030872
	5.507988016	7.349631977	11.55148578	9.577687836	8.473494849
	10.26894283	13.73707566	11.80380991	12.5539392	10.81648752
	14.82421036	16.28786816	14.30624478	13.08224168	-0.2743982009
	-0.4398582967	-0.7900789143	-0.5175986369	17.81099801	19.88584724
	15.98190978	17.78679428	22.11401078	24.95145476	22.83000768
	20.18135726	-1.060215427	-0.67822629	-0.8861600913	-1.386665426
	27.83359153	30.89554891	26.04975277	29.32558575	-1.166133322
	-1.371948313	-2.011961526	-1.67918318	-2.539665715	-1.777512797
	-1.638439362	-2.271697569	32.58525093	33.37895491	35.00987611
	34.8103967	-1.936800654	-1.950264977	-2.792894571	-2.684300136
	-2.727455122	-1.922123792	-1.677147936	-2.589805209	34.76890444
	35.5408495	32.72205451	36.14050932	-2.235724637	-0.8592020162
	-1.393340924	-1.793261122	-0.2319333872	-0.2748947335	-1.088891971
	0.6658542474	0.9074836154	3.237753318	1.770139059	2.327438678
	24.6085415	29.2714042	32.98805256	29.32784528	5.169800138
	7.67280809	4.395544174	6.998836945	10.57600627	10.9987121
	19.67448373	14.92007662	19.71938357	24.41599014	14.75580159
	1.067849314e-29	5.020728672e-30	1.887495806	9.559752343e-29	-0.02998593307
	2.027154035e-28	-0.1049973274	-0.02677332463	-0.08769894292	-0.2314835736
	5.194581163	3.291456649	1.807714419	3.506028554	7.864883425
	6.015590061	6.513099439	4.839902536	10.11871225	8.299759395
	7.288655609	8.917030832	12.56692263	10.68899249	11.17871582
	9.540043233	13.97347011	15.90638182	13.85941963	12.22893839
	-0.3100547907	-0.5628522558	-0.3763230865	-0.1981975934	18.00278495
	20.81377439	18.54410935	16.06253488	23.84989265	27.52603973
	25.26643955	21.74903324	-0.7402216627	-0.4682756982	-0.592864548
	-0.9432504107	34.42692976	31.09794971	33.08737711	29.30842608
	-0.8315746281	-0.7510194141	-1.258993957	-1.10301472	-1.351682798
	-0.9183977407	-0.8763407095	-1.32846016	36.69264308	38.17045765
	36.35788523	37.26654067	-0.8021269005	-1.049566498	-0.5538484985
	-1.243093224	-0.681539849	-0.2023339949	-0.2284520853	0.3044224277
	33.10024938	36.46093432	38.19057488	36.14235409	0.5084495052
	1.360814576	0.9779819183	1.899413934	3.968751146	4.562082549
	2.553996645	3.067772252	6.48188881	8.301668683	5.936945793
	8.85523823	28.93144906	29.11923769	24.30512316	33.01314562
	11.49449337	24.14670861	15.18090996	15.43270922	19.68748222
	11.89745885	19.72439832	1.691399012	1.132391211e-29	5.600285503e-30
	1.076103236e-28	-0.0216464301	2.259894785e-28	-0.07543122383	-0.0190926811
	-0.06067909482	-0.1617761834	4.453043373	2.798940878	1.563978984
	3.053749612	6.757040131	5.123887949	5.548505202	4.09208747
	9.088298144	6.318531476	7.393637603	7.789211772	12.09377283
	10.21717714	10.36129356	8.782623735	13.95935448	16.52355694
	14.33979516	12.15528892	-0.3713544933	-0.2569480238	-0.1342604288
	-0.201735616	19.37270807	23.07743347	17.25640515	20.5849193
	26.99892784	31.35528786	29.03841774	24.7256607	-0.2903080012
	-0.3389076093	-0.5557287037	-0.4668360019	35.21248278	37.21138389
	38.11838116	33.57188236	-0.3835704871	-0.5744509485	-0.3451444491
	-0.5887479155	-0.2632665785	-0.05411040923	-0.2557887391	-0.4622667503
	40.23158439	39.67353215	38.7293183	39.44093445	0.2523769917
	0.7288543083	0.09333506444	0.5836575642	2.173337437	2.261273039
	1.382102807	1.27908845	32.75200486	36.14966819	38.86318483
	36.46501487	3.378660576	3.437236048	4.91767731	4.860904985
	6.847758696	9.142883141	6.816424929	9.159938658	15.52859397
	12.07613259	12.13113529	15.37488792	23.91720098	28.55559364
	32.17968695	28.01725825	19.33874288	19.63325367	23.45349155
	1.113808824e-29	1.429042351	5.679885485e-30	1.184165513e-28	-0.01468982309
	2.453422421e-28	-0.05072395755	-0.01270156081	-0.03853441926	-0.1040584254
	3.767223576	2.351873338	1.304469216	2.562033155	5.980407636
	4.505771702	4.773454269	3.49963228	8.639973087	5.746789066
	6.990649922	7.122313835	12.47005984	10.49721153	10.24572496
	8.648471146	14.96594199	18.35036058	15.92595757	13.00717923
	-0.1564879824	-0.08071672499	-0.109169994	-0.2066377852	22.10433806
	26.69985213	23.96244863	19.73801827	31.27742178	35.71965806
	33.50735178	28.89262091	-0.134912282	-0.209417993	-0.1135196169
	-0.2267759864	40.70976377	37.72152105	40.31934653	39.03698966
	-0.05445728385	0.09117130625	0.04476784271	-0.1250908033	0.3280614961
	0.7523566862	0.6959512608	0.3254692656	40.54598716	38.53846731
	40.26327325	41.22145906	1.240640118	2.1864209	1.979542386
	1.353988909	4.355636014	3.296240146	3.02791863	4.743734521
	34.27373546	31.35053829	35.38770337	37.65906795	6.153760346
	6.601461291	8.295236516	8.882758787	11.69249208	11.03750203
	14.92611569	14.09702042	30.06889017	18.70991229	27.12818241
	17.79297121	22.74557342	25.96138818	21.62774913	1.063456242e-29
	5.45448977e-30	1.194436944	1.263399875e-28	-0.009100317293	2.567951964e-28
	-0.03012827769	-0.007436023824	-0.01980239583	-0.05493933225	3.296139687
	2.047489303	1.103965842	2.178150317	5.630167142	4.22375928
	4.318687614	3.153227438	8.85052494	7.139384801	5.616537205
	6.984082661	13.84619571	11.65029901	10.9405996	9.218523959
	17.15311203	21.45821734	18.7010702	14.92841109	-0.06927619552
	-0.0343859668	-0.0277854344	-0.06115181303	26.04615599	31.12733557
	23.40529959	28.22003796	37.28659883	33.29558411	35.63687027
	39.20587614	0.00273541029	0.08604453809	0.09920214132	-0.01317204778
	41.02809547	41.03635728	40.15463844	41.06636177	0.4838764001
	0.2387030238	0.6058992292	0.2902396944	0.8759582277	1.42028263
	1.730593456	1.058988375	39.32413734	40.12399886	37.8403949
	36.33102504	3.297188314	3.88781311	2.239882234	2.634693873
	5.49071977	4.796713838	7.5592559	6.602264529	30.63234088
	32.60796844	28.49188747	34.37462624	11.66957177	10.06052734
	8.99298913	13.05158984	14.98526975	20.2556631	16.46689876
	18.44643471	24.32557215	26.3947003	22.47349029	1.035896944
	1.030985492e-29	5.208913961e-30	1.291352831e-28	-0.004433180768	2.553712269e-28
	-0.01238979836	-0.002927462994	-0.003408120332	-0.01184824117	3.079592365
	1.906643549	0.9875835374	1.954671515	5.736062704	4.292735736
	4.206873762	3.063658518	9.817891552	7.914836432	5.966184997
	7.430280573	16.30914006	13.76208926	12.57048124	10.59975364
	20.46405233	25.47292503	22.37340806	17.89210354	0.007617422094
	0.006366585805	0.04355601101	0.06703877114	32.15839951	27.53808256
	30.36523045	35.04524725	36.32913153	38.43721991	40.28651661
	38.75474728	0.1242118056	0.3754983129	0.263691375	0.1760592895
	38.57668141	38.68504609	39.62081957	40.21644159	0.8605433335
	0.5080752486	1.145938812	0.6732493037	1.426070734	2.175483868
	2.755466609	1.797769819	33.12684365	35.65280671	36.27766312
	32.09313771	3.995595445	4.664391619	5.682153786	3.292209353
	8.704781737	7.722309903	6.555827397	10.28314763	25.4661086
	24.13726851	28.10146644	29.23305613	13.18352521	16.56969164
	14.38397879	11.46268257	20.18543922	17.91583803	21.44442983
	5.139712959e-30	0.9622366268	1.044511985e-29	1.241994269e-28	-0.0003306388665
	2.358201285e-28	0.003184518825	0.001067286107	0.01085396198	0.02579177574
	3.123911896	1.930383295	0.9551919379	1.894320979	6.355738903
	4.753593769	4.46163456	3.245122097	11.62254168	6.867021176
	9.388667445	8.548628254	19.63062234	16.66381729	15.13304354
	12.80385269	24.30161446	29.31718251	26.01015574	21.40155092
	0.07526402427	0.04215488884	0.106409949	0.1806278927	34.17055991
	33.5434425	36.81105885	30.73462716	36.98987176	36.52559772
	38.28575618	38.17656419	0.6398947748	0.4332668161	0.2352023277
	0.3493815624	36.35896257	33.60907961	33.63393535	35.91753511
	1.707013203	0.7772823957	1.250831504	1.056831251	3.804737402
	1.99672087	2.9391111	2.569264049	26.86424286	29.9994292
	30.33233403	26.31755149	5.318070683	5.871398601	4.295997878
	7.313631734	9.584528054	7.97246163	12.37811947	10.24308923
	19.55483902	13.10194015	16.03485843	23.00193371	22.4125161
	15.37248179	18.86159236	5.343840915e-30	0.9727905308	1.120789778e-29
	1.09100236e-28	0.003260859092	1.941219966e-28	0.00462632428	0.01688675979
	0.02323703779	0.0587800792	3.457711316	2.135497936	1.009479438
	2.003930161	7.551066413	5.655892384	5.136926694	3.737220274
	8.343337668	11.47344517	10.36019488	14.13850577	15.5142734
	23.00652722	19.68834745	18.23323664	24.35280093	27.41503752
	31.46194287	28.20555348	0.1369698485	0.0747508238	0.1661611395
	0.2888679541	33.15984293	34.08265424	35.40277033	31.52313754
	34.87533888	33.218836	33.47072403	32.28412016	0.3456846675
	0.6085160895	0.5222493586	0.913345652	30.28528089	27.06677062
	29.89724408	26.96515374	1.05327437	1.637878382	2.268488051
	1.452139327	3.291080128	4.707743674	3.579715809	2.522476742
	20.15336598	23.34455202	19.95131951	23.43720789	5.047654088
	6.672613432	6.341948066	8.453434788	8.800393513	10.74240792
	13.56577405	13.8611052	11.04193095	16.4907571	16.72741892
	5.902572761e-30	1.27794455e-29	1.075832759	8.251049451e-29	0.006338393461
	1.295936535e-28	0.0293633186	0.007835371855	0.03491115214	0.09007868836
	4.118974488	2.546633139	1.162980957	2.308200916	4.560705309
	6.256749755	9.260780046	6.961095982	16.81217514	13.73125504
	10.21199456	12.62479115	17.93687956	21.72548561	25.16378624
	20.93310177	28.40327561	30.78370018	27.84684587	25.44455287
	0.1982141816	0.1070018313	0.2280162509	0.4007077464	29.23372584
	31.46119068	31.03229321	29.30604118	29.06706725	26.59085434
	25.85132625	27.97762973	1.182444414	0.6984472789	0.7799954107
	0.457736941	23.28722394	20.16924885	22.94143401	20.00001206
	1.300371835	1.948757987	1.810581245	2.729229203	3.965287898
	5.279788904	3.812346018	2.890782123	16.77993632	16.81524678
	14.01546206	13.99336048	7.010548869	5.427772412	6.897542197
	8.993888039	11.21017962	9.085735471	11.2664802	1.284308149
	6.90283404e-30	1.526887497e-29	4.523227991e-29	0.009171303149	4.647102117e-29
	0.0415786305	0.01086024401	0.04713163462	0.1225818325	2.82212879
	5.083630347	3.151703673	1.424061225	5.6264049	11.13914773
	8.415784436	7.692228278	14.70155151	18.68397421	15.37026981
	11.95862853	25.03483998	21.78883479	22.06576463	19.04298262
	24.00666604	26.613728	27.2950413	24.85275169	0.139252
	0.5095979863	0.2881750262	0.2598736343	26.4061377	24.89421456
	23.52179066	24.70805516	22.29344803	19.68014464	19.11880932
	21.47933042	0.9128720477	0.8541206516	0.5556673647	1.394575315
	16.60265445	13.95225742	16.32402123	13.78578068	2.053742336
	2.993968088	2.118709618	1.463545137	3.048937747	4.086798915
	5.492788767	4.054776077	11.16987091	9.055517604	11.24289386
	7.047400784	7.033924161	5.501227932	9.09837753	1.840442466e-29
	8.333359186e-30	1.593016498	5.984391197e-31	0.01216343673	-4.630108602e-29
	0.05358500456	0.01374031585	0.05916092483	0.1541855449	6.170166337
	3.840800165	1.767699388	3.493807419	6.656106339	12.53994805
	9.528750377	9.059846798	18.86198933	15.62196197	15.72409377
	12.86519554	18.20842475	22.4728421	20.97102227	19.68033419
	22.55268813	22.03544008	20.14316417	20.44006018	0.1667963325
	0.3334904073	0.592654845	0.3131195329	20.31017094	18.42001392
	17.42571941	19.04866322	15.84971491	13.5434785	13.14855666
	15.27387428	0.954174529	0.979082733	0.6171676912	1.505394711
	11.02086387	8.982084607	10.82383006	8.856101019	3.063164758
	2.152712468	2.148904722	1.521957712	5.47603786	3.047973817
	4.049491536	5.425929648	4.077888997	6.917357148	6.982278561
	1.947110353	2.123830649e-29	9.910507174e-30	-4.612074943e-29	0.01521067051
	-1.370777295e-28	0.01616331311	0.063702342	0.06809360666	0.1776752233
	7.017394401	4.388180056	2.10798606	4.152264023	7.237588661
	12.81398175	9.790380134	9.805684173	17.12473172	14.25904413
	15.12941968	12.44129816	18.28075596	16.07182088	17.94440685
	15.64767065	17.43320394	16.34976775	14.97276496	15.84142962
	0.6322250455	0.1833942976	0.3541326894	0.3458684926	14.45096809
	12.66927498	11.9892454	13.56519253	10.50572783	8.695206844
	8.441907571	10.12563196	0.9842564779	0.9866302201	1.521160819
	0.6352761995	6.693508828	5.370226464	5.290524716	6.815646119
	3.0208369	1.506051815	2.113288892	2.135985646	4.004867131
	2.983705041	3.961294839	2.235147581e-29	2.232042508	1.10114346e-29
	-8.896311892e-29	-2.143575227e-28	0.01750816111	0.06975677419	0.01763680995
	0.07181196733	0.1878545915	7.24089788	4.547588561	2.311495143
	4.537030008	7.063959805	11.7461316	9.013852983	9.531676093
	14.031405	11.72330885	13.05833008	10.77713191	12.18789431
	13.61139774	13.94384225	11.98727075	12.42486228	11.25320953
	10.30740383	11.29949187	0.3530795611	0.1874239806	0.6328474385
	0.3546664985	9.581076093	8.136925536	8.993613971	7.700838367
	5.050179084	5.196800684	6.26891757	6.500203338	0.9723095032
	0.959434465	1.487953091	0.6239738121	1.466202552	3.83563436
	2.906124724	3.901926517	2.084428158	2.949721484	2.060174116
	2.078061031e-29	1.095454321e-29	2.320713585	-1.227296749e-28	-2.696745229e-28
	0.018406136	0.07119885073	0.07107645696	0.1865746893	0.01798246864
	6.689188544	4.215756791	2.272584167	4.446695594	9.684099579
	7.452244342	8.28634673	6.15904038	10.48071672	8.429453332
	8.768878286	10.19386736	8.250258626	9.951487345	9.37061732
	8.702734475	8.233176486	7.226201472	6.612226843	7.481994702
	0.6151352987	0.1831601105	0.3422468506	0.3474312205	5.566904479
	4.613121308	5.932949613	4.872467054	3.602564672	2.782833435
	3.730239472	2.8585029	1.448857959	1.428145226	1.998940368
	0.944405483	2.030006326	0.6049780176	0.9332227558	1.68633039e-29
	2.156814956	9.533475361e-30	-1.443107391e-28	0.01809054945	-2.996064999e-28
	0.06955323827	0.06851297039	0.1803784417	0.01752041077	5.542414218
	3.500714087	1.991753065	3.888146286	7.251786958	5.586247583
	6.492682025	4.833302075	7.210717461	6.028908658	7.280368811
	6.021571958	6.580373795	6.002879008	5.746721458	5.273277097
	4.614711678	4.327141509	5.088709125	3.952558397	0.1770722958
	0.5978593337	0.3324129728	0.3363047099	2.549458598	2.689834007
	3.41210474	3.200840825	1.94814359	0.5895720665	0.9080477847
	1.407568926	1.885839793	0.920046607	1.373464491	1.793874688
	7.229386427e-30	1.19886761e-29	-1.53287347e-28	0.0172960478	-3.058390293e-28
	0.06718996063	0.1751235051	0.01684404125	0.06648760228	1.567092792
	4.158060929	2.628199975	3.055232049	4.98263246	3.83477112
	4.637590911	3.452446675	3.832279741	4.797981496	3.961453286
	4.597884871	3.130200501	3.578863708	4.044871983	3.519646893
	2.640062027	2.920450183	2.391581351	2.180508623	0.3244969412
	0.172673986	0.5825815717	0.32777879	1.331215679	1.264159224
	1.788966415	1.679107571	0.8614545514	0.8870152909	0.5696889827
	7.55680196e-30	4.823925355e-30	1.347572559	-1.514748939e-28	0.01671700767
	-2.93461633e-28	0.06548755573	0.01636752828	0.06519619417	0.1712776811
	2.852185553	1.800985039	1.11909936	2.181694282	3.044037872
	2.261953108	3.157939381	2.421887715	2.248999273	2.403458722
	2.716069071	2.924353438	2.301486585	1.967667988	1.989849975
	1.71013962	1.08107408	1.378051381	1.187146863	1.529710904
	0.3174425785	0.5274808045	0.3097252871	0.7701075346	0.8190084754
	0.5542220795	0.1676046734	4.273206295e-30	2.871867748e-30	0.922769062
	-1.418529367e-28	0.01643183516	-2.687630146e-28	0.06363338776	0.0159123333
	0.06266225504	0.1639796842	1.426069151	0.7303215018	1.795819844
	1.129962191	1.841346716	1.401037439	1.836494898	1.357970681
	1.472440415	1.638546398	1.20548465	1.334423098	1.19298445
	0.9724254536	1.021892875	0.8389164002	0.1561917722	0.63001477
	0.7011965239	0.4521061544	0.2783995151	0.4965965684	0.2949571083
	0.5773148258	1.539338687e-30	2.176294408e-30	-1.275372737e-28	0.01586357391
	-2.375409846e-28	0.0594809775	0.01489544106	0.0566749051	0.1477979702
	0.4339075831	1.031408461	0.6435737845	0.8511961427	0.9751426581
	0.7302940731	1.007850252	0.737171061	0.7149141682	0.5754471503
	0.8295638029	0.664716591	0.2276550525	0.4059350044	0.3477333293
	0.4587018033	0.1344787746	0.5415279666	0.2534691145	7.407700434e-31
	9.869884461e-31	0.3264646377	-1.111362095e-28	0.01436934207	-2.042622117e-28
	0.05141480199	0.01286047615	0.04643544842	0.1209039156	0.2298489399
	0.5293550575	0.3240694346	0.4560360318	0.4909185399	0.456168184
	0.3508400925	0.331629386	0.2930293479	0.3652067573	0.2852167587
	0.1029414307	0.1630114725	0.1944986628	0.2307854492	0.1615439094
	3.127361389e-31	3.834798451e-31	-9.452201287e-29	-1.719247597e-28	0.011727391
	0.03943848048	0.009779761905	0.03285592541	0.08597239891	0.1031293036
	0.2326977979	0.1362479079	0.2105821988	0.1775354248	0.1377800131
	0.1225706095	0.2023724533	0.1269494274	0.09569485152	0.06613289204
	1.151937719e-31	0.06487773365	1.087030942e-31	-7.887485104e-29	-1.422874748e-28
	0.008179173508	0.02512758201	0.01818744442	0.0489789071	0.006100872659
	0.08040543317	0.0346347437	0.07688625355	0.03118071542	0.04204033818
	0.063634789	0.03916594546	2.580866563e-32	1.843043709e-32	0.01726576253
	-6.483436171e-29	-1.161984902e-28	0.004327057582	0.00570883726	-6.911308572e-34
	-0.0007735232693	-3.126325043e-33	0.01110525629	0.002274960121	0.01780255858
	0.005495320317	0.0008898084485	-1.502292167e-33	0.01795337007	0.006598715936
	1.120068727e-33	-1.894816487e-29	-0.0001591660867	-7.524332512e-29	-5.266091266e-29
	0.0001184211868	0.0008363457979	0.001274286488	-4.237146615e-29	-9.389493727e-29
	
