4225	
	6.539568858e-30	3.075667656e-34	0.0007764441914	2.727734429e-33	2.615963355e-29
	0.0001635604315	1.444885165e-33	3.318996996e-29	1.484030241e-29	-2.39324849e-05
	-0.0004279460465	-0.004258907472	-1.44322954e-32	-2.101279465e-34	-0.0008350343092
	-0.004286616781	-0.004965700608	-0.0006330899583	4.195093104e-29	1.879060317e-29
	-0.001820563496	-2.024346123e-32	-9.374316168e-32	-0.01367721202	-0.02797617803
	-0.01422990514	-0.03174261274	-0.01417279055	-0.03389158807	-0.009002205679
	-0.003588389738	-0.01507532339	-0.0255011869	2.369300392e-29	5.279019937e-29
	-0.005134029985	-0.05278652249	-0.08402066763	-3.109812987e-31	-8.782401033e-32
	-0.06264883337	-0.1114113854	-0.06579691351	-0.1133040089	-0.0524332226
	-0.04084500913	-0.1014765598	-0.08007284383	-0.007053125805	6.610560771e-29
	-0.05605183683	-0.008602514935	-0.02125811862	2.973160728e-29	-0.02835685308
	-0.1309852267	-0.1850068082	-7.83346345e-31	-2.505078087e-31	-0.1915973131
	-0.2884110758	-0.1721818964	-0.2635779493	-0.2394715745	-0.2751307453
	-0.1679696711	-0.148971307	8.235520268e-29	-0.01060730988	3.711593703e-29
	-0.01199243819	-0.04212668448	-0.1410965779	-0.10786323	-0.07435391068
	-0.1962718469	-0.0348642793	-0.09091275871	-0.2594432955	-0.3402754945
	-1.671894255e-30	-5.780152725e-31	-0.4327533585	-0.5981618549	-0.3682484132
	-0.5132654019	-0.3824601159	-0.5555199946	-0.6008360274	-0.4063168496
	-0.01493020772	1.020926363e-28	-0.01389006812	4.60903667e-29	-0.2536773052
	-0.3105511025	-0.3966128524	-0.4881439071	-0.04813737435	-0.1096836584
	-0.1718301561	-0.3068157973	-0.1255145429	-0.05483686051	-0.2063640524
	-1.161032699e-30	-0.4449499506	-0.5543592706	-3.17874599e-30	-0.8271493977
	-1.075798266	-0.6703774773	-0.875131433	-0.8099137811	-1.099934806
	-1.131104512	-0.8230527659	-0.01698203674	5.695948749e-29	1.260341829e-28
	-0.0165398156	-0.616320315	-0.8772192571	-1.012206507	-0.7011899074
	-0.05959544936	-0.1426892455	-0.06494619322	-0.1558036113	-0.4769725623
	-0.5683630429	-0.7360490256	-0.3672456375	-0.4198309078	-0.2680762234
	-0.2362246761	-0.6900062965	-0.8288761948	-5.554610971e-30	-2.110761167e-30
	7.012860648e-29	-0.0175210096	1.551223867e-28	-0.01803188773	-1.088753745
	-1.355200397	-1.40059303	-1.740166923	-1.465397601	-1.501124615
	-1.937160022	-1.903749768	-1.255374259	-1.683325408	-1.365485903
	-1.853781364	-0.1769817103	-0.1691166802	-0.06745387213	-0.07036427081
	-1.041874774	-1.230833658	-0.8732726919	-1.48255116	-0.3179127046
	-0.2931951104	-0.9945767641	-0.4760530056	-0.5211284206	-0.6488216425
	-0.7346774803	-0.9970489736	-1.168514305	-9.123971841e-30	-3.568015264e-30
	8.611600795e-29	-0.01582896282	1.904135138e-28	-0.01760275002	-2.164854084
	-2.599234195	-1.627273122	-1.958542986	-0.1833659111	-0.06928252443
	-0.06829712577	-0.1825419372	-3.109402392	-2.362010247	-2.509573176
	-2.937575834	-3.081850954	-2.273114003	-2.913842205	-2.384087581
	-2.663045028	-1.979494755	-1.74377974	-2.32009678	-0.5936490007
	-0.5648494332	-0.3334125999	-0.3450576768	-1.976740098	-1.398846721
	-1.231535765	-1.579707621	-1.12487347	-0.8717163497	-0.80442434
	-1.37431135	-1.585009007	-1.427410377e-29	-5.71375498e-30	-3.128577779
	-3.666642428	-2.294774077	-2.700546278	1.053997832e-28	-0.01158036393
	2.324537774e-28	-0.01446126293	-0.1651953583	-0.1781574795	-0.06241132355
	-0.05615195123	-3.864319321	-4.637506501	-4.245277132	-3.525898687
	-0.3356976395	-0.6140013612	-0.6149535835	-0.3444155514	-3.813247318
	-3.756965852	-4.64251334	-4.736788114	-3.967848646	-4.38166023
	-3.110652794	-3.404720822	-3.511129787	-2.954350592	-2.228727922
	-2.624393411	-1.405337562	-0.9169673252	-1.334570548	-0.9486855079
	-2.437754654	-1.87327789	-1.72889107	-1.8346895	-2.089938129
	-2.130251506e-29	-8.735267857e-30	-4.314577792	-4.974195716	-3.112941059
	-3.60509319	-5.583712879	-6.544812804	-5.855823756	-4.975074409
	1.279274862e-28	-0.005522305388	2.800301034e-28	-0.008528517342	-0.03398714586
	-0.1213764898	-0.1469812755	-0.04565643971	-0.2776869846	-0.5988181487
	-0.560060464	-0.3123394025	-5.762151446	-5.682620698	-6.911157864
	-6.84327795	-0.9514747382	-1.461917588	-1.454584495	-0.9272795218
	-5.407821996	-6.708348414	-5.096165004	-6.282835352	-5.735302675
	-5.018998619	-3.946113758	-4.4712936	-3.497682757	-2.044090114
	-2.784192646	-3.229277389	-4.310098642	-2.64102019	-1.973637254
	-2.382563577	-2.677387029	-3.010090881e-29	-1.27056995e-29	-5.757556449
	-6.551488225	-4.102767039	-4.679120572	-7.702668753	-8.877901414
	-7.812019645	-6.749195717	-9.440782743	-8.321855159	-9.754317753
	-8.020554297	-0.001319923014	1.524277228e-28	0.0004015878985	3.291489059e-28
	-0.007094242371	-0.05785381784	-0.09024858674	-0.0217153883	-0.1719939668
	-0.4158729613	-0.4976711394	-0.2302945724	-0.8692367683	-1.426040415
	-1.341643025	-0.7739801167	-7.787497766	-8.042975534	-9.685110731
	-9.334232656	-2.908423303	-2.056835116	-2.009284271	-2.885628241
	-7.064187311	-8.751643377	-7.914305432	-6.430060252	-7.014084015
	-5.929888866	-4.922949566	-4.666896493	-5.478103792	-3.68837099
	-3.825299675	-2.996591055	-3.310033582	-3.986389375e-29	-1.741337096e-29
	-7.464698487	-8.373366445	-5.25096552	-5.878853479	3.737243523e-28
	0.004426275768	1.762383831e-28	0.004161226587	-10.27008734	-11.6739949
	-10.11840257	-8.883317007	-11.47924808	-13.22448742	-10.8778022
	-12.58061279	-11.35036027	-11.23724617	-13.16848991	-13.35716487
	0.002290160689	0.0152343392	0.006506281479	-0.02134893415	-0.311925048
	-0.2033773788	-0.0435178132	-0.1107860458	-0.4902034175	-0.6494479035
	-1.197307621	-1.011191739	-1.8946326	-2.692069441	-2.845743718
	-1.696008456	-10.48567448	-11.73660958	-9.798489191	-12.62219201
	-5.109217073	-5.162432784	-3.783004187	-3.859801499	-7.589758218
	-8.628618572	-6.496405085	-9.334695241	-6.25598645	-10.67954916
	-8.008405435	-3.624183398	-3.923444554	-4.916024849e-29	-2.22787243e-29
	-9.362851836	-10.31793471	-6.483025055	-7.099429808	0.005292258793
	4.079252703e-28	0.006845015453	1.961922064e-28	-13.28273704	-14.87175549
	-12.67070114	-11.33805667	0.01844207912	0.02597882523	0.05035110341
	0.03660072102	-16.24740704	-15.28338481	-17.34752803	-14.28937978
	-15.38089573	-15.490624	-17.83028925	-17.76653707	-17.38960869
	-16.53984595	-14.78678908	-14.12251358	0.01530397476	0.06529412058
	-0.08475630302	0.0109067066	-0.141004393	-0.3230134624	-0.5144924247
	-0.7687573688	-1.102508767	-1.439016427	-2.06507368	-2.418158635
	-4.821074855	-3.23376548	-5.068960482	-3.587183325	-15.38315415
	-11.54948884	-13.82585372	-12.78722558	-8.320283367	-6.462097889
	-12.18640611	-6.5704047	-9.849355953	-10.23673089	-8.424020264
	-2.651175415e-29	-4.198458735	-4.452634872	-5.64483785e-29	2.098813457e-28
	0.004741698653	4.281286623e-28	0.006395189779	-11.28342121	-12.18305591
	-7.672332836	-8.209416924	-16.59527756	-18.24158783	-15.23738926
	-13.94417703	0.02380130451	0.02556784516	0.06500136763	0.06582232657
	-19.69745222	-21.99869511	-18.16842335	-20.25218572	0.1215924776
	0.1678472386	0.1096495558	0.09461922056	-20.1455433	-20.57437447
	-23.30389478	-22.84892542	-23.05945184	-19.43756566	-20.00177367
	-22.33965724	-21.14869748	-18.0068955	-16.62427095	-19.44942716
	0.01576695676	0.1607209244	-0.2363632647	0.007352479559	-1.101483942
	-0.3587560147	-1.596268681	-0.7477344214	-2.164215801	-4.363405725
	-3.769685379	-2.775729331	-6.160230169	-8.29883108	-7.931718143
	-5.59593633	-17.53124553	-12.66743485	-15.16018947	-14.58470139
	-10.37109739	-12.8411106	-10.23025333	-4.666680518	-4.857341659
	-6.059842361e-29	-2.942131212e-29	-8.692397943	-9.106836203	-13.01830797
	-13.7698556	2.162055135e-28	0.003491066787	4.33223589e-28	0.004692025497
	0.02120336958	0.01930036887	0.05764105264	0.06643057868	-19.89998669
	-21.42314136	-17.5377696	-16.42743573	-24.21285087	-24.47494588
	-26.81176293	-22.22506914	0.124549979	0.2218335456	0.2128790548
	0.1233547717	-26.3819522	-28.29715273	-25.47689593	-29.36129478
	0.2297621993	0.255243755	0.3245749351	0.3827753398	-26.08131202
	-25.71529892	-29.03587885	-29.47571788	-24.2791799	-26.15996188
	-22.81726173	-27.90721337	-20.49526349	-21.27714496	-18.21380517
	-24.01920614	-0.06431946369	-0.554398551	0.3003674994	-0.01390196627
	-0.7945496469	-2.967985901	-2.115622677	-1.515445859	-4.85979766
	-3.860432706	-7.233102533	-6.319375115	-8.961803763	-9.79596806
	-18.46084382	-15.36914339	-15.18387038	-12.67954878	-12.16283322
	-5.001546966	-5.120095831	-6.107666879e-29	-3.059634985e-29	-14.40789334
	-14.95771726	-9.465527474	-9.739953123	2.151643888e-28	0.00197934237
	4.240195146e-28	0.002843825106	-24.07483535	-19.36012869	-18.5220624
	-22.83207283	0.01508406525	0.01177363431	0.04058491004	0.05100317057
	0.09666507986	0.1988351577	0.2215852771	0.1099420261	-27.68746457
	-29.14503462	-31.25201246	-26.01824192	-33.55573115	-30.9332236
	-32.52755146	-35.46714361	0.5264447702	0.4896041772	0.3430259828
	0.3425355833	-32.73011058	-36.24672713	-36.17173767	-32.73177105
	0.3835111692	0.7097103731	0.6767363645	0.5225707685	-31.44627084
	-30.0017556	-33.72072455	-35.35730251	-27.49249484	-24.8957899
	-31.46012114	-28.43948954	-18.23530062	-21.54681356	-25.17485781
	-21.26763187	-1.159233076	0.4559372528	-0.2879354294	-0.1428752417
	-2.792928054	-5.068494203	-3.729394648	-1.58816212	-7.866352806
	-6.361121974	-17.5154243	-11.16020492	-9.842604524	-13.40369828
	-14.578467	-5.190041163	-5.230873655	-5.795507739e-29	-2.992283974e-29
	-15.37223039	-15.69582584	-9.958445984	-10.08476871	2.07518723e-28
	0.0002917796272	4.026935142e-28	0.0011346027	-25.12176544	-25.99673861
	-20.60063517	-20.06915233	0.0082331739	0.004766253405	0.0219187325
	0.0314445887	-33.18024541	-34.83954025	-29.13916099	-30.35690212
	0.07760496284	0.06010135741	0.1407344917	0.1739145148	0.3100796313
	0.2713559455	0.4810302928	0.5256643317	-38.02327325	-38.35794607
	-40.90897618	-35.89501235	-43.24101767	-42.40541929	-39.32788315
	-39.91484657	0.738837253	0.9346957949	0.736430325	1.033704901
	-41.54770346	-37.77842789	-39.03608694	-42.83392191	1.133002254
	1.210302927	0.5205457829	0.9004043876	-36.2267261	-39.35663236
	-35.25741253	-32.44163439	-32.63012986	-28.69366836	-28.19584288
	-24.8014587	-16.122594	-23.77187175	-20.41560612	-18.79298945
	-0.7957495185	0.5532760835	-2.204545224	-0.481902981	-2.894947232
	-8.025152035	-14.30209173	-9.730772996	-4.74472933	-11.85964398
	-6.072211824	-5.223616095	-5.183878795	-5.188566818e-29	-2.758096848e-29
	-15.87506824	-15.95692235	-10.15255709	-10.12625571	-26.64002666
	-27.10895277	-21.21380074	-21.00315191	1.945804743e-28	-0.001699190932
	3.723869477e-28	-0.0006162113606	0.001415199408	-0.002036555572	0.003847657377
	0.012897485	-36.21152953	-37.30981412	-31.35421617	-32.07339713
	0.04204839642	0.02493291038	0.07662307051	0.1091368989	-39.82451572
	-43.1968598	-45.0968217	-41.29406132	0.4211884213	0.2207930821
	0.1716835013	0.3450237636	0.9704100427	1.042493816	0.6809483935
	0.5983648329	-47.44429384	-46.43213607	-49.15315126	-45.07908411
	-48.71439153	-49.42221144	-46.22226831	-45.37033978	1.379011929
	1.565666257	1.786901635	1.356570345	-43.83565219	-46.83401391
	-40.24082125	-43.10093967	1.349875541	1.582117807	0.538889049
	1.922580864	-35.35235661	-36.29424145	-40.11653857	-31.93374332
	-30.41047551	-26.95430288	-21.85049863	-24.71210358	-19.39315271
	-13.80901758	-11.79840314	-16.68606266	-4.805226603	-1.726796067
	-9.116470115	-3.824586265	-1.175358463	-7.443182061	0.468204961
	1.780365134e-28	-0.004146846816	3.367335348e-28	-0.002811738758	-5.10107634
	-4.983577974	-4.392384977e-29	-2.401099605e-29	-15.89496779	-15.72865265
	-10.03800075	-9.863970226	-27.33277739	-27.37341486	-21.17480679
	-21.29045777	-38.07573865	-38.56762047	-32.57367364	-32.77870533
	-0.005951479564	-0.009978890206	-0.01531472641	-0.00505946265	0.007730332162
	-0.009228407655	0.01506556448	0.04604850948	-42.43735967	-46.61080688
	-47.73819282	-43.19893137	0.1911881396	0.269158199	0.1211850672
	0.07363754133	-49.36282974	-50.84613086	-53.34870889	-51.50594931
	0.386044469	0.7096674262	0.8556744514	0.4927052438	1.738003824
	1.146861433	1.833288135	1.293409948	-54.27578097	-54.33037494
	-51.79430305	-52.08822344	-50.20445841	-52.87142472	-47.32483924
	-50.01991634	2.784687354	2.348409977	2.313541548	2.230804896
	-46.6033416	-43.45446306	-41.76926748	-38.8275136	2.745334968
	1.770251515	0.3008432624	1.92637764	-27.75487993	-36.5638901
	-30.40811824	-33.50085008	-16.07094461	-21.88711998	-18.12354128
	-24.48946085	-7.216111409	-6.024150939	-3.127994843	0.0679441598
	-10.7414101	-12.56024621	-2.335827171	-4.8322116	-4.644487268
	-3.520677178e-29	-1.978082552e-29	1.596844236e-28	-0.006647413236	2.991812189e-28
	-0.005613905241	-0.01475163983	-0.01978694321	-0.0380553419	-0.02557472993
	-15.43443555	-15.03120684	-9.625242574	-9.318663064	-27.1739349
	-26.78204328	-20.4920148	-20.91885684	-38.71452304	-38.57831696
	-32.75858288	-32.4498118	-43.63963697	-48.43528267	-48.75095594
	-43.68565665	-0.02840841213	-0.04783220387	-0.04919419136	-0.01524260914
	-0.02159250281	0.04335395389	0.1178178618	0.02550885644	-51.89392085
	-54.70790415	-55.57350131	-52.46363052	0.402851482	0.1722970201
	0.5586575804	0.2760312997	-56.01426717	-56.2749585	-57.66627587
	-57.16824766	1.549876326	0.7575297319	1.303658017	0.956689117
	2.832606719	2.925543519	1.988000728	2.212959186	-56.74530181
	-52.66848374	-54.44647747	-55.075364	-51.10241456	-44.4221576
	-46.39059949	-49.09246994	3.942166407	3.323316788	3.538958797
	3.172575648	-41.18653908	-39.05426736	-32.9379665	-34.89112802
	-0.2911315084	3.533463506	2.023448391	2.014005631	-21.91796513
	-26.6889363	-20.21263693	-28.70487847	-4.828776203	-8.555254164
	-0.6839404423	-15.80653224	-14.18694493	-3.920995853	-9.739440208
	-4.433718878	-4.184886165	-2.669154168e-29	-1.542366693e-29	1.410527379e-28
	-0.007686781975	2.62241088e-28	-0.008100308379	-14.52983849	-13.9156544
	-8.944417211	-8.524243771	-0.02408149656	-0.02872474435	-0.06214431761
	-0.05021393886	-0.08366202057	-0.07080457302	-0.09317172041	-0.1237537336
	-26.18234065	-25.38547428	-19.21933227	-19.92061614	-38.11332827
	-37.35722938	-31.90881612	-31.12012457	-43.40613369	-48.63327474
	-48.12910232	-42.75390417	-52.61111184	-55.92784102	-52.28283638
	-55.8049257	-0.07364272723	-0.1267252215	-0.1084777122	-0.02900821709
	-0.03484738644	0.06714504886	0.255414187	0.1060557518	-57.79576756
	-58.49782162	-58.76586131	-57.87705644	1.038624575	0.5506601579
	0.7629348513	0.3544479661	-57.78572274	-55.65088164	-56.2167965
	-58.24148533	1.351304198	2.564798119	2.193399089	1.683703646
	3.463076712	3.164077927	4.267184737	4.233171673	-48.56899194
	-47.82085925	-53.12785095	-52.41205078	-36.42244697	-43.50918759
	-37.30097835	-42.62809834	5.075818497	4.950206546	3.866771781
	4.501220506	-24.36000064	-23.39478342	-31.16786864	-30.15671131
	1.967861329	4.111272083	1.827389919	-1.174333815	-17.07965424
	-11.7718469	-6.415300869	-10.89881329	-5.634440194	-1.621115935
	-18.11602739	-3.924377992	-3.625259676	-1.906544807e-29	-1.135128804e-29
	-13.23851998	-12.44482724	-8.033011667	-7.519154907	1.230725636e-28
	-0.005193738448	2.271393719e-28	-0.008092924201	-0.02896316863	-0.0293202558
	-0.07466927581	-0.07203465272	-24.4365762	-23.28781051	-17.43874605
	-18.36943857	-0.1997995035	-0.1622600207	-0.1148564706	-0.1318749484
	-0.1870830497	-0.2450549045	-0.2792357178	-0.1888651853	-36.32817968
	-35.00809947	-30.09673899	-28.895702	-41.77264267	-47.22830254
	-45.94037478	-40.48739313	-51.53388084	-55.18943405	-54.10193595
	-50.35748287	-56.52541619	-57.45849327	-58.48291661	-57.67081603
	-0.2573299164	-0.193127408	-0.03793477659	-0.1456389073	0.4997540092
	-0.0348239346	0.155910088	0.2340450223	-58.13188903	-56.20252238
	-55.63372936	-57.469074	1.33182523	1.773947467	0.667760945
	1.002056896	-53.22606306	-48.31856578	-52.76650822	-48.72447717
	2.728240815	3.405976922	3.906499138	2.2260775	4.970070836
	5.687263549	5.793263339	4.63435624	-43.42663213	-37.61559912
	-37.36973365	-43.74589427	-31.467212	-24.89419593	-24.92148386
	-31.58035535	5.955187784	4.280514542	5.546206421	6.320000434
	-18.7128371	-18.91951451	-12.75278982	-12.43802751	-2.077904755
	-2.409271438	1.663943834	-6.991599713	1.46094902	4.372837026
	-7.402074526	-3.327820814	-2.994687136	-1.275040215e-29	-7.842522598e-30
	-11.62547465	-10.68988456	-6.933056935	-6.35174063	-22.05191285
	-20.61465885	-15.24306702	-16.35517757	1.060778943e-28	0.001896585332
	1.941951917e-28	-0.003572756222	-0.02135121917	-0.01337078932	-0.05449384831
	-0.07235279432	-0.1294854297	-0.2335995795	-0.2266530774	-0.1361760159
	-25.92697028	-33.50293341	-31.71153317	-27.45933053	-0.3000521248
	-0.3380648708	-0.4443102953	-0.3644022831	-0.4956809654	-0.5159586
	-0.347699128	-0.3805555485	-38.8783991	-44.3435167	-42.37228754
	-37.07104995	-46.85470465	-48.76707446	-52.58951321	-50.61988761
	-56.36018228	-55.10585225	-54.54199664	-53.25689255	-56.2854251
	-54.54635482	-54.61995513	-52.95962961	-0.2381378619	-0.0196273487
	-0.4390369136	-0.2874508006	0.4749602547	0.9046168121	0.01003281535
	0.3304322649	-51.79236127	-47.40512072	-46.05278276	-50.35009964
	1.689608267	1.169339779	2.80501593	2.158962545	-35.49900615
	-42.61484684	-41.37638981	-36.62450445	4.079108814	5.464790248
	4.868276032	3.393437367	6.517301383	6.910876236	6.215446703
	7.223735592	-30.88222309	-23.7021701	-29.88490561	-24.48945149
	-18.14816205	-12.76116644	-12.47118764	-18.72321267	7.350198063
	6.40508667	4.376588266	6.238270665	-7.509312781	-2.661194073
	4.335726346	-7.570538415	1.12685077	1.28652875	-2.760865935
	-2.679232272	-2.335518019	-7.915790137e-30	-5.048400819e-30	-9.771679886
	-8.748216753	-5.703426242	-5.092321521	-19.15851596	-17.50795426
	-12.74694466	-13.97949959	9.013276279e-29	0.01268781515	1.635297546e-28
	0.005653461359	-29.83471	-27.68035892	-24.16007175	-22.38301369
	-0.0303439846	0.004338570842	0.02134420556	0.01310433944	-0.04827650609
	-0.1567611888	-0.2166358414	-0.09571189602	-0.344947512	-0.3142539894
	-0.5000271654	-0.4952296894	-34.95044082	-40.21806216	-37.7113304
	-32.75053042	-0.6635074067	-0.8057949513	-0.6695885434	-0.6003492478
	-0.8463123489	-0.8213545055	-0.6534998734	-0.5479391451	-44.54974838
	-48.35217111	-45.66205353	-42.0696717	-48.35223602	-50.94538182
	-52.33004411	-49.64690323	-50.9433284	-52.46193849	-48.46451837
	-49.94510399	-46.19308237	-42.18702687	-48.45380327	-44.30658763
	0.06934627724	-0.3488688979	-0.3242909819	-0.6455458452	0.6458810938
	0.1548434484	1.524476893	0.8885091957	-39.7776651	-34.03882492
	-32.33643383	-37.88329794	1.90358922	3.237447675	4.09354626
	2.643801507	-28.60768183	-22.60072708	-27.1055516	-21.33877153
	5.593499808	6.348367181	4.754398975	6.97094374	7.568579474
	7.764076366	7.650599502	8.164056894	-16.29036161	-11.91389056
	-11.20915175	-17.32826851	-7.266235487	-2.639374415	-6.842443441
	-2.750562392	6.449817585	6.35369329	4.212836319	0.9213475741
	7.781635587	4.060157375	1.009606816	-2.025633777	-1.698350795
	-4.504146944e-30	-2.996439076e-30	-7.791593239	-6.75407303	-4.42789618
	-3.832887204	-15.91463505	-14.15231645	-10.10787478	-11.37851639
	-18.46569618	-25.54340226	-23.15100553	-20.38254272	7.534725232e-29
	0.02465049769	1.354621492e-28	0.01771984525	0.04592946926	0.1218466739
	0.05965729755	0.06812771057	-30.25266976	-35.15954937	-32.28497266
	-27.79699209	0.1208959274	0.07441825399	-0.06796316586	0.03276405904
	-0.2187799851	-0.07865925856	-0.2933588703	-0.4438990526	-0.5718643192
	-0.8600741387	-0.8797730393	-0.6601357479	-39.22887951	-42.84107331
	-36.37127703	-39.64711129	-1.09098186	-1.254858245	-1.010444733
	-1.060130747	-0.7431627492	-1.256594908	-1.13905089	-0.9753482167
	-46.73617428	-43.41705996	-45.34251761	-42.23916031	-46.97973878
	-45.68979888	-43.83842887	-42.50665281	-43.51564757	-39.78027056
	-37.03608613	-40.61326564	-28.34138904	-33.30166774	-35.68999936
	-30.43388766	-0.34506014	-0.8088544375	-0.3002537503	0.2951579
	1.160540086	1.519995982	0.4721221812	2.378870752	-25.45435402
	-18.52077578	-19.95064767	-23.7060837	3.808840372	2.853275518
	4.438943997	5.458021753	-15.18341423	-14.0390071	-10.38515553
	-9.567374182	8.037103785	6.959115735	7.464270146	6.046426374
	8.318448122	8.357565323	8.288929484	7.708801103	-6.361606916
	-5.829868185	-2.460555933	-2.275978022	0.7572534576	3.825431683
	0.8398813483	5.788462069	6.144808328	3.547040129	7.473689932
	-1.417289852	-1.130759908	-2.29655322e-30	-1.612010213e-30	-5.830985968
	-4.860920085	-3.204706979	-2.670111423	-12.52986087	-10.7850399
	-7.520935961	-8.734258843	-14.43277215	-20.8848433	-18.40990294
	-16.35821983	6.194714585e-29	0.03450325433	1.104460289e-28	0.02949263411
	-22.51704135	-25.07365122	-29.50220003	-26.44308522	0.09320758333
	0.1139266393	0.24375527	0.1797323424	0.3430447273	0.4320188826
	0.2320835053	0.23571187	-33.19389741	-36.49702854	-33.0344564
	-30.15273866	0.1408671251	0.3830163678	0.2620103344	-0.07276443384
	-0.03825881371	-0.39937066	-0.7192127244	-0.3525859855	-0.8403691004
	-1.242403989	-1.334049268	-1.044397133	-38.78187322	-40.07332959
	-36.40349012	-35.42205223	-1.464098367	-1.541420929	-1.473002675
	-1.696379876	-1.262267092	-1.621516536	-1.353441277	-0.840618702
	-39.21677176	-40.32166147	-35.60366063	-36.84428215	-30.94830453
	-34.04903223	-34.13469867	-37.34927456	-23.73337761	-30.64068644
	-27.89465373	-26.12746842	-21.84412793	-17.06915588	-15.59049799
	-19.93492616	-0.209336406	-0.04353961488	-0.8153907449	0.7276485925
	1.895234313	1.017646907	2.344030994	3.391495787	-12.91807027
	-8.775143222	-11.83961662	-8.059300516	6.555503926	5.474301275
	4.980288489	3.874489028	-5.35204019	-4.937809187	-2.012043904
	-2.108374075	6.872392972	7.755696516	8.296370294	7.811823822
	8.072511899	7.566735356	8.075235981	7.017450228	0.6295786832
	3.182072839	2.756869057	0.4522086941	4.7349236	6.426587609
	5.32837272	-0.8966511726	-0.6679187315	-1.002359767e-30	-7.607045933e-31
	-4.039537727	-3.207144348	-2.124618811	-1.68405936	-9.254576173
	-7.661410212	-5.181486497	-6.249465594	-10.58097174	-16.17062693
	-13.79379	-12.3732212	-19.74872893	-23.60962858	-20.57108222
	-17.26661418	0.03757558182	5.01662471e-29	0.03920245154	8.882840414e-29
	0.1320964384	0.1446204949	0.3414327312	0.2952731868	-26.84941829
	-29.77764213	-26.28359159	-23.82447286	0.5527390976	0.8180662468
	0.6184986961	0.4593860882	0.6857514123	0.9665704099	1.082919366
	0.630211882	-31.78252577	-32.90821746	-29.17965492	-28.40941678
	0.430706553	0.9413181135	0.7082025954	0.05131354235	0.1993337551
	-0.34201304	-0.9435706508	-0.4028042704	-0.9817371025	-1.493052566
	-1.736411927	-1.389508144	-32.100974	-33.0862293	-28.38261548
	-29.57083477	-1.854495963	-1.851130081	-1.954362002	-1.738821709
	-1.371499923	-1.766460211	-0.712316355	-1.301212148	-27.07864152
	-24.41118205	-27.77828862	-30.47625013	-24.9179514	-21.29338779
	-18.69698837	-22.00622241	-17.90041417	-12.5488908	-14.1021239
	-15.8556499	-7.41238978	-10.77604266	-9.73142147	-6.813558703
	0.1761045091	1.387821303	-0.5353865076	0.4887758289	2.7667929
	3.199427544	4.33663561	1.763029373	-4.615221242	-4.372183947
	-1.994835799	-2.066189845	5.957698621	6.979510975	5.803808917
	4.670820602	0.1997261228	2.248683499	1.681872832	-0.1277892759
	7.632653534	7.568724747	7.16227115	6.858549142	6.879489983
	6.013527697	3.294618218	6.896221641	4.794720081	4.062182664
	5.651617836	-0.491490646	-0.328852812	-3.358570397e-31	-2.932869568e-31
	-2.537628923	-1.888135453	-1.252856786	-0.9248542486	-6.331069469
	-4.996999892	-3.241434622	-4.102004304	-11.74251178	-9.635689743
	-8.724453054	-7.186993093	-12.41694232	-14.65255016	-17.87871863
	-15.07209819	7.069335123e-29	0.03929932889	4.013031843e-29	0.03678786915
	-20.61701022	-23.1351429	-19.84009987	-17.80682615	0.1500117239
	0.1498712365	0.3832582298	0.3699282721	0.6833803061	1.110472354
	0.9749182864	0.6341156509	-24.84229442	-25.79101725	-22.26637896
	-21.67559215	1.262681674	1.493106729	1.931983829	1.499022928
	1.561838584	2.126596839	2.265157247	1.416783854	-25.87889493
	-24.97212962	-21.45899356	-22.58629608	1.983692593	1.605647578
	0.4674034819	1.063154319	0.8321752126	0.09188399188	-0.9331090615
	-0.1982708361	-1.498182053	-1.371063825	-0.7704631573	-1.87848757
	-23.52197513	-18.01596754	-20.32528765	-21.25542118	-1.943887702
	-1.685622295	-1.77621957	-1.792798196	-1.133398713	-0.8301644006
	-1.484626301	-0.2485125723	-16.11980388	-13.55311783	-18.94371444
	-16.17061016	-10.98148973	-9.326653727	-11.59162994	-13.68831541
	-7.532140769	-8.643308382	-6.22952745	-5.615881759	-2.201571206
	-4.177860927	-2.377122939	-3.987113796	1.250492183	2.174145218
	0.8360695947	0.1015647547	2.530633005	4.868369634	3.785810327
	3.540062836	-0.5234854663	0.3821144232	1.05235902	-0.9616659871
	5.903438057	6.460782188	5.593806807	4.883915704	1.629112064
	3.830350514	2.484911788	2.842499938	3.960366534	5.598818788
	4.944946373	5.958103965	6.502226182	5.044326749	5.869054524
	-0.2133098251	-0.1166780286	-5.964866082e-32	-7.643578149e-32	-1.395515419
	-0.9443006501	-0.6215847782	-0.4090833648	-3.938684308	-2.922756578
	-1.782136332	-2.408393329	-4.444466232	-7.903334765	-6.189091687
	-5.652053456	0.0267229551	5.585758903e-29	0.03335643758	3.181672859e-29
	-10.13701984	-12.69661864	-10.29910934	-8.279084333	-14.10027056
	-14.90810404	-16.99567339	-12.4812748	0.1397754571	0.1258175967
	0.3536235626	0.3789030219	-18.40853088	-19.19778722	-16.0868888
	-15.62921672	0.692597726	1.21642522	1.187571208	0.7035851041
	1.687405965	1.79457085	2.53606037	2.262564123	-19.2190641
	-18.39268193	-16.34485086	-15.32487795	2.706388249	3.142845018
	3.800546357	3.028525981	4.041870564	4.20108874	2.803760537
	3.073147079	-17.08602252	-15.15416111	-12.32160911	-14.32364555
	3.740077875	3.196683011	1.408132159	2.258339629	0.5097773071
	2.119433035	1.180291703	-0.4233860842	-1.09678919	0.08451100069
	-0.5855832607	-1.493340246	-10.772482	-11.1532847	-8.760886025
	-13.2536311	-1.115600567	-1.497827899	-1.045728042	-0.9897470704
	0.5504271605	-0.4343521801	0.09956501936	-0.6276177171	-7.447151932
	-9.42220329	-7.704759079	-6.02752062	-4.949588755	-4.196945974
	-6.337621905	-5.1383143	-2.642312849	-3.761806036	-3.454281827
	-2.531471069	-1.421351327	-0.30356304	-0.9933901818	-1.837847028
	1.645506903	2.027413804	2.831914527	1.012436236	3.787533395
	3.01304932	3.880440821	4.677861931	0.7587889797	1.82166268
	-0.1067214347	0.8060232106	4.293698573	5.036914761	5.098552857
	4.36647645	2.669116728	2.86590736	1.74430231	3.8107136
	4.601645939	4.10134665	3.473657975	2.508496741e-29	0.01040667897
	4.3960479e-29	0.01987655165	-5.599118596e-33	3.572033971e-33	-0.05798038725
	-0.01864079103	-0.6275583553	-0.3611097007	-0.1205044038	-0.2297586767
	-0.8081465482	-2.161291887	-1.468569531	-1.208622912	-3.289241814
	-4.848269802	-3.57621926	-2.429537406	-6.477995681	-6.451947848
	-8.362943236	-5.034846118	0.1013604686	0.07622713948	0.2570081326
	0.3158700405	-10.0554565	-11.70867374	-9.348907528	-8.116621329
	-12.83934517	-13.49056516	-10.93053247	-10.56693493	0.5744847289
	1.104315061	1.190489866	0.6437965003	-11.14409191	-13.48407726
	-12.76816818	-10.28541656	1.827654537	1.782280178	2.712748323
	2.678489867	3.494990633	3.670497881	4.818890622	4.370676752
	-11.61582992	-9.960527937	-7.714373289	-9.419209031	5.709591779
	6.630794983	5.427604377	5.008175812	6.925875019	7.108537919
	5.028968419	5.447219456	-8.357113409	-6.714445547	-4.77397511
	-6.39918037	4.271195404	5.734351537	6.446023281	3.148731369
	2.015269643	4.339186585	3.212438288	0.8852567795	1.117225865
	-0.3366123733	0.1032663739	1.87204048	-5.488968782	-2.97088668
	-3.839389555	-4.486887654	0.5352610733	0.5487051904	0.04184046902
	-0.3386944068	1.332150253	1.502861372	0.7827983473	0.6781015906
	-2.697621167	-3.391008456	-2.507757818	-3.87592874	-2.533262308
	-3.050225345	-2.642427842	-2.549072796	-2.202454646	-1.621500924
	-2.434098153	-2.193632857	-1.751007812	-0.9640161704	-1.178421012
	-0.1923643945	2.500947551	1.932392581	3.044114833	2.320366079
	3.067543841	3.687815818	3.531613721	2.92569946	-0.4478972073
	1.499483083	0.3462942227	0.6389487731	2.966156831	3.527657689
	1.936661901	2.337235364	1.163424845	3.028992765	2.542362019
	4.679660579e-29	1.169871737e-29	-0.004037575454	1.104881425e-29	0.003475775018
	-2.398228452e-31	0.01882317928	0.04400620633	0.1206820936	0.1955087021
	-0.04393106038	-0.1953162835	-0.07604413221	-0.01099127436	-0.9840210168
	-0.5745211438	-0.4692385754	-0.2568049864	-1.648478658	-2.633226269
	-1.104414281	-1.782282328	-5.027175675	-3.670461169	-3.697106765
	-2.712772589	-4.818819896	-6.245245931	-7.485639235	-5.709529827
	0.4690123069	0.361028203	0.8079781152	0.9838945168	-8.354503531
	-8.883511558	-6.925807895	-6.630684217	-8.881445294	-8.307290233
	-6.446043991	-7.108413566	1.648397978	1.468585008	2.429513327
	2.633221511	-7.339944372	-5.947586089	-4.339312354	-5.734272744
	3.697093355	3.576230512	5.034863627	5.027264887	6.478045109
	8.116712656	7.485852694	6.245320328	-3.212362326	-4.584284392
	-3.237934319	-1.872141424	8.883790264	9.348996161	10.56707825
	8.35470652	8.881770201	10.93061539	8.307423642	11.14418971
	-1.117168509	-2.299414264	-1.697594475	-0.5352355983	7.34035885
	9.419259654	10.2854064	5.947547901	7.71425398	3.237822087
	4.584752561	6.399215618	3.839398834	1.697399138	4.773883669
	2.299880267	-1.529801153	-1.649960815	-0.7827027568	-0.5486688809
	2.970911101	1.649686479	2.697642196	1.530210073	2.507817459
	2.549221858	2.290411021	1.953806937	-1.953447742	-1.332057144
	-2.290456935	-1.932329383	-2.549651538	-2.619829136	-2.50068726
	-2.925628483	-2.485101167	-3.067359718	-2.966091391	-2.094571417
	-2.542375496	-1.525957412	-0.7953567739	-1.936641675	2.533305483
	2.620175134	2.434322547	2.549962394	1.751032509	2.485336189
	2.094660138	2.193752293	0.0003188932592	0.7950825641	1.178530015
	-1.163135502	0.4479937889	-0.3460318099	1.526225284	5.933210007e-29
	2.653543683e-29	-0.02044012609	5.961552636e-33	0.05812527374	-2.387228843e-31
	0.2295297428	0.1165714938	0.4088321759	0.6273344126	-0.3157621367
	-0.125768142	-0.0269013453	-0.1011792952	-1.190476843	-0.6926072782
	-0.6439281272	-0.3536451604	-2.678449772	-1.216394141	-1.794586738
	-1.827708794	-4.370460693	-3.142791025	-3.494934978	-2.536078704
	-5.008034903	-5.427332175	-4.041827922	-3.800419098	1.208614832
	0.9443334723	1.782128561	2.161260772	-5.446976241	-5.028784816
	-4.200989231	-3.740081394	-4.270904712	-3.14880654	-2.119532692
	-3.196592133	3.289200797	2.922743206	4.444438904	4.848265245
	-2.014930514	-0.8854786779	-1.180215664	-0.08459333182	6.451987809
	6.189122605	8.27914623	8.363059266	10.29917277	12.4814103
	11.70891302	10.0555822	1.045766495	0.585663063	0.336334427
	-0.102905657	14.10037632	15.62935002	13.49079005	12.83960035
	13.48446254	12.76826049	16.34491277	16.08699776	0.9898004418
	0.3390294949	-0.04217278541	0.6277423181	11.61627408	9.96055198
	15.32488604	14.32366734	10.77248041	6.71443732	8.357588239
	12.32151845	4.486755883	7.447122665	5.48942847	8.76082531
	-0.6777689444	-1.012329662	-1.503092452	-0.09951903167	6.02753803
	5.138345354	3.390838378	3.876287948	4.196945114	3.454458446
	2.642574358	3.050432613	-2.027238901	-2.32001252	-3.012966789
	-3.04386083	-3.787257474	-3.531221316	-4.293637998	-3.687448357
	-3.527160127	-4.366407642	-4.1014272	-3.029265705	-1.499770107
	-2.33661224	-2.668955731	-3.473575282	2.642365463	1.621792664
	1.837958558	2.202497726	-0.8057910166	0.1922183809	0.9935941615
	0.1066832752	0.9640120839	-1.743959561	-0.6385140726	3.358339044e-29
	-0.0333806963	7.504051611e-29	7.63612648e-32	0.2131024777	-4.273647066e-32
	0.6216371644	0.3288497695	0.9248047973	1.3954845	-0.3790142501
	-0.1500516468	-0.03663852826	-0.1397902507	-1.187415354	-0.6833453119
	-0.7035771461	-0.3834922275	-2.262460731	-1.110316504	-1.49312161
	-1.687413026	-3.028230064	-2.126536578	-2.706247899	-1.931979616
	-3.073003294	-2.803568312	-1.983679322	-2.265030243	2.408392314
	1.888151004	3.241390527	3.938635905	-2.258192429	-1.408177742
	-0.832210017	-1.605617357	-0.5096445035	0.4231110993	0.7704282442
	-0.09186147992	5.652084856	4.997018506	7.187022247	7.903385329
	1.096958976	1.493006115	1.371094153	1.776290837	10.13709681
	9.63572882	12.41704994	12.69678267	15.07217274	17.80697465
	16.99589614	14.90826661	1.48478328	1.792829782	1.498002449
	1.115252388	21.6756884	19.19793487	19.84022954	18.40882454
	19.21943093	18.39274534	22.2664992	22.5863278	0.8301749672
	0.4345392824	-0.1014020003	-0.5507647697	21.45900656	17.0863815
	20.32530348	15.15423821	16.11977973	18.01591097	13.25400434
	11.15332268	9.422567557	7.704668309	13.55309733	11.59158643
	-1.645311169	-1.250451095	-2.831879601	-2.530505379	9.326616174
	7.53221133	4.949577941	6.337805829	3.987270202	2.531755899
	5.61580144	3.761748309	-3.785605904	-4.677312136	-3.88023204
	-4.883773758	-5.098097848	-5.869080208	-5.593701356	-5.036868965
	-4.945072637	-4.600892005	-3.811274188	-5.598823443	-2.865052855
	-1.821897364	-3.960095427	-2.842095796	0.9616404582	0.3036299017
	2.377244698	1.421211493	-0.7587057773	-0.3819125183	-1.628901207
	4.242578938e-29	-0.0390281089	9.480571632e-29	2.933514425e-31	5.256592326e-31
	0.4914378921	1.252917816	0.6679420327	1.683998713	2.53757624
	-0.3701604853	-0.1448589048	-0.03883551968	-0.1502263858	-0.9746324671
	-0.5526575653	-0.6340016848	-0.34183241	-1.498870396	-0.9665500513
	-0.8178559533	-1.262656995	-1.416529868	-0.9412376763	-1.561720826
	-1.08295931	-1.063166123	-0.4674020337	-0.1992993427	-0.7082039059
	3.207183419	5.181491024	6.331085805	4.102049544	0.198196701
	0.9328833916	0.3418982611	0.9817813483	1.498116095	1.878166427
	1.851251608	1.492961196	8.724503773	7.661436228	10.58104372
	11.74261438	1.943862781	1.685306186	1.766659124	1.954303358
	13.79383387	17.2667532	17.87890527	14.65264293	20.57117597
	23.1353081	23.82459482	20.61720102	0.5355921424	1.301164472
	1.133397005	0.248180608	26.28373226	28.40947099	25.79109252
	24.84257582	25.87915312	29.17975062	24.9721907	29.57086989
	-0.8360535546	-1.762841767	-0.4888297199	-2.174346001	21.25551151
	23.52218508	27.0786603	28.38261983	24.4111723	18.94396998
	16.17063824	22.00618346	13.6885327	18.69696607	15.85562991
	10.98146826	-3.540179039	-4.867877973	-4.670608118	-3.199399849
	12.54873689	9.731529041	6.229706887	8.643272523	6.813453445
	2.201814451	4.372242718	4.177708531	-5.903514549	-6.460244813
	-6.858373035	-5.957661856	-6.501711648	-6.87961315	-5.958608113
	-7.162419832	-4.794623752	-3.830906469	-6.013465924	-5.043406212
	-1.681453425	-2.484111782	0.5234396783	-1.05246804	0.1278126707
	2.066303584	-3.294254383	1.197702061e-28	-0.03702430385	5.356532155e-29
	7.607824958e-31	1.698915364e-30	0.8966026324	2.124688729	2.670087362
	4.039528369	1.13079734	-0.2955140034	-0.114067771	-0.03392894902
	-0.1324460943	-0.6181090741	-0.3428813375	-0.2443601014	-0.4592940557
	-0.6300501115	-0.3829049179	-0.4319582625	-0.6858305272	-0.05118812083
	0.03840609197	-0.4308067731	-0.2622511874	0.4025232333	0.9434473845
	0.8405012601	0.3991200013	4.860952412	7.520974734	9.254635473
	6.249508669	1.38921677	1.736187445	1.541607782	1.24212816
	1.854263242	1.73859154	1.621761264	1.696173933	12.37327096
	10.78506424	14.43288452	16.17076853	1.371322558	0.7120680964
	0.8156257443	1.353298724	18.40995569	22.51716949	23.60978768
	19.74883336	29.77773581	30.15281437	26.8496125	26.44319387
	-1.017439561	0.04342412493	-0.1762310586	-1.388119963	35.42209983
	33.03457219	32.90826794	31.78272862	33.08634387	36.40353849
	36.84433857	32.10104228	-2.767020485	-4.336477052	-3.874246715
	-2.344117415	27.77835299	34.04904687	30.47635808	35.60367906
	24.91813192	30.94833309	27.89461951	21.29340822	23.73328256
	17.9004923	19.93494869	14.10222624	-5.804431857	-6.978632349
	-5.47438548	-6.87203326	7.412675192	15.59024766	11.83969152
	10.77595949	4.937751783	4.615301835	8.059243273	1.994903095
	-8.075136233	-7.812173771	-7.568695554	-7.633045391	-5.65244718
	-6.895754283	-6.426651501	-7.566966085	2.012198033	-4.734742333
	-2.24895612	-2.756471526	-4.061196069	-0.1991360142	-0.451977051
	1.51318241e-28	-0.02866335477	6.763790069e-29	1.612132393e-30	1.417264985
	3.759722801e-30	3.20475348	3.832893588	5.831006731	1.698380663
	-0.1798426832	-0.06803691847	-0.02400150097	-0.09375191385	-0.2316304918
	-0.1205797251	-0.1227223286	-0.2358725072	0.07292082852	-0.07478515333
	0.07891467954	-0.1412662269	0.7192542422	0.5721156782	0.3521417328
	0.2928150777	1.043895379	1.33396411	1.0912379	0.8595989813
	6.754092041	10.10795086	12.52996036	8.73428718	1.47258216
	1.463990206	1.254488739	1.256876838	1.261950659	0.8404874207
	0.8091110219	1.138791644	16.35826564	14.15233636	18.46581279
	20.88497856	0.2091066121	-0.7279004686	0.3000842109	-0.4719371854
	29.50230119	23.15106713	27.79707922	25.0737605	32.28506753
	36.49708866	33.19404849	36.37133318	-2.853067278	-1.520098727
	-1.895404814	-3.391684352	42.23923012	39.64717729	40.07339287
	38.78196715	40.32169708	43.83849646	39.21683531	43.41709091
	-4.980916877	-6.554770334	-6.046055249	-4.439054633	40.61328057
	37.34937759	42.50671447	34.13473317	37.03611659	30.6408425
	26.12752342	33.30166063	23.70610673	21.84420391	28.34121993
	17.06936727	-7.756863807	-8.2885047	-7.464694406	-8.295658856
	12.91828734	14.03896265	8.775363269	18.52055322	9.567280483
	5.829876373	5.352489573	2.108357716	-7.4737057	-8.319063076
	-8.073177208	-7.0180526	-5.788600008	-5.328096004	-3.182652178
	-0.7570173436	2.27635103	-3.546905181	-0.6286507416	1.908887067e-28
	8.536875106e-29	-0.01671574102	2.996577094e-30	2.025628149	6.995835861e-30
	4.427917663	7.791648277	2.335535811	5.092361649	-0.05950222672
	-0.02097333763	-0.01225247457	-0.04677376139	0.06842229424	0.04875928295
	-0.01426189792	-0.03342098789	0.4440803436	0.1558961998	0.3146349218
	0.2179834599	0.8798346775	0.663836236	0.6594443554	0.4993106627
	1.009874965	1.060155197	0.846620321	0.805255044	8.748218944
	12.74703288	15.91474204	11.37852549	0.9749272038	0.7431406962
	0.6458047904	0.8210063548	0.3447786318	-0.2953046878	-0.1546802182
	0.3486482051	20.38258494	17.5079705	22.38310246	25.54349677
	-1.160672201	-2.379203443	-1.903481495	-0.8886044146	32.75059179
	27.680411	35.15961496	30.25275691	42.06974197	37.71138919
	42.84114217	39.22896026	-3.237440417	-4.754142347	-3.809060477
	-5.457819334	48.35232378	45.66209525	46.73625117	45.34255227
	46.97979793	49.64696956	49.94517474	45.6898495	-6.960275253
	-8.036032861	-7.568051399	-6.348669631	39.78029587	43.51580572
	48.46462796	46.19311679	37.88331597	35.69018916	42.18704552
	30.43398309	19.95087101	32.3362665	27.10553082	25.45460286
	-8.359061666	-7.781429451	-7.708814921	-8.164823633	16.29029039
	10.38531911	15.18385938	21.33855487	6.842597677	11.20917998
	2.460500676	6.362292326	-6.354189678	-3.826141287	-4.060201384
	-6.145630878	2.639597965	-0.8397107082	-0.9213800937	2.395430081e-28
	-0.004723738651	1.074175894e-28	5.048531825e-30	2.679248393	1.162464176e-29
	5.703423359	2.994690328	6.35179716	9.771749085	0.03077314486
	0.01389179667	-0.001974941612	-0.005504707635	0.2170310309	0.1300238926
	0.05325325216	0.0945911414	0.4954535868	0.3384722363	0.2325536769
	0.3439955301	0.6696963808	0.4959934156	0.5996550979	0.4436810923
	0.6530281423	0.5480138785	0.43928607	0.5155227038	10.68987376
	15.24314144	19.15860017	13.9794935	0.323988149	-0.06940086225
	0.2872165093	-0.009889074757	-0.646003289	-1.524783898	-1.169318402
	-0.4750600259	24.16009835	20.61466397	25.92703535	29.83477413
	-2.643696509	-4.09381287	-2.158838446	-3.393366636	31.71156314
	37.07111729	40.21813093	34.95048869	48.3522564	46.85479255
	42.37232824	44.54979048	-4.868252063	-5.593976085	-6.21508499
	-6.970147741	53.25698691	50.61995681	52.33012267	50.94544142
	52.46207819	54.54212811	54.62004065	50.94337051	-7.765540292
	-7.349789225	-7.649931054	-7.224342005	48.45400404	50.35018
	52.95976454	44.30661815	46.05278416	34.03894492	39.7778618
	41.37644983	28.60794922	29.88490486	35.49885927	22.60096783
	-4.213369897	-4.335913388	-6.405771246	-6.451237079	23.70204414
	18.14820931	17.32868693	11.91414882	7.266493628	12.47126775
	2.760827356	7.509342028	-1.010228992	-1.127066291	2.750313995
	2.973497968e-28	1.340997722e-28	0.004121681818	7.842611435e-30	3.327849144
	1.770422231e-29	6.933037775	3.625251839	7.519207282	11.6255356
	0.07291092493	0.02977803353	0.00458869457	0.02009990862	0.2269377303
	0.1323258443	0.1350049192	0.0737209229	0.3646290019	0.2453832648
	0.1989788563	0.2992955835	0.3477998974	0.2575447771	0.3800516642
	0.2788404036	0.2378528854	0.01965034776	0.03495332593	0.1928661771
	17.43880404	22.05197505	16.35515737	12.4448056	-0.3305502177
	-0.904844216	-0.6677787121	-0.2341299895	-1.689409842	-2.805475415
	-2.226177977	-1.331677161	27.45933764	23.28780448	28.89576642
	33.50299773	-5.46461065	-4.078857895	-4.634258065	-3.405607354
	40.48747427	35.00812203	44.34359973	38.87842867	52.58960525
	45.94043669	50.35757915	48.76713701	-6.518095201	-6.319641794
	-5.793469086	-6.909883507	54.10206643	56.36026138	56.52552339
	55.10598515	56.28560679	54.54640958	57.67098696	57.4692093
	-4.376662074	-4.372982833	-5.955792786	-6.239509998	51.792472
	47.40518665	55.63382564	52.76667488	36.62466996	43.42676655
	42.61484994	48.3185429	37.36971077	24.48975522	30.8823096
	31.46727686	2.408847436	-1.287325037	2.660826247	-1.461213708
	18.72349241	7.402052752	12.76134113	18.91955685	7.570517493
	24.92154656	12.7527849	0.00813960333	3.628767171e-28	1.650734675e-28
	1.135132095e-29	3.924406232	2.5069191e-29	8.03298354	4.18487218
	8.52428452	13.23856804	0.07255891754	0.02902868979	0.006901851862
	0.02803461138	0.1624325511	0.09346978659	0.1140395738	0.06169354103
	0.189037006	0.1232848881	0.1269300428	0.1866564534	0.0379699264
	0.03494550635	0.1453609567	0.108290275	-0.1560047487	-0.4998892094
	-0.3544663452	-0.1061526842	24.43663531	18.36941211	13.91562934
	19.21938654	-1.001883915	-1.774408331	-0.7627963755	-1.351493678
	-2.727638887	-3.906801227	-3.16421819	-2.192872397	25.38547149
	31.12019598	36.32825447	30.09674375	-4.970012526	-4.950066682
	-5.686520345	-4.232873297	37.35727046	47.22839373	42.7539934
	41.772691	48.12921393	52.28294397	55.18953247	51.53400122
	-4.111279397	-5.076175962	-4.279999794	-5.546931315	55.80509745
	57.87720922	57.45866598	58.48302159	56.20263317	58.24170909
	58.76599039	58.13197628	2.077578989	1.620479051	-1.827631554
	-1.664488564	53.22593388	56.21682643	53.12809576	48.72460026
	48.5690689	37.6157795	43.74569342	43.50935165	24.89443476
	37.30121448	31.58045757	31.16794773	12.43805182	6.99172126
	6.415357893	11.77157429	24.36020827	18.71327771	18.11610133
	4.331514738e-28	0.007829679071	1.991886981e-28	1.542365329e-29	4.433741284
	3.330617422e-29	8.94438916	4.644473043	9.318696893	14.52988233
	0.05061916906	0.0199796227	0.006050281357	0.02367335291	0.0837438319
	0.04798746155	0.07038931404	0.03796608579	0.02909380689	0.04896925442
	0.02168611397	0.07345914156	-0.2555057158	-0.1723197779	-0.06724320413
	-0.04340292018	-0.550518965	-1.038996978	-0.7577249993	-0.4027537915
	19.92059845	15.03119004	20.49207019	26.18240375	-1.683075179
	-2.56530734	-1.988289366	-1.303130485	-3.462409781	-4.266948096
	-3.53904133	-2.831941308	26.78205876	38.11341021	32.44988826
	31.90883985	-3.865948164	-3.942184472	-3.533411782	-4.50140066
	38.57839633	43.68575519	48.63337439	43.40622631	48.75110656
	55.92797179	52.46377631	52.61127079	-1.968169574	1.17430671
	0.6834745375	-2.023662025	55.57364251	58.49799251	57.16847641
	57.79587711	56.74557923	57.78563733	57.66633338	55.65105331
	9.738939476	10.89869842	5.634638519	4.828842932	54.44656695
	52.41181937	51.10264761	47.82098373	42.62803924	46.39090142
	36.42255248	41.18669123	15.80668795	30.15713798	17.08029407
	34.89156645	23.39491525	21.91813693	28.70501923	5.040933261e-28
	2.346244636e-28	0.005310913824	1.97807946e-29	4.832229646	4.174167546e-29
	9.625223386	4.98356842	9.864001181	15.4344791	0.02583813008
	0.01010710643	0.003831854056	0.01470704481	0.01525610405	0.009280970266
	0.02822477625	0.01534791987	-0.1178449571	-0.0736422906	-0.0151565453
	-0.02555459104	-0.5589492777	-0.3862209263	-0.2759382223	-0.1910895284
	-0.9561442471	-1.550395072	-1.147190346	-0.709222477	20.91885819
	15.72865122	21.1748637	27.17400155	-2.212063583	-2.92570744
	-1.737193101	-2.313783434	-2.745309717	-2.784375349	-3.323036729
	-3.171867234	27.37345904	32.77878808	38.71461269	32.75864031
	-0.0680881675	0.2915310692	-1.926567507	-2.014209483	43.19905908
	38.56773461	48.43541289	43.63976597	47.73832813	50.84633733
	54.70809809	51.89404788	3.921020275	3.12795404	7.215678457
	8.555096631	54.33063482	56.27517903	53.34879202	56.01427533
	55.07527385	54.27588012	52.66865483	52.87166295	18.12358874
	14.18740258	20.21265844	12.56037256	46.60353828	49.09246991
	50.20472263	44.42223707	41.76971566	32.93801901	39.05456327
	36.56408996	26.68951887	24.48965232	30.40858216	0.002615001445
	5.709685558e-28	2.691655715e-28	2.401097733e-29	5.101092277	4.94373937e-29
	10.03799398	5.18387542	10.12628631	15.89501219	0.005197853622
	0.002112219438	0.001560579542	0.00601839008	-0.04610505113	-0.02495689898
	-0.007805808448	-0.003800767696	-0.2693502931	-0.1718127232	-0.07659203399
	-0.1210959968	-0.8561373887	-0.5986799607	-0.4922746458	-0.344636826
	-1.292512867	-1.83364072	-1.379326258	-0.9696255491	21.29048384
	15.95694014	21.21386087	27.33284897	-1.922624153	-1.786365321
	-2.230251348	-2.348013314	-1.582248174	-1.770381942	-0.3001829208
	-0.4681111709	27.10902518	38.07585213	32.07349922	32.57376291
	6.024155853	4.80506444	1.726596796	2.335615689	41.2942336
	37.30992541	46.61098887	42.43747831	45.09691442	47.44451646
	51.50617466	49.36289801	13.80899444	10.74145266	9.116460979
	16.07084335	52.08826504	49.42242337	51.79450954	49.15326757
	46.83421267	50.02005099	48.71463084	47.32499225	24.71247764
	27.75489703	21.8874703	19.39328764	43.45476556	38.82758649
	40.11676048	43.83601846	33.50127632	35.35280002	30.4107016
	3.003775085e-28	0.00050733175	6.286602835e-28	2.758097137e-29	5.223631866
	5.527842847e-29	10.15256405	5.230877046	10.0848001	15.8751149
	-0.01285491521	-0.004743271608	-0.0003713612801	-0.001356430817	-0.109307842
	-0.06021535043	-0.04202344732	-0.0218294261	-0.4215425266	-0.1404739205
	-0.2716111272	-0.2204365161	-1.04291046	-0.7391709365	-0.6801514127
	-0.4802999562	-1.355897223	-1.565545249	-1.210413565	-1.033080419
	21.00320227	15.69586276	20.60070627	26.6401134	-0.5530881696
	-1.349936578	-0.5382200059	-1.133043515	2.895051914	0.7954397914
	1.175006117	3.824851897	36.21167987	30.35703283	25.99681534
	31.35430718	7.442902165	11.79826639	9.730769734	6.072044479
	43.19705718	34.83962209	38.02345205	39.82459821	46.43233214
	40.90909373	42.4055957	45.07918645	18.79322013	16.68605871
	14.30211333	21.8504503	46.22248008	42.83410378	43.24124671
	45.37053455	43.10127362	41.54801767	40.24098523	39.356848
	28.19620688	36.22707152	32.63035544	23.77204267	26.95458361
	36.29462089	31.93381074	3.257372978e-28	-0.001226319932	6.721301992e-28
	2.992286943e-29	5.190057453	5.823187997e-29	5.120106325	9.958466561
	9.739988018	15.37228458	-0.03149069829	-0.01181159704	-0.002054351808
	-0.008166459323	-0.1742181389	-0.0968719015	-0.07737631135	-0.04033292934
	-0.1982651034	-0.3428364876	-0.3093767872	-0.5260422246	-0.5257710194
	-0.9347721705	-0.6769076059	-0.7357357133	-0.7096656719	-0.9003858871
	-0.5200123576	-0.4557586342	20.06920895	14.95775958	19.36021551
	25.12187438	1.588423052	0.4814981101	2.205000374	0.2875858467
	4.744327331	8.02509835	3.729129997	6.361195145	24.07489396
	27.68759624	29.1392294	33.18040084	11.8594029	16.12248554
	9.842514626	13.40379524	31.25211122	33.55587054	38.35810794
	35.89511912	39.32810432	39.91502998	36.17189334	35.46734988
	21.26787391	20.41567589	24.80149411	17.51551115	36.2470067
	35.3575006	39.03640643	37.77863601	33.72101048	35.25776239
	32.4417817	28.43976874	31.46032598	28.69395403	25.17503122
	3.429636277e-28	6.973593941e-28	-0.002977144342	3.059641817e-29	5.001564719
	5.766430369e-29	9.465552746	4.857354989	9.106876953	14.40795836
	-0.05113093956	-0.01939508318	-0.003534570982	-0.01490440666	-0.05713676786
	-0.1094193997	-0.2219408103	-0.1247960028	-0.48978092	-0.3247840941
	-0.2212228703	-0.3423205795	-0.3826274332	-0.3002564366	-0.383161807
	-0.5224636118	0.142477697	1.159744262	0.7948533063	0.06399511434
	18.52210645	13.76988809	17.53785492	22.8321817	3.860584927
	2.792529087	5.068576738	2.11532004	7.866040774	11.16007653
	8.961830309	6.3192253	29.14515771	26.01832566	24.21295353
	21.42321124	14.5783751	18.23529837	12.16283392	15.18397829
	26.81192912	28.29727694	30.93341379	32.52770049	29.47588792
	32.73030742	32.73204477	29.36153215	18.46095873	21.5469707
	21.27734141	24.89589359	27.90739488	29.0361213	31.4465664
	30.00193499	27.49276954	26.16019025	24.01935573	-0.004869803187
	3.50553586e-28	7.024537346e-28	2.942140222e-29	4.666700772	5.351428382e-29
	8.69241722	4.452645188	8.209457445	13.01837174	-0.02080897032
	-0.06660515335	-0.02568322621	-0.004659777016	-0.06444537608	-0.2131233276
	-0.1217911001	-0.1227532506	-0.2550173716	-0.2296009064	-0.1607122894
	-0.1676073406	0.5548770922	0.3590364912	0.01357325355	-0.007628408453
	1.101201704	1.515073849	2.968171617	2.164407404	12.18309526
	19.90007209	15.2374558	16.4274893	4.859530921	7.233004598
	5.595957096	3.769520251	9.795796497	12.67950344	10.23026336
	7.931658405	20.25227743	22.22521136	18.24170519	24.47505726
	15.369174	18.21387936	12.84116321	15.16029335	25.4771116
	26.38211236	22.84905866	21.99887945	23.30408943	23.05960622
	25.71546886	26.08154366	17.53135095	19.4495941	20.49544917
	24.27941493	21.14882077	22.33985004	22.81737886	6.882228987e-28
	3.482475843e-28	-0.006537097101	2.651182544e-29	4.198479056	4.63154992e-29
	7.67235679	3.923456956	7.099463218	11.28347138	-0.06600017367
	-0.02607793068	-0.005055959027	-0.02331281009	-0.05013552135	-0.1096278942
	-0.0653540443	-0.09433087532	0.2367137208	0.1411989281	-0.01599024698
	-0.01542415306	0.5141951955	1.596530239	0.7474143173	1.102719967
	2.775520021	4.363353248	3.233798347	2.064943599	10.31800297
	12.67075968	16.59535383	13.94426816	6.160068489	8.298754378
	6.462069001	4.820988188	10.37103082	12.66747614	10.23675484
	8.42401243	18.16857822	16.2475016	14.87188177	19.6975695
	14.58478584	16.62435346	12.18647606	13.82595575	20.57451601
	17.76665862	20.1457136	17.3476711	19.43767028	17.83044398
	17.38971045	16.53999146	20.00195873	15.38323371	18.00706883
	-0.006849628527	6.576276128e-28	3.37065375e-28	2.227880105e-29	3.624200809
	3.71872657e-29	3.310055871	6.483068384	5.878882898	9.36289548
	-0.03672995928	-0.01530227627	-0.003902588527	-0.0181914731	-0.006709227729
	0.08502086604	0.04362017772	-0.01098031758	0.7690030025	0.4903980866
	0.3227181418	0.2032044156	2.418175244	1.696067078	1.438863409
	1.011035209	3.587062511	5.06887021	3.782968297	2.692005181
	13.28281415	8.373438072	10.11846017	11.33815251	6.570307131
	8.32027718	6.496384908	5.162386048	9.849345137	11.54955947
	9.334736605	8.0084283	12.58069882	14.28949517	15.28349087
	11.67408716	10.67961264	14.1225719	11.73670465	12.7873224
	15.49071319	13.22460155	13.35724874	15.38103203	14.78693505
	13.16861246	12.62224489	6.142051819e-28	-0.004284401355	3.187212627e-28
	1.741349632e-29	2.765264804e-29	2.996606564	5.251010552	2.677410266
	4.679146788	7.464740084	0.02131555728	0.007064585249	-0.0002720667073
	-0.002420915172	0.05752912873	0.3122158368	0.1721662158	0.1106158233
	1.197350142	0.7740565141	0.6492734349	0.415783176	1.341569964
	2.845673314	1.894563639	2.009262469	3.859716873	5.109169206
	3.82526274	2.908375613	7.812072566	6.551536461	10.27015766
	8.8833834	6.255927059	7.58979839	4.922932793	5.929889475
	7.914352744	9.798544957	7.014123632	8.628635338	10.87789509
	9.440847425	11.47932186	8.877976122	9.754414202	8.751683848
	9.334316417	10.48576655	11.35047573	11.23728227	9.685146513
	5.607957972e-28	2.947756993e-28	0.001506692479	1.270582022e-29	1.912033177e-29
	2.382576789	4.102795401	3.605115182	5.757594607	2.089952595
	0.0903071678	0.0340036113	0.005514925879	0.02141304971	0.4978136674
	0.2778123472	0.230184348	0.1211732705	1.425984077	0.5600060091
	0.92726787	0.8691531742	2.044056145	2.056784145	2.885565171
	1.461876265	3.688310812	4.666892721	3.497663384	2.784160432
	7.702723919	4.974234505	5.855869165	6.74925023	4.310105786
	5.019011747	5.478069488	6.430114784	5.735342019	6.282880022
	7.064217351	7.787522914	8.321881332	6.911227106	6.708363777
	8.02063906	8.043056683	6.544882502	6.843304137	4.998780788e-28
	0.00865785958	2.663824094e-28	8.735338052e-30	1.834699825	1.237347199e-29
	3.112962983	2.700566498	4.314612561	1.585019881	0.1470766195
	0.05620591627	0.01151767186	0.04543023351	0.5988156613	0.3357368618
	0.3122711844	0.1651289362	1.454526675	0.9486542601	0.9514313914
	0.6148984241	1.973596704	2.640982094	1.405319147	1.873252049
	2.437737969	3.946142725	3.229234499	2.95434707	3.666683582
	5.583734247	4.245298728	4.975130943	3.967863951	5.096206488
	4.471277643	3.511153971	5.407858621	4.637559728	4.736786868
	5.762153497	4.381683767	5.682685069	4.642552559	0.01450930308
	2.348425479e-28	4.347035914e-28	5.713804302e-30	1.37432078	7.501584374e-30
	2.294799746	3.128595517	1.168527162	1.95855496	0.01577144234
	0.1782336706	0.06835879518	0.06232267248	0.6139410348	0.3450413251
	0.3443572843	0.1825395068	0.8716946971	0.916950333	0.5936054819
	1.33453295	1.579692455	2.228717611	1.728859169	1.231531705
	1.976739239	2.62436476	3.110696464	2.320101258	2.93757003
	2.599269318	3.864311082	3.52594578	3.756982235	2.913855806
	3.40471797	2.663072992	3.081854636	3.813282956	3.10943378
	3.693665013e-28	2.020308045e-28	0.01759841325	3.568067276e-30	0.9970546949
	4.193359781e-30	1.627297976	0.8288892803	1.355198643	2.164847746
	0.1834029121	0.07040675142	0.01748563823	0.06927645689	0.3333697206
	0.1769977252	0.5647899914	0.3178813231	0.7346663024	0.5211055365
	1.124851695	0.8044237833	1.398820255	1.743797478	0.9945781735
	1.230829443	1.683329283	1.482564909	2.27315088	1.979477381
	2.362038225	1.937172187	1.903739913	1.85380065	2.384094214
	2.509568073	1.740188089	3.07704252e-28	1.700495661e-28	0.01800594915
	2.110811899e-30	0.6900045767	2.052987016e-30	1.088770086	0.5543690124
	0.8751254983	1.4005807	0.06747596378	0.01696483192	0.1691234315
	0.06496285358	0.4760080749	0.2680494631	0.2931749843	0.1558254843
	0.8732699324	0.6488238444	0.5683610279	0.4198203726	1.041855493
	1.255408813	0.7360563466	0.8772196975	1.075804489	1.01222776
	1.365476775	1.099937265	1.131107824	1.501141625	1.465405849
	0.01650645409	1.405910164e-28	2.523263525e-28	1.161075305e-30	0.4449449531
	7.51990596e-31	0.6703805759	0.3402789614	0.5132660076	0.8271497051
	0.014921896	0.1426807854	0.05483619565	0.05962374972	0.3672147924
	0.2063463698	0.2362199902	0.1255407112	0.6163401967	0.3966188628
	0.4769731536	0.3068083719	0.6008508735	0.8099453488	0.5555221065
	0.4881617412	0.5981577647	0.7011763911	0.8230480575	1.146255042e-28
	2.04425743e-28	0.01385127542	5.780430489e-31	0.2594419869	3.900855241e-32
	0.3682387684	0.1850024349	0.2635871085	0.4327708262	0.01198419489
	0.1096721741	0.04212177972	0.04816939635	0.171828824	0.2536641783
	0.09094112913	0.1410872009	0.3824936445	0.3105500985	0.19626822
	0.2884049393	0.2751494899	0.4063093883	0.2394817753	0.01056166727
	9.246883112e-29	1.641110708e-28	2.505116371e-31	-2.865167156e-31	0.1309920545
	0.1721658859	0.08401156659	0.1114210975	0.1916238529	0.008589813149
	0.07434752066	0.02835594111	0.03490115061	0.148980797	0.05607345713
	0.08007741625	0.1078561757	0.1679743379	0.1014902486	0.1133090944
	1.30844226e-28	0.007005618768	7.399966317e-29	8.781098051e-32	-3.828448677e-31
	0.05279873314	0.06263407727	0.03390433966	0.06582793062	0.02796190538
	0.04084645221	0.005118297002	0.0212837565	0.03176536848	0.01507021138
	0.05244164256	0.02551421299	5.886287444e-29	1.037831658e-28	0.00355577006
	2.020056266e-32	-3.637567286e-31	0.01369501774	0.001832797499	6.459692779e-29
	4.303507848e-05	8.1999587e-29	0.01419849182	0.004272507397	0.01423708786
	0.004957091024	0.0006476645997	3.677990355e-29	0.00901958505	0.004268157734
	4.660966466e-29	1.620844923e-29	-0.000158294544	-2.358463164e-31	2.625042058e-34
	-0.0008168277648	0.0004244179992	0.0008163409689	-1.483543506e-33	-3.017522981e-31
	
