100
71.7387
25.6773
17.8847
14.9837
12.5286
11.0225
10.3269
10.2927
10.6726
11.1209
11.3406
11.3778
11.2349
10.9161
10.3047
9.64752
9.1428
8.88687
8.5692
8.04844
7.43344
6.8226
6.40437
6.16569
5.98055
5.812
5.74162
5.79074
5.91971
6.06016
6.19193
6.35932
6.60769
6.85282
7.08084
7.34994
7.71904
8.09767
8.39557
8.58722
8.65198
8.70725
8.77195
8.61244
8.48255
8.29374
8.09264
7.90903
7.77856
7.82756
7.84481
7.58998
7.25656
6.99897
6.86069
6.74082
6.54614
6.28797
5.99976
5.7545
5.53713
5.29799
5.04247
4.83081
