26
10 10	
	 1.8786411358163458242e-07 2.3287670672891566553e-08 -3.5546224133911400561e-08 1.6238490495653059266e-10 -1.1905996428596052047e-08   0   0   0   0   0
	 2.3287670672891566553e-08 1.6407447541904974451e-08 -4.6713887941223456993e-09 -1.5440690554506284068e-09 -1.2795377536277898094e-09   0   0   0   0   0
	 -3.5546224133911400561e-08 -4.6713887941223456993e-09 4.1062086816408247683e-08 -2.8144075659121417941e-09 -2.0286508065796010838e-08   0   0   0   0   0
	 1.6238490495653059266e-10 -1.5440690554506284068e-09 -2.8144075659121417941e-09 7.0765197456088886037e-08 1.243612287144276473e-08   0   0   0   0   0
	 -1.1905996428596052047e-08 -1.2795377536277898094e-09 -2.0286508065796010838e-08 1.243612287144276473e-08 2.1527593424808395973e-07   0   0   0   0   0
	   0   0   0   0   0   0   0   0   0   0
	   0   0   0   0   0   0   0   0   0   0
	   0   0   0   0   0   0   0   0   0   0
	   0   0   0   0   0   0   0   0   0   0
	   0   0   0   0   0   0   0   0   0   0
	
10 10	
	 -1.0589492620405768081e-06 -5.8219131468357377578e-08 1.6926954040059338503e-07 -5.0814855582214326089e-11 5.2411284617457084346e-08   0   0   0   0   0
	 -5.8219131468357377578e-08 -2.7580156770186484872e-08 -1.9161628688043649081e-08 -1.4661165931478007157e-08 -6.9251976775354960524e-09   0   0   0   0   0
	 1.6926954040059338503e-07 -1.9161628688043649081e-08 -9.2985454470958128208e-09 2.9187644267939320346e-08 -4.1040235591410600743e-08   0   0   0   0   0
	 -5.0814855582214326089e-11 -1.4661165931478007157e-08 2.9187644267939320346e-08 5.4623004178184537576e-08 6.678185695317512478e-08   0   0   0   0   0
	 5.2411284617457084346e-08 -6.9251976775354960524e-09 -4.1040235591410600743e-08 6.678185695317512478e-08 1.9314321373141575856e-07   0   0   0   0   0
	   0   0   0   0   0   0   0   0   0   0
	   0   0   0   0   0   0   0   0   0   0
	   0   0   0   0   0   0   0   0   0   0
	   0   0   0   0   0   0   0   0   0   0
	   0   0   0   0   0   0   0   0   0   0
	
10 10	
	 7.882992142122723781e-08 2.2894333023486216062e-09 -1.2880234922902214763e-08 2.3617908850508708653e-09 -4.3235137486188276312e-09   0   0   0   0   0
	 2.2894333023486216062e-09 1.1819883451673402294e-08 3.1926437501064389185e-09 -1.0128913193346000036e-08 3.5243104668126493759e-09   0   0   0   0   0
	 -1.2880234922902214763e-08 3.1926437501064389185e-09 -3.9270105902221938746e-08 1.2836517963540653405e-09 4.6067090665631948161e-08   0   0   0   0   0
	 2.3617908850508708653e-09 -1.0128913193346000036e-08 1.2836517963540653405e-09 -4.2781159972276137609e-08 -5.6901270937949951091e-08   0   0   0   0   0
	 -4.3235137486188276312e-09 3.5243104668126493759e-09 4.6067090665631948161e-08 -5.6901270937949951091e-08 -2.8823872021846208686e-07   0   0   0   0   0
	   0   0   0   0   0   0   0   0   0   0
	   0   0   0   0   0   0   0   0   0   0
	   0   0   0   0   0   0   0   0   0   0
	   0   0   0   0   0   0   0   0   0   0
	   0   0   0   0   0   0   0   0   0   0
	
10 10	
	 3.8300970746295229848e-08 8.4298686643064815542e-10 -6.5011062940014629664e-09 1.3062081961413162063e-09 -2.4357440695670584671e-09   0   0   0   0   0
	 8.4298686643064815542e-10 6.8783713479450208475e-09 -1.1155290464925361171e-09 -4.3965822925105731852e-09 1.3104336544177469044e-08   0   0   0   0   0
	 -6.5011062940014629664e-09 -1.1155290464925361171e-09 -1.8524070914251758223e-08 8.8888175252191726251e-09 2.3333793381205843724e-08   0   0   0   0   0
	 1.3062081961413162063e-09 -4.3965822925105731852e-09 8.8888175252191726251e-09 -3.6418426498986611996e-08 -4.0054829389412662771e-08   0   0   0   0   0
	 -2.4357440695670584671e-09 1.3104336544177469044e-08 2.3333793381205843724e-08 -4.0054829389412662771e-08 -1.5125044038087502427e-07   0   0   0   0   0
	   0   0   0   0   0   0   0   0   0   0
	   0   0   0   0   0   0   0   0   0   0
	   0   0   0   0   0   0   0   0   0   0
	   0   0   0   0   0   0   0   0   0   0
	   0   0   0   0   0   0   0   0   0   0
	
10 10	
	 2.2757490126627402789e-08 6.0361737495457126224e-10 -3.499509977947388491e-09 8.2350859384692969536e-10 -1.3232189168620968126e-09   0   0   0   0   0
	 6.0361737495457126224e-10 2.6952759538337143124e-09 2.9774401924153775491e-09 -1.8671923842485252487e-09 -2.8715698216091209236e-09   0   0   0   0   0
	 -3.499509977947388491e-09 2.9774401924153775491e-09 -1.5987123415881191904e-08 -6.1147105148090194959e-09 1.1472503371619621866e-08   0   0   0   0   0
	 8.2350859384692969536e-10 -1.8671923842485252487e-09 -6.1147105148090194959e-09 -1.3542133114709192839e-08 -1.5901212151231736658e-08   0   0   0   0   0
	 -1.3232189168620968126e-09 -2.8715698216091209236e-09 1.1472503371619621866e-08 -1.5901212151231736658e-08 -8.2794442151803228507e-08   0   0   0   0   0
	   0   0   0   0   0   0   0   0   0   0
	   0   0   0   0   0   0   0   0   0   0
	   0   0   0   0   0   0   0   0   0   0
	   0   0   0   0   0   0   0   0   0   0
	   0   0   0   0   0   0   0   0   0   0
	
10 10	
	 1.9046770091845484373e-08 2.2969042758429324753e-10 -3.2602474861935083531e-09 7.5705296619528700808e-10 -1.3541225036704082528e-09   0   0   0   0   0
	 2.2969042758429324753e-10 3.4979467226061133472e-09 -1.6623006383892714103e-09 -6.5833890463371729624e-10 8.6067925109228428367e-09   0   0   0   0   0
	 -3.2602474861935083531e-09 -1.6623006383892714103e-09 -1.1177492998765343354e-08 6.1463875248887342261e-09 1.0439538520744301396e-08   0   0   0   0   0
	 7.5705296619528700808e-10 -6.5833890463371729624e-10 6.1463875248887342261e-09 -2.9012864713015648569e-08 -1.9221350275585434695e-08   0   0   0   0   0
	 -1.3541225036704082528e-09 8.6067925109228428367e-09 1.0439538520744301396e-08 -1.9221350275585434695e-08 -8.1176292076769308039e-08   0   0   0   0   0
	   0   0   0   0   0   0   0   0   0   0
	   0   0   0   0   0   0   0   0   0   0
	   0   0   0   0   0   0   0   0   0   0
	   0   0   0   0   0   0   0   0   0   0
	   0   0   0   0   0   0   0   0   0   0
	
10 10	
	 1.922751713181987638e-08 5.4972281899808109106e-10 -3.190819255108279224e-09 5.7917233801657635775e-10 -1.0495470872839994246e-09   0   0   0   0   0
	 5.4972281899808109106e-10 3.075319372508848694e-09 4.532537278611925715e-10 -2.6822606741983755543e-09 2.5766440313974565758e-09   0   0   0   0   0
	 -3.190819255108279224e-09 4.532537278611925715e-10 -8.989912353758332288e-09 1.8324540829233127325e-09 1.2321084898029428022e-08   0   0   0   0   0
	 5.7917233801657635775e-10 -2.6822606741983755543e-09 1.8324540829233127325e-09 -1.0981754715451639438e-08 -1.6623439914187919949e-08   0   0   0   0   0
	 -1.0495470872839994246e-09 2.5766440313974565758e-09 1.2321084898029428022e-08 -1.6623439914187919949e-08 -7.5197924892056029026e-08   0   0   0   0   0
	   0   0   0   0   0   0   0   0   0   0
	   0   0   0   0   0   0   0   0   0   0
	   0   0   0   0   0   0   0   0   0   0
	   0   0   0   0   0   0   0   0   0   0
	   0   0   0   0   0   0   0   0   0   0
	
10 10	
	 1.2430477011882912042e-08 1.4339070598476986243e-10 -1.8336733456028327367e-09 6.8213478401921361865e-10 -8.5311270795271954596e-10   0   0   0   0   0
	 1.4339070598476986243e-10 2.1933446771939427585e-09 2.5972988714578059964e-09 -1.398357675273738054e-09 -4.1374239814625081747e-10   0   0   0   0   0
	 -1.8336733456028327367e-09 2.5972988714578059964e-09 -1.2223971516737781307e-08 -5.351897679250100081e-09 7.2845287371268775212e-09   0   0   0   0   0
	 6.8213478401921361865e-10 -1.398357675273738054e-09 -5.351897679250100081e-09 -1.074585814607649477e-08 -1.430452836857013601e-08   0   0   0   0   0
	 -8.5311270795271954596e-10 -4.1374239814625081747e-10 7.2845287371268775212e-09 -1.430452836857013601e-08 -5.9413667232679786734e-08   0   0   0   0   0
	   0   0   0   0   0   0   0   0   0   0
	   0   0   0   0   0   0   0   0   0   0
	   0   0   0   0   0   0   0   0   0   0
	   0   0   0   0   0   0   0   0   0   0
	   0   0   0   0   0   0   0   0   0   0
	
10 10	
	 3.5761723101149708876e-09 1.4415592657790299813e-10 -5.9044706229936326589e-10 6.429158738326964891e-11 -1.4436103444612913138e-10   0   0   0   0   0
	 1.4415592657790299813e-10 4.6949738891124806255e-10 2.2843933352359748031e-10 -6.3065424009723079616e-10 -1.1956476013792963351e-09   0   0   0   0   0
	 -5.9044706229936326589e-10 2.2843933352359748031e-10 -1.2331064407466468842e-09 -2.4209765474325732245e-10 1.7032689408629947265e-09   0   0   0   0   0
	 6.429158738326964891e-11 -6.3065424009723079616e-10 -2.4209765474325732245e-10 -4.561845536413668503e-10 4.3628944854041848891e-10   0   0   0   0   0
	 -1.4436103444612913138e-10 -1.1956476013792963351e-09 1.7032689408629947265e-09 4.3628944854041848891e-10 -8.7185590181728919349e-09   0   0   0   0   0
	   0   0   0   0   0   0   0   0   0   0
	   0   0   0   0   0   0   0   0   0   0
	   0   0   0   0   0   0   0   0   0   0
	   0   0   0   0   0   0   0   0   0   0
	   0   0   0   0   0   0   0   0   0   0
	
10 10	
	 1.3443934731972838683e-08 6.8137177821473249451e-11 -2.320528423885576746e-09 5.8829020648009756081e-10 -9.1484841457765623167e-10   0   0   0   0   0
	 6.8137177821473249451e-11 2.5894363323483162238e-09 -1.5900351481054630856e-09 1.5875346149828858837e-11 5.3320202395302650085e-09   0   0   0   0   0
	 -2.320528423885576746e-09 -1.5900351481054630856e-09 -8.6261309792753563776e-09 4.8675199774348563346e-09 7.4366133103268203907e-09   0   0   0   0   0
	 5.8829020648009756081e-10 1.5875346149828858837e-11 4.8675199774348563346e-09 -2.3959230905969169049e-08 -1.0585155681955213911e-08   0   0   0   0   0
	 -9.1484841457765623167e-10 5.3320202395302650085e-09 7.4366133103268203907e-09 -1.0585155681955213911e-08 -6.5941231589236112798e-08   0   0   0   0   0
	   0   0   0   0   0   0   0   0   0   0
	   0   0   0   0   0   0   0   0   0   0
	   0   0   0   0   0   0   0   0   0   0
	   0   0   0   0   0   0   0   0   0   0
	   0   0   0   0   0   0   0   0   0   0
	
10 10	
	 1.0080873426546555613e-08 1.5907668694323647718e-10 -1.7283830299063379626e-09 3.8304981723762978625e-10 -6.8722644014521049803e-10   0   0   0   0   0
	 1.5907668694323647718e-10 1.658686506587325712e-09 -6.3040976542561873778e-10 -4.9748477370584945635e-10 4.1992832002992178896e-09   0   0   0   0   0
	 -1.7283830299063379626e-09 -6.3040976542561873778e-10 -5.8446076471612487129e-09 2.879838913123695959e-09 5.8152711848525469129e-09   0   0   0   0   0
	 3.8304981723762978625e-10 -4.9748477370584945635e-10 2.879838913123695959e-09 -1.3889411640323317792e-08 -1.0322694207675998835e-08   0   0   0   0   0
	 -6.8722644014521049803e-10 4.1992832002992178896e-09 5.8152711848525469129e-09 -1.0322694207675998835e-08 -4.1450948803850851949e-08   0   0   0   0   0
	   0   0   0   0   0   0   0   0   0   0
	   0   0   0   0   0   0   0   0   0   0
	   0   0   0   0   0   0   0   0   0   0
	   0   0   0   0   0   0   0   0   0   0
	   0   0   0   0   0   0   0   0   0   0
	
10 10	
	 1.3743746780106274047e-08 3.6350752415754353901e-10 -2.3184155903628592608e-09 3.9401536866998958241e-10 -7.9924484614667022826e-10   0   0   0   0   0
	 3.6350752415754353901e-10 2.0402230899272611747e-09 1.6545538991536668388e-10 -8.2851962986136675742e-10 3.1381172902989075459e-09   0   0   0   0   0
	 -2.3184155903628592608e-09 1.6545538991536668388e-10 -6.4883392110558343741e-09 2.0717226234098804815e-09 8.6587093511599809893e-09   0   0   0   0   0
	 3.9401536866998958241e-10 -8.2851962986136675742e-10 2.0717226234098804815e-09 -1.2775346328723145113e-08 -1.3246255666568184041e-08   0   0   0   0   0
	 -7.9924484614667022826e-10 3.1381172902989075459e-09 8.6587093511599809893e-09 -1.3246255666568184041e-08 -5.4173225248382856545e-08   0   0   0   0   0
	   0   0   0   0   0   0   0   0   0   0
	   0   0   0   0   0   0   0   0   0   0
	   0   0   0   0   0   0   0   0   0   0
	   0   0   0   0   0   0   0   0   0   0
	   0   0   0   0   0   0   0   0   0   0
	
10 10	
	 1.2471997341492034564e-08 4.068565554726414761e-10 -1.9674816085751076201e-09 3.4423393960920734359e-10 -7.0268600493427777946e-10   0   0   0   0   0
	 4.068565554726414761e-10 9.1669175213473251573e-10 1.1055971455966614928e-09 -4.7702387412986448503e-10 -6.2044067632362421168e-10   0   0   0   0   0
	 -1.9674816085751076201e-09 1.1055971455966614928e-09 -6.8523590070046367657e-09 -2.2372907177605455315e-09 6.0127977495335477499e-09   0   0   0   0   0
	 3.4423393960920734359e-10 -4.7702387412986448503e-10 -2.2372907177605455315e-09 -6.9134291306959957971e-09 -8.4408030748830339707e-09   0   0   0   0   0
	 -7.0268600493427777946e-10 -6.2044067632362421168e-10 6.0127977495335477499e-09 -8.4408030748830339707e-09 -4.1212137680973493899e-08   0   0   0   0   0
	   0   0   0   0   0   0   0   0   0   0
	   0   0   0   0   0   0   0   0   0   0
	   0   0   0   0   0   0   0   0   0   0
	   0   0   0   0   0   0   0   0   0   0
	   0   0   0   0   0   0   0   0   0   0
	
10 10	
	 8.1237194909619052223e-11 -3.4375042030344237905e-11 -5.3811829137385822455e-11 4.4044284937105977115e-11 -1.3585955674044765859e-12   0   0   0   0   0
	 -3.4375042030344237905e-11 7.6371314357163991619e-10 -3.7137531387358915761e-10 -1.2394995228431068699e-09 8.6639988587618654638e-10   0   0   0   0   0
	 -5.3811829137385822455e-11 -3.7137531387358915761e-10 2.056278321756267104e-10 1.5203052571198117777e-09 1.0204053374112929005e-09   0   0   0   0   0
	 4.4044284937105977115e-11 -1.2394995228431068699e-09 1.5203052571198117777e-09 1.0782490415493429307e-09 -9.1047613977462710772e-10   0   0   0   0   0
	 -1.3585955674044765859e-12 8.6639988587618654638e-10 1.0204053374112929005e-09 -9.1047613977462710772e-10 -4.5431184818761438305e-09   0   0   0   0   0
	   0   0   0   0   0   0   0   0   0   0
	   0   0   0   0   0   0   0   0   0   0
	   0   0   0   0   0   0   0   0   0   0
	   0   0   0   0   0   0   0   0   0   0
	   0   0   0   0   0   0   0   0   0   0
	
10 10	
	 1.3310145755244408507e-08 7.8472637552822605751e-11 -2.3170416587691697711e-09 5.8337001878521589984e-10 -8.6435384131229956539e-10   0   0   0   0   0
	 7.8472637552822605751e-11 2.3402105633909091926e-09 -1.3724477322276625006e-09 5.6290506732220273323e-11 4.7473466796559890729e-09   0   0   0   0   0
	 -2.3170416587691697711e-09 -1.3724477322276625006e-09 -8.8089357178746491059e-09 4.6609751070645730965e-09 7.9414712952938645542e-09   0   0   0   0   0
	 5.8337001878521589984e-10 5.6290506732220273323e-11 4.6609751070645730965e-09 -2.3593182034545093951e-08 -1.0244978655479412194e-08   0   0   0   0   0
	 -8.6435384131229956539e-10 4.7473466796559890729e-09 7.9414712952938645542e-09 -1.0244978655479412194e-08 -6.6910717085303776756e-08   0   0   0   0   0
	   0   0   0   0   0   0   0   0   0   0
	   0   0   0   0   0   0   0   0   0   0
	   0   0   0   0   0   0   0   0   0   0
	   0   0   0   0   0   0   0   0   0   0
	   0   0   0   0   0   0   0   0   0   0
	
10 10	
	 2.031821710451929639e-08 7.0808727010336399355e-10 -3.4019076090738652127e-09 3.9123121638027233072e-10 -1.0324615078745888589e-09   0   0   0   0   0
	 7.0808727010336399355e-10 4.9126054861617345393e-10 6.9905888275934883133e-10 2.0399550772920729509e-09 2.0203700025498761829e-09   0   0   0   0   0
	 -3.4019076090738652127e-09 6.9905888275934883133e-10 -9.535178973541233316e-09 1.4061121886325743416e-09 1.3850671663120326746e-08   0   0   0   0   0
	 3.9123121638027233072e-10 2.0399550772920729509e-09 1.4061121886325743416e-09 -2.0888797775837790642e-08 -1.5926470034931169641e-08   0   0   0   0   0
	 -1.0324615078745888589e-09 2.0203700025498761829e-09 1.3850671663120326746e-08 -1.5926470034931169641e-08 -8.6216748955989636899e-08   0   0   0   0   0
	   0   0   0   0   0   0   0   0   0   0
	   0   0   0   0   0   0   0   0   0   0
	   0   0   0   0   0   0   0   0   0   0
	   0   0   0   0   0   0   0   0   0   0
	   0   0   0   0   0   0   0   0   0   0
	
10 10	
	 3.3156118393527160921e-09 -3.3165036503394533122e-10 -3.1177720646702222959e-10 6.4074998099464560115e-10 -4.6256512374394276606e-10   0   0   0   0   0
	 -3.3165036503394533122e-10 8.3634143758983681328e-12 1.7926805560410123306e-09 1.24445631957760395e-09 2.181000468373905233e-09   0   0   0   0   0
	 -3.1177720646702222959e-10 1.7926805560410123306e-09 -1.1536938708508645792e-08 -4.4311162169264594857e-09 4.9827274114720362038e-09   0   0   0   0   0
	 6.4074998099464560115e-10 1.24445631957760395e-09 -4.4311162169264594857e-09 -1.3062789963816622056e-08 -1.5029527722346141554e-08   0   0   0   0   0
	 -4.6256512374394276606e-10 2.181000468373905233e-09 4.9827274114720362038e-09 -1.5029527722346141554e-08 -4.7861571996112235819e-08   0   0   0   0   0
	   0   0   0   0   0   0   0   0   0   0
	   0   0   0   0   0   0   0   0   0   0
	   0   0   0   0   0   0   0   0   0   0
	   0   0   0   0   0   0   0   0   0   0
	   0   0   0   0   0   0   0   0   0   0
	
10 10	
	 -9.7081561406567461219e-09 -3.2923572533970102747e-10 1.5404972869303789961e-09 -2.3759328663507866922e-10 5.6921252240682188799e-10   0   0   0   0   0
	 -3.2923572533970102747e-10 1.826772796689432837e-10 -4.3601015763140436672e-10 -1.2140221650275117572e-09 -1.1928402679225761664e-09   0   0   0   0   0
	 1.5404972869303789961e-09 -4.3601015763140436672e-10 5.5707696124104951973e-09 6.7406747538033521717e-10 -5.515678668249987117e-09   0   0   0   0   0
	 -2.3759328663507866922e-10 -1.2140221650275117572e-09 6.7406747538033521717e-10 8.6147239492453004916e-09 9.2806122599716078575e-09   0   0   0   0   0
	 5.6921252240682188799e-10 -1.1928402679225761664e-09 -5.515678668249987117e-09 9.2806122599716078575e-09 3.6872793731099315052e-08   0   0   0   0   0
	   0   0   0   0   0   0   0   0   0   0
	   0   0   0   0   0   0   0   0   0   0
	   0   0   0   0   0   0   0   0   0   0
	   0   0   0   0   0   0   0   0   0   0
	   0   0   0   0   0   0   0   0   0   0
	
10 10	
	 2.160572481187441261e-08 5.5587154130069488021e-10 -3.7675792066232782655e-09 5.5513710068951399156e-10 -9.9441163889314067588e-10   0   0   0   0   0
	 5.5587154130069488021e-10 1.2026870858981726148e-09 4.3357176225525020869e-10 2.2116601379033605988e-09 1.4548430458532855351e-09   0   0   0   0   0
	 -3.7675792066232782655e-09 4.3357176225525020869e-10 -1.285714209349579568e-08 3.5538230613734825567e-09 1.6648826392594787964e-08   0   0   0   0   0
	 5.5513710068951399156e-10 2.2116601379033605988e-09 3.5538230613734825567e-09 -3.2275920125502209868e-08 -1.3057385482778651729e-08   0   0   0   0   0
	 -9.9441163889314067588e-10 1.4548430458532855351e-09 1.6648826392594787964e-08 -1.3057385482778651729e-08 -1.0800348402854790857e-07   0   0   0   0   0
	   0   0   0   0   0   0   0   0   0   0
	   0   0   0   0   0   0   0   0   0   0
	   0   0   0   0   0   0   0   0   0   0
	   0   0   0   0   0   0   0   0   0   0
	   0   0   0   0   0   0   0   0   0   0
	
10 10	
	 -4.6736733018158341903e-10 8.6570134895541326865e-12 5.1945742083690861092e-11 -3.7367799526442394274e-11 7.382311183104572002e-11   0   0   0   0   0
	 8.6570134895541326865e-12 9.9771575045607102854e-10 1.6449730534977819695e-10 -1.6296624755568810443e-09 -1.6243578049413189867e-09   0   0   0   0   0
	 5.1945742083690861092e-11 1.6449730534977819695e-10 1.2923928287516329919e-09 -1.1915680788318407836e-10 -9.6290104674702577786e-10   0   0   0   0   0
	 -3.7367799526442394274e-11 -1.6296624755568810443e-09 -1.1915680788318407836e-10 3.6311308258078228349e-09 3.6866894955743802986e-09   0   0   0   0   0
	 7.382311183104572002e-11 -1.6243578049413189867e-09 -9.6290104674702577786e-10 3.6866894955743802986e-09 7.0916407300704533226e-09   0   0   0   0   0
	   0   0   0   0   0   0   0   0   0   0
	   0   0   0   0   0   0   0   0   0   0
	   0   0   0   0   0   0   0   0   0   0
	   0   0   0   0   0   0   0   0   0   0
	   0   0   0   0   0   0   0   0   0   0
	
10 10	
	 1.0762151651528132027e-08 2.3780723929635549067e-10 -1.8976541196613813197e-09 3.1112329734409694125e-10 -4.8897742110665214953e-10   0   0   0   0   0
	 2.3780723929635549067e-10 6.926458624188131598e-10 1.0946770844995535625e-10 1.0930023604142154658e-09 8.1447189712571701229e-10   0   0   0   0   0
	 -1.8976541196613813197e-09 1.0946770844995535625e-10 -6.8873819740778769002e-09 2.1187166355836027048e-09 8.4319573599941213652e-09   0   0   0   0   0
	 3.1112329734409694125e-10 1.0930023604142154658e-09 2.1187166355836027048e-09 -1.7336246885283912432e-08 -6.2581519592444217838e-09   0   0   0   0   0
	 -4.8897742110665214953e-10 8.1447189712571701229e-10 8.4319573599941213652e-09 -6.2581519592444217838e-09 -5.6302806779477572176e-08   0   0   0   0   0
	   0   0   0   0   0   0   0   0   0   0
	   0   0   0   0   0   0   0   0   0   0
	   0   0   0   0   0   0   0   0   0   0
	   0   0   0   0   0   0   0   0   0   0
	   0   0   0   0   0   0   0   0   0   0
	
10 10	
	 3.2237306647633554115e-08 9.9663653950034473227e-10 -5.4931633522909047426e-09 7.0078877590384881839e-10 -1.5547550896998951119e-09   0   0   0   0   0
	 9.9663653950034473227e-10 2.1089203178190390237e-09 1.3635062388717107345e-09 2.3557052463104399366e-09 1.8668769679191324724e-09   0   0   0   0   0
	 -5.4931633522909047426e-09 1.3635062388717107345e-09 -1.5851230646558173301e-08 3.1735933085175621218e-09 2.3104938118341409129e-08   0   0   0   0   0
	 7.0078877590384881839e-10 2.3557052463104399366e-09 3.1735933085175621218e-09 -3.7731436408792813101e-08 -2.172382356353737884e-08   0   0   0   0   0
	 -1.5547550896998951119e-09 1.8668769679191324724e-09 2.3104938118341409129e-08 -2.172382356353737884e-08 -1.4407227086827242545e-07   0   0   0   0   0
	   0   0   0   0   0   0   0   0   0   0
	   0   0   0   0   0   0   0   0   0   0
	   0   0   0   0   0   0   0   0   0   0
	   0   0   0   0   0   0   0   0   0   0
	   0   0   0   0   0   0   0   0   0   0
	
10 10	
	 8.9219090999399727214e-09 3.2673578847936132298e-10 -1.4342687576343795725e-09 1.8421641605797479868e-10 -5.0629881939003641172e-10   0   0   0   0   0
	 3.2673578847936132298e-10 -1.4372120144259806757e-10 4.5113594891107142782e-10 1.0218208835510998989e-09 1.0588604656563840547e-09   0   0   0   0   0
	 -1.4342687576343795725e-09 4.5113594891107142782e-10 -4.4822404011566811292e-09 -5.8193937915298203228e-10 5.0502808097147804185e-09   0   0   0   0   0
	 1.8421641605797479868e-10 1.0218208835510998989e-09 -5.8193937915298203228e-10 -7.384162578849885783e-09 -8.006960108146990214e-09   0   0   0   0   0
	 -5.0629881939003641172e-10 1.0588604656563840547e-09 5.0502808097147804185e-09 -8.006960108146990214e-09 -3.3605094091620541982e-08   0   0   0   0   0
	   0   0   0   0   0   0   0   0   0   0
	   0   0   0   0   0   0   0   0   0   0
	   0   0   0   0   0   0   0   0   0   0
	   0   0   0   0   0   0   0   0   0   0
	   0   0   0   0   0   0   0   0   0   0
	
10 10	
	 1.7901976461768158317e-09 9.0026276227844528536e-11 -2.958498598362543904e-10 6.078665424954935794e-12 -8.9025855001176166842e-11   0   0   0   0   0
	 9.0026276227844528536e-11 -5.4879970566781549032e-11 -2.566861026677232866e-11 2.4209489822848828577e-10 1.6496238429574684548e-10   0   0   0   0   0
	 -2.958498598362543904e-10 -2.566861026677232866e-11 -3.8084296198050479149e-10 1.6873368189052837274e-10 8.3356557813906272577e-10   0   0   0   0   0
	 6.078665424954935794e-12 2.4209489822848828577e-10 1.6873368189052837274e-10 -1.1247747051499295932e-09 -1.0751170553263481021e-09   0   0   0   0   0
	 -8.9025855001176166842e-11 1.6496238429574684548e-10 8.3356557813906272577e-10 -1.0751170553263481021e-09 -4.5560946149661680167e-09   0   0   0   0   0
	   0   0   0   0   0   0   0   0   0   0
	   0   0   0   0   0   0   0   0   0   0
	   0   0   0   0   0   0   0   0   0   0
	   0   0   0   0   0   0   0   0   0   0
	   0   0   0   0   0   0   0   0   0   0
	
10 10	
	 3.7287899562130651348e-09 1.500199465603695741e-10 -6.0561701777727365435e-10 4.972174222657863927e-11 -2.1183517180056876441e-10   0   0   0   0   0
	 1.500199465603695741e-10 -3.3762006764169336015e-10 1.2966920528821260506e-10 1.0416938894255916247e-09 6.8734785200064658143e-10   0   0   0   0   0
	 -6.0561701777727365435e-10 1.2966920528821260506e-10 -1.7056834131087086672e-09 -5.0215417806814772765e-11 2.1701722226783207927e-09   0   0   0   0   0
	 4.972174222657863927e-11 1.0416938894255916247e-09 -5.0215417806814772765e-11 -4.4443613652503130483e-09 -3.661878521420482729e-09   0   0   0   0   0
	 -2.1183517180056876441e-10 6.8734785200064658143e-10 2.1701722226783207927e-09 -3.661878521420482729e-09 -1.4559165045633873093e-08   0   0   0   0   0
	   0   0   0   0   0   0   0   0   0   0
	   0   0   0   0   0   0   0   0   0   0
	   0   0   0   0   0   0   0   0   0   0
	   0   0   0   0   0   0   0   0   0   0
	   0   0   0   0   0   0   0   0   0   0
	
10 10	
	 2.8786159335855506817e-08 7.8658203598846641258e-10 -4.9908327124744149491e-09 7.0011701256054024963e-10 -1.3471696828982047406e-09   0   0   0   0   0
	 7.8658203598846641258e-10 1.4626343862325635667e-09 6.5075362157550304469e-10 2.9818858739500921737e-09 2.0467811978207573227e-09   0   0   0   0   0
	 -4.9908327124744149491e-09 6.5075362157550304469e-10 -1.660129227396152206e-08 4.3520611190199845224e-09 2.18885863481658408e-08   0   0   0   0   0
	 7.0011701256054024963e-10 2.9818858739500921737e-09 4.3520611190199845224e-09 -4.165375189112691525e-08 -1.7934894763872818265e-08   0   0   0   0   0
	 -1.3471696828982047406e-09 2.0467811978207573227e-09 2.18885863481658408e-08 -1.7934894763872818265e-08 -1.4037839022035882408e-07   0   0   0   0   0
	   0   0   0   0   0   0   0   0   0   0
	   0   0   0   0   0   0   0   0   0   0
	   0   0   0   0   0   0   0   0   0   0
	   0   0   0   0   0   0   0   0   0   0
	   0   0   0   0   0   0   0   0   0   0
	
