2048	
	4.719062673e-06	4.719062137e-06	6.159224066e-06	6.159065247e-06	8.437064306e-06
	8.435590059e-06	1.199685993e-05	1.19894045e-05	1.747661794e-05	1.744923146e-05
	2.57559736e-05	2.567410623e-05	3.798608396e-05	3.777889904e-05	5.556239144e-05
	5.51163261e-05	7.997587402e-05	7.914801928e-05	0.0001124864711	0.0001111425277
	0.0001534929514	0.0001515755242	0.0002016935966	0.0001992315013	0.0002533758914
	0.0002504204027	0.0003023393218	0.0002989021339	0.0003405297368	0.0003367557298
	0.0003607708324	0.0003564677012	0.0003590784068	0.0003541691402	0.0003361783634
	0.0003307055999	0.0002971947957	0.0002915191322	0.0002492985931	0.0002441547907
	0.000199138471	0.0001952689869	0.0001524985179	0.0001499434264	0.0001125130861
	0.0001110820288	8.037771393e-05	7.969127168e-05	5.595075097e-05	5.566340586e-05
	3.824115005e-05	3.813419122e-05	2.588903918e-05	2.585321396e-05	1.753457692e-05
	1.752378451e-05	1.20183407e-05	1.201547685e-05	8.443714396e-06	8.443085795e-06
	6.160795367e-06	6.160704757e-06	4.71927264e-06	4.719272823e-06	6.159057143e-06
	6.15921368e-06	7.59447743e-06	7.594457568e-06	9.85831125e-06	9.858161589e-06
	1.337904553e-05	1.337691699e-05	1.876004055e-05	1.874563084e-05	2.681615764e-05
	2.675607351e-05	3.860216175e-05	3.841520904e-05	5.541639316e-05	5.495095208e-05
	7.871968476e-05	7.776019941e-05	0.0001098462378	0.0001081718214	0.0001493272734
	0.0001468282442	0.0001959103691	0.0001926509096	0.0002457789658	0.0002419226541
	0.0002925535853	0.0002882567103	0.0003281221419	0.0003236369157	0.0003453780092
	0.0003406708525	0.0003408235659	0.0003358315437	0.0003162519689	0.0003108630323
	0.0002779293291	0.0002722321965	0.0002332460336	0.0002278097244	0.0001880541279
	0.00018351894	0.0001463218493	0.0001430552187	0.00010997616	0.0001079935602
	8.001060149e-05	7.898847382e-05	5.666393878e-05	5.620636295e-05	3.941849543e-05
	3.923576634e-05	2.72432154e-05	2.717647378e-05	1.894965275e-05	1.892691431e-05
	1.345258001e-05	1.344526836e-05	9.883482489e-06	9.881273224e-06	7.602019568e-06
	7.601430656e-06	6.160795373e-06	6.160704647e-06	8.435460794e-06	8.436903608e-06
	9.857916279e-06	9.857829161e-06	1.209652041e-05	1.209609719e-05	1.556233814e-05
	1.55643371e-05	2.08210379e-05	2.082365358e-05	2.861904298e-05	2.859842545e-05
	3.991041405e-05	3.978755369e-05	5.588819602e-05	5.549081332e-05	7.796354374e-05
	7.702095617e-05	0.0001075157068	0.0001057306224	0.0001451861602	0.0001423874829
	0.0001897825909	0.0001860461707	0.0002374165705	0.0002330088008	0.000281561169
	0.0002768011794	0.0003141187226	0.0003093824145	0.0003281579383	0.0003235845753
	0.0003208326966	0.0003163511024	0.0002950577346	0.0002903634733	0.0002580033997
	0.0002528995285	0.000216974371	0.0002117857256	0.0001769505927	0.000172226336
	0.0001402264862	0.0001365578662	0.0001076948426	0.0001053053448	8.010719466e-05
	7.879055062e-05	5.800789289e-05	5.737857259e-05	4.133049226e-05	4.106053534e-05
	2.938766542e-05	2.927991156e-05	2.118258669e-05	2.11411817e-05	1.571793221e-05
	1.570218791e-05	1.216064106e-05	1.215465298e-05	9.883488508e-06	9.881293524e-06
	8.443714119e-06	8.443088775e-06	1.198812133e-05	1.199550186e-05	1.337412271e-05
	1.337507285e-05	1.556134005e-05	1.555620486e-05	1.89446553e-05	1.894092963e-05
	2.405252177e-05	2.406207757e-05	3.156306325e-05	3.158170252e-05	4.233149946e-05
	4.229381013e-05	5.744404737e-05	5.716892452e-05	7.824336409e-05	7.741633362e-05
	0.0001061148513	0.0001043682846	0.0001417673831	0.0001388635074	0.0001840649028
	0.000180066409	0.0002290919296	0.0002243437176	0.0002702468444	0.0002652214601
	0.0002995384658	0.0002947427291	0.0003103552789	0.0003060765159	0.0003006316815
	0.0002967675741	0.0002743250468	0.0002703840367	0.0002391238949	0.0002346908149
	0.0002020370391	0.0001971773142	0.0001670201318	0.0001622743661	0.0001350570802
	0.0001311285848	0.0001062474035	0.0001035203772	8.110212657e-05	7.949754141e-05
	6.037141321e-05	5.954817385e-05	4.436875145e-05	4.398523824e-05	3.273078009e-05
	3.256101233e-05	2.465768581e-05	2.458314514e-05	1.92500956e-05	1.921659422e-05
	1.571816083e-05	1.570263145e-05	1.345268157e-05	1.344551728e-05	1.201835551e-05
	1.201554441e-05	1.744066797e-05	1.746848937e-05	1.872729302e-05	1.873695193e-05
	2.079901321e-05	2.078435393e-05	2.404255019e-05	2.401142177e-05	2.895903532e-05
	2.893966176e-05	3.616061201e-05	3.618811504e-05	4.639741057e-05	4.644675963e-05
	6.063991294e-05	6.053853221e-05	8.014350783e-05	7.954043842e-05	0.0001062625856
	0.0001047212171	0.0001397263943	0.0001369393912	0.0001794387744	0.0001754367875
	0.0002215053123	0.000216681879	0.0002593528177	0.0002543088311	0.0002852056868
	0.000280578245	0.0002929371644	0.0002891191382	0.0002813432572	0.0002781829539
	0.0002552295061	0.0002520767288	0.0002224266487	0.0002186723801	0.0001894375878
	0.000184990163	0.0001591030636	0.0001544872128	0.0001315009603	0.0001274534828
	0.0001061915027	0.0001032015696	8.34839905e-05	8.159564749e-05	6.423827187e-05
	6.318534629e-05	4.904807582e-05	4.850536283e-05	3.782624085e-05	3.755427164e-05
	2.996174566e-05	2.982342021e-05	2.466029253e-05	2.458718762e-05	2.118454811e-05
	2.114456611e-05	1.895058459e-05	1.892880895e-05	1.753479341e-05	1.752444783e-05
	2.563047088e-05	2.571789225e-05	2.666419375e-05	2.670972266e-05	2.847193785e-05
	2.845167513e-05	3.145136829e-05	3.136305376e-05	3.610678145e-05	3.598419527e-05
	4.300756222e-05	4.294279234e-05	5.277002112e-05	5.284340354e-05	6.619073302e-05
	6.628934157e-05	8.440386343e-05	8.414040689e-05	0.0001087140578	0.0001075646362
	0.0001398442345	0.0001374207057	0.0001767206721	0.0001730108665	0.0002155160038
	0.000210934488	0.0002498031481	0.0002450464651	0.0002721502805	0.0002679691239
	0.0002770712	0.0002739174679	0.0002642345761	0.0002618921103	0.0002390221909
	0.0002367021057	0.0002091242803	0.0002060727561	0.0001801825559	0.0001762559033
	0.000154071251	0.0001497416866	0.0001303051201	0.0001262822434	0.0001081595885
	0.0001049815855	8.781997373e-05	8.564020333e-05	7.017838862e-05	6.883252523e-05
	5.598846135e-05	5.520390838e-05	4.535985599e-05	4.490722851e-05	3.784221109e-05
	3.757515478e-05	3.274695863e-05	3.258415136e-05	2.939907264e-05	2.92978311e-05
	2.724924418e-05	2.718730459e-05	2.589072087e-05	2.585751875e-05	3.759992028e-05
	3.7840381e-05	3.804233596e-05	3.81979996e-05	3.927285175e-05	3.928224563e-05
	4.173416827e-05	4.157003503e-05	4.59846521e-05	4.565948826e-05	5.262570968e-05
	5.226530111e-05	6.213302789e-05	6.200525939e-05	7.494528696e-05	7.516417177e-05
	9.1934901e-05	9.210933109e-05	0.000114375113	0.0001138245411	0.0001430277658
	0.0001412378317	0.0001768551993	0.0001737602662	0.0002121390816	0.0002081575196
	0.0002427140515	0.0002386053685	0.0002616332047	0.0002582290866	0.000264164799
	0.0002619327021	0.0002507822657	0.0002494210475	0.0002271753392	0.0002257776769
	0.0002004998222	0.0001982664365	0.0001753493402	0.0001721072366	0.000152846292
	0.0001489905567	0.0001322373174	0.0001283957639	0.0001127740215	0.0001094787226
	9.464311207e-05	9.21378104e-05	7.872338886e-05	7.697145128e-05	6.579375959e-05
	6.461899809e-05	5.604335697e-05	5.526101439e-05	4.912388104e-05	4.859626737e-05
	4.44392116e-05	4.407830357e-05	4.138254641e-05	4.113563326e-05	3.944825938e-05
	3.928424264e-05	3.825029399e-05	3.815487347e-05	5.451149364e-05	5.510188616e-05
	5.369834369e-05	5.413222933e-05	5.376376691e-05	5.391131109e-05	5.524362107e-05
	5.5037174e-05	5.880442108e-05	5.820340515e-05	6.518843515e-05	6.42777127e-05
	7.486826033e-05	7.407072862e-05	8.769331445e-05	8.765137973e-05	0.000103762198
	0.0001043542791	0.0001242894163	0.0001245502736	0.0001502977619	0.0001494408572
	0.000180897889	0.0001787690897	0.0002125332987	0.0002095489606	0.0002394048269
	0.0002363603692	0.0002551794114	0.0002529457956	0.0002559297412	0.0002549469058
	0.0002427872566	0.000242655017	0.0002213952019	0.0002211409586	0.0001980112244
	0.0001968429478	0.0001761560945	0.00017387898	0.0001563881352	0.0001532857053
	0.0001379701576	0.0001345230373	0.0001204431033	0.0001171147568	0.00010419876
	0.0001013047301	9.009580881e-05	8.775868209e-05	7.878342967e-05	7.69758014e-05
	7.03616482e-05	6.899023068e-05	6.448459845e-05	6.345102553e-05	6.06111128e-05
	5.983715961e-05	5.81953774e-05	5.762570357e-05	5.677747381e-05	5.637455432e-05
	5.598776708e-05	5.573850539e-05	7.744748344e-05	7.875092442e-05	7.423539883e-05
	7.526590007e-05	7.217623708e-05	7.269562034e-05	7.194084415e-05	7.183401534e-05
	7.432829507e-05	7.348092043e-05	8.029348721e-05	7.86696002e-05	9.057467776e-05
	8.85401523e-05	0.0001046104845	0.000103403115	0.0001207606188	0.0001213354741
	0.0001395528561	0.0001407555781	0.0001627591701	0.0001631652367	0.0001900101966
	0.0001892433966	0.0002180256805	0.0002164899038	0.0002414598954	0.0002399664626
	0.0002546732278	0.0002540900549	0.0002544985922	0.0002552016792	0.000242460801
	0.0002439599113	0.0002237533	0.0002250587382	0.0002034827005	0.0002038458009
	0.0001840792862	0.0001832844524	0.0001656776636	0.0001638388435	0.0001479029469
	0.0001452427399	0.0001310760986	0.0001279001363	0.0001161207345	0.0001128078529
	0.000103867874	0.00010074084	9.46210821e-05	9.185670177e-05	8.817760085e-05
	8.582995921e-05	8.406058292e-05	8.211842779e-05	8.171338752e-05	8.014424242e-05
	8.061590154e-05	7.938624333e-05	8.033457411e-05	7.94160589e-05	8.048759282e-05
	7.988896235e-05	0.0001070701662	0.0001096655587	9.976013415e-05	0.0001018908401
	9.424130305e-05	9.552093995e-05	9.130582314e-05	9.158670617e-05	9.183575327e-05
	9.093688452e-05	9.697285271e-05	9.470195154e-05	0.000107903753	0.0001043436375
	0.0001244271268	0.0001208822172	0.0001429107425	0.00014212648	0.0001610349415
	0.0001629149121	0.0001815270223	0.0001834989277	0.0002054766017	0.0002065208324
	0.0002301946724	0.0002306296365	0.0002508634654	0.0002514974131	0.0002625278102
	0.0002641934369	0.0002626033205	0.0002655954337	0.0002526386737	0.0002563993626
	0.0002370031649	0.0002405700897	0.0002194316527	0.0002221519165	0.0002011173288
	0.0002027821467	0.000181811488	0.0001822560259	0.0001621083771	0.0001610558395
	0.0001440163456	0.0001414795983	0.0001293817525	0.0001258278586	0.0001188342632
	0.0001148388419	0.0001120535741	0.0001080428219	0.0001083426857	0.000104569721
	0.0001069610415	0.0001035622254	0.0001072380987	0.0001042876159	0.0001086044859
	0.0001061454652	0.00011059277	0.0001086526065	0.0001127259388	0.0001113957246
	0.0001431620288	0.0001478327165	0.0001296237456	0.0001335159137	0.000119099254
	0.0001216545779	0.0001123725586	0.0001134575733	0.0001102566219	0.0001096670769
	0.0001139443909	0.0001113592668	0.0001250316375	0.0001201734332	0.0001443621576
	0.0001379381291	0.0001680663963	0.0001637695075	0.000188665741	0.0001898629852
	0.0002075220706	0.0002110759261	0.0002286941527	0.0002319909557	0.0002509554464
	0.0002539246944	0.0002701372751	0.0002735460158	0.0002818503179	0.0002864786813
	0.0002837825629	0.0002898494581	0.0002770927917	0.0002840015836	0.0002650168838
	0.0002718828164	0.0002496371509	0.0002560367808	0.0002303668136	0.0002362486089
	0.0002063857638	0.0002110405539	0.0001806697239	0.00018273798	0.0001585200408
	0.0001575925722	0.0001427767524	0.0001395575105	0.0001333674061	0.0001287696997
	0.0001290887213	0.0001238083822	0.0001286550381	0.0001231614443	0.0001309920133
	0.0001256082352	0.0001352353962	0.0001302042258	0.0001406772181	0.0001361972092
	0.0001467166531	0.0001429603361	0.0001526140633	0.0001498894872	0.0001841563521
	0.0001917653547	0.0001622552076	0.0001686163078	0.0001453155823	0.0001497019795
	0.0001338524992	0.0001362164733	0.0001283806242	0.0001285629312	0.0001299421305
	0.0001275677901	0.0001403347726	0.0001348397382	0.000161524289	0.0001527851279
	0.0001917053717	0.0001825602912	0.0002201100119	0.0002176293095	0.0002409097942
	0.0002450956196	0.0002609574752	0.0002666958406	0.0002824250407	0.0002883843738
	0.0003022202809	0.0003089722157	0.0003163368972	0.0003246032565	0.0003223405573
	0.0003322885116	0.0003206018396	0.0003316085064	0.0003130465256	0.0003243323883
	0.0002997301935	0.000311432382	0.0002766890898	0.0002895058963	0.0002417561291
	0.0002536819085	0.0002040065082	0.0002113110556	0.0001743150247	0.0001763466174
	0.0001555720183	0.0001536547064	0.0001461568484	0.0001416690286	0.0001437646142
	0.0001376728989	0.000146531657	0.000139484087	0.0001530942278	0.0001455683127
	0.0001624207012	0.0001548248995	0.0001736570085	0.0001663851919	0.0001860108279
	0.0001794715288	0.0001982668993	0.000193193119	0.0002268777105	0.0002381003029
	0.000195200477	0.0002045956371	0.0001710299545	0.0001777203929	0.0001543140221
	0.0001583994023	0.0001450531393	0.0001464811626	0.0001439536877	0.0001423789215
	0.0001527708135	0.0001474842165	0.0001742375715	0.0001644499166	0.0002094167546
	0.0001962109381	0.0002497914619	0.0002404872037	0.0002798501232	0.0002817168226
	0.0003026735856	0.0003102062804	0.0003261295737	0.0003350542587	0.0003495621438
	0.0003597322779	0.0003692766757	0.0003813352378	0.0003822594828	0.0003963534636
	0.0003876849511	0.0004030870353	0.0003863251695	0.0004021318375	0.0003762395915
	0.0003937146187	0.0003458082401	0.0003686304191	0.0002895614805	0.000312231238
	0.0002322259662	0.0002466906351	0.0001914749694	0.0001977594824	0.0001676987065
	0.0001681638386	0.0001567543702	0.0001533573613	0.0001550462397	0.0001490309678
	0.0001601705329	0.0001523070119	0.0001705946691	0.0001614206379	0.0001852794737
	0.0001752645695	0.0002033951484	0.0001930454063	0.0002240948376	0.0002140324763
	0.0002456190565	0.0002371671094	0.000266732062	0.0002816924665	0.0002254041153
	0.0002380226784	0.000194202615	0.000203444426	0.0001723671333	0.0001784821129
	0.0001593028732	0.0001623660098	0.000155294568	0.000155044503	0.0001618784621
	0.0001575909462	0.0001821165416	0.0001726295624	0.0002193903133	0.0002042201552
	0.00027091966	0.0002544784346	0.0003187200401	0.0003133422263	0.0003517091138
	0.0003586289291	0.0003811542738	0.0003920193056	0.0004118324003	0.0004243567871
	0.0004408218247	0.0004554781709	0.000463899522	0.0004809323979	0.0004782847266
	0.0004966575657	0.000484277063	0.00050186965	0.0004805255004	0.0004994526348
	0.0004380150513	0.0004721630231	0.0003461010785	0.0003801712758	0.00026369043
	0.0002857273426	0.0002097102027	0.0002209796068	0.000179294801	0.0001829620906
	0.0001653723465	0.0001639456704	0.0001629715772	0.0001579901417	0.0001691450707
	0.0001614804494	0.0001822728894	0.0001724469125	0.0002014852855	0.0001898944107
	0.0002262552998	0.0002133346286	0.0002560450762	0.0002424320773	0.0002888419249
	0.0002763803649	0.0002984383601	0.0003164149697	0.0002496307954	0.0002650843984
	0.0002128325714	0.0002245090396	0.0001867579045	0.0001949703251	0.0001703514809
	0.0001752606466	0.0001635314156	0.0001649656429	0.0001675507733	0.0001648487589
	0.0001854601888	0.0001773364288	0.0002219924138	0.0002069516529	0.0002797319231
	0.0002588613071	0.0003479490181	0.000331760531	0.0004014319603	0.0004028020575
	0.0004418549101	0.0004525743291	0.0004827418139	0.0004952827642	0.0005241402675
	0.0005383921308	0.0005597151755	0.0005768097179	0.0005822215712	0.0006012290757
	0.0005904238598	0.0006051536406	0.0005932584068	0.0005973703811	0.0005288924112
	0.000561415152	0.0003981202727	0.0004355844722	0.0002944723387	0.0003221551536
	0.0002277975806	0.0002439253106	0.0001900520507	0.0001972522258	0.0001721616301
	0.0001732099612	0.000167933917	0.0001646561797	0.0001738497211	0.0001672382879
	0.0001881839304	0.0001787368576	0.000210288812	0.0001982670473	0.0002401133062
	0.0002257366033	0.0002777787199	0.0002614508779	0.0003215662281	0.0003053268942
	0.0003171438427	0.0003365588615	0.0002649280901	0.0002822006013	0.0002251139018
	0.0002386824642	0.0001963834714	0.0002064612021	0.0001775536221	0.0001842882374
	0.0001683579607	0.0001716242133	0.0001698065088	0.0001690276848	0.0001847319518
	0.0001786593004	0.00021831179	0.0002049800089	0.0002764987209	0.0002546829265
	0.0003586718561	0.0003332573884	0.0004404839701	0.0004297051536	0.0004982946358
	0.0005067608269	0.0005496102281	0.0005606805974	0.0006044165464	0.0006144624781
	0.0006545166392	0.0006674460625	0.0006772008635	0.0006942197439	0.0006538287759
	0.0006556259786	0.0006125430053	0.0005994809929	0.0005449273113	0.0005429152339
	0.0004288435039	0.0004557350053	0.0003193956762	0.0003486974317	0.0002436111908
	0.0002635465662	0.000199016383	0.0002095811298	0.0001767883003	0.0001804265566
	0.0001700183959	0.0001687452199	0.0001746395411	0.0001695859244	0.0001887434214
	0.0001804236865	0.0002118111499	0.0002003800239	0.0002442082621	0.0002296560001
	0.0002867659738	0.0002691513184	0.0003384357278	0.0003196435575	0.000319643437
	0.0003384355926	0.0002691510492	0.0002867657103	0.0002296556721	0.0002442079469
	0.0002003796832	0.000211810816	0.0001804233591	0.0001887430985	0.0001695856191
	0.0001746392444	0.0001687449414	0.0001700181341	0.0001804263283	0.0001767880791
	0.0002095810148	0.0001990162225	0.0002635464214	0.0002436110122	0.0003486970533
	0.0003193952653	0.0004557333681	0.000428842553	0.0005429113898	0.0005449275321
	0.0005994803691	0.000612547905	0.0006556322699	0.0006538333642	0.0006942253238
	0.0006771989865	0.0006674426744	0.000654515553	0.0006144593169	0.000604419185
	0.0005606797199	0.0005496133713	0.0005067619243	0.0004982965586	0.0004297067251
	0.0004404849164	0.0003332580051	0.0003586723918	0.0002546831397	0.000276498921
	0.0002049801206	0.0002183118748	0.0001786594685	0.0001847321132	0.0001690278956
	0.000169806729	0.000171624453	0.000168358207	0.0001842884995	0.0001775538863
	0.0002064614768	0.0001963837481	0.0002386827269	0.0002251141721	0.0002822008269
	0.0002649283176	0.0003365589615	0.0003171439402	0.0003053267972	0.0003215661032
	0.0002614506431	0.0002777784674	0.0002257363031	0.0002401129793	0.000198266724
	0.0002102884492	0.0001787365376	0.0001881835594	0.0001672379823	0.0001738493607
	0.00016465589	0.0001679335789	0.0001732096927	0.0001721613142	0.000197252036
	0.0001900517706	0.0002439252283	0.0002277973853	0.0003221549354	0.000294472124
	0.0004355838813	0.0003981197181	0.0005614165521	0.0005288908652	0.0005973783193
	0.0005932569409	0.0006051569069	0.0005904211599	0.0006012262199	0.0005822201595
	0.0005768071473	0.0005597176183	0.0005383924814	0.0005241436181	0.0004952844693
	0.0004827434982	0.0004525758981	0.0004418550459	0.0004028029783	0.0004014320319
	0.000331760795	0.000347949484	0.0002588614205	0.0002797321858	0.0002069517699
	0.0002219925413	0.0001773365781	0.0001854603096	0.0001648489457	0.0001675509355
	0.0001649658467	0.0001635315954	0.0001752608601	0.0001703516714	0.0001949705417
	0.0001867581019	0.0002245092427	0.0002128327627	0.0002650845726	0.000249630953
	0.000316415051	0.0002984384137	0.0002763802726	0.0002888418564	0.0002424318783
	0.0002560448719	0.000213334374	0.0002262550071	0.0001898941294	0.0002014849415
	0.0001724466244	0.0001822725188	0.0001614801664	0.0001691446913	0.0001579898687
	0.0001629711999	0.0001639454057	0.0001653719661	0.000182961859	0.0001792944031
	0.0002209795032	0.0002097098387	0.0002857271089	0.0002636901717	0.0003801712479
	0.0003461007035	0.0004721656442	0.0004380138641	0.0004994540718	0.0004805240915
	0.0005018660499	0.0004842765519	0.0004966530911	0.0004782866706	0.00048093195
	0.0004639030834	0.0004554803126	0.0004408241032	0.0004243587271	0.0004118327906
	0.0003920200498	0.0003811537331	0.0003586288381	0.0003517088887	0.0003133420872
	0.0003187203844	0.0002544785221	0.0002709199483	0.0002042203273	0.0002193904702
	0.0001726296983	0.0001821166426	0.0001575911013	0.0001618785835	0.0001550446654
	0.0001552947008	0.0001623661741	0.0001593030125	0.000178482274	0.0001723672756
	0.0002034445738	0.0001942027502	0.0002380228028	0.0002254042213	0.0002816925334
	0.0002667320949	0.0002371670015	0.0002456190169	0.0002140322727	0.0002240946808
	0.0001930451426	0.0002033949068	0.0001752642685	0.0001852791694	0.0001614203194
	0.000170594325	0.0001523066927	0.0001601701674	0.0001490306624	0.0001550458663
	0.0001533570726	0.0001567539845	0.0001681635576	0.0001676982663	0.0001977592593
	0.0001914744798	0.000246690565	0.0002322256447	0.0003122321622	0.0002895613891
	0.000368632272	0.0003458078257	0.0003937133779	0.0003762395725	0.0004021280987
	0.0003863268398	0.0004030859276	0.0003876881927	0.0003963555234	0.0003822620535
	0.0003813375072	0.0003692773138	0.0003597333593	0.0003495617007	0.0003350541619
	0.0003261289297	0.000310205638	0.0003026733707	0.0002817164878	0.0002798503824
	0.0002404873745	0.0002497917214	0.0001962111806	0.0002094169176	0.0001644500412
	0.000174237659	0.0001474843299	0.0001527709073	0.000142379036	0.000143953791
	0.0001464812766	0.0001450532462	0.0001583995124	0.0001543141279	0.0001777204926
	0.0001710300518	0.0002045957166	0.0001952005509	0.0002381003441	0.0002268777468
	0.0001931930424	0.0001982668726	0.0001794713693	0.0001860107221	0.0001663849633
	0.0001736568318	0.0001548246162	0.0001624204577	0.0001455679921	0.0001530939331
	0.0001394837493	0.0001465313288	0.0001376725633	0.0001437642687	0.000141668698
	0.0001461564846	0.0001536543333	0.0001555715827	0.0001763461673	0.0001743144973
	0.0002113108266	0.0002040061904	0.0002536826555	0.0002417561072	0.0002895066219
	0.0002766888249	0.0003114310787	0.0002997306805	0.0003243311423	0.0003130485955
	0.0003316096515	0.0003206040734	0.000332290637	0.0003223412143	0.0003246045031
	0.0003163363502	0.0003089724397	0.0003022195784	0.0002883838943	0.000282424498
	0.0002666951029	0.0002609572773	0.0002450952303	0.0002409099538	0.0002176294749
	0.0002201102016	0.0001825605568	0.0001917055095	0.000152785234	0.0001615243679
	0.000134839812	0.0001403348482	0.0001275678653	0.0001299422157	0.0001285630073
	0.0001283807104	0.0001362165461	0.0001338525802	0.0001497020446	0.0001453156538
	0.0001686163549	0.0001622552634	0.0001917653675	0.0001841563993	0.0001498894522
	0.0001526140473	0.0001429602442	0.0001467165854	0.0001361970628	0.0001406770988
	0.0001302040308	0.0001352352272	0.0001256080017	0.0001309918031	0.0001231611852
	0.0001286547975	0.0001238081069	0.0001290884564	0.0001287694032	0.0001333671069
	0.0001395571332	0.0001427763623	0.0001575920519	0.000158519543	0.0001827376005
	0.0001806694709	0.0002110406414	0.0002063859137	0.0002362483932	0.0002303670496
	0.0002560360643	0.0002496379903	0.0002718830724	0.0002650182471	0.0002840030275
	0.0002770933691	0.0002898505363	0.0002837819404	0.0002864788688	0.0002818494669
	0.0002735457753	0.0002701367669	0.0002539241962	0.0002509551502	0.0002319903476
	0.0002286940147	0.0002110755576	0.0002075221513	0.0001898630268	0.0001886658755
	0.0001637697122	0.0001680665016	0.0001379382182	0.0001443622398	0.000120173489
	0.0001250317095	0.000111359329	0.0001139444696	0.0001096671416	0.0001102566991
	0.000113457633	0.0001123726278	0.0001216546286	0.0001190993138	0.000133515947
	0.0001296237952	0.0001478327073	0.0001431620771	0.0001113957048	0.0001127259278
	0.0001086525526	0.0001105927277	0.000106145383	0.0001086044164	0.00010428751
	0.0001072380078	0.000103562099	0.000106960932	0.0001045695729	0.000108342557
	0.0001080426457	0.0001120534167	0.0001148386312	0.0001188340586	0.0001258275797
	0.000129381449	0.0001414791927	0.0001440159197	0.0001610554539	0.0001621081989
	0.000182255774	0.0001818118373	0.0002027818465	0.0002011179784	0.0002221519482
	0.000219432386	0.0002405709585	0.0002370034545	0.0002564002716	0.0002526380066
	0.0002655955082	0.0002626022676	0.0002641931325	0.0002625272453	0.0002514971786
	0.0002508633351	0.0002306293752	0.0002301946509	0.0002065204565	0.0002054765911
	0.0001834986258	0.0001815270747	0.0001629148435	0.000161035055	0.0001421265861
	0.0001429108541	0.0001208823135	0.000124427233	0.0001043437119	0.0001079038447
	9.470203058e-05	9.697293927e-05	9.093696169e-05	9.183583308e-05	9.158677238e-05
	9.130589223e-05	9.552099239e-05	9.424136271e-05	0.0001018908736	9.97601846e-05
	0.0001096655419	0.000107070206	7.988895103e-05	8.048758818e-05	7.941603498e-05
	8.033455878e-05	7.938621214e-05	8.061587975e-05	8.014420318e-05	8.171336012e-05
	8.211837542e-05	8.406054556e-05	8.582988357e-05	8.817754444e-05	9.185659597e-05
	9.46209953e-05	0.0001007407138	0.0001038677486	0.0001128076992	0.0001161205287
	0.0001278998659	0.0001310757801	0.0001452423428	0.000147902833	0.0001638384732
	0.0001656780733	0.0001832843775	0.0001840799608	0.0002038463439	0.0002034830001
	0.0002250596168	0.0002237526962	0.0002439601607	0.0002424595359	0.0002552012913
	0.0002544977543	0.0002540897847	0.0002546732084	0.0002399664355	0.000241460097
	0.0002164898888	0.0002180258173	0.000189243236	0.0001900102858	0.0001631650051
	0.0001627592337	0.0001407554567	0.00013955297	0.0001213355082	0.0001207607541
	0.0001034032249	0.0001046106091	8.854025843e-05	9.057478936e-05	7.866969477e-05
	8.029358094e-05	7.348100127e-05	7.432837301e-05	7.18340776e-05	7.194090699e-05
	7.269566583e-05	7.217628937e-05	7.526592788e-05	7.423544094e-05	7.875091113e-05
	7.744750726e-05	5.573850201e-05	5.59877671e-05	5.637455034e-05	5.677747416e-05
	5.762569851e-05	5.81953777e-05	5.983714792e-05	6.061110858e-05	6.345100083e-05
	6.448458406e-05	6.899018763e-05	7.036161737e-05	7.697574547e-05	7.87833825e-05
	8.775863303e-05	9.009574795e-05	0.0001013046791	0.0001041986502	0.0001171145792
	0.0001204429089	0.0001345226141	0.0001379700861	0.0001532852787	0.0001563884776
	0.0001738790578	0.0001761565653	0.000196843655	0.0001980110632	0.000221141566
	0.0002213940649	0.0002426548666	0.0002427859577	0.0002549465384	0.0002559294803
	0.000252945702	0.0002551798807	0.0002363604804	0.0002394051671	0.000209549074
	0.000212533455	0.0001787690485	0.000180898013	0.000149440669	0.0001502978462
	0.0001245501315	0.0001242895327	0.0001043542826	0.0001037623352	8.765148616e-05
	8.769342211e-05	7.407084522e-05	7.486835426e-05	6.427779923e-05	6.51885135e-05
	5.820346701e-05	5.880448076e-05	5.503721469e-05	5.524366428e-05	5.391133814e-05
	5.376380029e-05	5.413224433e-05	5.369836839e-05	5.510187973e-05	5.451150154e-05
	3.815487325e-05	3.825029481e-05	3.928424321e-05	3.944826175e-05	4.113563161e-05
	4.138254746e-05	4.407829598e-05	4.443920772e-05	4.85962526e-05	4.912387054e-05
	5.526099538e-05	5.604334093e-05	6.461898502e-05	6.579374483e-05	7.697145493e-05
	7.872337561e-05	9.213780726e-05	9.464306621e-05	0.0001094785704	0.0001127738981
	0.0001283953253	0.0001322372527	0.000148990126	0.0001528465202	0.0001721073663
	0.0001753495669	0.0001982670788	0.0002004993233	0.000225777979	0.0002271740012
	0.0002494208119	0.0002507813265	0.0002619324556	0.0002641651877	0.0002582290641
	0.0002616339288	0.000238605525	0.0002427143608	0.0002081576915	0.0002121391784
	0.0001737602729	0.0001768553026	0.0001412376553	0.0001430278538	0.0001138243885
	0.0001143752237	9.210932432e-05	9.193502122e-05	7.516426617e-05	7.494536136e-05
	6.200536461e-05	6.213308377e-05	5.226536775e-05	5.26257592e-05	4.565952561e-05
	4.598468794e-05	4.157005409e-05	4.173419049e-05	3.928225689e-05	3.927286667e-05
	3.819800438e-05	3.804234547e-05	3.784037965e-05	3.759991919e-05	2.585751886e-05
	2.589072121e-05	2.718730424e-05	2.724924471e-05	2.929782827e-05	2.939907079e-05
	3.258414594e-05	3.274695389e-05	3.757514914e-05	3.784220512e-05	4.490722789e-05
	4.535985299e-05	5.520391862e-05	5.598846599e-05	6.883254689e-05	7.017839672e-05
	8.564020249e-05	8.78199543e-05	0.0001049814239	0.0001081594956	0.000126281815
	0.0001303050486	0.0001497412947	0.0001540713769	0.0001762560367	0.000180182592
	0.0002060732539	0.0002091235886	0.0002367021927	0.0002390208762	0.0002618917914
	0.0002642342143	0.0002739171562	0.0002770720585	0.0002679690704	0.0002721510348
	0.0002450466212	0.0002498033431	0.0002109346844	0.0002155159974	0.0001730108858
	0.0001767207037	0.0001374205251	0.0001398443059	0.0001075644736	0.0001087141597
	8.414038846e-05	8.440395869e-05	6.628941635e-05	6.619077251e-05	5.284348635e-05
	5.27700403e-05	4.294284134e-05	4.300758387e-05	3.598421749e-05	3.610679945e-05
	3.136306191e-05	3.145137896e-05	2.845167915e-05	2.847194375e-05	2.670972304e-05
	2.666419665e-05	2.571789287e-05	2.563046788e-05	1.752444773e-05	1.75347933e-05
	1.892880791e-05	1.895058399e-05	2.114456372e-05	2.118454579e-05	2.458718563e-05
	2.46602901e-05	2.982342136e-05	2.996174519e-05	3.755427901e-05	3.782624498e-05
	4.850537804e-05	4.904808567e-05	6.318536605e-05	6.423828279e-05	8.159563291e-05
	8.348397603e-05	0.0001032013979	0.0001061914228	0.0001274530904	0.0001315008862
	0.0001544868832	0.0001591031263	0.0001849902854	0.0001894375123	0.0002186727502
	0.0002224258468	0.0002520766334	0.0002552283692	0.000278182364	0.0002813434069
	0.0002891186735	0.000292938226	0.0002805781406	0.0002852063876	0.0002543089926
	0.0002593529269	0.0002166821042	0.0002215052208	0.0001754368314	0.0001794387261
	0.0001369392209	0.0001397264358	0.0001047210508	0.0001062626773	7.954041171e-05
	8.014358268e-05	6.053859282e-05	6.06399336e-05	4.644682587e-05	4.639741491e-05
	3.618815392e-05	3.616062282e-05	2.893967773e-05	2.895904633e-05	2.401142536e-05
	2.404255635e-05	2.078435373e-05	2.079901426e-05	1.873695016e-05	1.872729195e-05
	1.746849024e-05	1.744066465e-05	1.20155443e-05	1.201835538e-05	1.344551633e-05
	1.345268076e-05	1.570263024e-05	1.571815915e-05	1.921659447e-05	1.925009488e-05
	2.4583148e-05	2.465768665e-05	3.256101866e-05	3.273078341e-05	4.398524941e-05
	4.436875829e-05	5.954818678e-05	6.037142139e-05	7.949751704e-05	8.110211494e-05
	0.0001035202122	0.0001062473368	0.0001311282471	0.0001350570115	0.0001622740979
	0.0001670201668	0.0001971774259	0.0002020369217	0.0002346911111	0.0002391229885
	0.0002703836983	0.000274324252	0.0002967667705	0.0003006321742	0.000306075926
	0.0003103563537	0.0002947425595	0.0002995390375	0.0002652216106	0.0002702468134
	0.0002243439504	0.0002290917318	0.0001800664878	0.000184064767	0.0001388633801
	0.0001417673786	0.0001043681358	0.000106114923	7.741630194e-05	7.824341419e-05
	5.716896727e-05	5.744404729e-05	4.229385581e-05	4.23314877e-05	3.158172897e-05
	3.156306167e-05	2.406208983e-05	2.40525251e-05	1.894093509e-05	1.894465962e-05
	1.555620614e-05	1.556134293e-05	1.337507188e-05	1.337412427e-05	1.19955022e-05
	1.198811987e-05	8.443088624e-06	8.443713837e-06	9.881292739e-06	9.883487638e-06
	1.2154653e-05	1.216064077e-05	1.5702189e-05	1.571793275e-05	2.114118408e-05
	2.1182588e-05	2.92799161e-05	2.938766844e-05	4.106054442e-05	4.133049841e-05
	5.737858245e-05	5.800789935e-05	7.879052438e-05	8.010718249e-05	0.0001053052012
	0.0001076947883	0.0001365575929	0.0001402264508	0.0001722261234	0.0001769506745
	0.0002117858842	0.0002169742646	0.0002528996637	0.0002580024757	0.0002903628854
	0.0002950574087	0.0003163501888	0.0003208335257	0.0003235839615	0.0003281590442
	0.0003093822381	0.0003141192955	0.0002768013493	0.0002815611874	0.0002330090539
	0.0002374163998	0.0001860463193	0.0001897824453	0.000142387445	0.0001451861223
	0.000105730527	0.0001075157492	7.702094385e-05	7.796357886e-05	5.549085833e-05
	5.58881927e-05	3.978759342e-05	3.991040151e-05	2.859844721e-05	2.861904168e-05
	2.082366238e-05	2.082104194e-05	1.556434084e-05	1.556234211e-05	1.209609642e-05
	1.209652057e-05	9.857826707e-06	9.857914879e-06	8.436903151e-06	8.435457515e-06
	6.160704642e-06	6.160795373e-06	7.601430577e-06	7.602019465e-06	9.881273645e-06
	9.883482565e-06	1.344526884e-05	1.345257991e-05	1.892691534e-05	1.894965304e-05
	2.717647623e-05	2.724321676e-05	3.923577156e-05	3.941849833e-05	5.620636617e-05
	5.666394054e-05	7.898844664e-05	8.001059093e-05	0.0001079934461	0.000109976129
	0.000143055003	0.0001463218485	0.0001835187428	0.0001880542097	0.0002278099661
	0.0002332457893	0.0002722320732	0.0002779286681	0.0003108621497	0.0003162521361
	0.000335830486	0.0003408246416	0.0003406701893	0.0003453790475	0.0003236366587
	0.0003281225413	0.0002882568356	0.0002925533472	0.0002419228308	0.0002457787859
	0.0001926510157	0.0001959102605	0.0001468282198	0.0001493272745	0.0001081717454
	0.0001098463017	7.776018469e-05	7.871971957e-05	5.495099103e-05	5.541637103e-05
	3.841523758e-05	3.860213048e-05	2.675608756e-05	2.68161429e-05	1.874563685e-05
	1.876003492e-05	1.337692158e-05	1.337904357e-05	9.858164533e-06	9.858310429e-06
	7.594460298e-06	7.594480387e-06	6.159213133e-06	6.15905909e-06	4.7192726e-06
	4.719272813e-06	6.160704746e-06	6.160795466e-06	8.443086013e-06	8.443714378e-06
	1.201547697e-05	1.201834054e-05	1.752378489e-05	1.753457687e-05	2.585321464e-05
	2.588903913e-05	3.813419209e-05	3.824114985e-05	5.566340387e-05	5.595074985e-05
	7.969125277e-05	8.037771113e-05	0.0001110819591	0.0001125130945	0.0001499432695
	0.000152498604	0.0001952688002	0.0001991387111	0.0002441549522	0.0002492983014
	0.0002915186637	0.0002971945211	0.0003307044949	0.0003361791497	0.0003541681301
	0.0003590798771	0.0003564672202	0.0003607719798	0.0003367556451	0.0003405302527
	0.0002989021579	0.000302339317	0.0002504203778	0.0002533758112	0.0001992313935
	0.0002016935638	0.0001515753399	0.0001534930041	0.0001111423561	0.0001124865714
	7.914794803e-05	7.9975952e-05	5.511635506e-05	5.556239019e-05	3.777891794e-05
	3.798603357e-05	2.56741078e-05	2.575595e-05	1.744922842e-05	1.747661099e-05
	1.198940174e-05	1.199685824e-05	8.435587193e-06	8.437063229e-06	6.159064848e-06
	6.159223368e-06	4.719061926e-06	4.719061896e-06	
