4225	
	-2.065715028e-30	-8.261939333e-30	0.0001312188143	-1.048891042e-29	1.626973405e-34
	0.0001272197804	-4.687051172e-30	1.820389823e-33	5.050876236e-34	0.0005151634042
	-2.735654944e-06	-0.0003403333874	-1.32834242e-29	-5.941680657e-30	0.0002812278402
	-0.0002283908704	-0.0005626613583	0.0006047429349	-7.390165286e-34	8.702058016e-34
	-1.881134898e-05	-7.510413204e-30	-1.676591021e-29	-0.0008735149193	-0.001398983389
	-0.002649839616	-0.005993652672	-0.001943755088	-0.00385131097	-0.002191679246
	-0.002204570461	-0.007132196638	-0.006953359499	-3.60149973e-33	-2.159389535e-32
	-0.006020195303	-0.002055526728	-0.00261914826	-2.105849077e-29	-9.454670516e-30
	-0.005931186957	-0.008384630045	-0.01087318303	-0.01597342973	-0.01319755101
	-0.01615967439	-0.02205995183	-0.02713189645	-0.01329514401	-8.920120999e-32
	-0.0299581536	-0.02308493576	-0.01515008067	-2.313319221e-32	-0.02977109591
	-0.003322241291	-0.003822124875	-2.626409487e-29	-1.183207397e-29	-0.02229306374
	-0.02815169698	-0.01069354646	-0.01327572713	-0.05854411993	-0.04289712859
	-0.03139599137	-0.04255333839	-2.546953229e-31	-0.0387718361	-7.689277601e-32
	-0.05780695372	-0.07995645	-0.08080760611	-0.04708937555	-0.05407072335
	-0.07057006079	-0.04913593922	-0.0854773147	-0.004478722796	-0.004832864725
	-3.243015178e-29	-1.4682164e-29	-0.03481766861	-0.0404408977	-0.01540521592
	-0.01776022719	-0.07848184273	-0.09728716922	-0.06603492162	-0.05375049432
	-0.1174809888	-6.010606626e-31	-0.08565361342	-1.978516444e-31	-0.1165981316
	-0.09477243387	-0.1529511169	-0.1248109471	-0.1171052238	-0.1347323136
	-0.1240260646	-0.1745254391	-0.1939528607	-0.1715507867	-0.1910773593
	-1.800417467e-29	-0.005371935248	-0.00554303066	-3.949688381e-29	-0.04646662049
	-0.05101214008	-0.01939382308	-0.02125165559	-0.1188222836	-0.1375668776
	-0.08785841279	-0.0766361134	-0.2091357835	-4.364649123e-31	-1.246451024e-30
	-0.1612321932	-0.1980303137	-0.2407703929	-0.1860148963	-0.1533259032
	-0.2335234023	-0.2802831498	-0.3190578602	-0.3786593106	-0.2251867817
	-0.3346028664	-0.2876259935	-0.2632125427	-0.3686005762	-0.3877761475
	-0.2712083551	-0.005926519457	-0.005948643058	-4.723324148e-29	-2.172798202e-29
	-8.586108466e-31	-0.3372903854	-2.327352182e-30	-0.2715320425	-0.02222863381
	-0.02346916095	-0.05566218273	-0.05863542516	-0.09660940622	-0.1574618971
	-0.1733214147	-0.1053270901	-0.2901016792	-0.333747876	-0.2147810917
	-0.2453614245	-0.6623150498	-0.5141759301	-0.4123989445	-0.5345348463
	-0.3467884092	-0.5043221735	-0.4218814757	-0.4151543698	-0.7029828003
	-0.5202698222	-0.579282908	-0.5210314604	-0.6941885483	-0.463750606
	-0.6498788914	-0.006187394609	-0.006158140961	-5.516075262e-29	-2.5680254e-29
	-1.528299577e-30	-0.4998821684	-3.939896647e-30	-0.4181487313	-0.0616260129
	-0.06309558991	-0.02386811944	-0.0245728635	-0.8560792967	-0.6628555054
	-0.8214008374	-1.059933208	-0.1999692076	-0.1112360422	-0.1888977526
	-0.1168510849	-0.294366194	-0.380490136	-0.4187264274	-0.2700906737
	-0.5413793768	-0.4759619763	-0.5996626707	-0.6847652531	-1.192807075
	-0.932435944	-0.9024312173	-1.163905733	-0.8134057206	-0.6878776222
	-1.059658786	-0.9497860564	-0.804783667	-1.15066391	-0.8606600185
	-0.006313605621	-0.006323700766	-6.245738612e-29	-2.95437207e-29	-0.06471827406
	-0.06532333171	-0.02469286587	-0.02511641385	-2.464922398e-30	-0.6828598894
	-6.030830069e-30	-0.5933313778	-1.56621175	-1.311998386	-0.981186597
	-1.164836729	-0.2100345294	-0.2161579986	-0.1229829901	-0.1199545292
	-1.779452895	-1.533945732	-1.892969262	-1.438680964	-0.3119885087
	-0.4563845444	-0.4843180055	-0.3279025261	-0.8534029301	-0.6488415126
	-0.7767973962	-0.5953551555	-1.047337078	-1.266254032	-1.11680345
	-0.9255610018	-1.791158124	-1.467143869	-1.409359255	-1.88244715
	-1.457661551	-1.649164124	-1.244775331	-0.006470443142	-0.006506841508
	-6.78499315e-29	-3.280523824e-29	-0.06629223187	-0.06680643418	-0.02526991631
	-0.02567014622	-0.2215677501	-0.2244753631	-0.1261512139	-0.1243799406
	-3.582091902e-30	-0.8570787835	-8.291267183e-30	-0.7752794497	-1.522542153
	-2.13888587	-1.859086359	-1.340304015	-2.519768903	-2.338480145
	-2.787844811	-2.122740533	-0.5093863396	-0.3379463715	-0.5258499666
	-0.3465956066	-2.319201302	-2.818866474	-2.291718119	-2.862494215
	-0.6889919097	-0.7252560589	-0.9297794261	-0.9879856293	-1.251521023
	-1.565633803	-1.428771903	-1.149210216	-2.168520731	-2.668313599
	-2.43112225	-1.647753222	-1.85499598	-1.923501301	-2.089897602
	-0.006668201297	-0.006604955011	-6.958161975e-29	-3.471051661e-29	-0.06773906377
	-0.06834702122	-0.02588065865	-0.02628512519	-0.2275836332	-0.2296537412
	-0.1288744333	-0.1272343685	-0.356391139	-0.5396311156	-0.5479145363
	-0.3515110664	-0.9290906217	-4.657245266e-30	-0.9841491024	-1.018597147e-29
	-1.826391705	-2.688801911	-2.430956016	-1.683550307	-3.296345277
	-3.80614868	-3.308666587	-2.898672388	-3.410268949	-3.474851482
	-4.137354352	-4.047327013	-1.040736265	-0.7494840152	-0.7697746471
	-1.07685176	-3.79741906	-3.277002957	-4.036084761	-3.096449778
	-1.330125268	-1.402059889	-1.811118593	-1.703733773	-2.207366915
	-2.661234163	-3.06593598	-2.435219855	-2.029820159	-2.734867516
	-3.477589022	-0.006725828123	-0.006436562829	-6.563089353e-29	-3.429385918e-29
	-0.0691829732	-0.06916932227	-0.0262056234	-0.02634228588	-1.120408923e-29
	-1.018807831	-5.403892173e-30	-1.034013358	-0.2324152382	-0.2344234756
	-0.1313621841	-0.1300283314	-0.5555318304	-0.5607923386	-0.3597116784
	-0.3637817806	-0.7821784841	-1.106847416	-1.125703099	-0.7932244973
	-1.935794862	-2.00573428	-3.096858522	-2.919888313	-4.330800875
	-4.794108027	-3.964440402	-3.647257001	-5.300873393	-4.655828575
	-4.909336695	-5.648037253	-4.802670918	-5.55624519	-4.671675724
	-5.698826857	-1.451819807	-1.979465061	-1.909893403	-1.493476371
	-3.89178194	-4.761840376	-5.236257573	-4.259376275	-2.891165528
	-2.346086232	-4.243613048	-3.072511682	-3.346286428	-2.474939736
	-3.632871304	-0.006414994588	-0.005869863089	-5.432606176e-29	-3.057692969e-29
	-0.06910270332	-0.06737805605	-0.02553417416	-0.02500288951	-1.00357583
	-1.117591388e-29	-1.026881181	-5.637453586e-30	-0.2364123471	-0.2363395598
	-0.1308213306	-0.1313523504	-2.037501954	-2.025373762	-3.267205092
	-3.213003643	-0.3692760168	-0.5666779703	-0.5707945132	-0.3667088744
	-0.800697795	-1.141693451	-1.152369893	-0.8085271994	-1.541628338
	-2.074793249	-1.519748268	-2.037560685	-5.542673662	-4.370915806
	-5.217104151	-4.207934355	-6.396118484	-5.871030152	-7.131693122
	-6.434727944	-7.475490245	-6.556984582	-7.586574996	-6.592135855
	-6.950567096	-7.385760761	-5.848751674	-6.22466571	-2.643156627
	-3.241489599	-3.362855037	-2.566223054	-4.602931809	-6.369405247
	-4.071906972	-5.187901374	-3.859254012	-4.888713696	-5.624453213
	-2.296812063e-29	-0.005612054693	-0.004866694404	-3.526035708e-29	-5.390841762e-30
	-0.9188245654	-1.035508828e-29	-0.9656193941	-0.06539242437	-0.06126698136
	-0.02325382274	-0.02176689877	-0.2346984979	-0.2290663479	-0.123377642
	-0.1276611785	-1.981417604	-1.908218571	-3.185730124	-3.252299157
	-0.5738108934	-0.5723459017	-0.3687968599	-0.3654222474	-4.43490114
	-5.87789479	-5.766378443	-4.449538845	-0.8136254128	-1.162509495
	-1.168486021	-0.8166254182	-1.56792275	-2.104575296	-1.555613177
	-2.122983239	-2.73089424	-2.692225617	-3.464813621	-3.530377389
	-6.802063256	-7.086859271	-7.779970719	-8.283813512	-9.608469117
	-9.056320461	-8.655702706	-8.291055865	-9.707377163	-8.246719533
	-9.496000867	-8.501671613	-7.566845447	-6.901738904	-8.198390237
	-8.979560471	-4.354244664	-5.157083467	-5.351915828	-4.22483879
	-5.971356108	-6.298914366	-7.326754173	-0.004349966177	-0.003465507505
	-1.002310198e-29	-1.172171125e-29	-0.0191569746	-0.01671372955	-0.05675757332
	-0.05026273229	-4.86620651e-30	-0.8180211322	-9.205549901e-30	-0.8690084936
	-1.817484329	-1.720208173	-2.929531897	-3.07181849	-0.2204955693
	-0.2068114018	-0.106659045	-0.115727448	-0.3418781537	-0.5656441303
	-0.5505757642	-0.3562471302	-4.199164666	-5.764863577	-5.868548547
	-4.34965704	-1.170418467	-0.8017959864	-0.8132148207	-1.163207814
	-8.646631351	-7.233934943	-7.233991407	-8.84091328	-1.573897742
	-2.13707976	-2.141791728	-1.573415552	-2.753204741	-3.606653067
	-3.579855723	-2.768198515	-4.436374663	-5.61924589	-5.515492702
	-4.497086352	-11.22305211	-10.51132035	-10.09531606	-9.655015528
	-11.81570577	-10.85143221	-12.06863912	-10.78525528	-10.3426634
	-11.8287416	-9.729337644	-11.21064145	-10.32893886	-8.70168942
	-6.735500314	-6.535949866	-8.017569803	-7.726702487	-9.176666365
	-0.002749517078	-0.001737767342	1.787127942e-29	1.856805219e-30	-0.04336369978
	-0.03499492001	-0.01344929061	-0.01029571429	-4.293983317e-30	-0.7334631592
	-8.135251721e-30	-0.7735239151	-0.1678006169	-0.08100357865	-0.09450138866
	-0.1896851201	-1.620479181	-1.533016951	-2.617121982	-2.775252782
	-3.802010279	-5.330799814	-5.574071845	-4.009560004	-0.2924761848
	-0.5265310991	-0.4919731889	-0.3201766259	-0.7423391223	-0.7787547827
	-1.143453351	-1.107537729	-8.733716636	-8.859313441	-7.117481353
	-6.892429404	-2.135648433	-2.111833589	-1.529207262	-1.56019909
	-11.7600907	-12.06971199	-10.38169097	-10.33989542	-2.769344468
	-3.620070954	-3.613707893	-2.754444458	-4.526302271	-5.691551961
	-4.535595376	-5.721800801	-8.258911955	-6.859071094	-6.94188488
	-8.406489173	-13.24350777	-13.26581078	-14.18595379	-12.6347828
	-13.16785857	-12.83105924	-14.29811657	-14.47169461	-11.90406318
	-13.63446839	-9.80346195	-10.89209119	-12.55601437	-11.29934742
	-9.519751877	-0.0009074801278	0.0002339495364	4.400940694e-29	1.569433071e-29
	-0.0263639453	-0.01659694556	-0.006517938611	-0.002927799404	-3.833564366e-30
	-0.6849861623	-7.37153626e-30	-0.7053602642	-0.1429513	-0.1145232929
	-0.04858059848	-0.06525698561	-1.454101871	-1.398399848	-2.350829556
	-2.476964241	-0.4473564868	-0.3930468147	-0.2580406877	-0.2184989867
	-3.588793932	-3.398436599	-4.78310364	-5.060854845	-6.60165944
	-6.275043807	-8.132306144	-8.474108644	-0.6260148984	-1.051506108
	-0.9757604627	-0.6915952175	-1.98317082	-1.396161067	-1.476558399
	-2.062063233	-9.968735425	-12.14857119	-10.25456715	-12.02839765
	-3.518619586	-3.58236071	-2.715550486	-2.641426065	-15.39128421
	-13.7641586	-14.93022617	-13.64304443	-5.67976458	-4.462861589
	-4.516792995	-5.720065947	-6.950040452	-6.968231741	-8.51343043
	-8.496386723	-11.62919853	-10.06418843	-9.970483217	-11.81804041
	-16.9165905	-16.37736283	-15.73904624	-15.52707806	-16.76089038
	-14.38716265	-13.3990305	-14.92681149	-15.20541829	-13.02371513
	-16.05616432	0.001118552816	0.002368105977	6.454181687e-29	2.762316705e-29
	-0.006885169905	0.003964966435	0.001281722764	0.005135794375	-0.08421701247
	-0.05111517447	-0.0115392515	-0.03021243069	-3.547616007e-30	-0.6815555945
	-6.942402447e-30	-0.6787816286	-1.357632659	-1.34446182	-2.194155824
	-2.260329395	-0.3305166281	-0.260682845	-0.1739611507	-0.1261661596
	-3.226839634	-3.102422443	-4.306201702	-4.532225001	-0.5474852266
	-0.8783233058	-0.7631474664	-0.4569292922	-7.741824734	-5.937628789
	-5.630193218	-7.336783694	-11.29627276	-11.72142635	-9.58464007
	-9.138722521	-1.154320619	-1.865508238	-1.71377804	-1.289994664
	-3.243819946	-2.366675517	-2.529566521	-3.405757941	-13.34268482
	-15.57266022	-15.49840573	-13.6602085	-5.440059097	-4.204879995
	-5.587911505	-4.366164183	-16.92217669	-18.52933869	-17.88728273
	-17.16706711	-8.346509675	-6.879313431	-6.739067988	-8.464553787
	-9.974828648	-10.06324275	-11.90690779	-11.87747272	-13.68245777
	-15.57073912	-15.35013426	-13.60289381	-18.40427577	-19.102456
	-17.13333605	-17.71973351	-18.04270066	-16.66283389	-19.11895563
	-3.400405227e-30	-0.7204124367	-6.68185114e-30	-0.6973309591	0.003277717541
	0.004608334736	7.730265209e-29	3.607847687e-29	0.01435100819	0.02600815157
	0.009677176717	0.01369944591	-0.01740099597	0.01906424915	0.02871751722
	0.008784608392	-0.1858952203	-0.1053921485	-0.07453092797	-0.02164211301
	-1.348590065	-1.377841062	-2.174889137	-2.170558366	-3.010737185
	-2.975639023	-4.016065172	-4.139454906	-0.3568439293	-0.6310235873
	-0.4858138442	-0.2495238584	-6.624229171	-6.962835464	-5.352327467
	-5.144772442	-0.9960903025	-0.8151018637	-1.301123174	-1.522145182
	-8.238802381	-10.26118721	-10.79186575	-8.673140817	-14.70659526
	-12.33709045	-15.18242646	-12.88826427	-2.730391138	-1.903980599
	-3.014177772	-2.161070356	-4.89439485	-3.673620629	-5.205710048
	-3.982215855	-18.87781716	-18.85707083	-16.82945544	-17.13215159
	-6.20535609	-6.527368321	-7.82714353	-8.131931693	-20.26010268
	-19.85198434	-20.28628145	-21.11413542	-11.72680736	-9.492813591
	-11.46253034	-9.796290188	-15.62960157	-13.61354504	-15.50865864
	-13.39066889	-19.17472292	-18.92707881	-20.43586955	-21.1265037
	-17.36476602	-17.40123788	-19.86027802	0.005537566066	0.006927935174
	8.21000756e-29	4.046970113e-29	-3.267918206e-30	-0.7814979562	-6.301603322e-30
	-0.7502507847	-1.42099832	-1.476798227	-2.282265818	-2.217541492
	0.03681968288	0.04904341007	0.01847458151	0.02261978099	0.05489703838
	0.09372822451	0.07118392901	0.0504583159	-0.02319221066	0.06455095096
	0.03497118597	0.09096184349	-0.1349236121	-0.3310104981	-0.1661603004
	-0.017727131	-2.977939592	-3.030623317	-3.961541295	-3.964275393
	-4.919596447	-6.171809014	-6.366485155	-4.989482947	-0.6180426408
	-1.050583483	-0.7793809933	-0.408282107	-9.298550925	-7.537985147
	-9.758489898	-7.843321279	-1.611444172	-2.381014261	-1.987966317
	-1.281626462	-14.11243228	-11.18950284	-13.47311056	-11.75143454
	-18.13313712	-18.60743132	-15.72474612	-16.3468796	-2.845886768
	-4.474212467	-3.975795302	-3.300218691	-5.243266579	-7.380842115
	-6.823667803	-5.790986413	-21.77552151	-20.3433599	-20.11515425
	-21.6163902	-8.490804623	-9.07896057	-11.03425339	-10.47265323
	-21.7663197	-22.61611026	-22.73752751	-22.0325347	-14.69519218
	-13.02647757	-15.18713096	-12.45914505	-20.68635852	-19.18315943
	-22.05911135	-16.79627258	-17.2205371	-20.69945753	-18.93721135
	0.007880978894	0.009273346734	8.025207818e-29	4.111871938e-29	-3.003608567e-30
	-0.8282491788	-5.573878561e-30	-0.8086805082	0.06013577764	0.0727509167
	0.02756011656	0.03180195783	-1.534970878	-1.58453055	-2.45161434
	-2.365416384	-4.021752532	-3.112404133	-3.217314404	-4.119203439
	0.1308273218	0.1712055941	0.1151056746	0.09388451706	0.1510901727
	0.2435536084	0.1509698136	0.2087177446	0.1064281182	0.001497737389
	0.1787118119	0.229125537	-0.1865898319	-0.4929258085	0.0387133987
	-0.191281416	-4.908498685	-4.971537081	-6.051116352	-6.076394715
	-7.181231471	-7.303784562	-8.935960303	-8.653707331	-0.9281543939
	-1.549904434	-1.083736869	-0.5560580366	-12.8484188	-10.67098963
	-12.2671141	-10.25553833	-2.342156155	-3.379984194	-2.72754551
	-1.784825439	-14.37111231	-17.49593898	-16.78660313	-15.0456501
	-19.66498628	-19.02966393	-21.61169939	-21.2051729	-5.287221898
	-6.105605054	-3.856271773	-4.607093044	-9.698192804	-6.872467649
	-8.780039094	-7.776224993	-23.71193368	-22.75367267	-23.40092425
	-22.85021154	-13.02961186	-13.95156368	-10.76236767	-11.73649087
	-23.06671256	-23.78452234	-23.04696063	-22.03478441	-16.16965813
	-17.61471644	-19.72536061	-18.39288439	-20.37875798	-21.67744316
	-15.24559271	0.01024140203	0.01152450122	7.380292287e-29	3.891674077e-29
	0.08400354226	0.09663805017	0.03674191826	0.04097817034	-2.542085698e-30
	-0.823747982	-4.492342319e-30	-0.8338056008	-1.619104225	-1.625902602
	-2.570049359	-2.523409415	0.2089904307	0.2502700738	0.1598497808
	0.1384206456	-4.370956316	-4.243975877	-3.325373148	-3.412686249
	-5.078204911	-5.215191101	-6.220802143	-6.110853922	0.3323025361
	0.4274236782	0.2708224356	0.3293728126	0.3591981839	0.3529672792
	0.5372139449	0.4843096373	0.2751860834	0.1132146445	0.4317781177
	0.5076089443	0.2239640889	-0.1674156508	-0.5975177011	-0.0922810744
	-7.187550236	-8.421888029	-8.494025489	-7.137221209	-11.79033378
	-9.727519027	-9.92564441	-11.40429397	-1.198277994	-2.015237786
	-1.272165008	-0.5896320537	-15.37932034	-16.06627322	-13.2051776
	-13.73599504	-3.046870184	-3.33133728	-2.171199087	-4.339329593
	-18.30773112	-19.87785672	-20.59391859	-17.55852124	-22.4038128
	-23.69967473	-23.42362228	-21.83177573	-4.710682153	-7.645919409
	-6.402526536	-5.863498183	-8.26461964	-11.81674063	-10.44047076
	-9.634290744	-24.21994952	-23.79618216	-24.15943336	-24.22248522
	-14.12413448	-12.67498815	-15.14616021	-16.48803353	-20.92148413
	-19.86902218	-22.65857629	-18.80588742	-21.82934765	-23.40626035
	-17.49343619	0.01245184975	0.01348542478	6.482759187e-29	3.493347932e-29
	0.1076827494	0.1195078578	0.04556674693	0.04950271447	0.2881327529
	0.3290931199	0.2039541132	0.1830971716	-1.94083643e-30	-0.7512146547
	-3.253343284e-30	-0.7968329141	-1.602496992	-1.546394521	-2.527986197
	-2.573729993	-3.460134291	-4.520804393	-4.46974204	-3.465325761
	0.4507946841	0.5167974111	0.6128021674	0.3924970549	-5.35274265
	-5.45420156	-6.502516043	-6.363242346	-7.430359989	-8.539367643
	-8.451937666	-7.292198715	0.6172863844	0.7135505893	0.9003515498
	0.7424310516	0.98494473	0.7516022562	0.742946243	1.068391778
	0.4125770174	0.6303859446	0.9343952395	1.026471694	0.03718969196
	-0.509069751	0.6609826474	0.2714186381	-9.621823396	-11.15556766
	-9.624535543	-11.00343964	-14.28962034	-14.78987364	-12.4659473
	-12.76507053	-1.268653072	-2.256507784	-1.160424824	-0.348265908
	-16.83298966	-16.19645112	-19.11423809	-18.36116188	-3.571213004
	-3.504468623	-2.232256403	-5.008446779	-21.14114799	-22.91802824
	-22.27719411	-20.38264168	-24.0248981	-24.3606458	-23.59352339
	-24.24825834	-6.792008903	-7.076059181	-5.164588731	-8.804587177
	-9.176725119	-13.44462821	-11.58362843	-11.06283132	-24.05364063
	-22.98501628	-22.53740942	-23.85543076	-14.0261883	-18.37827258
	-21.31602517	-15.95286591	-19.04604071	-20.67466308	-16.6488049
	0.01426114209	0.01490622588	5.500987486e-29	3.013098644e-29	0.1294818049
	0.1392140221	0.05323605175	0.05638520309	0.3655088537	0.4034297286
	0.244197628	0.2256046414	-1.324608531e-30	-0.6209822522	-2.102345961e-30
	-0.6942079087	0.7009776853	0.7947331407	0.5129855804	0.56853143
	-2.433292604	-1.454360789	-1.341007088	-2.280685636	-3.252308675
	-4.387510457	-4.498553466	-3.388276203	-5.496110673	-5.449827985
	-6.616529739	-6.597293419	0.8756185945	1.075138477	1.260361219
	0.9979991613	-7.638415605	-8.765956231	-8.660242202	-7.560901725
	-9.777028921	-10.97727209	-9.684537614	-10.96287657	1.230232097
	1.377648519	1.701158201	1.459343451	1.827125029	1.437614554
	1.439275026	1.960546179	1.041555318	1.300629064	1.82631678
	1.916937643	1.499109104	1.055642493	0.5843023489	-0.05495953382
	-13.92770176	-13.65823459	-12.26234965	-12.17202401	-15.64172762
	-15.2209143	-17.68070895	-17.07172746	-0.9508382477	-2.077639275
	-0.5914628939	0.3301248006	-18.91230895	-20.79802817	-21.54907854
	-19.62002726	-3.513077556	-5.199609255	-1.818255341	-3.32461698
	-23.01955133	-23.43068602	-22.34004497	-23.91455077	-23.7803944
	-24.01975772	-23.22711393	-23.26646342	-5.12359098	-9.445138326
	-7.260421521	-7.218290367	-11.95140662	-12.24412867	-9.600856122
	-14.51310051	-21.73930442	-19.96346648	-19.5873414	-14.87524256
	-22.00414676	-17.60454854	-17.17032109	0.01539041794	0.01552371605
	4.549482785e-29	2.522332736e-29	0.1468247399	0.1529766663	0.05871011833
	0.06051139978	0.435297557	0.4658744559	0.2757303975	0.2618460568
	0.6734609195	0.8776655982	0.9625631526	0.6255382531	-8.027442938e-31
	-0.4613909952	-1.201827772e-30	-0.5463179096	-1.196677729	-1.866313069
	-2.098013122	-1.050895272	1.126768495	1.429265349	1.606039365
	1.240483291	-2.788623629	-3.907708524	-4.197960731	-3.039160895
	-5.295744468	-5.050172423	-6.319095842	-6.533549824	-7.499324397
	-8.747579945	-8.810621695	-7.626455591	1.700010377	2.001092521
	1.918723176	2.314094296	-9.846932048	-11.03149186	-9.84630477
	-11.0217964	-13.49874285	-12.11681249	-13.37934562	-12.13068023
	2.450552873	2.955277419	2.231188381	2.604084454	2.548089266
	2.576392165	3.138159967	3.339017624	2.423827705	2.135683102
	3.219234727	3.302328562	2.327678964	2.836692415	1.605463833
	0.878134548	-14.88356129	-14.65196601	-16.16697133	-16.583574
	-18.26070371	-19.39426334	-17.71552899	-20.07780833	-0.1515000263
	0.4148771321	-1.427410379	1.480171541	-21.62162307	-20.90958841
	-22.17360745	-22.83128416	-3.060352582	-1.000165834	-4.9599978
	-2.727992382	-23.13326682	-23.39570714	-22.86325546	-22.88795546
	-20.38478299	-22.10340422	-22.0652623	-20.23374203	-7.23393664
	-4.776689495	-9.70831192	-7.190814418	-9.796132088	-15.19158048
	-12.4621754	-15.45295256	-17.9251696	-12.67758074	-18.19250368
	0.01558204932	0.01510198589	3.692820396e-29	2.065531788e-29	0.1568226195
	0.1580013597	0.06091737819	0.06086301706	0.4888784099	0.5071088953
	0.2931632983	0.2865738685	0.7523110491	1.032707117	1.098563381
	0.7186257813	-4.263346649e-31	-0.3039883636	-5.958308093e-31	-0.3845017097
	1.449858881	1.355433889	1.760437804	1.915398594	-0.8856238482
	-0.7374250079	-1.375080842	-1.635632572	-2.163272823	-3.160065781
	-3.574950614	-2.473591619	2.145259999	2.595861161	2.885167241
	2.341915141	-4.684351492	-4.272514476	-5.54330944	-6.002700168
	-6.833147291	-8.197433522	-8.559286494	-7.221536304	-9.468848597
	-10.76032409	-10.96666337	-9.724739171	2.989391022	3.416668248
	3.888825394	3.333847157	-13.28283546	-11.91668901	-12.05635801
	-13.1248929	-14.44776909	-14.26246577	-15.53494998	-15.84497951
	4.04541564	3.740160256	4.759106938	4.286179534	5.260415435
	5.001730355	4.24012402	4.187940235	5.088988118	4.063028954
	5.210019905	3.716242373	3.077498316	2.201271232	3.935555418
	4.59653937	-17.2244748	-18.22626982	-16.81676925	-18.79357153
	-20.21293377	-19.575082	-20.80974974	-21.49672577	0.9802967427
	-0.5263288999	2.882770674	1.566061121	-22.47583989	-22.00643832
	-22.31034315	-21.68918595	-2.420894777	-0.1252010619	-2.166326175
	-4.609107354	-21.64372744	-21.90887475	-20.44281428	-20.40751507
	-18.38539629	-15.94643014	-18.52997945	-15.71119723	-7.176946732
	-9.922761228	-7.245555976	-4.522836855	-10.09997677	-13.14683594
	-12.88884025	0.01462870354	0.01346864122	2.95810444e-29	1.664935685e-29
	0.1568888772	0.1520328724	0.05894239215	0.05666427346	0.516828416
	0.5182237491	0.2917946404	0.2946178814	0.79085924	1.14597257
	1.181368178	0.7780081655	1.536820818	2.040410116	2.153974584
	1.598314534	-0.2374192156	-1.92266188e-31	-0.1725763487	-2.440928147e-31
	-0.5823627178	-0.4555243021	-0.9025678878	-1.143553006	2.536610047
	3.1330353	3.375324187	2.691834036	-1.50713629	-2.305901191
	-2.756534996	-1.814403849	-3.764386005	-3.275390842	-4.42142662
	-5.037964392	3.683218238	4.305772525	4.723116424	3.979364356
	-6.284277747	-5.691213706	-7.065091233	-7.721027198	-8.459471054
	-9.863946957	-10.4169277	-9.022375165	-11.18685581	-12.47389044
	-12.88569478	-11.62091174	5.398576497	4.838227874	6.036306925
	5.320283391	-14.00105598	-13.65829795	-14.84654931	-15.23696633
	-16.40210934	-15.99411262	-17.722996	-17.19195161	6.535023608
	7.103543491	6.1880502	5.814860421	6.346988831	6.363452444
	7.615899778	7.370412385	6.090722596	7.182132567	5.576288347
	7.468789985	3.563031757	4.721006073	6.452479619	5.483173516
	-18.94650426	-20.15099195	-18.36326765	-19.47426905	-21.03555387
	-20.88508818	-21.47446221	-20.38031724	2.040677193	4.095151674
	0.1931356534	2.401165331	-20.07364399	-20.28266995	-21.29398769
	-20.86556954	-2.032744305	-4.553776018	-2.052278801	0.3506707009
	-18.60798836	-16.17554869	-16.37086708	-18.61784028	-13.73292648
	-10.68888706	-4.717501186	-13.42212115	-7.691322292	-7.405054372
	-10.36387498	0.01240719268	0.01056419784	2.348479329e-29	1.327415845e-29
	0.1452058444	0.1338338333	0.05218161478	0.04754014263	0.5112524238
	0.4929209945	0.2686161031	0.28201998	1.196487233	1.192025511
	0.790491097	0.7777360444	1.657751745	1.64180616	2.231117762
	2.282614626	-7.251407075e-32	-0.1233702754	-6.811375652e-32	-0.07914659784
	2.829504827	3.564318035	3.727655253	2.920011547	-0.3318379611
	-0.2390301113	-0.5166602962	-0.7065734362	-0.9310187586	-1.506187101
	-1.912139256	-1.188276281	4.263919008	5.070843033	5.398230076
	4.481541477	-2.732695624	-2.262380201	-3.190046361	-3.835245345
	-4.976178807	-4.303574319	-5.54646232	-6.371723145	5.795193931
	6.583953986	7.112999633	6.184207969	-6.919884518	-8.330415154
	-9.199494793	-7.70425809	-9.770736213	-11.15122942	-11.92935397
	-10.53105112	-13.13091316	-13.71176385	-12.47861246	-14.37729153
	7.242152044	8.670792021	7.839147882	7.901687162	-15.47753723
	-16.65806764	-14.88690968	-15.9996152	-17.72905692	-18.0841241
	-17.08426311	-18.81679254	9.223853611	9.802118618	8.367837262
	8.73078858	8.656903587	10.08790739	9.999821472	8.814259757
	9.695659312	8.145232803	7.291484084	9.059848249	4.492095164
	6.070117575	6.504219185	7.932755541	-19.56708126	-20.2629657
	-19.68032307	-18.97456013	-19.7966064	-19.77771177	-19.38918223
	-20.36191041	2.574234323	2.549769768	0.3318490567	4.67847125
	-18.54939642	-16.52053405	-16.60257971	-18.38937559	0.1312224305
	-5.032913947	-2.229699187	-2.583047769	-5.463912835	-11.48800527
	-8.53325655	-11.07876563	-14.03456696	-8.065354913	-14.31415088
	0.008942374334	0.006555901843	1.854045173e-29	1.05074329e-29	0.1212369606
	0.1038456997	0.04056963672	0.03383305941	0.4677956569	0.4294927286
	0.2233902709	0.2470559446	0.7077502442	1.168573607	1.119817428
	0.7475457681	-0.02491661823	-9.164662149e-33	-0.04895026344	-1.508175414e-32
	1.64574353	2.295667476	2.270234172	1.608692233	3.88242157
	2.975054103	3.828974751	2.981500088	-0.155268973	-0.09851541849
	-0.2467116975	-0.3744445247	4.66319783	5.641006655	5.834247981
	4.76888716	-0.4967354751	-0.8664838817	-1.180204734	-0.6820572691
	-1.779465982	-1.394174842	-2.069097497	-2.635060184	6.541632733
	7.535669808	6.797824762	7.911228255	-3.568531506	-2.94121664
	-3.94871579	-4.779397669	-5.150468109	-6.422009474	-7.446525433
	-5.998070733	8.402930248	9.304699835	9.885612645	8.84105562
	-7.829908566	-9.20279135	-10.2837424	-8.800132604	-11.58771744
	-10.62393415	-11.91954852	-12.93614624	-14.09221422	-13.20394043
	-14.33702662	-15.27303649	10.68088415	10.70360803	11.53327446
	10.03181685	-17.32795201	-16.2988565	-15.45295565	-16.41650929
	-18.8357297	-18.16904107	-17.97957701	-17.32829409	12.05201449
	11.12407883	11.33730686	12.50574865	10.68223012	12.25089777
	11.1960346	12.49655381	10.30454256	9.762840139	11.44845688
	8.414073435	6.714619325	4.65718035	6.712685372	8.66406402
	-19.1329285	-18.31381663	-18.91322669	-18.40553185	-16.47113867
	-17.75325666	-18.12622298	-16.59220207	2.332320895	-0.2553219607
	4.435571448	1.921987628	-14.66438419	-11.88998494	-14.53437297
	-12.24496798	-3.66178156	-3.063168605	-0.7787505688	-6.001457296
	-9.034596857	-9.544179239	-6.58825926	-5.546484551e-34	-0.003054555824
	1.446312102e-33	-0.01134142269	8.282017883e-30	1.459289559e-29	0.00456842567
	0.00209101645	0.08658348327	0.0653484155	0.01731503802	0.02509469278
	0.160132709	0.3876314851	0.3328643503	0.1915047495	0.6484250576
	1.057080693	0.9667605288	0.5847687311	2.105209935	1.536742199
	2.211047897	1.447423669	-0.0526257096	-0.02618489573	-0.0887279616
	-0.1596005755	2.93702702	3.873846742	3.799288834	2.851442492
	4.812564546	5.934594872	5.955578257	4.782530227	-0.2160229309
	-0.423381724	-0.6331053562	-0.3298763982	7.073285831	6.989395833
	8.16657248	8.338228718	-1.024016855	-0.7496274482	-1.189457214
	-1.619400777	-2.304362415	-1.801208255	-2.53546867	-3.244969547
	9.214683187	10.31873752	10.66524409	9.451683503	-3.474052725
	-4.500685488	-5.491244671	-4.239689168	-5.722744437	-6.949557962
	-8.143771063	-6.720022211	11.25461774	12.17626131	12.71678554
	11.66127524	-9.449630752	-9.586015183	-8.318455556	-10.85456825
	-12.07785064	-10.9278355	-12.09093992	-13.32923288	-14.27312737
	-15.4508861	-14.39457214	-13.28641451	12.88282539	14.26679071
	13.50189803	13.44908349	-15.25924678	-15.98014057	-17.07139135
	-16.31759894	-16.75849511	-17.6213586	-16.58701597	-17.53050538
	14.65046649	13.60536242	14.84540341	13.69911414	13.77349015
	13.08340277	12.06037063	14.4934583	10.61398657	8.704340212
	12.44414901	10.72302209	8.546394872	6.509014784	6.118948961
	4.021813508	-15.81134072	-16.60196571	-16.22134074	-17.23772283
	-12.65398385	-12.50849404	-14.6782526	-14.54832027	3.473028804
	-1.419909207	0.7116602976	1.374273092	-10.3860984	-10.01021418
	-4.974957537	-4.311763464	-2.114495197	-7.185571284	-7.745312924
	-1.15935019e-33	3.648664929e-30	0.0005906815551	4.087728326e-30	-0.000443660172
	1.619204269e-29	-0.001976741823	-0.008870365316	-0.017371482	-0.04642674203
	0.008827898318	0.04642745824	0.02617320518	0.003035108836	0.2793979685
	0.2160184486	0.1223036546	0.08871079964	0.502609736	0.8709366744
	0.4233546705	0.7496071366	1.977268854	1.801174339	1.321153337
	1.189428796	2.53545129	2.705994804	3.674296062	3.474003348
	-0.1223119184	-0.06539206191	-0.1601568453	-0.2793797361	4.670340335
	5.889601241	5.722671015	4.500729884	7.060126275	8.387205554
	8.318349715	6.949721043	-0.5026340677	-0.3328715206	-0.5848057272
	-0.8709460018	9.586021571	10.85908083	10.92770686	9.586285267
	-1.32117975	-0.9667869507	-1.447456671	-1.977290594	-2.105240995
	-2.851457234	-3.674339974	-2.706003368	12.09120467	11.95856485
	13.06947483	13.28631225	-5.889676738	-3.79932907	-4.782482068
	-4.670280557	-7.059943946	-5.955632406	-8.387324586	-7.073144692
	14.27329631	13.98999743	14.84432946	15.25921047	-9.585747048
	-9.451488456	-8.338302145	-10.85923768	-10.66532034	-13.06962961
	-11.95830648	-11.66109323	-13.50174185	-14.84442324	-12.71683605
	-13.98981352	15.44831955	15.80756492	16.58705226	15.980189
	-14.26680908	-15.80755196	-14.65036421	-15.44821438	-14.84537135
	-14.4934534	-15.25555621	-15.77727267	15.77730024	16.75844255
	15.25562052	16.60203337	14.24477708	12.64115583	15.81127125
	14.54837052	10.63864715	12.65391013	10.38617146	8.208489737
	7.745099389	5.596791229	2.815514577	4.97511647	-13.77340803
	-12.64114138	-12.44421706	-14.24483378	-8.546528863	-10.63882827
	-8.208496148	-10.72292516	-0.000223138854	-2.815444557	-6.118837576
	2.114167508	-3.473304842	-0.7114708425	-5.597159382	9.165344577e-33
	4.649596081e-34	0.01135193995	9.091621043e-30	-0.004462041447	2.007113457e-29
	-0.02517686941	-0.006537929925	-0.03389305484	-0.08659322963	0.1596243614
	0.09856250364	0.02491171619	0.05263443785	0.6330919509	0.4967113921
	0.3298526798	0.2466866875	1.619374662	0.8664708891	1.394150818
	1.024001488	3.244916857	2.941161429	2.304348947	2.069087872
	4.239743368	5.491156857	5.150383713	3.948762378	-0.1915188785
	-0.103872814	-0.2234109548	-0.3876254224	6.720217566	8.143638732
	6.422185313	7.829780466	9.449983983	10.85440276	10.62376803
	9.203117811	-0.6484501533	-0.4295096718	-0.7077807136	-1.057089336
	12.07823245	13.32909063	11.91990017	13.20378989	-1.536763307
	-1.119837183	-1.608719475	-2.211069608	-2.270258612	-2.98150262
	-3.8738841	-2.937026312	15.45289159	14.33723147	15.45083787
	14.39482793	-3.882444829	-4.768833032	-5.934661221	-4.812497244
	-6.989249707	-8.166680731	-6.79771432	-5.834277775	16.41650392
	16.31767588	17.07147485	17.32834036	-9.214519496	-10.31888968
	-7.911262843	-8.840934288	-10.68075851	-12.17643362	-11.25448178
	-9.885639074	-13.44922081	-12.05186043	-12.88268907	-11.53329425
	17.53046446	18.40563011	17.62151157	17.97941434	-12.50575869
	-12.49643579	-13.60541125	-13.69900086	-12.25084631	-11.44845077
	-12.06037055	-13.08340798	18.31366754	17.23769958	17.75328363
	16.22141359	16.47111505	14.67822532	14.66436572	12.50847717
	10.00996398	12.24487218	9.544272906	7.185606205	1.420016971
	4.31130472	3.661989123	6.587934886	-10.30443464	-8.704350356
	-8.664135141	-10.61412675	-1.921846448	-4.021796623	-6.712585996
	-4.435744812	-6.509269552	0.7784411787	-1.374678834	1.498149858e-32
	0.04899571026	7.264073313e-32	1.121203848e-29	-0.008935571272	2.462562856e-29
	-0.04062675618	-0.01058329086	-0.04755612397	-0.1212352735	0.3744355785
	0.2390532331	0.07914250927	0.1552546754	1.180179699	0.9309961027
	0.6820403552	0.5166400555	2.635000903	1.506188529	2.262331246
	1.779464596	4.779301335	4.303483793	3.568582776	3.190098267
	5.998267029	7.446381813	6.919746283	5.546641207	-0.247069498
	-0.1338450597	-0.2686327665	-0.467804154	8.800519961	10.283567
	9.770552675	8.330767667	11.58818097	12.93600448	12.47843584
	11.15164313	-0.74756447	-0.4929391657	-0.7777573454	-1.16858612
	14.09253495	15.2730148	13.7120144	14.88682489	-1.645760593
	-1.192037283	-1.657768718	-2.295691272	-2.282625802	-2.919999318
	-3.829008656	-2.975041587	17.08431273	15.99958386	16.29891701
	17.32808843	-4.481486572	-5.641066197	-3.727658835	-4.663134307
	-6.541545321	-7.535767162	-5.398234123	-6.18413288	18.08385173
	18.16888538	18.97471097	18.83597315	-7.112999833	-8.402872432
	-7.839080308	-9.304843177	-9.223757869	-8.670789954	-10.03175661
	-10.70378664	-11.12397567	-11.33746803	-9.802129444	-9.999685748
	19.13278745	19.56677399	18.91340116	19.79669338	-10.08789543
	-9.695570326	-10.68232363	-11.19598226	-7.9327486	-8.414125727
	-9.059765903	-9.762923717	19.3891018	16.59221284	18.12628942
	18.38929828	14.53436777	14.3141135	16.6026231	11.88999924
	8.533412955	9.034222497	6.00157982	11.4877847	3.062717622
	0.2553985248	5.463543404	2.583226092	-4.67851629	-4.657216113
	-6.504122533	-6.714775335	-2.332603384	-2.549688997	-0.1314202453
	6.802172602e-32	0.1233913725	2.44169602e-31	1.367570542e-29	2.986473258e-29
	-0.01241542872	-0.05220604008	-0.01349301893	-0.05666175244	-0.14520536
	0.7065604333	0.4555403047	0.1725678231	0.331816734	1.912086848
	1.507093866	1.188272784	0.9025631769	3.835147793	3.275306206
	2.305954829	2.732753305	6.371577339	5.691074804	4.976365455
	4.42159929	7.704643105	9.19931573	8.459287659	7.065439227
	-0.1520396489	-0.2918100113	-0.5112707059	-0.28204058	10.53154084
	11.92920857	9.86438205	11.1866772	13.13126588	14.37727459
	13.65820931	12.47417269	-0.7905084547	-0.518240456	-0.7908734632
	-1.196501982	15.47758886	16.65822302	15.99416302	14.84651711
	-1.181368934	-1.598320771	-2.231141402	-1.641818021	-2.15397093
	-3.564347369	-2.691811025	-2.82948495	18.36345363	17.1916164
	17.72881168	18.81709258	-3.375309873	-3.979317529	-5.070893775
	-4.263874643	-5.795168241	-4.723100969	-6.584034099	-5.320239455
	19.67998406	20.3805128	19.47380202	20.26325331	-7.901810669
	-7.242154001	-6.534985324	-6.036287775	-7.103533697	-8.367810882
	-8.730955356	-7.370341048	-8.814229331	-7.615893626	-7.468702335
	-8.657071096	20.36185131	19.77780348	20.86555879	20.88482588
	-7.182077975	-6.452423658	-7.291620786	-8.145289647	-5.483090177
	-4.492206509	-4.095100118	-6.070217158	18.54960284	16.52052556
	18.61768453	20.07373175	14.034457	13.73296019	11.07889424
	16.37084721	7.691485444	5.033059129	10.68853887	8.064919822
	2.052339221	2.229401653	-2.57435268	-0.3318830774	-0.3506862695
	-2.401125539	4.717257836	5.958749424e-31	0.2374316349	1.921901648e-31
	1.647395229e-29	3.574385252e-29	-0.01464846643	-0.05895607839	-0.06085584016
	-0.1568876937	-0.01513538734	1.143520424	0.7374220951	0.3039839165
	0.5823537175	2.756449994	2.163200637	1.375123075	1.814452932
	5.037825208	4.272386076	3.160221731	3.764560143	7.720854512
	6.832975756	6.284633454	5.543630126	9.022845873	10.41678381
	9.468682985	8.197852037	-0.1579990857	-0.2931788875	-0.5168513519
	-0.2946427176	11.62125976	12.88567317	11.91661123	10.76061128
	14.00109526	15.2371131	14.26251972	13.12486731	-0.7780230823
	-0.507121834	-0.7523199388	-1.14598494	16.40182162	17.72330296
	16.81696216	15.5346037	-1.098550986	-1.449856232	-2.040429331
	-1.536825279	-3.133057256	-2.341889129	-2.536589244	-1.915381537
	19.57535621	18.22571671	18.94601628	20.15135747	-3.333814165
	-2.885142655	-4.305809725	-3.683201138	-4.838237841	-3.888801244
	-4.286156863	-5.398633572	21.03522581	21.47466842	21.68932958
	20.8092771	-6.188145329	-5.001710588	-5.814877946	-4.759082584
	-6.347012922	-5.260394832	-5.209990137	-6.363592038	-5.088942309
	-6.090812001	-4.596512014	-5.576452727	21.29415748	20.28266012
	22.00640482	21.64358546	-3.563210244	-3.935480854	-2.882710223
	-4.721119328	0.1253148982	-2.040702285	-1.56604092	-0.1932924459
	18.52985969	20.40769747	16.17562145	18.60819643	10.36406393
	13.42185697	13.1469355	15.94624927	2.166277408	10.09970249
	4.553790746	7.245595031	7.404763689	2.032682684	4.522833585
	1.201832602e-30	0.3845032321	4.262738296e-31	1.956588106e-29	-0.01561350001
	4.214881674e-29	-0.06092271774	-0.0605087362	-0.1568185508	-0.01556578025
	1.635571589	1.05086423	0.4614027508	0.8856526119	3.574829052
	2.788516148	1.866433887	2.47373698	6.002541119	3.907985738
	5.050017716	4.684664282	8.559150702	7.499178385	7.221959747
	6.319473207	9.725056415	10.96663822	9.84686893	8.747850309
	-0.152961484	-0.2757480306	-0.488902773	-0.2865988445	12.0563801
	13.28296293	11.03147041	12.11687267	14.44747357	15.84525616
	14.65214775	13.37901956	-0.718631844	-0.4658782242	-0.6734656718
	-1.032713561	17.2239387	18.79395222	16.16642039	17.71581921
	-1.760450026	-0.9625366225	-1.240476006	-1.355428962	-1.606014892
	-2.59587368	-2.145244906	-1.918701639	20.90986235	19.39366407
	20.21238694	21.4970368	-2.604065214	-2.314068518	-3.416689556
	-2.989392226	-3.740176008	-3.138152299	-4.045449287	-2.955252769
	22.31025206	22.47587689	22.88795143	22.17335611	-3.302335777
	-4.187977562	-3.33898899	-4.240183392	-3.219190105	-4.063142276
	-3.716336118	-2.836720403	-1.480184237	-3.077665772	-2.327613267
	-2.201411723	21.90924024	22.06505212	22.86350582	20.44277091
	-0.9803523201	1.000253873	0.5261347423	-0.4148565816	2.727906838
	4.776844285	2.42098339	4.608954587	18.19249133	20.38490352
	18.38543801	15.71133831	15.45275042	12.88859804	9.92282086
	9.796114326	7.190710318	12.6776173	7.176930587	2.102304265e-30
	8.027147465e-31	0.5463051107	2.28720677e-29	-0.0154362189	4.888436891e-29
	-0.05870605848	-0.1468183957	-0.01495406941	-0.0563921783	2.097920259
	1.340943653	0.6210210385	1.19676466	4.197820221	3.252180218
	2.280891639	3.03941519	6.533424662	4.387834998	5.44969494
	5.296108935	8.81059352	7.638362957	7.626734508	6.616777191
	9.846311648	11.02190442	9.777089998	8.76594319	-0.139182601
	-0.2442170856	-0.4353200949	-0.2618625704	12.13039808	13.49897506
	12.17218736	10.97698215	14.88305413	16.58391571	15.22117563
	13.6577421	-0.6255285922	-0.403417833	-0.5685336655	-0.8776655608
	18.26008318	20.07816899	18.91262757	17.0711209	-0.9979924284
	-0.7946972582	-1.429270403	-1.126756535	-1.459329752	-1.260337161
	-2.001095806	-1.700001744	20.79759511	22.34019713	21.62125812
	22.83141421	-1.827116696	-1.701136128	-2.450560153	-2.231192399
	-2.548110418	-1.960523034	-1.916946801	-2.576401106	23.39598241
	23.13312947	23.78020612	23.43083455	-2.135691464	-2.423912698
	-1.826281911	-1.499153963	-0.3301990354	-1.60563365	-1.055594968
	-0.878154773	1.427325582	0.5914807245	1.818227822	0.151373576
	22.1037803	22.00397774	20.23371243	23.26687875	5.123688584
	4.959830378	3.060409229	3.324547546	9.601000564	7.260290323
	9.708183745	7.234083615	19.96351007	15.19161983	17.6045663
	17.92509184	12.24405343	12.4621389	14.8752213	3.253248002e-30
	0.6941785081	1.324640234e-30	2.627064234e-29	-0.01431935035	5.566878033e-29
	-0.05321904858	-0.01353042803	-0.0495183307	-0.1294743565	2.433181589
	1.546308999	0.7512840433	1.454508415	4.498434652	3.460018186
	2.528227084	3.388575003	6.597257108	5.45414109	4.521035444
	5.49635916	8.660327597	7.430410272	7.56091282	6.50252996
	9.684286427	10.96306487	9.624674423	8.539130951	-0.1194599392
	-0.2039726546	-0.3655261045	-0.2256035743	12.26190951	13.92797996
	11.00302894	12.46616285	15.64115067	17.68105256	16.19674439
	14.28908779	-0.5129611136	-0.3290661758	-0.4507967483	-0.7009731938
	19.61952053	21.54929838	18.36065873	20.38288354	-0.6127666828
	-0.7424280312	-1.075137829	-0.8756046778	-1.377644746	-0.984937849
	-0.9003318124	-1.230225595	22.27716197	23.01960483	23.59343459
	23.91441405	-1.026472548	-1.068374845	-1.439269045	-1.437619816
	-1.30067181	-0.9343764106	-0.6610101153	-1.041531567	24.02032523
	24.05334945	23.22688359	24.24880164	-0.5844138698	0.3481949524
	-0.2713960582	0.05501736528	1.160426651	2.077702668	0.9507134685
	2.232165692	3.513048757	5.16454386	3.571163139	5.199594287
	19.58726797	21.31592694	22.98541816	21.73956268	7.075979183
	9.176783959	7.218377806	9.445016246	11.95148817	11.58355643
	16.64878432	14.02627699	17.17028897	19.04610417	14.51298717
	4.492200787e-30	1.940965707e-30	0.7967913776	2.959633377e-29	-0.0125131313
	6.212882696e-29	-0.04553427769	-0.01155495765	-0.04099528156	-0.1076739245
	2.573628343	1.625817211	0.8238334019	1.602671378	4.469685003
	3.412616246	3.465552791	2.570237666	6.363295934	5.215209567
	4.371018484	5.352786212	8.452082354	7.187656746	7.292005588
	6.220642297	9.621465019	11.15578185	9.727686684	8.421568961
	-0.1598653355	-0.2881432537	-0.183077893	-0.09658114388	12.7645908
	14.79015993	13.20541623	11.40386546	16.83247529	19.11449699
	17.55877709	15.37884443	-0.3924675187	-0.2502377274	-0.3293768113
	-0.5167914872	22.91797174	21.1410057	21.83179247	19.87767648
	-0.4843097621	-0.4273946998	-0.7135459279	-0.6172733041	-0.7429366648
	-0.5371995641	-0.5076065404	-0.751597751	24.02544385	24.22217137
	23.42410261	24.36030284	-0.4317697071	-0.412554938	-0.2239717635
	-0.6304012173	-0.03724098431	0.509128326	0.0922841592	0.5895970444
	22.53717887	23.40600055	24.22063905	23.85604952	1.268586444
	2.256615995	1.272151605	2.171130709	5.008563889	4.710588744
	3.50443165	3.331294259	6.402487149	8.804631334	6.791988666
	8.264531997	19.86897885	20.67480291	18.37816129	21.82961108
	11.06282355	17.49347402	13.4445625	12.67497106	15.95285697
	10.44047181	15.14617004	0.833762236	5.57370411e-30	2.542313625e-30
	3.263686273e-29	-0.01029161527	6.778092448e-29	-0.03669876871	-0.009283304077
	-0.03181424108	-0.08399406435	2.523343509	1.584468272	0.8283218366
	1.619247479	4.243984541	3.217298238	3.325464715	2.451701427
	6.110951818	4.119136629	4.971599982	5.078096233	8.494182436
	7.181353141	7.136955898	6.050896785	9.925271769	11.79055423
	10.25571979	8.653384078	-0.2089959262	-0.1383933146	-0.07269831795
	-0.1151188686	13.73554661	16.06651932	12.26671307	14.37133878
	18.30748311	20.59395297	19.02974918	16.78635022	-0.1711760612
	-0.2087232583	-0.3322965504	-0.2707961915	22.40420751	22.75341832
	23.69934357	21.20549456	-0.2435321897	-0.3529595967	-0.229126874
	-0.3591876002	-0.178705658	-0.03871288444	-0.1131989118	-0.2751885915
	23.78416579	23.71271756	23.79582912	24.16023641	0.19127593
	0.556049945	0.1673965935	0.5975520104	2.015308544	1.784801311
	1.083718861	1.198260646	20.92135524	21.67731109	23.04745575
	22.65900013	3.046874059	2.727511063	3.856219994	4.33944282
	5.287197791	7.646054208	5.863467016	6.872360123	11.81684053
	8.78007305	9.634176984	10.76223013	16.48803907	18.80589183
	19.72540688	17.61475264	13.02968562	14.12402635	15.24550005
	6.301421723e-30	0.8086468861	3.003863291e-30	3.511852221e-29	-0.00791103038
	7.198556913e-29	-0.02751791961	-0.006922064737	-0.02262706193	-0.06012843415
	2.365393536	1.476768961	0.7815386212	1.535048641	4.021799117
	3.030643625	3.112386164	2.282268382	6.076500878	3.961421403
	4.919673689	4.90833365	8.936121609	7.538115878	7.303514065
	6.171584491	10.6706295	12.84862633	11.1896864	9.298235991
	-0.09385877977	-0.04900305042	-0.07119501855	-0.1308293869	15.04537265
	17.49603044	15.72486043	13.47284565	19.66520952	21.61145543
	20.11498717	18.13330007	-0.09370339223	-0.1510841359	-0.09096728187
	-0.1509493105	23.40053294	21.77622864	22.61575292	22.85099082
	-0.06453890523	0.01772609854	-0.001487518078	-0.1064236175	0.1661560337
	0.4929431864	0.4082832122	0.1865827107	23.06735668	22.0346165
	22.05890425	22.73817351	0.7793657659	1.549933651	1.281626369
	0.9281547066	2.845879724	2.342184741	1.987944138	3.380034786
	18.93722566	18.39294481	20.37887214	20.6864828	3.975780911
	4.607102504	5.243218739	6.105697209	7.776121912	6.823696698
	9.698340798	8.490679687	16.79613498	11.7363139	16.16952638
	10.47273439	13.95171902	14.69528559	12.45897994	6.681715271e-30
	3.268098954e-30	0.7502334875	3.667750904e-29	-0.005549230363	7.388121058e-29
	-0.01844152291	-0.004595066673	-0.01370398055	-0.03681543845	2.217550108
	1.37783902	0.7204229125	1.421017445	3.964335518	2.975676879
	2.977868332	2.174847215	6.36659686	5.144859828	4.015929378
	4.98930672	9.75865337	8.238942776	7.843048704	6.623997944
	11.75117143	14.11254526	12.33720858	10.26094453	-0.05043652744
	-0.02597900845	-0.02872591636	-0.05489623675	16.34696589	18.60728556
	14.70664023	16.8293662	20.25980295	18.87836773	20.34399657
	21.6160379	-0.0190460214	0.02163738473	0.0231981684	-0.03495855917
	21.12627344	21.76611601	21.11480882	22.03325195	0.2495233241
	0.1053945771	0.3310196201	0.1349225074	0.4858063483	0.8151063286
	1.050592718	0.6180442863	20.69969765	20.43609911	19.17470431
	19.18322605	1.90398995	2.381023104	1.301111379	1.611470685
	3.300250057	2.730383998	4.474237269	3.673618192	15.50874209
	17.2204323	15.18731606	17.40110457	6.205300089	5.790944117
	4.894412222	7.380925042	7.827198842	11.0344166	9.078820614
	9.492691485	13.02631201	13.39049866	11.4626133	0.6973286108
	6.942361109e-30	3.400465115e-30	3.682687659e-29	-0.003277791649	7.233805607e-29
	-0.009653286196	-0.002352225303	-0.005138639973	-0.01434862636	2.170583532
	1.344475228	0.6815479355	1.348574562	4.139524795	3.102472341
	3.010643075	2.194092367	6.962957016	5.630293969	4.306048114
	5.352136786	10.79197785	9.138829898	8.672913734	7.33658194
	12.88825929	15.18235787	13.34265274	11.29624397	-0.00876827114
	-0.003945436731	0.01153293347	0.01740348643	17.16684046	15.49879204
	17.13261528	18.85679342	18.52994717	19.85265628	20.28606921
	19.11874128	0.05112625698	0.1858990238	0.126161418	0.07453601835
	18.92711369	18.40423557	19.10276544	19.86060496	0.4569298726
	0.260683773	0.6310268777	0.3568462736	0.7631451138	1.154328349
	1.522141099	0.9961062657	15.57080297	17.36470899	17.13325344
	15.62977473	2.161098733	2.366686545	3.014171348	1.713773464
	4.204869421	3.98221312	3.243827312	5.20572951	11.87754017
	11.7269685	13.6134102	13.68229519	6.527293734	8.132017838
	6.739011397	5.440089986	9.79617655	8.346560174	9.974726218
	3.547577476e-30	0.6787882469	7.371588377e-30	3.49499469e-29	-0.001112161457
	6.602360718e-29	-0.001265615931	-0.0002179341545	0.002925909465	0.006886232043
	2.260365243	1.398422074	0.684968859	1.357598261	4.532307845
	3.398499622	3.226723545	2.350746176	7.741922917	4.782954197
	6.275132217	5.937450909	11.72140939	9.968739253	9.584583625
	8.132241328	13.66051646	15.57245923	13.76399947	12.02864427
	0.03022289475	0.01660855039	0.04857485057	0.08421900632	16.37717843
	16.92274337	17.88708675	15.39178521	16.76084197	16.91693326
	18.04306425	17.71973116	0.330516695	0.2184942861	0.114534294
	0.1739664757	16.66283197	15.35026701	14.92685646	16.05615206
	0.8783194719	0.3930509012	0.6260160326	0.5474955064	1.86549719
	0.9757582298	1.396168834	1.290011234	11.81808935	13.60278141
	13.39888836	11.90704438	2.529576381	2.641431942	1.983168545
	3.405754128	4.366132921	3.518633945	5.587938819	4.462842353
	8.513464956	5.679791705	6.949996811	10.06410256	10.06316864
	6.879248837	8.464636388	3.833463276e-30	0.7053716622	8.135372171e-30
	3.038013444e-29	0.0009172226651	5.371260247e-29	0.001752253053	0.006527584399
	0.01029305736	0.02636303925	2.477011037	1.533047193	0.7334375847
	1.454051001	5.060930969	3.802071811	3.588673442	2.617032206
	5.330729528	6.892452413	6.601585198	8.47412114	8.733857091
	12.14843521	10.38158656	10.25475151	12.07009578	13.64348925
	14.93005662	13.26565799	0.06526767425	0.03500530192	0.08099866413
	0.142952485	14.47164289	15.5274381	15.73901798	14.18629002
	15.20546868	14.38725137	14.29816796	13.63450047	0.1678143081
	0.2924703101	0.2580494382	0.447351982	13.0236215	11.62929971
	12.55590367	11.29938126	0.4919701521	0.742339907	1.051499504
	0.6916033885	1.476565395	2.062057604	1.529214552	1.107530617
	8.406506368	9.970428752	8.496454135	9.803381618	2.1118358
	2.754442431	2.715542319	3.582367885	3.613721869	4.516752292
	5.720096856	5.721815515	4.535575181	6.968198463	6.941856312
	4.293824378e-30	9.205726616e-30	0.7735393995	2.262774269e-29	0.002760117414
	3.488640026e-29	0.01345821618	0.003481954024	0.01671031653	0.0433613204
	2.77530027	1.720240633	0.8179917682	1.620421057	2.929480494
	4.009494393	5.574096799	4.199189884	8.859228188	7.233930657
	5.764930986	7.117577353	8.841185473	10.09519361	11.7599507
	10.3402211	12.63511275	13.24346329	11.81565076	11.22335404
	0.09451422082	0.05027196287	0.1066536308	0.1896849139	11.82876454
	13.16795109	12.83111462	12.06873601	11.90399121	10.89216024
	10.32896458	11.21056667	0.5265233165	0.3201783546	0.341870349
	0.2068166297	9.519695254	8.25895881	9.176585663	8.017575031
	0.5505609574	0.8018003227	0.7787561496	1.143452914	1.573421166
	2.135653232	1.560199375	1.163205498	6.73547526	6.859062746
	5.619245863	5.691578392	2.76818774	2.141797387	2.76931971
	3.620083352	4.526274991	3.606657983	4.497074555	0.8690254612
	4.866012822e-30	1.035528441e-29	1.172165933e-29	0.004363032885	1.039715106e-29
	0.01916570122	0.004888809237	0.02176203121	0.05675160658	1.8174484
	3.071840405	1.90823667	0.9188062579	3.185755875	5.868502311
	4.434870397	4.34969631	7.23415345	8.646521704	7.086768627
	5.878067198	10.51126671	9.056263576	9.655295811	8.284061469
	9.608591276	10.785376	10.85146414	9.707390109	0.06126164629
	0.2204935714	0.1233695579	0.1157321975	10.34261784	9.729384821
	8.97958301	9.49596113	8.701622809	7.726731922	7.326756385
	8.198310666	0.3654187179	0.3562385937	0.2290587964	0.5656404482
	6.535939931	5.515509377	6.29887885	5.351905286	0.8132179033
	1.170428325	0.8166352107	0.5723345372	1.168491303	1.567919154
	2.137087741	1.573885658	4.354241048	3.530370387	4.436375504
	2.753175141	2.730882633	2.122982043	3.579866603	1.117603459e-29
	5.390705729e-30	0.9656295728	-1.516533092e-30	0.005630522593	-1.725773618e-29
	0.02325066508	0.005892189103	0.02499333968	0.0653788773	3.252278202
	2.025364096	1.003582393	1.981430638	3.267296316	5.766301764
	4.370856802	4.44966471	7.779914725	6.396065131	6.802279436
	5.542852835	7.131820099	8.655716453	8.291187864	7.475492404
	8.501654001	8.246753413	7.385780052	7.586566039	0.06735255279
	0.1308152249	0.2347002742	0.1276545147	7.56677557	6.901758552
	6.369410093	6.950495058	5.971324029	5.157090293	4.888701646
	5.624401698	0.3687916388	0.3692827292	0.2363344237	0.5738175795
	4.224852408	3.464819221	4.07189956	3.362839424	1.162520683
	0.8085317305	0.8136257303	0.5707950427	2.104580079	1.152369137
	1.541616261	2.074782011	1.555585694	2.643153886	2.692216414
	1.026876979	1.120405829e-29	5.637464361e-30	-1.549764664e-29	0.006435916563
	-4.440203126e-29	0.006449482373	0.02551203458	0.02632886196	0.06908511024
	3.212958236	2.005705596	1.034042339	2.037558602	3.096963029
	5.217055251	3.964399385	4.208075121	6.434727282	5.300865197
	5.871154445	4.794218488	6.592159802	5.698841598	6.556992463
	5.648052467	6.224603202	5.848767382	5.23626462	5.556187367
	0.2364240824	0.06914075644	0.1313657575	0.1313482113	5.187847523
	4.602934243	4.243606828	4.761778153	3.859252436	3.241488183
	3.072494072	3.632848007	0.3637896623	0.3667099445	0.566687629
	0.2344305533	2.474943338	2.03756157	1.979448297	2.566238399
	1.141697474	0.5607912725	0.7932163511	0.8006808556	1.519726858
	1.12569067	1.493468311	1.018583458e-29	1.018792763	5.404035674e-30
	-2.827937159e-29	-6.729815549e-29	0.006742232507	0.02617673888	0.006606484193
	0.0262754043	0.06917247248	2.919854374	1.826366964	0.9841837766
	1.935862358	2.688874967	4.330790926	3.296334064	3.647352486
	4.909351609	4.047333849	4.655855233	3.806179368	4.137314635
	4.671688707	4.802623998	4.0360923	4.25931351	3.891785731
	3.477589167	3.797357148	0.1288837161	0.06833597949	0.2324300601
	0.130034944	3.346257903	2.891159952	3.065894695	2.661221798
	1.811100898	1.909889678	2.207364906	2.346103535	0.3597026104
	0.3563873453	0.5555341336	0.229659619	0.5479025356	1.402062405
	1.076834509	1.451823372	0.7821533308	1.106846015	0.769763667
	8.291143043e-30	4.657423501e-30	0.9290765776	-3.819496222e-29	-8.333383095e-29
	0.006676570195	0.02586463982	0.0256690626	0.06774035219	0.006504094103
	2.430945185	1.522531297	0.8571039385	1.683599422	3.308671708
	2.519769925	2.898707837	2.138915522	3.474861615	2.787826337
	2.862498954	3.410240553	2.66831702	3.276945656	3.096455607
	2.818814134	2.734819182	2.435216262	2.168516968	2.43107135
	0.2275885956	0.06681136233	0.1261531479	0.1272378816	1.85497865
	1.565619429	2.029817947	1.703726001	1.251528581	0.9879692871
	1.330145698	1.040731873	0.5396279251	0.5258335105	0.7252536465
	0.3514884727	0.7494740651	0.2244668207	0.346584245	6.030766674e-30
	0.7752727287	3.582221643e-30	-4.434210591e-29	0.006472673693	-9.162815273e-29
	0.02527056632	0.02511928385	0.06629787739	0.006323578164	1.859086234
	1.164833748	0.6828709231	1.340326233	2.338484727	1.779453583
	2.122734573	1.56621059	2.291724495	1.882450565	2.319156368
	1.892933386	2.089845434	1.92350287	1.791109325	1.649166716
	1.457629011	1.428764141	1.647727151	1.26624694	0.06532713825
	0.2215627303	0.1229742807	0.1243673933	0.8533895604	0.9297721531
	1.149226296	1.047338829	0.6890033198	0.216140996	0.3278962057
	0.5093825717	0.6488484854	0.3379287546	0.4843039145	0.5933297535
	2.464984804e-30	3.939868789e-30	-4.669365424e-29	0.006313810099	-9.287214189e-29
	0.02469655737	0.06471984531	0.006160539257	0.02457144771	0.4998828392
	1.31199869	0.8213994595	0.9811892736	1.533949484	1.163906112
	1.438656882	1.059917578	1.150669113	1.467098771	1.192769088
	1.409364782	0.9497867223	1.11680042	1.244735722	1.059619822
	0.8133941423	0.9255586958	0.7767889869	0.6847568775	0.1168409978
	0.06308980016	0.2100285283	0.1199350248	0.4563796598	0.4187155686
	0.5953754152	0.5413893894	0.2943694607	0.3119890952	0.1999548443
	2.327335378e-30	1.528318481e-30	0.418148924	-4.587346964e-29	0.006188194274
	-8.869841698e-29	0.02386405595	0.005950232966	0.02346073134	0.06162243596
	0.8560795708	0.5345345035	0.3372857454	0.6628482552	0.9024015591
	0.6622936473	0.9324414273	0.702985825	0.6498852493	0.6941535498
	0.8047870966	0.8606199174	0.687856682	0.5996565812	0.5792588696
	0.5043199141	0.3337402123	0.4151590417	0.3804832269	0.475975833
	0.111225972	0.1733126897	0.1053241621	0.2453709782	0.2701055679
	0.1888945318	0.05862406513	1.246440584e-30	8.586121371e-31	0.2715333133
	-4.280192689e-29	0.00592782063	-8.099943164e-29	0.02221862674	0.005542302313
	0.02123987726	0.05565627233	0.4123862067	0.2091281677	0.5141786505
	0.3190600298	0.5210383353	0.3877827342	0.5202388964	0.3786349358
	0.4218807936	0.46372021	0.3346071582	0.3685724538	0.3467871526
	0.2900946941	0.2876194133	0.2407662357	0.05100075746	0.1860253998
	0.2147993319	0.1375625331	0.08786408026	0.1574594613	0.09661377461
	0.1612349804	4.364600376e-31	6.010577912e-31	-3.839751599e-29	0.005372095019
	-7.14640764e-29	0.01938451764	0.004829937528	0.01775048087	0.04646044234
	0.117470684	0.2802895618	0.1715565261	0.2335058117	0.2632172846
	0.1910847396	0.2711792384	0.1939276239	0.1980260195	0.1529518868
	0.2251716645	0.1745094386	0.06604636997	0.1188194816	0.09728474773
	0.1248153929	0.04043238485	0.1533368701	0.07665051525	1.978421646e-31
	2.547018138e-31	0.08565841512	-3.341325104e-29	0.004476200008	-6.137956989e-29
	0.0154009332	0.003817601847	0.01327189885	0.03481246321	0.05779427203
	0.1347402295	0.07996475321	0.1170833872	0.1240040483	0.116598678
	0.08545571712	0.08081292035	0.07847860888	0.09477136906	0.07056623863
	0.02814636233	0.0429094318	0.05376613114	0.05854414082	0.03877823563
	7.68772875e-32	8.921646686e-32	-2.838910586e-29	-5.161362028e-29	0.003316829852
	0.01069378321	0.002611483616	0.008386919364	0.02229071648	0.02307171733
	0.05407752853	0.02978122584	0.04911324774	0.04255035824	0.02994393598
	0.02712994128	0.04707758494	0.03140727705	0.02206652507	0.01597502966
	2.16206678e-32	0.01330319671	2.3108748e-32	-2.366857488e-29	-4.267993851e-29
	0.002046770126	0.005937536026	0.003861439056	0.01087579233	0.001391469901
	0.01615800515	0.0060115107	0.01513326591	0.00599690672	0.007137894882
	0.01319343139	0.006946322372	3.577915839e-33	7.537061928e-34	0.002208659421
	-1.94393755e-29	-3.482709167e-29	0.0008655048204	1.270198695e-05	-1.720235948e-34
	-0.0005026902667	-1.790619127e-33	0.001950063932	0.0003312775409	0.002651298977
	0.0005705022815	-0.0005997649027	-4.921214186e-34	0.00218016596	0.0002384383181
	-9.014730885e-34	-5.67063608e-30	-0.0001319211641	-2.252327346e-29	-1.577759568e-29
	-0.0001320844237	-9.740686644e-06	-0.0002737840969	-1.268663452e-29	-2.812269617e-29
	
