2048	
	4.719279372e-06	4.719279375e-06	6.16080521e-06	6.160805097e-06	8.443954845e-06
	8.44395384e-06	1.202003347e-05	1.20200206e-05	1.754250576e-05	1.754242114e-05
	2.591921138e-05	2.591881879e-05	3.834080488e-05	3.833932728e-05	5.624273147e-05
	5.623795974e-05	8.113644453e-05	8.112291477e-05	0.000114238006	0.0001142040484
	0.0001558587015	0.000155783209	0.0002046366924	0.0002044884076	0.0002568812939
	0.0002566248399	0.0003064832904	0.0003060939623	0.0003458227695	0.0003453059342
	0.0003676999096	0.0003671097982	0.0003677071649	0.0003671119171	0.0003458565172
	0.0003453303474	0.000306546727	0.0003061415953	0.0002569550049	0.0002566831456
	0.0002047016353	0.0002045421249	0.0001559049898	0.0001558226818	0.0001142656135
	0.0001142280032	8.115056068e-05	8.113524697e-05	5.624903606e-05	5.624346137e-05
	3.834329712e-05	3.834148727e-05	2.592008814e-05	2.591957122e-05	1.75427783e-05
	1.754265335e-05	1.202010515e-05	1.20200828e-05	8.443964344e-06	8.443963775e-06
	6.160805354e-06	6.160804125e-06	4.719279337e-06	4.71927934e-06	6.160805107e-06
	6.160805214e-06	7.602319802e-06	7.602319805e-06	9.885417565e-06	9.885415884e-06
	1.34613007e-05	1.346129485e-05	1.898309006e-05	1.898305853e-05	2.735760682e-05
	2.735741817e-05	3.97727828e-05	3.97718801e-05	5.765759186e-05	5.765409429e-05
	8.251010774e-05	8.249871908e-05	0.0001155231454	0.0001154913007	0.0001569761053
	0.0001568989782	0.0002054779782	0.0002053157173	0.0002573353593	0.0002570387403
	0.0003064888914	0.000306017662	0.0003454260479	0.0003447761788	0.0003670801807
	0.0003663067754	0.0003671366158	0.0003663270938	0.00034559094	0.0003448504269
	0.0003067306117	0.0003061409545	0.0002575903453	0.0002571815681	0.0002056911854
	0.0002054436486	0.0001571232936	0.0001569914674	0.0001156092593	0.0001155469515
	8.255371678e-05	8.252731736e-05	5.767705566e-05	5.766693288e-05	3.978055376e-05
	3.977701264e-05	2.736041147e-05	2.735927501e-05	1.898400961e-05	1.898367476e-05
	1.346157348e-05	1.346148431e-05	9.885488335e-06	9.885469486e-06	7.602329943e-06
	7.602330587e-06	6.16080536e-06	6.160804125e-06	8.443953841e-06	8.443954846e-06
	9.885415861e-06	9.885417533e-06	1.216835817e-05	1.216835811e-05	1.57438092e-05
	1.574381326e-05	2.126439413e-05	2.126443031e-05	2.963557195e-05	2.963567285e-05
	4.204178627e-05	4.204180265e-05	5.990389877e-05	5.990275217e-05	8.470336469e-05
	8.469692841e-05	0.0001176041964	0.0001175807696	0.0001588463073	0.0001587798163
	0.0002070026098	0.0002068471829	0.0002583765918	0.0002580706096	0.0003069711402
	0.0003064578206	0.0003454072525	0.0003446690111	0.0003667850757	0.0003658703812
	0.0003669016121	0.0003659112579	0.0003457333878	0.0003447995051	0.0003074307465
	0.0003066655986	0.0002588525567	0.0002583076916	0.0002073965724	0.0002070580368
	0.0001591168968	0.0001589318793	0.0001177624443	0.0001176724657	8.478393965e-05
	8.47444613e-05	5.994037156e-05	5.992450378e-05	4.205676005e-05	4.205081966e-05
	2.964125844e-05	2.963914962e-05	2.126643363e-05	2.126571128e-05	1.574451504e-05
	1.574427418e-05	1.216859626e-05	1.216851988e-05	9.885488334e-06	9.885469497e-06
	8.443964341e-06	8.443963776e-06	1.202002052e-05	1.202003337e-05	1.346129444e-05
	1.346130014e-05	1.574381248e-05	1.574380771e-05	1.931830551e-05	1.931830416e-05
	2.483666784e-05	2.48367465e-05	3.320254386e-05	3.320291939e-05	4.559601145e-05
	4.559704108e-05	6.342813773e-05	6.34298254e-05	8.816067821e-05	8.816066094e-05
	0.0001209237706	0.0001209121939	0.000161911053	0.0001618617518	0.0002096533953
	0.0002095151819	0.0002604513814	0.0002601496453	0.0003083821309	0.0003078412529
	0.0003462251669	0.0003454098581	0.0003672775742	0.0003662261562	0.0003674645507
	0.0003662895451	0.0003467409945	0.0003456023079	0.0003090969416	0.0003081405026
	0.0002611854432	0.0002604883147	0.000210258803	0.0002098156584	0.000162327052
	0.0001620789271	0.0001211684006	0.0001210442454	8.828688368e-05	8.823035393e-05
	6.348673227e-05	6.3462806e-05	4.562117033e-05	4.561152486e-05	3.321284155e-05
	3.320903916e-05	2.484082008e-05	2.483931852e-05	1.932000113e-05	1.931939976e-05
	1.574451523e-05	1.574427464e-05	1.346157352e-05	1.346148449e-05	1.202010514e-05
	1.202008281e-05	1.754241984e-05	1.754250434e-05	1.898305429e-05	1.898308474e-05
	2.126442156e-05	2.126438175e-05	2.483673594e-05	2.483664706e-05	3.035077072e-05
	3.035075623e-05	3.87076806e-05	3.870815277e-05	5.108201973e-05	5.108393405e-05
	6.887309414e-05	6.887785493e-05	9.351970934e-05	9.352746821e-05	0.0001261131556
	0.0001261172376	0.0001667944466	0.0001667703532	0.0002140471828	0.000213939854
	0.0002641701493	0.0002638919782	0.0003113275932	0.0003107818038	0.0003484836973
	0.0003476121584	0.0003691607979	0.0003679877989	0.0003694286368	0.0003680747678
	0.0003492176518	0.0003478699206	0.0003123352996	0.0003111757332	0.0002651998722
	0.0002643351368	0.0002148959468	0.0002143331915	0.0001673802047	0.0001670566129
	0.000126461562	0.0001262941658	9.370353182e-05	9.362380951e-05	6.896189961e-05
	6.892597015e-05	5.112273219e-05	5.110693325e-05	3.872609186e-05	3.87191062e-05
	3.035927766e-05	3.035609956e-05	2.484082392e-05	2.483932549e-05	2.126643583e-05
	2.12657158e-05	1.898401033e-05	1.898367666e-05	1.754277838e-05	1.754265381e-05
	2.591880715e-05	2.591919979e-05	2.735738665e-05	2.735756906e-05	2.963561255e-05
	2.963549371e-05	3.320282768e-05	3.320241173e-05	3.870806377e-05	3.870750271e-05
	4.704898186e-05	4.70488773e-05	5.939306492e-05	5.939505016e-05	7.712555785e-05
	7.713281294e-05	0.0001016590167	0.0001016752227	0.0001340414268	0.0001340650578
	0.0001743560719	0.0001743671076	0.0002210357404	0.000220978079	0.0002703800455
	0.0002701542043	0.0003166540617	0.0003161399179	0.0003530318239	0.0003521426874
	0.0003732855858	0.0003720258183	0.0003736442005	0.0003721358742	0.0003540106135
	0.0003524644397	0.0003179903379	0.0003166251014	0.000271741515	0.0002706973994
	0.000222160149	0.0002214619254	0.0001751388679	0.0001747241235	0.0001345159549
	0.0001342921689	0.0001019182507	0.0001018053998	7.725829802e-05	7.720333611e-05
	5.945956265e-05	5.943282896e-05	4.708290281e-05	4.706954538e-05	3.872613028e-05
	3.871916626e-05	3.321287137e-05	3.32090891e-05	2.964127492e-05	2.963917989e-05
	2.736041832e-05	2.735928971e-05	2.592008964e-05	2.591957601e-05	3.833925152e-05
	3.834073472e-05	3.977169194e-05	3.977256762e-05	4.204146716e-05	4.204137241e-05
	4.559653336e-05	4.559534561e-05	5.108328623e-05	5.108107867e-05	5.939451081e-05
	5.939197596e-05	7.168867378e-05	7.168811596e-05	8.933446169e-05	8.934122596e-05
	0.0001137152342	0.0001137379097	0.0001458325176	0.000145877714	0.0001857091045
	0.0001857658863	0.0002317263786	0.000231742594	0.0002801894296	0.0002800566981
	0.0003254777812	0.0003250509595	0.0003609960317	0.0003601535836	0.0003807847908
	0.0003795018311	0.0003812420829	0.0003796316419	0.0003622404746	0.000360529521
	0.0003271701855	0.0003256120107	0.0002819115114	0.000280682967	0.0002331552542
	0.0002323053194	0.0001867181662	0.0001861917607	0.0001464622634	0.0001461622921
	0.00011407732	0.0001139147136	8.953534179e-05	8.944846559e-05	7.180104584e-05
	7.175383912e-05	5.94598154e-05	5.943318392e-05	5.112296929e-05	5.110728426e-05
	4.562133578e-05	4.561178452e-05	4.205685792e-05	4.205098492e-05	3.978060052e-05
	3.977710164e-05	3.834330962e-05	3.834152041e-05	5.623756869e-05	5.624239031e-05
	5.765316354e-05	5.765657433e-05	5.990116693e-05	5.990202508e-05	6.342750095e-05
	6.342524746e-05	6.887481728e-05	6.886909212e-05	7.712941962e-05	7.712059633e-05
	8.933875422e-05	8.932942615e-05	0.0001068529565	0.0001068507051	0.0001310247902
	0.0001310447251	0.0001628090025	0.0001628703941	0.0002021689365	0.0002022777135
	0.0002474377621	0.0002475545519	0.0002949323228	0.0002949462752	0.0003391570357
	0.0003388977484	0.0003737586503	0.0003730620386	0.0003930538653	0.0003918519135
	0.0003936121221	0.0003919927122	0.0003752736159	0.0003734666559	0.0003412104861
	0.0003394969086	0.0002970214861	0.0002956160127	0.0002491846897	0.0002481682486
	0.000203429528	0.0002027646047	0.0001636303447	0.0001632240005	0.0001315324877
	0.0001312920406	0.0001071653015	0.0001070228452	8.953652105e-05	8.944995839e-05
	7.725960023e-05	7.720507829e-05	6.896297011e-05	6.892747663e-05	6.34874969e-05
	6.346393878e-05	5.994085385e-05	5.99252642e-05	5.767730522e-05	5.766736941e-05
	5.624910936e-05	5.62436352e-05	8.11212623e-05	8.113508015e-05	8.249486293e-05
	8.25060791e-05	8.469052872e-05	8.469611703e-05	8.815150972e-05	8.814979738e-05
	9.351565588e-05	9.350500581e-05	0.0001016614993	0.0001016408652	0.0001137243841
	0.0001136952777	0.0001310361741	0.0001310071665	0.0001549221437	0.0001549154515
	0.0001862964234	0.0001863496802	0.0002250703491	0.0002252192169	0.0002695353243
	0.0002697701605	0.0003160239929	0.0003162453039	0.0003591655881	0.0003591808941
	0.0003928437297	0.0003924367953	0.0004116408997	0.0004106804471	0.0004122884839
	0.0004108129023	0.0003945948438	0.0003928148642	0.0003615289345	0.0003597387537
	0.000318428486	0.0003168776075	0.000271569446	0.0002703785427	0.0002265871775
	0.0002257502711	0.0001873502638	0.0001867926125	0.0001556414419	0.0001552769185
	0.0001315362797	0.0001312962242	0.0001140823943	0.0001139207913	0.0001019231406
	0.0001018116235	9.370757508e-05	9.362921731e-05	8.82898835e-05	8.823455992e-05
	8.478591922e-05	8.474739755e-05	8.255478918e-05	8.252906789e-05	8.115089242e-05
	8.113596895e-05	0.0001141982785	0.0001142334938	0.0001154779272	0.0001155097931
	0.0001175588622	0.00011758044	0.000120881324	0.0001208886449	0.0001260778834
	0.0001260664628	0.0001340193327	0.0001339844902	0.0001458304225	0.0001457694625
	0.0001628300279	0.0001627483784	0.0001863284583	0.0001862517628	0.0002172198118
	0.0002172065988	0.0002553847783	0.0002555176964	0.0002990822052	0.000299413312
	0.0003446514298	0.0003451237901	0.0003868193103	0.0003872325326	0.0004196685955
	0.0004197443495	0.0004380066041	0.0004375218978	0.0004387006289	0.0004376072369
	0.0004215339073	0.0004199871631	0.000389317203	0.0003875974385	0.0003471900364
	0.0003455698652	0.0003012718833	0.0002999174135	0.0002571109139	0.0002560657767
	0.0002185444115	0.000217773398	0.000187357	0.0001867977189	0.0001636433252
	0.0001632370278	0.0001464778622	0.0001461798397	0.0001345310752	0.0001343103757
	0.0001264744204	0.0001263104401	0.0001211782434	0.000121057278	0.0001177691322
	0.0001176818042	0.0001156129797	0.0001155526426	0.0001142667967	0.0001142303911
	0.0001557666178	0.000155846454	0.0001568604242	0.0001569393911	0.0001587169558
	0.0001587811803	0.0001617737758	0.000161815426	0.0001666589319	0.0001666684119
	0.000174238	0.0001742035446	0.0001856309746	0.0001855404213	0.0002021563114
	0.0002020038863	0.0002251351974	0.0002249384468	0.0002554866021	0.000255314513
	0.0002931139205	0.0002931039408	0.0003362677166	0.0003365793318	0.0003812579816
	0.0003819452158	0.0004228217143	0.0004237256143	0.0004551335327	0.0004559157356
	0.0004731311593	0.0004734391962	0.0004737666437	0.0004734079998	0.0004568191812
	0.0004558331554	0.0004250411204	0.0004236445995	0.0003835129672	0.0003819749396
	0.0003383072179	0.000336840796	0.0002949159096	0.000293637833	0.0002571066621
	0.0002560513276	0.0002266009186	0.000225754911	0.0002034597524	0.0002027911227
	0.0001867562451	0.0001862312534	0.0001751770659	0.0001747670208	0.000167413624
	0.0001670961825	0.0001623532428	0.0001621113772	0.000159135035	0.0001589555546
	0.0001571335376	0.0001570060823	0.000155908277	0.0001558288398	0.000204449536
	0.0002046097789	0.0002052244631	0.0002053953099	0.0002066982957	0.0002068555907
	0.000209307117	0.0002094378652	0.0002136767166	0.0002137639306	0.0002206728294
	0.0002206936946	0.0002314210924	0.0002313474111	0.0002472588193	0.0002470626179
	0.0002695546995	0.0002692262331	0.0002993206454	0.0002989085072	0.0003365848096
	0.0003362524394	0.0003796748406	0.0003797098964	0.0004248353915	0.0004255117881
	0.0004666251961	0.000467961202	0.0004990552342	0.0005007181004	0.0005169835194
	0.0005184594236	0.0005173498371	0.0005182092509	0.0004999858105	0.0005000444349
	0.0004677948995	0.0004671172911	0.0004260777652	0.0004248820935	0.0003810656118
	0.000379612763	0.0003382426534	0.0003367526495	0.0003012306241	0.0002998432527
	0.0002715783279	0.0002703595876	0.0002492340714	0.0002482006071	0.0002332255352
	0.0002323689285	0.0002222344127	0.0002215369994	0.0002149630046	0.0002144054486
	0.0002103124977	0.0002098764848	0.0002074343088	0.0002071031555	0.0002057126768
	0.0002054717346	0.0002047084472	0.0002045538477	0.0002565517314	0.0002568343112
	0.0002568640099	0.0002571853734	0.0002577841993	0.0002581079283	0.0002597485549
	0.0002600566203	0.0002633835803	0.0002636507491	0.0002695617348	0.0002697515896
	0.0002794262669	0.0002794893109	0.0002943536734	0.0002942293748	0.0003157952212
	0.0003154257452	0.0003449222896	0.0003442934948	0.0003820177145	0.0003812428869
	0.0004256757096	0.0004250949756	0.0004721749334	0.000472333345	0.0005156713495
	0.0005170151088	0.0005494952361	0.0005519623216	0.000567926861	0.0005708998757
	0.0005676694251	0.00057033701	0.000548754697	0.0005504989197	0.0005146928886
	0.0005152709967	0.0004715160992	0.0004710403999	0.0004258960173	0.0004246890773
	0.0003832993804	0.0003817162044	0.0003470499919	0.0003453669307	0.0003183870504
	0.00031677528	0.0002970574978	0.000295603763	0.0002819918462	0.0002807300476
	0.0002718375889	0.0002707733441	0.0002652918746	0.0002644169542	0.0002612615985
	0.0002605611709	0.0002589070783	0.0002583633608	0.0002576215276	0.0002572165466
	0.0002569643707	0.0002566971839	0.0003059856099	0.000306419569	0.0003057517077
	0.0003062736798	0.0003060182494	0.0003065810479	0.0003072225415	0.0003078057394
	0.00030999355	0.000310566084	0.0003152146484	0.0003157281544	0.0003240539572
	0.000324437356	0.0003379374113	0.0003380936087	0.0003584137546	0.0003582249071
	0.0003868441116	0.0003862009468	0.0004238500132	0.0004227314968	0.0004685107417
	0.0004671345297	0.0005174957143	0.000516486732	0.0005646868651	0.0005650405796
	0.0006020873199	0.000604622037	0.000622209779	0.0006267073375	0.0006208296872
	0.0006259080794	0.0005985873518	0.0006027077849	0.0005606350555	0.000563016808
	0.0005144909558	0.0005151503377	0.000467400547	0.0004667653568	0.0004246212501
	0.0004231967689	0.0003889928029	0.0003871948285	0.0003613341991	0.0003594457132
	0.0003411265306	0.0003393161921	0.000327161096	0.0003255188333	0.0003180222441
	0.0003165895791	0.0003123828152	0.0003111726154	0.0003091434409	0.000308151637
	0.0003074666172	0.0003066792951	0.0003067512518	0.0003061504628	0.0003065512448
	0.0003061435686	0.0003451814509	0.0003457533914	0.000344460022	0.000345183134
	0.0003441405623	0.0003449640122	0.00034466086	0.0003455680022	0.0003466515447
	0.0003476118216	0.0003510046266	0.0003519640715	0.000358908005	0.0003597807367
	0.0003718273583	0.0003724871306	0.0003913911427	0.0003916664149	0.000419121452
	0.0004188053945	0.0004559524956	0.000454852711	0.0005015092258	0.0004995741952
	0.0005532172705	0.0005507691304	0.0006054912777	0.0006035511851	0.0006494029263
	0.0006499552516	0.0006737425037	0.0006788397135	0.000670626501	0.0006785526779
	0.0006425885958	0.0006494134069	0.0005987835661	0.0006031357587	0.0005486375675
	0.0005506584622	0.000499539294	0.0004997851914	0.0004562241948	0.0004552968582
	0.0004209511051	0.0004193572249	0.0003941047353	0.0003922134566	0.0003748952363
	0.0003729495145	0.0003619628811	0.0003601107685	0.0003538137592	0.0003521388394
	0.0003490820523	0.000347625651	0.0003466508362	0.0003454266783	0.000345676756
	0.0003446809598	0.000345559089	0.0003447789389	0.0003458422732	0.000345296844
	0.0003669885751	0.0003676308477	0.000366012713	0.000366868265	0.0003653831291
	0.0003664057001	0.0003655348973	0.0003667158259	0.0003670948418	0.0003684105096
	0.0003709534025	0.0003723543447	0.000378301382	0.0003797015519	0.0003906164683
	0.0003918803675	0.0004095594846	0.0004104879188	0.0004367310774	0.0004370518831
	0.0004732420437	0.0004726230373	0.0005190792697	0.000517193048	0.0005723323809
	0.000569004106	0.0006284897159	0.0006239570078	0.0006799674588	0.0006754598248
	0.0007138156084	0.0007144223787	0.0007080843002	0.0007182302848	0.0006716570979
	0.0006797668622	0.0006218258187	0.0006272913958	0.0005680854412	0.0005711999073
	0.0005171398904	0.0005183554264	0.0004731294623	0.0004729681583	0.0004378648103
	0.0004368162212	0.0004114200223	0.0004098776898	0.0003928062463	0.0003910540375
	0.0003805441948	0.0003787720074	0.0003730708763	0.0003713980477	0.0003689811952
	0.0003674768198	0.0003671364331	0.0003658344933	0.0003666821853	0.000365592925
	0.000367013108	0.0003661337374	0.0003676631668	0.0003670276589	0.0003670276575
	0.0003676631695	0.0003661337353	0.0003670131303	0.0003655929127	0.0003666822018
	0.0003658344585	0.0003671364357	0.000367476766	0.0003689811771	0.00037139799
	0.0003730708497	0.0003787719448	0.0003805441604	0.0003910539804	0.0003928062091
	0.0004098776463	0.0004114199954	0.0004368162007	0.0004378647895	0.0004729682016
	0.0004731294578	0.0005183555899	0.000517139961	0.0005712000872	0.0005680855786
	0.0006272916226	0.0006218260094	0.0006797672125	0.000671657405	0.0007182307665
	0.0007080847189	0.0007144223063	0.0007138158065	0.0006754596526	0.0006799673648
	0.0006239568753	0.0006284896059	0.0005690040034	0.0005723323273	0.0005171929585
	0.0005190792544	0.0004726230439	0.0004732420528	0.0004370519505	0.0004367311445
	0.000410488009	0.000409559578	0.0003918804634	0.0003906165701	0.0003797016504
	0.0003783014863	0.0003723544394	0.000370953506	0.0003684106025	0.0003670949415
	0.000366715914	0.0003655349919	0.0003664057746	0.0003653832154	0.0003668683097
	0.0003660127678	0.0003676308837	0.0003669886025	0.0003452968541	0.0003458422784
	0.0003447789663	0.0003455591068	0.0003446810009	0.0003456767887	0.0003454267305
	0.0003466508915	0.0003476257045	0.0003490821188	0.0003521388787	0.000353813816
	0.000360110788	0.0003619629183	0.0003729495252	0.0003748952607	0.0003922134718
	0.0003941047562	0.0004193572217	0.0004209511322	0.0004552968309	0.0004562241969
	0.0004997851584	0.000499539268	0.0005506585089	0.0005486375738	0.0006031359484
	0.0005987836944	0.0006494137588	0.0006425888877	0.0006785530812	0.00067062692
	0.0006788399514	0.0006737428453	0.0006499553069	0.0006494030965	0.0006035511926
	0.0006054913433	0.0005507691876	0.0005532173234	0.0004995742729	0.0005015093028
	0.0004548527795	0.000455952536	0.0004188054964	0.0004191215308	0.0003916665277
	0.0003913912489	0.0003724872377	0.0003718274631	0.0003597808353	0.0003589080978
	0.0003519641582	0.000351004708	0.0003476118938	0.0003466516128	0.0003455680556
	0.0003446609137	0.0003449640494	0.0003441406005	0.0003451831538	0.0003444600439
	0.0003457534001	0.000345181457	0.0003061435743	0.0003065512483	0.0003061504764
	0.000306751262	0.0003066793176	0.0003074666358	0.0003081516733	0.0003091434696
	0.0003111726649	0.000312382857	0.00031658964	0.0003180223071	0.0003255189188
	0.0003271611953	0.0003393162975	0.0003411266955	0.0003594458115	0.0003613343754
	0.0003871949312	0.0003889929451	0.0004231968629	0.0004246213705	0.0004667654575
	0.000467400692	0.0005151505228	0.0005144911679	0.0005630169326	0.0005606352428
	0.0006027080759	0.0005985876091	0.0006259084022	0.0006208300045	0.0006267076347
	0.0006222101975	0.0006046221738	0.0006020875837	0.0005650406676	0.0005646869751
	0.0005164868241	0.0005174958046	0.0004671346028	0.0004685108321	0.0004227315257
	0.0004238500308	0.0003862010127	0.0003868441429	0.0003582249967	0.0003584138122
	0.000338093688	0.0003379374865	0.0003244374121	0.0003240540096	0.0003157281977
	0.0003152146857	0.000310566116	0.0003099935782	0.0003078057615	0.0003072225615
	0.0003065810627	0.0003060182629	0.0003062736881	0.0003057517157	0.0003064195715
	0.0003059856109	0.0002566971871	0.0002569643723	0.0002572165521	0.0002576215285
	0.0002583633695	0.0002589070796	0.0002605611844	0.0002612616007	0.0002644169748
	0.0002652918789	0.0002707733782	0.0002718375963	0.0002807301044	0.0002819918602
	0.0002956038374	0.0002970574978	0.0003167753513	0.000318387033	0.0003453669584
	0.000347049956	0.0003817162423	0.0003832993569	0.0004246891702	0.0004258960602
	0.0004710405533	0.0004715161929	0.0005152710414	0.0005146929787	0.0005504991591
	0.000548754812	0.0005703371828	0.000567669663	0.0005709003044	0.0005679273961
	0.0005519624955	0.0005494954387	0.0005170152271	0.0005156715266	0.0004723334417
	0.0004721750172	0.00042509507	0.0004256757952	0.0003812428998	0.000382017732
	0.0003442935003	0.0003449222948	0.0003154257524	0.0003157952139	0.000294229403
	0.0002943536828	0.0002794893311	0.000279426283	0.0002697516026	0.0002695617461
	0.0002636507575	0.0002633835886	0.0002600566249	0.0002597485605	0.0002581079306
	0.0002577842026	0.000257185375	0.0002568640112	0.000256834312	0.0002565517292
	0.0002045538461	0.0002047084468	0.0002054717305	0.0002057126735	0.0002071031492
	0.0002074343026	0.0002098764762	0.0002103124882	0.0002144054377	0.0002149629918
	0.0002215369847	0.0002222343964	0.0002323689119	0.0002332255164	0.0002482005695
	0.0002492340474	0.0002703595157	0.0002715782786	0.0002998431782	0.0003012305372
	0.0003367526224	0.0003382426119	0.0003796127825	0.0003810656223	0.000424882128
	0.0004260777814	0.0004671173076	0.0004677949371	0.0005000445558	0.0004999858951
	0.0005182094961	0.0005173501495	0.0005184598837	0.0005169840422	0.0005007180112
	0.0004990551899	0.0004679613621	0.0004666253682	0.0004255117775	0.000424835311
	0.0003797099441	0.0003796748174	0.0003362524154	0.0003365847878	0.0002989085102
	0.0002993206073	0.000269226233	0.000269554713	0.0002470626166	0.0002472588184
	0.0002313474141	0.0002314210941	0.0002206936961	0.0002206728312	0.0002137639316
	0.0002136767177	0.0002094378655	0.0002093071176	0.000206855591	0.0002066982957
	0.0002053953106	0.0002052244626	0.0002046097801	0.0002044495338	0.0001558288383
	0.0001559082766	0.0001570060787	0.0001571335351	0.0001589555486	0.00015913503
	0.0001621113684	0.0001623532348	0.0001670961704	0.0001674136124	0.0001747670052
	0.00017517705	0.0001862312357	0.000186756225	0.0002027910982	0.0002034597228
	0.0002257548388	0.000226600849	0.0002560512484	0.0002571065331	0.0002936378265
	0.0002949158626	0.00033684081	0.0003383072195	0.0003819749175	0.0003835129243
	0.000423644609	0.0004250411282	0.0004558332407	0.0004568192611	0.0004734082387
	0.0004737668344	0.000473439636	0.0004731315201	0.0004559157728	0.0004551337611
	0.0004237257936	0.0004228220729	0.0003819450052	0.0003812577202	0.0003365793529
	0.0003362676844	0.0002931039281	0.0002931139463	0.0002553144941	0.000255486602
	0.0002249384519	0.0002251351982	0.0002020038891	0.0002021563165	0.0001855404216
	0.0001856309771	0.0001742035447	0.0001742380006	0.0001666684117	0.0001666589319
	0.0001618154257	0.0001617737755	0.0001587811801	0.0001587169553	0.0001569393914
	0.0001568604236	0.000155846455	0.0001557666163	0.0001142303901	0.0001142667964
	0.0001155526402	0.0001156129781	0.0001176817999	0.0001177691288	0.0001210572712
	0.0001211782377	0.00012631043	0.0001264744114	0.0001343103609	0.0001345310616
	0.0001461798175	0.0001464778402	0.0001632369904	0.0001636432871	0.000186797626
	0.0001873569195	0.0002177733089	0.0002185442993	0.0002560657728	0.0002571109005
	0.0002999173839	0.0003012718663	0.0003455697966	0.0003471899672	0.0003875974417
	0.0003893172113	0.000419987207	0.0004215339518	0.0004376073707	0.0004387007361
	0.000437522135	0.000438006789	0.0004197445927	0.0004196687972	0.0003872329448
	0.000386819658	0.0003451235879	0.0003446513552	0.0002994134219	0.0002990822231
	0.0002555177382	0.0002553848631	0.0002172066248	0.0002172198261	0.000186251772
	0.0001863284732	0.0001627483815	0.0001628300329	0.0001457694637	0.0001458304245
	0.0001339844904	0.000134019333	0.0001260664627	0.0001260778831	0.0001208886447
	0.0001208813236	0.0001175804399	0.0001175588618	0.0001155097932	0.0001154779267
	0.0001142334945	0.0001141982776	8.113596845e-05	8.115089227e-05	8.252906658e-05
	8.255478843e-05	8.474739511e-05	8.478591751e-05	8.82345559e-05	8.828988047e-05
	9.362921092e-05	9.370757005e-05	0.0001018116135	0.0001019231324	0.0001139207741
	0.0001140823806	0.0001312961961	0.0001315362582	0.000155276865	0.0001556414099
	0.0001867925715	0.0001873502095	0.0002257502871	0.0002265871797	0.0002703785252
	0.0002715694509	0.0003168775675	0.0003184284618	0.0003597387648	0.0003615289543
	0.0003928148839	0.0003945948763	0.0004108129838	0.0004122885492	0.0004106805899
	0.0004116410128	0.0003924369509	0.000392843858	0.0003591810467	0.0003591656844
	0.0003162451512	0.0003160239156	0.0002697702259	0.0002695352411	0.00022521928
	0.0002250704181	0.0001863496985	0.0001862964438	0.0001549154603	0.0001549221569
	0.0001310071692	0.0001310361779	0.0001136952785	0.0001137243855	0.0001016408651
	0.0001016614994	9.350500552e-05	9.351565546e-05	8.814979711e-05	8.815150923e-05
	8.469611685e-05	8.46905283e-05	8.250607904e-05	8.249486259e-05	8.113508058e-05
	8.112126185e-05	5.624363502e-05	5.62491093e-05	5.766736886e-05	5.767730493e-05
	5.992526309e-05	5.994085309e-05	6.34639369e-05	6.34874955e-05	6.892747354e-05
	6.896296766e-05	7.720507335e-05	7.725959611e-05	8.944995046e-05	8.95365141e-05
	0.0001070228354	0.0001071652907	0.0001312920198	0.0001315324676	0.0001632239604
	0.0001636302873	0.0002027646163	0.0002034295233	0.0002481682499	0.0002491847062
	0.0002956159983	0.0002970214844	0.0003394969151	0.0003412105019	0.0003734666749
	0.0003752736421	0.000391992774	0.0003936121709	0.0003918520149	0.0003930539458
	0.0003730621379	0.0003737587357	0.0003388977847	0.0003391570797	0.0002949461834
	0.0002949322712	0.0002475545303	0.0002474376842	0.0002022777614	0.0002021689767
	0.000162870414	0.0001628090256	0.0001310447349	0.000131024802	0.0001068507076
	0.0001068529599	8.932942657e-05	8.933875495e-05	7.712059608e-05	7.712941944e-05
	6.886909176e-05	6.887481687e-05	6.342524718e-05	6.342750056e-05	5.990202488e-05
	5.990116662e-05	5.765657422e-05	5.765316333e-05	5.624239051e-05	5.623756847e-05
	3.834152035e-05	3.834330959e-05	3.977710141e-05	3.978060039e-05	4.205098445e-05
	4.205685757e-05	4.561178369e-05	4.562133515e-05	5.110728284e-05	5.112296813e-05
	5.943318156e-05	5.945981341e-05	7.1753835e-05	7.180104226e-05	8.944845768e-05
	8.953533486e-05	0.0001139146898	0.000114077302	0.0001461622517	0.0001464622198
	0.0001861917793	0.0001867181743	0.0002323053264	0.0002331552762	0.0002806829606
	0.0002819115153	0.0003256120158	0.0003271702	0.0003605295381	0.0003622404953
	0.0003796316891	0.0003812421177	0.0003795019055	0.0003807848487	0.000360153649
	0.0003609960908	0.0003250509749	0.000325477801	0.0002800566517	0.0002801893931
	0.0002317425558	0.0002317263278	0.0001857659271	0.0001857091113	0.0001458777356
	0.0001458325414	0.0001137379184	0.0001137152437	8.934122798e-05	8.933446512e-05
	7.168811597e-05	7.168867405e-05	5.939197567e-05	5.939451052e-05	5.108107836e-05
	5.108328592e-05	4.559534541e-05	4.559653313e-05	4.204137227e-05	4.204146699e-05
	3.977256754e-05	3.977169185e-05	3.834073481e-05	3.833925143e-05	2.591957599e-05
	2.592008963e-05	2.735928961e-05	2.736041826e-05	2.963917969e-05	2.964127476e-05
	3.320908875e-05	3.321287108e-05	3.871916567e-05	3.872612977e-05	4.706954436e-05
	4.708290191e-05	5.943282691e-05	5.945956087e-05	7.720333124e-05	7.725829387e-05
	0.0001018053845	0.0001019182392	0.0001342921467	0.0001345159279	0.0001747241468
	0.000175138883	0.0002214619314	0.0002221601664	0.0002706973974	0.0002717415207
	0.0003166251082	0.0003179903524	0.0003524644532	0.0003540106297	0.0003721359089
	0.0003736442248	0.0003720258724	0.0003732856281	0.0003521427324	0.0003530318656
	0.0003161399221	0.0003166540722	0.000270154172	0.0002703800175	0.0002209780529
	0.0002210357104	0.0001743671233	0.0001743560667	0.0001340650759	0.0001340414449
	0.0001016752289	0.0001016590239	7.713281515e-05	7.712556036e-05	5.939505021e-05
	5.939306555e-05	4.704887701e-05	4.704898159e-05	3.870750251e-05	3.870806356e-05
	3.320241162e-05	3.320282757e-05	2.963549364e-05	2.963561248e-05	2.735756903e-05
	2.735738663e-05	2.591919983e-05	2.591880712e-05	1.75426538e-05	1.754277837e-05
	1.898367661e-05	1.898401029e-05	2.126571572e-05	2.126643576e-05	2.483932536e-05
	2.484082381e-05	3.035609934e-05	3.035927747e-05	3.87191058e-05	3.87260915e-05
	5.110693222e-05	5.112273132e-05	6.892596697e-05	6.896189709e-05	9.362379928e-05
	9.370352413e-05	0.000126294152	0.0001264615452	0.0001670566296	0.0001673802151
	0.0002143331935	0.0002148959562	0.0002643351381	0.0002651998791	0.0003111757411
	0.0003123353141	0.0003478699299	0.0003492176641	0.0003680747925	0.0003694286534
	0.0003679878383	0.0003691608287	0.0003476121905	0.000348483727	0.0003107818055
	0.0003113275988	0.0002638919558	0.0002641701283	0.0002139398407	0.0002140471617
	0.00016677036	0.0001667944438	0.000126117253	0.000126113167	9.352747298e-05
	9.351971475e-05	6.887785628e-05	6.887309555e-05	5.108393436e-05	5.108202017e-05
	3.870815257e-05	3.870768059e-05	3.035075609e-05	3.035077056e-05	2.483664702e-05
	2.48367359e-05	2.126438172e-05	2.126442154e-05	1.898308474e-05	1.89830543e-05
	1.754250436e-05	1.754241983e-05	1.202008281e-05	1.202010514e-05	1.346148446e-05
	1.346157349e-05	1.574427461e-05	1.57445152e-05	1.931939972e-05	1.932000109e-05
	2.483931846e-05	2.484082e-05	3.320903902e-05	3.321284139e-05	4.561152432e-05
	4.562116987e-05	6.346280394e-05	6.348673071e-05	8.823034742e-05	8.828687873e-05
	0.0001210442367	0.0001211683905	0.0001620789349	0.0001623270558	0.0002098156587
	0.0002102588076	0.0002604883192	0.0002611854516	0.0003081405106	0.0003090969562
	0.0003456023132	0.0003467410036	0.0003662895616	0.000367464562	0.000366226184
	0.000367277596	0.0003454098811	0.0003462251871	0.000307841254	0.0003083821336
	0.0002601496301	0.0002604513656	0.0002095151735	0.0002096533802	0.0001618617576
	0.0001619110513	0.000120912205	0.0001209237785	8.816066366e-05	8.81606815e-05
	6.342982606e-05	6.342813839e-05	4.559704118e-05	4.559601162e-05	3.320291936e-05
	3.320254387e-05	2.483674643e-05	2.483666778e-05	1.931830417e-05	1.931830551e-05
	1.574380771e-05	1.574381248e-05	1.346130016e-05	1.346129445e-05	1.202003337e-05
	1.202002052e-05	8.443963782e-06	8.443964349e-06	9.885469481e-06	9.885488323e-06
	1.216851987e-05	1.216859625e-05	1.574427417e-05	1.574451503e-05	2.126571128e-05
	2.126643362e-05	2.963914959e-05	2.96412584e-05	4.20508194e-05	4.205675985e-05
	5.992450254e-05	5.99403707e-05	8.474445726e-05	8.478393663e-05	0.00011767246
	0.0001177624382	0.0001589318817	0.0001591168968	0.000207058038	0.0002073965762
	0.0002583076951	0.0002588525629	0.0003066656051	0.0003074307616	0.0003447995061
	0.0003457333947	0.0003659112669	0.0003669016206	0.0003658703987	0.000366785091
	0.0003446690273	0.0003454072653	0.0003064578228	0.0003069711407	0.0002580706008
	0.0002583765802	0.0002068471784	0.0002070025988	0.0001587798211	0.0001588463055
	0.0001175807784	0.0001176042016	8.469692991e-05	8.470336718e-05	5.990275247e-05
	5.990389892e-05	4.204180261e-05	4.204178634e-05	2.963567277e-05	2.96355719e-05
	2.126443023e-05	2.126439407e-05	1.574381325e-05	1.574380917e-05	1.21683581e-05
	1.216835816e-05	9.885417548e-06	9.885415861e-06	8.443954846e-06	8.443953843e-06
	6.160804127e-06	6.160805356e-06	7.60233059e-06	7.602329946e-06	9.885469488e-06
	9.885488339e-06	1.346148432e-05	1.346157347e-05	1.898367477e-05	1.89840096e-05
	2.7359275e-05	2.736041145e-05	3.977701251e-05	3.978055366e-05	5.76669322e-05
	5.767705522e-05	8.252731505e-05	8.255371518e-05	0.0001155469481	0.0001156092561
	0.000156991468	0.0001571232933	0.0002054436493	0.0002056911904	0.0002571815669
	0.0002575903487	0.0003061409584	0.0003067306258	0.0003448504233	0.0003455909476
	0.0003663270956	0.0003671366244	0.0003663067839	0.0003670801922	0.0003447761912
	0.0003454260528	0.0003060176669	0.0003064888889	0.0002570387375	0.0002573353509
	0.0002053157156	0.0002054779708	0.0001568989813	0.0001569761037	0.000115491306
	0.0001155231478	8.249872021e-05	8.251010953e-05	5.765409436e-05	5.765759187e-05
	3.977188007e-05	3.977278283e-05	2.735741815e-05	2.735760681e-05	1.89830585e-05
	1.898309005e-05	1.346129486e-05	1.34613007e-05	9.885415881e-06	9.88541758e-06
	7.602319806e-06	7.602319805e-06	6.160805205e-06	6.160805096e-06	4.719279338e-06
	4.71927934e-06	6.160804127e-06	6.16080536e-06	8.443963778e-06	8.443964343e-06
	1.202008281e-05	1.202010515e-05	1.754265336e-05	1.75427783e-05	2.591957123e-05
	2.592008812e-05	3.834148723e-05	3.834329707e-05	5.624346108e-05	5.624903587e-05
	8.113524595e-05	8.115056011e-05	0.0001142280016	0.0001142656125	0.0001558226812
	0.0001559049901	0.0002045421225	0.0002047016382	0.0002566831404	0.0002569550047
	0.0003061415903	0.0003065467372	0.0003453303388	0.0003458565251	0.0003671119119
	0.0003677071734	0.0003671098007	0.0003676999164	0.0003453059454	0.0003458227652
	0.0003060939698	0.0003064832838	0.0002566248414	0.0002568812868	0.0002044884069
	0.0002046366871	0.0001557832092	0.0001558586998	0.0001142040496	0.0001142380066
	8.11229149e-05	8.113644562e-05	5.623795941e-05	5.624273189e-05	3.833932708e-05
	3.834080511e-05	2.591881871e-05	2.591921148e-05	1.754242111e-05	1.754250581e-05
	1.202002059e-05	1.202003349e-05	8.443953841e-06	8.443954853e-06	6.160805104e-06
	6.16080521e-06	4.719279372e-06	4.719279374e-06	
