4225	
	1.516311508e-07	-2.022328005e-07	-0.001131497963	-2.565583193e-07	-0.001131823153
	-0.001131742805	1.146634978e-07	-0.003701033269	-0.002263807174	-0.002263650306
	-0.001130954822	-0.001130142179	-3.242007151e-07	2.734389991e-07	-0.002263157448
	-0.003699975315	-0.00226207718	-0.003700770273	-0.006960243441	-0.005139107456
	-0.005138749067	3.451688925e-07	-4.073597636e-07	-0.00112873236	-0.001126872307
	-0.003698205909	-0.003695564586	-0.002260449729	-0.00225763892	-0.005137645889
	-0.006959754527	-0.006958281721	-0.005135206889	-0.008783902327	-0.0110863954
	-0.008783298738	-0.00112388812	-0.001120137483	-5.073510823e-07	4.330518035e-07
	-0.002253918152	-0.002247961834	-0.003690970791	-0.003684918486	-0.005131549943
	-0.006954994439	-0.005125204745	-0.006950089961	-0.01108563766	-0.01629990996
	-0.008777354062	-0.01339419736	-0.008781453185	-0.01339508752	-0.01108335483
	-0.00111434286	-0.001107228163	-6.231759586e-07	5.379043781e-07	-0.003675188147
	-0.003662971079	-0.002240461688	-0.002228887693	-0.006930277338	-0.005103367566
	-0.00511682588	-0.006941540421	-0.02287580775	-0.01629884699	-0.01921836224
	-0.01921715476	-0.01629563767	-0.01107061033	-0.008771211619	-0.01107824485
	-0.008760522199	-0.01339148263	-0.01338542302	-0.001096489861	-0.001083480671
	-7.478750261e-07	6.572718438e-07	-0.003644062267	-0.00362086422	-0.002214661044
	-0.002193202117	-0.006912130599	-0.006889344309	-0.005060264672	-0.005086446684
	-0.02655923891	-0.03115716245	-0.02287441894	-0.02656077334	-0.01105726629
	-0.008746402395	-0.01103966036	-0.008723666419	-0.0192134729	-0.01628842536
	-0.01337633006	-0.01336044785	-0.01920520218	-0.02287020962	-0.01627761559
	7.809369232e-07	-0.001064214661	-0.001041113265	-8.600305511e-07	-0.003585798359
	-0.003543344624	-0.002167187418	-0.002128673269	-0.006854006405	-0.006810647965
	-0.004979518547	-0.00502811584	-0.03580314561	-0.03580498502	-0.04156857061
	-0.03115545335	-0.01101122208	-0.01097546033	-0.00865070868	-0.008695063979
	-0.02655455086	-0.02286069839	-0.0311502445	-0.02654393349	-0.01333942809
	-0.01623354631	-0.0133054738	-0.01625864894	-0.01917089174	-0.02284637058
	-0.01919275158	-0.001007577271	-0.0009678091522	-9.04870653e-07	8.820643696e-07
	-0.04742114641	-0.04741906203	-0.05462289162	-0.04156658115	-0.002082474184
	-0.002015414973	-0.003480395199	-0.003404956117	-0.00492065018	-0.00674499037
	-0.006665495943	-0.004833348353	-0.0109198671	-0.01085156543	-0.008596211133
	-0.008513669982	-0.0357845858	-0.031138389	-0.03579750125	-0.04156047326
	-0.013262672	-0.01614152675	-0.016192851	-0.01319610845	-0.03112040208
	-0.02652786836	-0.01909473812	-0.02282109285	-0.02649946025	-0.01914185643
	-0.02278747008	-0.0009114667118	-0.0008456025887	-7.589311151e-07	9.032870133e-07
	-0.06196666088	-0.06196442822	-0.07090829133	-0.05462069847	-0.00329533411
	-0.003165405561	-0.001935882699	-0.001823193775	-0.04154643974	-0.04741261941
	-0.05461390191	-0.04739768911	-0.006405976224	-0.004728690298	-0.006547444434
	-0.004576581533	-0.008265034677	-0.01074791376	-0.01062228246	-0.008413632654
	-0.01298975975	-0.01311417039	-0.01606147339	-0.01596286619	-0.03572976357
	-0.03108843084	-0.0357649008	-0.04152494821	-0.01894205935	-0.01903513239
	-0.02639954926	-0.02266325288	-0.02273267673	-0.0310456025	-0.02646151972
	-0.0007551213903	-0.0006513109748	-1.853172829e-07	7.448634308e-07	-0.002981178413
	-0.002765922979	-0.001691474913	-0.001510467497	-0.08005775261	-0.08005549594
	-0.09103748326	-0.07090600256	-0.06194103656	-0.05459809816	-0.06195745243
	-0.07089882659	-0.006200156589	-0.005956239219	-0.004140543003	-0.004396265313
	-0.05457360964	-0.04148637531	-0.04733321027	-0.04737471121	-0.008086832936
	-0.01043537474	-0.0102112169	-0.007827503674	-0.01563047836	-0.01261393958
	-0.01581278078	-0.01283873735	-0.01865199733	-0.02241989515	-0.02255445335
	-0.01882712173	-0.03560457308	-0.03568247859	-0.03097530568	-0.0414342204
	-0.02619697798	-0.03088565172	-0.02632074125	-0.000514051367	-0.0003601803616
	1.171031737e-06	2.794725334e-07	-0.002470007474	-0.002130683236	-0.001302879359
	-0.001028229964	-0.005610069329	-0.005205665265	-0.003430885471	-0.003841742542
	-0.1022933681	-0.1022912302	-0.1155411665	-0.09103522985	-0.09102806257
	-0.08003118822	-0.07088189157	-0.08004833955	-0.07085527492	-0.05452912448
	-0.06186860043	-0.06191545822	-0.009884617243	-0.007520026988	-0.009497374695
	-0.007083557791	-0.04727681107	-0.04718286987	-0.04134781742	-0.05446828004
	-0.01234402764	-0.01195059952	-0.01535858422	-0.01503196417	-0.01812063582
	-0.02196361401	-0.02221424559	-0.0184388367	-0.03056833401	-0.04123666763
	-0.03534686537	-0.02604341987	-0.02580831512	-0.03074423535	-0.03550478458
	-0.0001657171219	4.661936352e-05	3.633438471e-06	-5.676356481e-07	-0.001681712368
	-0.001178742421	-0.0007205855144	-0.0003313760863	-0.004649360591	-0.004011580765
	-0.002336345878	-0.002959813577	-0.005871796734	-0.008947199536	-0.008304316461
	-0.006573530604	-0.1155391015	-0.1291151267	-0.1291132738	-0.1446942001
	-0.1155324112	-0.1022673818	-0.09101084023	-0.1022843171	-0.09098331583
	-0.07995353042	-0.07080622254	-0.08000405734	-0.06180415429	-0.05436633022
	-0.06169540865	-0.07073822182	-0.01455514435	-0.01148373312	-0.01082023042
	-0.01398913923	-0.04686739648	-0.04706143559	-0.05423379168	-0.04105987515
	-0.01773776149	-0.01717843726	-0.02113679398	-0.0215885383	-0.02509046004
	-0.02996699391	-0.03484582382	-0.03029800523	-0.02552101688	-0.03514967962
	-0.04083831735	0.00030184754	0.0005731316895	7.092630077e-06	-1.682228998e-06
	-0.0005425844093	0.0001514396488	9.306265567e-05	0.0006040312319	-0.1782726818
	-0.1446925184	-0.1605956378	-0.1605942922	-0.003167342242	-0.002221782188
	-0.0007545810341	-0.001638089258	-0.007419302015	-0.006404611386	-0.005067229616
	-0.004002010838	-0.01004450882	-0.01318383373	-0.01224216757	-0.008976403562
	-0.1291071224	-0.1446869106	-0.1290916119	-0.1155159683	-0.09093173783
	-0.1021883393	-0.1154891562	-0.1022401038	-0.0908591439	-0.0798830646
	-0.07062277082	-0.0797624094	-0.06155330065	-0.06132363276	-0.05402083933
	-0.0704708604	-0.01651368593	-0.01968917569	-0.02047555951	-0.01556744574
	-0.04049540588	-0.04624376971	-0.05375153053	-0.04662317101	-0.02946939487
	-0.02457078681	-0.04007294408	-0.02886789521	-0.0344725556	-0.02380932882
	-0.03391026615	0.0008826329338	0.001203468528	1.06015223e-05	-2.747478441e-06
	0.0009864663187	0.001873027012	0.00114614204	0.001765922644	-0.1961580249
	-0.2152531434	-0.1782716682	-0.1961585173	-0.001025493903	0.0002792819262
	0.001368629008	0.0002088329729	-0.1605896111	-0.1782680214	-0.1605771838
	-0.144672663	-0.00129947144	-0.005060860607	-0.003555942933	-0.002809077576
	-0.007751459817	-0.01094460582	-0.009456408914	-0.006129035835	-0.01293371253
	-0.01725572885	-0.01446005532	-0.01856815666	-0.1290164206	-0.144648764
	-0.115437921	-0.1290660489	-0.1153645588	-0.1021150016	-0.1019874026
	-0.09073407719	-0.09056734232	-0.07960280487	-0.07934160014	-0.07022396809
	-0.06057428448	-0.06990852331	-0.05333116525	-0.06103186205	-0.02160837133
	-0.02798440034	-0.02693091229	-0.02290228901	-0.03943425988	-0.05280944927
	-0.03222638182	-0.04577465463	-0.03322881423	-0.03865857843	-0.04506342156
	-3.554875722e-06	0.001550980388	0.001903186682	1.266643396e-05	-0.2342535417
	-0.2342544728	-0.2534965284	-0.2152532521	0.002885695081	0.003934019817
	0.002406866885	0.003102861497	0.001849449575	0.003516074738	0.004005761136
	0.002599153413	-0.1961558984	-0.2152529392	-0.19614903	-0.1782580074
	-0.001651598205	0.0004251387153	0.000346564052	0.002328041063	-0.1782401621
	-0.1605131537	-0.1446018775	-0.1605559206	-0.004311951687	-0.007484558892
	-0.005276045214	-0.002012285067	-0.00886128662	-0.01544498119	-0.01118226222
	-0.01336684015	-0.01799855043	-0.02009179302	-0.02542534926	-0.02365963719
	-0.1289447763	-0.1445332269	-0.1152360885	-0.1288178214	-0.1015326778
	-0.1150623578	-0.09029297785	-0.1018163616	-0.08993858661	-0.06941143991
	-0.07847514525	-0.079006367	-0.06000424479	-0.05201538199	-0.05913347653
	-0.06878938965	-0.02931543008	-0.03751431566	-0.03614523969	-0.03102872565
	-0.04419713702	-0.04291660563	-0.05104552884	0.002265568037	0.002624870626
	1.244625402e-05	-4.340120662e-06	0.003806347908	0.004532071117	0.005071073847
	0.00622178951	-0.2720626905	-0.2720659466	-0.2895356976	-0.2534984822
	-0.2342566308	-0.253503655	-0.2342591658	-0.2152502635	0.00542007638
	0.007390596594	0.007040021718	0.005460610705	0.006833011888	0.002924376814
	0.005576671321	0.004430280435	-0.2152431306	-0.1961067157	-0.178203303
	-0.1961358539	-0.002480865637	0.003513182518	0.0004951287668	0.0005670312675
	-0.1444105145	-0.1604496626	-0.1781470707	-0.1603342152	-0.006261267507
	-0.01061142885	-0.007524641722	-0.002970403324	-0.01559448502	-0.01841619333
	-0.02121946259	-0.01240642121	-0.02730326638	-0.03187557635	-0.03418258358
	-0.02452093023	-0.128354278	-0.1147726402	-0.1442416523	-0.128645054
	-0.1143940718	-0.08937445034	-0.1005750674	-0.1011646431	-0.07780796527
	-0.0886622925	-0.06783547205	-0.076780381	-0.06666298377	-0.05806679681
	-0.03917696372	-0.04138114163	-0.0478800193	-0.04960754458	-0.05648106125
	0.002975679945	0.00331511336	1.067886168e-05	-5.533147165e-06	0.007407392323
	0.00858133639	0.005249757295	0.00595208827	-0.3054198465	-0.3054266888
	-0.3187077731	-0.2895405612	0.01169108918	0.01028360126	0.00863682464
	0.009528250364	-0.2720750443	-0.2895543584	-0.2720927961	-0.2535130699
	-0.2535236087	-0.2342541672	-0.2152244943	-0.2342597904	0.01201569988
	0.008606630181	0.01174193406	0.009318202405	0.01037358805	0.006714951766
	0.004234766098	0.008126386871	-0.1959714844	-0.1780429343	-0.196060462
	-0.2151914954	-0.003617114083	0.0006432995953	0.00493569554	0.000617703423
	-0.1439555126	-0.1598984565	-0.1778954346	-0.1601737643	-0.008833779283
	-0.01469600427	-0.01052692753	-0.004311239123	-0.02132169271	-0.02868081901
	-0.01707509802	-0.02500592226	-0.04539450446	-0.03658200184	-0.03298564194
	-0.0424649437	-0.113784965	-0.1435765074	-0.127353736	-0.1279724991
	-0.0998282688	-0.08756145752	-0.09866808566	-0.1130089659	-0.07551382726
	-0.08619925844	-0.05181989026	-0.06491469727	-0.07361910481	-0.06280473525
	-0.05457181657	0.003628642142	0.003923107355	9.315421658e-06	-7.256081372e-06
	0.009728844161	0.01083808897	0.00663028514	0.007257693516	-0.3292467691
	-0.3292586163	-0.3359372695	-0.3187168823	0.01391984084	0.01612634325
	0.01350632787	0.01191264317	-0.3054463546	-0.3187432161	-0.3054872309
	-0.2895826986	0.0151430488	0.01858387206	0.0147431603	0.01755546991
	-0.2721156617	-0.2896207684	-0.2721478293	-0.253535099	-0.2342380253
	-0.2535405888	-0.2341959866	-0.2151234308	0.01826403513	0.01257136434
	0.01717006146	0.01415764833	0.01120691918	0.01474805106	0.009515964721
	0.005769357078	-0.2150191796	-0.1776391043	-0.1958423653	-0.19561253
	0.0005069434757	-0.005248033048	0.0006197146719	0.006552064233	-0.1589271056
	-0.177292417	-0.142959054	-0.1595311668	-0.01464944948	-0.00628565756
	-0.01231394857	-0.02012356439	-0.02334109482	-0.02884456561	-0.03371328363
	-0.03839837316	-0.05975669521	-0.04405675257	-0.04857122395	-0.05615300342
	-0.1253222207	-0.1421640868	-0.1117993263	-0.1265626122	-0.1102918519
	-0.08415580255	-0.06800993139	-0.08167739525	-0.097228816	-0.07132773697
	-0.09506132518	0.004178993661	0.004410340019	9.796431531e-06	-8.524094887e-06
	0.01186336831	0.01282593923	0.007846318505	0.008358263764	0.0182833598
	0.02036841053	0.01646947754	0.01504575883	-0.3387532503	-0.3387711063
	-0.3372488703	-0.3359518615	-0.3292928381	-0.3359943277	-0.3293655012
	-0.3187989254	0.02212948544	0.02563964429	0.02033794854	0.02305954531
	-0.305543634	-0.3188765899	-0.3056324847	-0.2896789387	0.02241620653
	0.02215777615	0.0272032048	0.02669668349	-0.2535324841	-0.2721799028
	-0.2897437143	-0.2722127486	-0.2339773433	-0.2148265413	-0.2341233958
	-0.2535003616	0.02602860099	0.01741568141	0.02383740087	0.02015887414
	0.01477014347	0.02002645769	0.01284334767	0.007429626657	-0.2145533439
	-0.1767170901	-0.1947640235	-0.1952967149	-0.0001584007293	0.008190904492
	-0.007715966324	0.0002866729137	-0.1581453327	-0.1569057904	-0.1409128509
	-0.1759648745	-0.02048850271	-0.01716735145	-0.009348177228	-0.02748064926
	-0.0319207474	-0.0388503449	-0.05113729821	-0.04534826917	-0.0586060821
	-0.07381550952	-0.07808145375	-0.06408172757	-0.1052407728	-0.1214217302
	-0.08859548689	-0.1080158771	-0.1237724264	-0.09242775132	-0.139340829
	-0.3311931212	-0.3312167583	-0.3214709623	-0.3372693905	0.004597678041
	0.004758358443	8.906822513e-06	-8.24754717e-06	0.01366266867	0.01441904767
	0.008820831306	0.009195725721	0.02229560229	0.02410515732	0.01896740959
	0.01780558308	0.02907096586	0.03238812548	0.02568906507	0.02812050401
	-0.3388225962	-0.3373292255	-0.3389328583	-0.3360850739	-0.3294676342
	-0.336213143	-0.329633384	-0.319001456	0.03093230695	0.03240161992
	0.03754809685	0.03507452234	-0.3058797255	-0.2898273674	-0.3057362979
	-0.3191503438	0.03196361044	0.03808029049	0.03784208249	0.03080010946
	-0.289904835	-0.2722166203	-0.2534145099	-0.2722300277	-0.2333648675
	-0.2532651907	-0.2140820351	-0.2337587116	0.03180864665	0.03550548993
	0.02314771093	0.02745306661	0.01856080663	0.0261308586	0.008929745133
	0.01657017868	-0.1929236134	-0.1747645835	-0.2134464002	-0.1940600338
	0.009422034693	-0.0008245195017	-0.001974453217	-0.01162906506	-0.1732392073
	-0.1553427105	-0.1369497265	-0.1529513954	-0.03763564039	-0.01428756891
	-0.02897723343	-0.02414270477	-0.06786063374	-0.05228055248	-0.06097349475
	-0.04384645562	-0.0963775909	-0.1011951644	-0.114349313	-0.1340162345
	-0.08404372677	-0.07767676052	-0.118550406	0.004877380387	0.004970901799
	7.609480924e-06	-7.79911287e-06	-0.3072683196	-0.3072957875	-0.2910406741
	-0.3214963732	-0.3312847016	-0.3215704481	-0.3314305675	-0.337457463
	0.01503173771	0.01555704105	0.009516911707	0.009755108693	0.02567800336
	0.02710016388	0.02086829447	0.02001745909	0.03545389533	0.0383331562
	0.03040289193	0.03238723742	0.03907744705	0.042578449	0.0474421079
	0.04277823777	-0.3390886486	-0.3376391204	-0.3393441099	-0.3364223589
	-0.3366768807	-0.3301247959	-0.3193631147	-0.3298337021	0.04413342093
	0.04509573535	0.05227658574	0.05005171213	-0.3062073084	-0.3195934307
	-0.2899799804	-0.306028514	0.04364616194	0.04119435681	0.05068331934
	0.05203242019	-0.2529706591	-0.2900158351	-0.2719757103	-0.2721513605
	-0.2318981719	-0.2124054157	-0.252534857	-0.2328175841	0.04671544656
	0.02954498971	0.04089210178	0.03601084237	0.03265282838	0.009630604691
	0.02191859613	0.02027770647	-0.1892138511	-0.1914687298	-0.2110541791
	-0.1708951524	0.009357234624	-0.003547403566	-0.01800198762	-0.006045339061
	-0.1297157299	-0.1679947551	-0.1456785363	-0.1500102138	-0.04145566206
	-0.03437414543	-0.05178244296	-0.02236537401	-0.1023069272	-0.08963035584
	-0.1245713141	-0.06046126574	-0.07030776986	-0.1093408468	-0.08180777754
	0.005031036756	0.00506961194	6.373682926e-06	-7.096371204e-06	-0.2710982621
	-0.2711263534	-0.2511575749	-0.2910683976	0.01594627728	0.01625206521
	0.009942030973	0.01006237217	-0.3073745595	-0.2911491094	-0.3075435208
	-0.3217291507	-0.3379373341	-0.3316367258	-0.3219539545	-0.3319756963
	0.02825202125	0.02923984396	0.02213808115	0.02159752787	0.04083544908
	0.04309879129	0.03418125709	0.03563463218	0.04625313507	0.05193665032
	0.05615890169	0.04927379975	0.0557721793	0.05929402604	0.06105985271
	0.06607969889	-0.3396560477	-0.3383024302	-0.3401166172	-0.3370504909
	-0.3374695646	-0.3304475024	-0.3198908466	-0.3308780106	0.06033144182
	0.06045320514	0.07012289456	0.06844275298	-0.2899831906	-0.3063619467
	-0.3064952942	-0.3201795324	0.05753287581	0.0531789916	0.06559191995
	0.06866907569	-0.2898405145	-0.2517703714	-0.2710935778	-0.271674065
	-0.230682829	-0.2507254318	-0.2089400146	-0.2287500842	0.0503661841
	0.03591969959	0.05925952909	0.04543043795	0.008319260936	0.03856890909
	0.02351190725	0.02301626651	-0.1822405938	-0.2062851103	-0.163710084
	-0.1864097874	-0.01409512259	-0.028358768	0.00642665692	-0.009283443959
	-0.1404882941	-0.1585521588	-0.13316283	-0.1173368781	-0.0493949199
	-0.05957986773	-0.08321348887	-0.07134707638	-0.09414668166	-0.1089229525
	-0.03535313938	0.005085906832	0.005086174683	5.289175211e-06	-6.181267378e-06
	0.01644865964	0.01657482851	0.01013946353	0.01017206978	-0.2285949483
	-0.2286204784	-0.2077664296	-0.2511843703	-0.2712068765	-0.2512622619
	-0.2713791042	-0.291321703	0.02997159278	0.03054672653	0.02283558574
	0.0225625751	-0.3081735943	-0.3223230489	-0.3077819524	-0.2915657508
	-0.3323905154	-0.3227752453	-0.3330057143	-0.3388428667	0.044931664
	0.0465040929	0.03688078689	0.03780415743	0.05200574335	0.05982781471
	0.06314769138	0.05421857695	0.06602633358	0.07234930117	0.07824069447
	0.0703428176	0.0835300896	0.07628412524	0.07956919465	0.08870327003
	-0.3394558884	-0.3413508085	-0.3380387283	-0.3406369878	-0.3204999924
	-0.3386332511	-0.3313173618	-0.3318457966	0.0796866766	0.07836278362
	0.09099522575	0.09044873799	-0.3064238197	-0.2894775808	-0.3207471623
	-0.3065372543	0.07322239093	0.08175410694	0.08758112848	0.06599029753
	-0.2702518988	-0.2688207054	-0.2490232127	-0.2888726466	-0.2262948159
	-0.2023130051	-0.2225808687	-0.2468170638	0.07193480533	0.04080049613
	0.0586079346	0.05460550655	0.04191563538	0.003031036828	0.02111946724
	0.02303376942	-0.1700474606	-0.1512573937	-0.1772049593	-0.1974810761
	-0.02006296219	-0.001708555884	-0.02837874043	-0.0446439845	-0.09764037255
	-0.08492472658	-0.1246345577	-0.07091184614	-0.1131669417	-0.1427342369
	-0.05528080293	0.005075066973	0.005053715556	4.339457645e-06	-5.191721508e-06
	0.01662799294	0.01662886927	0.01017257108	0.01015034219	0.03091618503
	0.03115345351	0.02308447025	0.02301069243	-0.1853349926	-0.1853559401
	-0.1657023828	-0.207789651	-0.2286937683	-0.2078570754	-0.2288499824
	-0.2514284219	-0.251662838	-0.2720190485	-0.2919656215	-0.2716216729
	0.03899582577	0.04766848563	0.04858404549	0.03852965287	-0.3086523203
	-0.2924546506	-0.309361912	-0.3234454316	-0.3242074165	-0.3346708807
	-0.340301272	-0.3337044202	0.0561166711	0.06583565075	0.06814259674
	0.05752254727	0.07741101258	0.07424832249	0.08335903583	0.08799232988
	0.09714018957	0.0903380283	0.1050695489	0.09625323458	0.1008522989
	0.1033279361	0.1104609162	0.1152486848	-0.3421070344	-0.3393756378
	-0.3412033001	-0.3430700061	-0.3327875819	-0.3209101676	-0.3400826336
	-0.332321153	0.1017768439	0.09795240205	0.1139556379	0.1156294616
	-0.3060898761	-0.320872064	-0.2877561048	-0.3053285295	0.09718982078
	0.08940476945	0.1073399111	0.07783304258	-0.2669090685	-0.2434317377
	-0.2639056822	-0.2861809936	-0.2180292978	-0.1905849205	-0.239229309
	-0.2114827321	0.06134621939	0.06278952652	0.08229869639	0.04167037072
	0.03965464356	-0.008857801067	0.01173203137	0.01766416704	-0.1824667132
	-0.1503373379	-0.1312577215	-0.161666562	-0.01783099669	-0.06876054498
	-0.1182820379	-0.03826147219	-0.08376657946	-0.1002359687	-0.05114712634
	0.005029584104	0.005000168162	3.515395674e-06	-4.250988134e-06	0.01659235821
	0.01652244437	0.01010759715	0.01005930144	0.03125301111	0.03125435699
	0.02303470808	0.02308554433	-0.1452026759	-0.1452184788	-0.1278987032
	-0.165720726	0.04917156671	0.04954879729	0.03929490037	0.03942030493
	-0.2080006006	-0.1854162611	-0.1657739701	-0.1855444588	-0.2082027034
	-0.2294284849	-0.2520458672	-0.2290696557	-0.272503627	-0.2525130959
	-0.2732200396	-0.2931780212	0.05862748294	0.06985005877	0.07119290214
	0.05933663752	-0.2939993113	-0.3112828715	-0.3252619657	-0.3101675886
	-0.3263937627	-0.3370470583	-0.3357061943	-0.342364686	0.08012492893
	0.09174259712	0.09496244922	0.08213387253	0.1059415772	0.1016075188
	0.1119563544	0.1181924583	0.1262537311	0.1194904771	0.1365956012
	0.127331804	0.1413661937	0.144632112	0.1290147479	0.1295617394
	-0.3408568452	-0.3451031651	-0.3440159476	-0.3435227973	-0.3330739287
	-0.3414672664	-0.3204965259	-0.3331151975	0.1250456122	0.1170417923
	0.1366141271	0.1422959531	-0.3197046355	-0.302046235	-0.2836130429
	-0.3041319499	0.1033704018	0.08553611065	0.1249516581	0.1083729854
	-0.2601129088	-0.2545301191	-0.2802791584	-0.2331311754	-0.2258544255
	-0.2037387104	-0.1714620659	-0.1931805622	0.08650515984	0.03508553899
	0.05902436549	0.06222703955	0.003704081196	-0.007718564122	0.0281155419
	-0.03000346269	-0.1375098158	-0.1211069693	-0.1017399211	-0.04424937312
	-0.1589506745	-0.08367925229	-0.06581791905	0.004973398537	0.004944909428
	2.817218663e-06	-3.423845932e-06	0.01644327656	0.01634686959	0.01000040742
	0.009946818802	0.03118496552	0.03105272628	0.02282719079	0.02293736777
	0.03933329088	0.04970601607	0.04970665094	0.03942139317	-0.1101705582
	-0.1101817084	-0.0955671674	-0.1279121428	-0.1452641919	-0.145361212
	-0.165887186	-0.1279511927	0.05979109192	0.07205317871	0.07260455957
	0.05998009971	-0.1660464923	-0.1860183361	-0.2085321427	-0.1857246263
	-0.2298650127	-0.2089331261	-0.2305085738	-0.2532021409	-0.2539823483
	-0.2751521037	-0.2951344341	-0.2740314092	0.08371271951	0.09734364621
	0.0847240219	0.09921592358	-0.2963523606	-0.3140355404	-0.3124796136
	-0.3278636801	-0.3448884537	-0.3293498175	-0.3400103759	-0.3383969837
	0.1232374642	0.1275696688	0.1096618428	0.1124128111	0.1344320287
	0.1455730727	0.1401747205	0.1537026871	0.1529721039	0.1585321669
	0.1715867489	0.1630417141	0.1740348466	0.174288846	0.1589458909
	0.1556672616	-0.346044037	-0.3461183165	-0.346918352	-0.3419246737
	-0.3327596329	-0.3317290467	-0.3419971856	-0.3181310948	0.1462060875
	0.1546963732	0.1317321621	0.1668684016	-0.2992187483	-0.315832392
	-0.2948412667	-0.2752746121	0.1108448606	0.13570141	0.08473968757
	0.1104745968	-0.2158763825	-0.2477988708	-0.2384816216	-0.2691434732
	-0.1656333878	-0.1811368223	-0.2044218082	-0.1429184292	0.05311069939
	0.07992983944	0.01753037612	0.04336246848	0.004235509953	-0.06196190436
	-0.0215215696	-0.08157467006	-0.1031799476	-0.0390537528	-0.1253398319
	0.004921536935	0.004898558307	2.2401437e-06	-2.728289767e-06	0.01625901496
	0.01616553113	0.009889762248	0.00984295394	0.03090274473	0.03072019192
	0.02257058767	0.02269292943	0.03897523429	0.04959388918	0.04938052261
	0.0391653997	-0.08077253597	-0.0807799907	-0.06878361587	-0.09557644065
	0.05984111495	0.05997895047	0.07283158317	0.07282773245	-0.110214161
	-0.09560345966	-0.1102830983	-0.1280342788	-0.1281513119	-0.1457200976
	-0.166305879	-0.1454976836	0.08537003274	0.1004119286	0.1011752344
	0.08563469247	-0.1863751112	-0.1666213177	-0.1869001559	-0.2095229086
	-0.2101891049	-0.2322363387	-0.2550573956	-0.2312352863	-0.2562079507
	-0.2779103265	-0.2979347669	-0.2763520064	0.1145735864	0.1307690856
	0.1332823917	0.115952733	-0.331139971	-0.2995387159	-0.3156118302
	-0.3175173028	-0.3414992813	-0.3328103948	-0.3430632483	-0.3473598274
	0.1602741279	0.1451048618	0.1659159801	0.1487438025	0.1931607207
	0.1795271868	0.1829101725	0.1721608922	0.2068257476	0.1886973026
	0.2011834783	0.1909536327	0.1867744859	0.1770002311	0.198454078
	0.2050879734	-0.3474219605	-0.3474492417	-0.3482354197	-0.3414990589
	-0.3299892967	-0.3402971419	-0.3269373779	-0.3121053736	0.1601071689
	0.1367223558	0.1837769756	0.1624499941	-0.2605590028	-0.2815542218
	-0.289360114	-0.3072865786	0.1067343987	0.1340391416	0.09870614629
	0.07105672634	-0.2505346635	-0.2277129049	-0.1896151634	-0.2136963943
	-0.14858977	-0.1279314774	-0.1732547522	-0.1041145657	0.03057443546
	-0.01308143808	0.01349066245	0.05880614324	-0.03286241183	-0.08164781438
	-0.05876546825	0.004881034688	0.004864852751	1.771855056e-06	-2.158164987e-06
	0.0160887497	0.01601322193	0.009796913316	0.009761794158	0.03055354695
	0.03037610941	0.02233324676	0.02244028261	0.03853193113	0.04913833434
	0.04884358388	0.03874344402	0.05958050825	0.07265605039	0.07233513384
	0.05928550004	-0.06878970323	-0.05671415321	-0.05671890369	-0.0470409803
	-0.08080186576	-0.06880752579	-0.08084849051	-0.09566111314	0.08562522345
	0.1014827982	0.1014653406	0.0854188669	-0.09574258516	-0.1105391391
	-0.1283420326	-0.1103803473	-0.1459903121	-0.1285742077	-0.1463879837
	-0.1670847145	0.1168283175	0.1348803468	0.1358924353	0.1171776325
	-0.1874917926	-0.1676075864	-0.1883053933	-0.2111044373	-0.2120815065
	-0.2346886542	-0.2576988205	-0.2333045869	-0.2592073543	-0.2813974817
	-0.3014800469	-0.2794876214	0.1700741691	0.151598541	0.1733349408
	0.1534102517	-0.3193083593	-0.3033096118	-0.3212544157	-0.3346050562
	-0.3442713515	-0.3360461432	-0.3487220396	-0.3451591209	0.1905062773
	0.2085410396	0.201438135	0.1858509114	0.2124901291	0.2205814682
	0.2330279099	0.2216107036	0.2222696013	0.2366830527	0.2181886377
	0.237145058	0.1873862105	0.2065325719	0.2274448196	0.2113322977
	-0.3467822121	-0.3378944897	-0.3485121836	-0.3450113342	-0.3228041435
	-0.3165906087	-0.300270676	-0.3344078951	0.1607793734	0.1866787265
	0.1268550755	0.1544040204	-0.2600836806	-0.2373873938	-0.2723229764
	-0.2918299247	0.086981332	0.04198475328	0.07043715313	0.1156659737
	-0.1981292934	-0.1533508206	-0.1790804654	-0.2226742448	-0.132133046
	-0.08097562326	0.02215024529	-0.106009027	-0.0298408856	-0.006336938565
	-0.05608303722	0.004853283888	0.004843247937	1.396377966e-06	-1.698259322e-06
	0.01595556651	0.01590225851	0.009729354228	0.009706143628	0.03023010259
	0.03008626512	0.02214733774	0.02222783519	0.04857396766	0.04828650357
	0.03830632109	0.0381206702	0.05859691223	0.05892571119	0.07197103634
	0.07152812602	-0.02961651411	-0.0470447848	-0.03733599839	-0.03733886083
	0.08503413512	0.1012111859	0.1007454615	0.08459968916	-0.05673299179
	-0.04705600016	-0.05676318098	-0.06884575463	-0.06890006674	-0.08102298166
	-0.09587577877	-0.08091460147	0.1171467619	0.1362861416	0.1362374884
	0.1168437239	-0.1107325051	-0.09603843347	-0.1110176832	-0.1289155973
	-0.1468359457	-0.1293011291	-0.1474520309	-0.1683250234	0.1545496654
	0.1753946658	0.1766851879	0.1549856929	-0.1690897858	-0.1902913518
	-0.2133438383	-0.1891712989	-0.2146176538	-0.2377727724	-0.261030712
	-0.2360847959	-0.2831978931	-0.2851723818	-0.2627499617	-0.3053101279
	0.1941526456	0.2178529213	0.1964496119	0.2137646309	-0.3228567014
	-0.3372267424	-0.306974438	-0.3242388599	-0.3453605931	-0.3446238495
	-0.3377224521	-0.3472917211	0.2351916997	0.2516921135	0.2294411459
	0.243072807	0.2527095046	0.2672168213	0.2614806978	0.2506169284
	0.2640445654	0.2470550031	0.2333528973	0.2539994577	0.1810996018
	0.2115558701	0.2067538926	0.2344410991	-0.3374322549	-0.3289512327
	-0.3421605597	-0.3449824868	-0.322055177	-0.2804950994	-0.2985180951
	-0.3089517974	0.143751582	0.1278688109	0.09943553321	0.1709959501
	-0.2462677524	-0.2045591266	-0.2291159517	-0.2675581075	0.07973266016
	-0.001588855401	0.05063716661	0.02674313429	-0.02735266333	-0.1351552362
	-0.08264913232	-0.1078077276	-0.1586770935	-0.05520299545	-0.185027493
	0.004836565745	0.004831218643	1.097807092e-06	-1.331579498e-06	0.01586411288
	0.0158309519	0.009686012926	0.009672583085	0.02997623482	0.02987426421
	0.02201944114	0.02207281297	0.03779715311	0.04804933992	0.04781516793
	0.03793740264	-0.02188700206	-0.01576867473	-0.02961873417	-0.02188543832
	0.05824543643	0.07112209525	0.07068852442	0.05795555917	0.09957845569
	0.08406985484	0.1002184359	0.08358506495	-0.03734746077	-0.02962533336
	-0.03736599866	-0.04708022303	0.1162913077	0.1358670451	0.1352069102
	0.1156705924	-0.04711486913	-0.0568773397	-0.06898932322	-0.0568062908
	-0.08115554802	-0.06909884981	-0.08135180985	-0.09627835308	0.154911437
	0.1771632685	0.1544736311	0.1770584683	-0.1113395277	-0.09655003993
	-0.1117830455	-0.1298305459	-0.1303951138	-0.1489545143	-0.1700762736
	-0.1481071557	0.1978787007	0.2204187493	0.2220098931	0.1983974631
	-0.1710698177	-0.1927767299	-0.2161528776	-0.1914174725	-0.239359322
	-0.2175964889	-0.2411004119	-0.2646346621	-0.286824351	-0.2662148995
	-0.2883106728	-0.3084510265	0.2425124607	0.2580265979	0.2629853495
	0.2396935114	-0.337353706	-0.3249556723	-0.3092794226	-0.324863946
	-0.3408899265	-0.3428107259	-0.3392884347	-0.3359114728	0.2776821147
	0.2708205599	0.2789411593	0.2890258536	0.2719295216	0.2882131684
	0.2794562515	0.2919211252	0.2526726778	0.255939075	0.2746419864
	0.2304072316	0.197229421	0.1555201848	0.182225673	0.2214813892
	-0.3312604442	-0.3224630347	-0.3124576756	-0.3353376933	-0.2711804402
	-0.3011988164	-0.2864578629	-0.2513517656	0.1083368768	0.05578042023
	0.1362522439	0.08444136737	-0.2335996503	-0.1623733324	-0.2104886916
	-0.1887219143	-0.02769386345	0.0006833709285	0.0295488581	-0.0553339739
	-0.1107009632	-0.1386672688	-0.08399383993	-0.009648288589	-0.00964894236
	-0.004824476506	-0.01576979448	-1.042325499e-06	8.622924572e-07	0.004828015695
	0.00482581531	0.01580885472	0.01579111654	0.009655396807	0.009661853242
	0.02194197873	0.0298011219	0.02973733152	0.02197298669	0.03766688556
	0.04763547078	0.04746841786	0.03757335841	0.0699745106	0.05766850472
	0.07032971144	0.05744820082	-0.02189177436	-0.0157731548	-0.02190210053
	-0.02963968447	0.083065724	0.09899075658	0.09836258062	0.08263639048
	0.1149149505	0.1344639694	0.1335651991	0.1142232501	-0.02966035204
	-0.03743689297	-0.04717215985	-0.03739268336	0.1528355319	0.1536992867
	0.1765316433	0.1756221169	-0.05696475658	-0.04724285201	-0.0570947748
	-0.06926117386	-0.08157415035	-0.06944573343	-0.08188157402	-0.09692419147
	0.198255965	0.2225718875	0.2223952063	0.1976456255	-0.09732401572
	-0.11286706	-0.1311237377	-0.1122552866	-0.1318572952	-0.1508311865
	-0.1722648943	-0.1498050812	0.2442572899	0.2660938342	0.2680231442
	0.2448677205	-0.1940489488	-0.1954424155	-0.1733853039	-0.2191750506
	-0.2425559866	-0.2204951428	-0.2438765446	-0.2676437673	-0.2893583907
	-0.3093591366	-0.2891818797	-0.2684946018	0.283073566	0.3023310435
	0.2864592693	0.2964664846	-0.3084302045	-0.3210585408	-0.3328495072
	-0.3237330701	-0.3268834181	-0.3272452031	-0.3283476054	-0.3343210081
	0.3106565408	0.3014456736	0.3129141817	0.3026891864	0.2899419208
	0.2916956475	0.2721298896	0.3056055094	0.2443998599	0.2070242459
	0.2645184014	0.2305724386	0.1886036803	0.1633292474	0.1399647302
	0.1125500046	-0.2983798123	-0.3174435716	-0.2867747263	-0.3119839832
	-0.2342250371	-0.2126929176	-0.2542912747	-0.2706712071	0.08643174761
	0.000926906035	0.02949390943	0.05818464503	-0.1904903299	-0.16578287
	-0.08589615004	-0.05680703316	-0.02847192038	-0.1126064437	-0.1403793757
	0.004824474454	-6.472221774e-07	0.004824807083	6.472059909e-07	-0.004824809104
	-8.621407211e-07	-0.004825817333	-0.009650989446	-0.009655401236	-0.01578049272
	0.009650985124	0.01578048534	0.01577314754	0.00964893807	0.02969470476
	0.02966033803	0.02191707123	0.0219020903	0.0374916061	0.0473481455
	0.03743687492	0.0472428289	0.06970091914	0.06944569896	0.0572427605
	0.05709474652	0.08188153345	0.08220988083	0.09784122136	0.0973239687
	-0.0219170816	-0.01579112409	-0.02194198934	-0.02969471903	0.1134814207
	0.1327395346	0.1318572388	0.1128670077	0.1517886719	0.1746067051
	0.1733852472	0.1508311288	-0.03749162449	-0.0297373461	-0.03757337725
	-0.04734816911	0.1965998188	0.2216869762	0.2204950931	0.195442363
	-0.05724278934	-0.04746844199	-0.05744823031	-0.06970095431	-0.06997454637
	-0.08263643211	-0.09784126877	-0.08220992199	0.2438764995	0.2446629452
	0.2687038496	0.2684945518	-0.1327395902	-0.09836262812	-0.1142233017
	-0.113481473	-0.1517887282	-0.1335652534	-0.1746067598	-0.152835586
	0.2893583403	0.2885850764	0.3060533183	0.3084301411	-0.1965998699
	-0.1976456751	-0.1756221694	-0.2216870259	-0.2223952559	-0.268703905
	-0.2446629924	-0.2448677709	-0.2864593346	-0.3060533903	-0.268023204
	-0.2885851335	0.3169944792	0.3214767318	0.3283475338	0.3210584778
	-0.3023311221	-0.321476812	-0.3106566212	-0.3169945501	-0.3129142695
	-0.3056055962	-0.3045778975	-0.3177488016	0.3177487243	0.3268833493
	0.3045778176	0.3174434998	0.2830493031	0.2513785813	0.2983797408
	0.2706711415	0.2127481286	0.2342249824	0.1904902976	0.1657191934
	0.1403793628	0.1141553885	0.05786155549	0.08589615451	-0.2899420078
	-0.251378648	-0.2645184836	-0.2830493817	-0.1886037305	-0.2127481836
	-0.1657192207	-0.2305725061	2.245154971e-09	-0.0578615486	-0.1399647556
	0.02847192849	-0.08643175596	-0.02949390447	-0.1141554009	0.01576866754
	0.009648284303	0.01576978727	1.042309785e-06	-0.004828017784	-1.09766186e-06
	-0.009661857842	-0.004831220853	-0.009672587841	-0.01580886247	0.02963967065
	0.02962531965	0.02188699198	0.02189176423	0.04717213713	0.04711484674
	0.0373926656	0.0373659811	0.06926114004	0.05687731242	0.06909881663
	0.05696472888	0.09692414504	0.09654999427	0.08157411052	0.08135177071
	0.1122552347	0.1311236812	0.1303950575	0.1117829941	-0.02197299753
	-0.01583095984	-0.02201945226	-0.02980113684	0.1498050226	0.1722648364
	0.1489544554	0.1710697589	0.1940488948	0.2191750005	0.2175964384
	0.1927766751	-0.03766690483	-0.02987427952	-0.03779717286	-0.04763549547
	0.2425559435	0.2676437209	0.2411003697	0.2662148568	-0.05766853472
	-0.04781519312	-0.05795558966	-0.07032974767	-0.07068856089	-0.08358510644
	-0.09899080359	-0.08306576576	0.3092793733	0.2883106353	0.30935908
	0.2891818368	-0.09957850181	-0.115670641	-0.1344640215	-0.114915001
	-0.1536993383	-0.1765316933	-0.1544736795	-0.1352069598	0.3248638989
	0.3237330161	0.3328494424	0.3359114147	-0.1982560131	-0.2225719381
	-0.1770585156	-0.1983975101	-0.2425125182	-0.2660939006	-0.2442573433
	-0.2220099441	-0.2964665722	-0.2776821946	-0.2830736382	-0.2629854199
	0.3343209479	0.3353376357	0.327245139	0.3392883805	-0.2890259466
	-0.2919212227	-0.301445771	-0.3026892751	-0.2882132721	-0.274642089
	-0.272129983	-0.2916957437	0.3224629762	0.3119839184	0.3011987575
	0.2867746641	0.2711803839	0.2542912177	0.2335996089	0.2126928817
	0.1657828511	0.1887218915	0.1386672681	0.1126064477	-0.0009268976809
	0.05680703912	0.02769387125	0.08399384779	-0.2526727752	-0.2070243123
	-0.2214814758	-0.2443999478	-0.08444139003	-0.1125500269	-0.1822257388
	-0.1362522902	-0.1633292985	-0.02954886446	-0.0581846559	0.02188542826
	0.02961872051	0.02961650045	1.331578903e-06	-0.004836568061	-1.396287837e-06
	-0.009686017831	-0.004843250343	-0.009706148604	-0.01586412098	0.04708020088
	0.04705597821	0.03733884349	0.03734744336	0.06898929051	0.06890003446
	0.05680626389	0.05676315431	0.09627830815	0.08102294375	0.0960383893
	0.08115550959	0.1298304901	0.129301074	0.111339477	0.1110176333
	0.148107097	0.1700762144	0.1690897266	0.1474519727	-0.02207282434
	-0.0159022668	-0.02214734942	-0.02997625054	0.191417417	0.2161528266
	0.2146176025	0.190291296	0.2393592807	0.2646346215	0.2627499231
	0.2377727314	-0.0379374228	-0.03008628119	-0.03812069074	-0.04804936552
	0.2868243191	0.308450983	0.2851723533	0.3069744001	-0.05824546713
	-0.04828652942	-0.05859694291	-0.07112213156	-0.07152816179	-0.08459972854
	-0.1002184803	-0.0840698956	0.3377224049	0.3242388262	0.324955633
	0.3373536536	-0.1168437667	-0.1358670913	-0.1007455037	-0.1162913538
	-0.1549114821	-0.1771633134	-0.136237531	-0.1549857344	0.344623805
	0.3428106776	0.3449824384	0.3408898746	-0.1766852301	-0.1978787465
	-0.1964496574	-0.2204188025	-0.2351917644	-0.2178529749	-0.2396935721
	-0.258026675	-0.2708206456	-0.2789412608	-0.251692193	-0.2614807895
	0.3312603918	0.3374322062	0.3124576218	0.3220551269	-0.2672169259
	-0.264044676	-0.2719296331	-0.2794563565	-0.2344412105	-0.2304073317
	-0.2539995725	-0.2559391855	0.2985180417	0.2513517209	0.2864578077
	0.2675580593	0.2104886616	0.1850274784	0.2291159158	0.1623733267
	0.08264914245	0.110700968	0.05533398469	0.1351552378	-0.0006833777833
	-0.05578043975	0.02735266187	-0.0267431524	-0.1709960367	-0.1555202492
	-0.2067539936	-0.1972295115	-0.1083369252	-0.1278688749	-0.0797327036
	0.03733598108	0.04704476293	0.04704095844	1.698266382e-06	-1.771783563e-06
	-0.00485328634	-0.009729359337	-0.004864855276	-0.009761799351	-0.01595557499
	0.06884572264	0.06880749404	0.05671887733	0.05673296532	0.0958757352
	0.09574254214	0.08091456402	0.08084845339	0.1289155429	0.1285741542
	0.1105390906	0.110732456	0.1683249645	0.1676075281	0.1468358881
	0.1463879268	0.189171243	0.2133437867	0.2120814549	0.1883053377
	-0.01601323064	-0.02233325895	-0.03023011898	-0.02222784715	0.2360847552
	0.2610306745	0.2346886134	0.2592073175	0.2831978679	0.3053100941
	0.3033095816	0.2813974583	-0.03830634185	-0.03037612601	-0.03853195192
	-0.04857399351	0.3228566737	0.3372266999	0.3360461048	0.321254392
	-0.04884360946	-0.05928552943	-0.07197107098	-0.05892574146	-0.07233516692
	-0.1012112252	-0.08541890181	-0.08503417265	0.3485121399	0.3451590832
	0.3453605528	0.3472916758	-0.1014653766	-0.1171776679	-0.1362861804
	-0.1171468013	-0.1545497036	-0.13589247	-0.1753947064	-0.1534102868
	0.3421605141	0.3344078511	0.3450112894	0.3289511867	-0.2137646872
	-0.1941526905	-0.1905063226	-0.173334979	-0.2085410961	-0.2294412129
	-0.2430728919	-0.2216107738	-0.2506170239	-0.2330279955	-0.2371451569
	-0.2527096148	0.3089517467	0.2804950506	0.2918298752	0.3165905595
	-0.2366831638	-0.2274449364	-0.2333530154	-0.2470551192	-0.211332416
	-0.1810997028	-0.1866788393	-0.2115559863	0.2462677109	0.2045591035
	0.2226742121	0.2600836349	0.1586770877	0.1321330481	0.1078077358
	0.1790804512	0.02984087666	0.001588842586	0.08097562475	0.05520299514
	-0.07043721212	-0.05063720989	-0.143751671	-0.09943559496	-0.1156660572
	-0.1544041203	-0.02215028075	0.06878358425	0.06878967158	0.0567141269
	2.158170885e-06	-2.240091015e-06	-0.00488103726	-0.009796918669	-0.00984295934
	-0.01608875853	-0.004898560966	0.0956610705	0.09560341732	0.08077995398
	0.08080182889	0.1283419797	0.1281512596	0.1102830508	0.1103802994
	0.1670846567	0.1666212607	0.145720042	0.145990256	0.2111043857
	0.2101890536	0.1874917373	0.186900101	0.233304546	0.257698784
	0.2562079144	0.2322362977	-0.01616554013	-0.02257060006	-0.03055356359
	-0.02244029498	0.2794875993	0.3014800192	0.2995386899	0.2779103048
	0.3193083393	0.3346050215	0.332810363	0.317517285	-0.03874346465
	-0.03072020847	-0.03897525437	-0.04913835922	0.3442713167	0.3487219975
	0.3482353786	0.3430632155	-0.04938054649	-0.05984114122	-0.07265608122
	-0.0595805364	-0.1014828302	-0.08563472091	-0.08562525546	-0.07282776071
	0.3402970995	0.3474491971	0.346782168	0.3378944472	-0.1159527604
	-0.1011752626	-0.134880378	-0.1168283489	-0.1515985733	-0.1332824193
	-0.1487438327	-0.1700742068	0.322804096	0.3002706279	0.3072865312
	0.3269373305	-0.201438194	-0.1795272325	-0.1858509563	-0.165916016
	-0.2124902002	-0.1931607793	-0.2011835515	-0.2205815572	-0.2068258364
	-0.2222697023	-0.2050880748	-0.2181887503	0.2723229283	0.237387354
	0.2815541722	0.2505346173	-0.1873863276	-0.1984541899	-0.1837770919
	-0.2065326916	-0.1340392495	-0.1607794878	-0.162450109	-0.1268551723
	0.1732547352	0.213696362	0.1533508141	0.1981292699	0.05608303133
	0.1060090255	0.08164780883	0.1279314712	-0.09870623911	0.03286238753
	-0.04198480604	-0.01349070866	0.006336906798	-0.08698141454	-0.05880621638
	0.09556712523	0.09557639844	0.08077249931	2.72829778e-06	-0.004921539621
	-2.817196056e-06	-0.009889767789	-0.009946824292	-0.01625902394	-0.004944912196
	0.128034227	0.1279511412	0.1101816614	0.1102141138	0.1663058225
	0.1660464364	0.1453611574	0.1454976286	0.2095228575	0.186018282
	0.2089330753	0.1863750567	0.2550573594	0.253982312	0.2312352452
	0.2305085326	0.2763519848	0.2979347419	0.2963523362	0.2751520817
	-0.01634687858	-0.0228272028	-0.03090276085	-0.02269294179	0.3156118143
	0.3311399416	0.3140355251	0.3293497899	0.3414992506	0.3473597875
	0.3461182775	0.3400103465	-0.03916541905	-0.03105274188	-0.03933330896
	-0.04959391148	0.3474219156	0.3414990164	0.3469183068	0.3419971423
	-0.07283160828	-0.04970667151	-0.05998012114	-0.05997897465	-0.0726045815
	-0.1004119528	-0.08537005766	-0.08472404296	0.3158323461	0.3317289979
	0.329989249	0.3121053274	-0.1124128315	-0.09921594398	-0.1307691106
	-0.1145736101	-0.1451048899	-0.1401747477	-0.1602741641	-0.127569691
	0.2893600641	0.2605589536	0.2691434219	0.2948412166	-0.1630417607
	-0.1721609375	-0.1537027223	-0.1829102331	-0.1715868094	-0.1886973761
	-0.1909537222	-0.1742889204	-0.1668685011	-0.1867745879	-0.1740349357
	-0.1770003405	0.2277128655	0.2044217708	0.2384815771	0.1896151358
	-0.160107285	-0.1357015193	-0.1367224653	-0.1546964803	-0.1104747016
	-0.07992993454	-0.1067345043	-0.07105681116	0.1253398175	0.1656333659
	0.1485897565	0.1041145566	0.08157465068	0.05876544663	0.0130813993
	-0.004235566754	-0.04336254588	0.03905372007	-0.03057450351	0.127898652
	0.1101705112	0.1279120915	3.423862102e-06	-0.004973401284	-3.51543037e-06
	-0.01000041297	-0.01644328526	-0.005000170956	-0.01005930679	0.1658871304
	0.1657739149	0.1452184247	0.1452641376	0.2085320922	0.2082026532
	0.1855444052	0.1857245725	0.2532021046	0.2294284432	0.2525130595
	0.2298649712	0.29513441	0.2939992872	0.2740313867	0.2732200165
	0.3124795988	0.3278636537	0.3263937372	0.3112828565	-0.01652245287
	-0.02303471897	-0.03118498009	-0.02293737945	0.3383969555	0.3448884156
	0.34352276	0.3370470309	0.3460439916	0.3419246297	0.3414672218
	0.3451031198	-0.03942140995	-0.03125437056	-0.03942031978	-0.0497060343
	0.3327595829	0.3181310491	0.3197045895	0.3331151464	-0.05933665314
	-0.04954881327	-0.07205319712	-0.05979111069	-0.0821338867	-0.0711929173
	-0.09734366329	-0.08371273709	0.3020461847	0.2802791074	0.2992186983
	0.2752745608	-0.1059415928	-0.09496246327	-0.1232374852	-0.1096618603
	-0.1344320548	-0.1181924777	-0.1273318306	-0.145573109	0.2477988232
	0.215876338	0.2258543758	0.25453007	-0.1585322287	-0.1529721506
	-0.1365956377	-0.1413662421	-0.1422960274	-0.1589459655	-0.1446321743
	-0.1556673491	-0.1317322633	-0.1366142135	-0.1249517516	-0.1462061861
	0.1811367925	0.1589506438	0.1429184066	0.1931805258	-0.08650525595
	-0.08473978269	-0.1108449667	-0.1083730827	-0.02811561847	-0.0590244537
	-0.01753044269	-0.05311078851	0.1211069457	0.06196187526	0.08367922498
	0.1031799273	0.007718505938	0.02152151943	0.04424933113	0.1657023278
	0.165720671	0.1452026218	4.251021475e-06	-0.005029586799	-4.33958714e-06
	-0.01010760243	-0.005053718233	-0.01015034707	-0.0165923661	0.2080005506
	0.2078570257	0.1853558866	0.1854162075	0.2520458308	0.2516628016
	0.2288499402	0.2290696137	0.293177997	0.2924546264	0.2720190239
	0.2725036031	0.3252619407	0.3242073918	0.3101675731	0.3093618959
	0.3357061674	0.3423646494	0.341203264	0.3346708541	-0.0166288767
	-0.02308447926	-0.03125302313	-0.02308555453	0.3440159026	0.3408568002
	0.3430699614	0.3400825883	0.3330738766	0.3204964794	0.3208720169
	0.3327875291	-0.03929491348	-0.03115346416	-0.03899583661	-0.04917157997
	0.3041318992	0.2836129927	0.3053284783	0.2861809441	-0.0485840563
	-0.05752255716	-0.06985007075	-0.05862749577	-0.09174260907	-0.07741102154
	-0.06814260585	-0.08012494017	0.2639056328	0.2601128592	0.2392292564
	0.2331311236	-0.09625324845	-0.08799233991	-0.1119563742	-0.1016075327
	-0.1194905039	-0.1050695689	-0.1104609451	-0.1262537695	0.2037386693
	0.1824666696	0.171462028	0.2114826882	-0.1290147973	-0.1156295128
	-0.1152487247	-0.1295618023	-0.1139557015	-0.117041875	-0.1250456865
	-0.1073399834	-0.1033704929	-0.08229877999	-0.09718990139	-0.08553619923
	0.1017398924	0.1182820069	0.1503373061	0.1375097885	-0.06278960972
	-0.03965472246	-0.06222712999	-0.03508561531	-0.003704149608	-0.01173209985
	0.05114708354	0.01783093896	0.06581788208	0.08376654524	0.03000341376
	0.20776638	0.1853349392	0.2077896014	5.19178293e-06	-0.005075069458
	-5.289445712e-06	-0.01017257572	-0.005086177065	-0.01017207387	-0.01662799948
	0.2514283856	0.2512622257	0.2286204359	0.2286937259	0.2919655972
	0.2915657263	0.2716216475	0.2713790783	0.3234454069	0.3227752207
	0.3081735769	0.3086523036	0.3403012363	0.3394558528	0.3337043937
	0.3330056879	0.3421069901	0.3393755924	0.3386332057	0.3413507647
	-0.02283559238	-0.03091619385	-0.02301070047	-0.01657483436	0.3323210998
	0.32091012	0.3207471142	0.3318457433	0.3060898243	0.2877560558
	0.2888725979	0.3064237675	-0.03852966171	-0.03054673374	-0.03780416413
	-0.04766849386	0.2434316856	0.2669090194	0.2468170126	0.2688206567
	-0.05421858215	-0.04650409869	-0.06583565769	-0.05611667836	-0.08335904564
	-0.0631476961	-0.07034282413	-0.0742483294	0.2180292527	0.1974810273
	0.2225808234	0.1905848735	-0.07824070401	-0.09714021166	-0.08353010557
	-0.09033804216	-0.1008523295	-0.1033279785	-0.08870329405	-0.09044877174
	0.1312576871	0.1427341992	0.1700474228	0.1616665268	-0.1017768965
	-0.09795246507	-0.09099527022	-0.08758118204	-0.07783311761	-0.07193487295
	-0.089404841	-0.08175416972	-0.05860800608	-0.04167044388	-0.06134629896
	-0.04191570615	0.08492469103	0.1002359363	0.06876050708	0.1131669085
	-0.0176642385	0.05528075908	0.008857743509	0.001708494706	0.03826142222
	-0.02111953408	0.02837868963	0.2511843341	0.2511575388	0.2285949057
	6.181368758e-06	-0.005085908945	-6.374143851e-06	-0.01013946721	-0.005069613866
	-0.01006237524	-0.01644866447	0.2913216786	0.2911490849	0.2711263267
	0.27120685	0.3223230242	0.3219539297	0.3077819344	0.3075435023
	0.3388428312	0.3319756698	0.3383023948	0.332390489	0.3380386828
	0.3374695191	0.3406369446	0.3401165745	0.3313173087	0.3204999439
	0.3201794836	0.3308779578	-0.02997159825	-0.02256258053	-0.01625206914
	-0.02213808527	0.3065372017	0.2894775323	0.3064952416	0.2898404662
	0.2702518503	0.2490231627	0.2507253829	0.2710935294	-0.0292398476
	-0.03563463528	-0.04493166801	-0.03688079146	0.226294771	0.2062850618
	0.2023129562	0.2287500399	-0.04309879303	-0.05982781909	-0.04927380242
	-0.05200574631	-0.05615890518	-0.06105986081	-0.07234931288	-0.06602633953
	0.1585521172	0.1822405541	0.1512573537	0.1772049201	-0.06607971238
	-0.06844277468	-0.07628414313	-0.07956922218	-0.07836282995	-0.06866911474
	-0.07012292512	-0.07968671297	0.09764033815	0.1089229179	0.1331627952
	0.1246345243	-0.07322244524	-0.06559196756	-0.05925958219	-0.0659903579
	-0.05036624251	-0.04080056066	-0.05460557189	-0.03856896875	-0.003031094265
	-0.02351196699	-0.02303383464	-0.00642671382	0.04464394105	0.07091180724
	0.08321345203	0.05957982825	0.01409507101	0.02006290837	0.03535309228
	0.2910406497	0.2910683732	0.2710982352	7.096520508e-06	-0.005031038382
	-7.610161972e-06	-0.009942033477	-0.004970903152	-0.009755110642	-0.01594628027
	0.321729126	0.3215704234	0.3072957683	0.3073745405	0.3379372987
	0.337639085	0.3316366992	0.3314305408	0.3370504453	0.339344068
	0.336676835	0.3396560054	0.3198907976	0.3195933815	0.33044745
	0.330124744	0.306361894	0.2899831423	0.2900157868	0.3062072558
	-0.02159753053	-0.01555704289	-0.02086829625	-0.02825202372	0.2716740166
	0.2517703234	0.2525348099	0.2719756619	0.2306827853	0.2089399672
	0.2110541329	0.2318981286	-0.02710016435	-0.04083545067	-0.03238723831
	-0.034181258	0.163710042	0.1892138121	0.167994713	0.186409748
	-0.03833315633	-0.04277824139	-0.05193665598	-0.04625313653	-0.0474421147
	-0.05929404351	-0.05005172579	-0.05577218888	0.1404882588	0.1173368431
	0.1245712784	0.1456785006	-0.05227660644	-0.0604532388	-0.05203244854
	-0.06033146671	-0.04671548766	-0.05753291671	-0.0506833552	-0.0531790388
	0.08180774272	0.07134704029	0.09414664675	0.1023068924	-0.04089214807
	-0.04543048992	-0.03265287686	-0.03591975365	-0.02301632229	-0.02191864667
	-0.008319313663	-0.009357284353	0.06046122682	0.009283392812	0.04939487802
	0.006045291057	0.02835872312	0.04145562105	0.02236532867	0.3214709375
	0.3072683002	0.3214963484	7.799294671e-06	-0.004877381471	-8.907670565e-06
	-0.00951691289	-0.004758359136	-0.00919572658	-0.01503173896	0.3374574276
	0.3373291901	0.3312167313	0.3312846747	0.3364223132	0.3362130973
	0.339088607	0.3389328168	0.3193630654	0.3191502944	0.329633333
	0.3298336507	0.289979932	0.2899047867	0.3060284616	0.3058796733
	0.2721513121	0.2529706125	0.2532651445	0.272216572	-0.02001745916
	-0.01441904752	-0.01896740979	-0.02567800387	0.2328175411	0.2124053705
	0.2333648246	0.213446356	0.1732391665	0.1929235754	0.1914686913
	0.1708951109	-0.02410515622	-0.02812050529	-0.03545389759	-0.0304028912
	0.1340161982	0.1297156939	0.15295136	0.1500101782	-0.03507453066
	-0.0323881281	-0.04257845987	-0.03907745138	-0.03754811051	-0.0380803109
	-0.04509575967	-0.04413343761	0.1093408124	0.1143492783	0.09637755684
	0.08963032188	-0.03550552139	-0.04119439314	-0.03784210933	-0.04364619269
	-0.03601088294	-0.0318086826	-0.02954503314	-0.02613089673	0.06097345875
	0.07030773341	0.05178240536	0.07767672476	-0.009422076067	-0.02027775213
	-0.01856084744	-0.009630650244	0.00197441128	0.01800194484	0.00354735808
	0.01428752795	0.03437410429	0.04384641722	0.02897719389	0.3372693551
	0.3372488349	0.3311930942	8.247691208e-06	-0.004597678576	-9.797229278e-06
	-0.00882083117	-0.004410340023	-0.008358263796	-0.0136626687	0.3360850281
	0.3359942819	0.338771065	0.3388225549	0.3190014064	0.3188765403
	0.3294675836	0.3293654508	0.289827319	0.2897436659	0.305632433
	0.305736246	0.253414464	0.2535003158	0.2722299794	0.2722127004
	0.2337586688	0.2140819916	0.214553301	0.2339773005	-0.01780558178
	-0.01282593799	-0.01646947777	-0.02229560298	0.175964835	0.194763986
	0.1940599962	0.1747645434	0.1569057557	0.1553426755	0.1369496903
	0.1393407929	-0.02036841101	-0.02907097228	-0.02305955004	-0.02568906633
	0.1011951302	0.1052407383	0.1214216956	0.1185503713	-0.02669669777
	-0.02563965276	-0.03240163724	-0.03093231767	-0.02720322447	-0.02602862467
	-0.03080013706	-0.03196363328	0.07381547481	0.08404369162	0.08859545164
	0.06786059884	-0.02745309782	-0.02002648685	-0.02314774463	-0.02383742833
	-0.008190937212	-0.01657021455	-0.01477017505	-0.008929782303	0.04534823379
	0.03763560356	0.05228051615	0.05860604648	0.000824481129	0.01162902701
	0.009348142199	0.0001583661467	0.02414266696	0.02048846717	0.03192071182
	0.3387532091	0.3359518156	0.3359372236	8.524063935e-06	-0.004178993742
	-9.3158991e-06	-0.007846317612	-0.003923106927	-0.00725769345	-0.01186336829
	0.3187988758	0.3187431664	0.3292585662	0.3292927878	0.2896788902
	0.2896207198	0.3055435825	0.3054871796	0.2535324385	0.2721477812
	0.2535405433	0.2721798546	0.2148264989	0.2150191374	0.2341233528
	0.2341959436	0.1952966774	0.1767170512	0.1772923785	0.1956124925
	-0.01504575871	-0.01083808859	-0.01350633023	-0.0182833633	0.1421640513
	0.1581452983	0.1409128151	0.1589270714	0.1102918173	0.1253221865
	0.123772392	0.1080158425	-0.02212949727	-0.01755547928	-0.016126348
	-0.02033795488	0.09242771607	0.07808141913	0.08167736041	0.09506128984
	-0.02215779664	-0.01858388583	-0.01826405239	-0.02241622295	-0.01741570687
	-0.01717008191	-0.01474807277	-0.02015889771	0.05615296922	0.06408169247
	0.06800989622	0.05113726373	-0.01284337485	-0.006552088931	-0.0112069428
	-0.007429655426	-0.0002867035539	-0.0005069704391	0.007715934529	0.006285629249
	0.03371325132	0.01464941938	0.02334106371	0.04405671918	0.0388503109
	0.01716731859	0.02748061577	0.329246719	0.3187168326	0.3187077234
	7.256074715e-06	-0.003628642115	-1.067923974e-05	-0.003315113116	-0.006630284723
	-0.00595208912	-0.009728845706	0.2895826501	0.2895543099	0.3054266376
	0.3054463034	0.2535350535	0.2535235633	0.2721156136	0.2720927481
	0.2342541241	0.2151914536	0.2342379822	0.2151233888	0.1959714467
	0.1776390661	0.1778953966	0.1958423276	0.1598984224	0.1595311327
	0.1429590187	0.1435764722	-0.01191264645	-0.008581338598	-0.01028360666
	-0.01391984822	0.1130089314	0.1265625783	0.1117992917	0.1273537022
	0.09722878068	0.0841557676	0.09866805043	0.08619922336	-0.01169109797
	-0.01201571165	-0.01474317133	-0.01514306338	0.07132770173	0.05975666111
	0.07361906943	0.06280470103	-0.0117419487	-0.01037360368	-0.01257138301
	-0.01415766557	-0.009515984689	-0.005769378393	-0.004935713434	-0.008126403943
	0.04246491239	0.04857119099	0.03839834156	0.05181985725	-0.000643319608
	0.004311217443	-0.0006197378844	0.005248007983	0.0105269034	0.01231392153
	0.0201235358	0.02500589455	0.01707507224	0.02884453568	0.03298561255
	0.3054197953	0.289535649	0.2895405126	5.533450637e-06	-0.002975680336
	-1.244615147e-05	-0.005249758514	-0.002624871174	-0.004532073392	-0.007407396164
	0.2535130245	0.2535036096	0.2720658987	0.2720749963	0.2342591226
	0.2342597472	0.2152244526	0.2152430891	0.1780428965	0.178147033
	0.1961066776	0.1960604241	0.1603341809	0.1442416173	0.1439554775
	0.1601737301	0.1279724655	0.1137849305	0.1143940374	0.1283542445
	-0.008636831186	-0.006221794251	-0.007040028795	-0.009528259808	0.08866225746
	0.09982823373	0.08756142245	0.1005750325	0.07551379182	0.064914663
	0.06666294944	0.0767803456	-0.008606643336	-0.00931821428	-0.006833022494
	-0.007390606179	0.05457178349	0.04539447326	0.05648102806	0.04787998807
	-0.005576683225	-0.003513194977	-0.006714965945	-0.004234781247	0.002970387537
	0.003617095315	-0.0006177201998	-0.0005670454186	0.03917693479	0.03658197289
	0.03187554955	0.02868079188	0.01240640091	0.007524623336	0.008833758202
	0.01469598115	0.0213216677	0.01841617073	0.02452090572	0.2534984368
	0.2720626426	0.253496483	4.340534797e-06	-0.002265569134	-1.266589035e-05
	-0.003806350776	-0.001903188061	-0.003102864624	-0.005071078996	0.2342565876
	0.215250222	0.2152528978	0.2342544296	0.1961489917	0.1782032654
	0.1782401246	0.1961358157	0.1604496282	0.1444104796	0.144533192
	0.1605131192	0.1147726059	0.1150623235	0.1286450205	0.1288177879
	0.1015326433	0.1011646084	0.0893744154	0.08993855179	-0.003934025174
	-0.005420084898	-0.004005767554	-0.005460617971	0.07780792998	0.06783543776
	0.06878935544	0.07847511013	0.05806676357	0.04960751335	0.05104549761
	0.05913344331	-0.002328049272	-0.004430289993	-0.003516082408	-0.00292438715
	0.04138111276	0.03418255694	0.0429165767	0.03614521313	-0.000495140337
	0.00248085229	0.00201227414	-0.0004251482704	0.005276031941	0.008861271412
	0.01061141104	0.006261251894	0.02931540614	0.0236596154	0.02730324229
	0.01559446508	0.01799853092	0.01336682254	0.02121944048	0.215253102
	0.2342534985	0.2152532106	3.5551811e-06	-0.001550981928	-1.060086648e-05
	-0.0024068702	-0.001203470153	-0.001765925531	-0.002885699784	0.1782579699
	0.1782679839	0.1961579865	0.19615586	0.160577149	0.1446018427
	0.1446487291	0.1605558859	0.1152360542	0.1153645246	0.1289447427
	0.129016387	0.1019873683	0.09029294314	0.1018163272	0.09056730772
	0.07900633209	0.06941140583	0.0699084894	0.07934156542	-0.001873031291
	-0.001368633885	-0.001849456102	-0.002599159205	0.06000421168	0.05201535083
	0.05280941822	0.06057425151	0.04419710808	0.03751428916	0.03865855198
	0.04506339267	-0.0003465715898	0.001299464346	-0.0002792878822	0.001651589196
	0.03102870189	0.02542532769	0.03222635811	0.02693089092	0.007484545874
	0.006129025047	0.004311940755	0.003555933895	0.01544496395	0.009456395857
	0.01293369769	0.01725571187	0.01118224707	0.0216083524	0.02009177385
	0.1782716308	0.1782726443	0.1961584789	2.747593897e-06	-0.0008826343692
	-7.092175729e-06	-0.0005731330104	-0.001146144707	-0.0006040334224	-0.00098646988
	0.1446726282	0.1446868758	0.1605942573	0.1605895762	0.1290915782
	0.1154378868	0.115489122	0.1290660153	0.09073404268	0.09085910946
	0.1021149674	0.1021883051	0.07022393435	0.07047082682	0.07960277036
	0.07976237505	0.0610318293	0.05333113435	0.05375149982	0.0613236002
	0.001025488309	-0.0001514428714	0.0007545769038	-0.0002088373886	0.04577462583
	0.03943423353	0.04007291785	0.04624374105	0.03322879061	0.02798437909
	0.02886787409	0.03391024259	0.004002003717	0.002809070437	0.005060851638
	0.002221776564	0.02380931028	0.01856813995	0.01968915924	0.02290227034
	0.01094459301	0.00640460228	0.008976392857	0.00775144892	0.01446004071
	0.01224215493	0.01556743139	0.1446941653	0.1446924836	0.1605956028
	1.682223536e-06	-3.633228985e-06	-0.0003018486344	-9.306464782e-05	-4.662035601e-05
	0.0003313742583	0.0005425814236	0.1155159341	0.115532377	0.1291132401
	0.1291070887	0.1022673476	0.09093170345	0.09098328149	0.1022400696
	0.07062273738	0.07073818851	0.07988303041	0.07995349633	0.0616953765
	0.05402080879	0.06155326832	0.05423376133	0.04662314252	0.04049537979
	0.04083829143	0.04686736817	0.002336341715	0.001178739445	0.003167336602
	0.001638085125	0.03447253214	0.02946937386	0.03484580047	0.02996697303
	0.02113677789	0.02047554323	0.02509044178	0.02457076845	0.005067222339
	0.005871789553	0.00741929305	0.004011574982	0.008304307579	0.01717842337
	0.01398912709	0.01651367186	0.01004449824	0.01318382136	0.01082022008
	0.1155411323	0.1291150929	0.1155390673	5.675944233e-07	-1.170951738e-06
	0.0001657162082	0.0007205836967	0.001028228133	0.001681709371	0.0003601794549
	0.09101080592	0.09102802828	0.1022911961	0.102284283	0.07080618933
	0.07085524178	0.08000402336	0.08003115428	0.05436630003	0.06186856859
	0.05446824999	0.06180412231	0.04123664203	0.04706140746	0.04105984939
	0.04718284191	0.03514965641	0.03029798447	0.0305683134	0.03534684229
	0.004649354863	0.00213068016	0.003430881219	0.002959809301	0.02580829709
	0.02196359818	0.02552099874	0.02158852234	0.01812062227	0.01503195243
	0.01773774782	0.01455513242	0.008947190875	0.009497366226	0.0119505896
	0.006573523469	0.01148372301	0.005205659559	0.007083550845	0.09103744899
	0.09103519557	0.1022933339	-2.795045691e-07	0.0005140504524	1.853580124e-07
	0.001302877482	0.001510465617	0.002470004405	0.0006513100381	0.07088185848
	0.07089879354	0.08005546206	0.08004830565	0.05452909453	0.05457357978
	0.0619154265	0.0619410049	0.04134779196	0.04143419506	0.04727678327
	0.04733318259	0.03550476164	0.03074421485	0.03560455028	0.03088563136
	0.02619696015	0.02221422988	0.02604340194	0.02241987955	0.002765919908
	0.005610063775	0.004140538866	0.003841738293	0.0156304669	0.01535857262
	0.01843882329	0.01865198401	0.01234401792	0.005956233791	0.007827497057
	0.009884608963	0.01261392999	0.007520020203	0.01021120879	0.07090596953
	0.08005771874	0.0709082583	-7.448775929e-07	0.0007551204513	7.589554873e-07
	0.00169147303	0.002981175417	0.0008456016482	0.001823191934	0.06196439665
	0.05459806836	0.05461387215	0.06195742083	0.04148635007	0.04152492305
	0.04737468364	0.04739766161	0.03104558234	0.0356824559	0.03572974097
	0.03097528543	0.02266323745	0.02255443783	0.02632072352	0.02639953161
	0.0189420462	0.01882710851	0.01581276941	0.01596285492	0.0045765776
	0.003165402624	0.006200151308	0.004396261264	0.01043536675	0.0106222746
	0.0128387279	0.01298975039	0.008265028325	0.008086826473	0.006405971068
	0.05462286189	0.06196662932	0.05462066873	-9.032880041e-07	0.0009114657911
	9.048808326e-07	0.001935880891	0.0009678082478	0.002015413217	0.003295331258
	0.04154641464	0.0415604482	0.04741903461	0.04741259196	0.03576487829
	0.03578456335	0.03108841075	0.03112038206	0.0227874548	0.02649944274
	0.02273266137	0.02646150215	0.01903511931	0.01606146218	0.01909472509
	0.01614151561	0.01085155772	0.01319609921	0.01074790598	0.0131141611
	0.004728686463	0.006665490978	0.004833344599	0.008513663807	0.008413626411
	0.006547439379	0.003404953333	0.04156854557	0.047421119	0.0415665561
	-8.820595349e-07	0.001007576391	8.600307868e-07	0.002082472468	0.001041112405
	0.002128671593	0.003480392478	0.03579747884	0.03580312322	0.03113836901
	0.03115022455	0.02282107761	0.02284635539	0.02652785091	0.02654391608
	0.01619283991	0.01914184345	0.01623353525	0.0191708788	0.01326266282
	0.01091985945	0.01330546466	0.01097545272	0.003543341957	0.008650702612
	0.008596205025	0.006810643118	0.004979514917	0.006744985466	0.0049206465
	0.0311554334	0.03580496264	0.03115714251	-7.80931683e-07	0.001064213822
	7.478697845e-07	0.002167185775	0.001083479848	0.002193200501	0.003585795732
	0.02655922154	0.02286068323	0.02287019448	0.02655453348	0.01625863791
	0.0162776046	0.01919273867	0.01920518929	0.0110112145	0.0110396528
	0.01333941897	0.01336043875	0.005060261119	0.006854001593	0.006889339528
	0.008723660409	0.00362086163	0.008695057947	0.005028112258	0.02656075598
	0.02287579262	0.02287440381	-6.57268218e-07	0.00109648905	6.231683398e-07
	0.002214659452	0.001107227364	0.002228886118	0.003644059701	0.0192171419
	0.01628841438	0.01629562671	0.01921346003	0.01337632098	0.01105725874
	0.01338541395	0.01107060281	0.006912125837	0.008746396404	0.008760516219
	0.003662968535	0.005103364055	0.005086443157	0.006930272591	0.01629883602
	0.01921834939	0.016299899	-5.379021405e-07	5.073426517e-07	0.001114342069
	0.002240460127	0.0011201367	0.002247960284	0.003675185618	0.0133941883
	0.01107823733	0.01108334732	0.01339147357	0.00694153568	0.008777348094
	0.006950085226	0.008771205645	0.005116822382	0.005125201252	0.00368491597
	0.0110863879	0.01108563015	0.01339507846	-4.330506547e-07	4.073522952e-07
	0.001123887342	0.002253916612	0.002257637385	0.003690968281	0.001126871534
	0.006954989707	0.008783292779	0.008781447222	0.003695562079	0.006958276994
	0.005131546451	0.005135203399	0.008783896369	0.006960238717	0.006959749803
	-3.451685562e-07	3.241960554e-07	0.00112873159	0.005138745581	0.001131822388
	0.002263648778	0.003701030764	0.002260448198	0.001130141412	0.003698203403
	0.00226207565	0.003700767769	0.002263805645	0.005137642401	0.00369997281
	0.00513910397	-1.516317025e-07	0.00113174204	2.02231547e-07	-2.734391114e-07
	0.001131497198	0.001130954056	0.00226315592	-1.146630113e-07	2.565565745e-07
	
