5000	
	7.000313251e-05	7.000158362e-05	6.930955519e-05	6.910571979e-05	6.862022337e-05
	6.799530134e-05	6.811321219e-05	6.705953756e-05	6.781745865e-05	6.644616959e-05
	6.769924687e-05	6.61357003e-05	6.770781397e-05	6.605598241e-05	6.779520507e-05
	6.612965678e-05	6.792328285e-05	6.629186519e-05	6.806488355e-05	6.649400958e-05
	6.8202406e-05	6.670286764e-05	6.832560821e-05	6.689766347e-05	6.84293926e-05
	6.706682336e-05	6.851194825e-05	6.720499991e-05	6.857335216e-05	6.731070256e-05
	6.861460688e-05	6.738456544e-05	6.863703307e-05	6.742819024e-05	6.864192583e-05
	6.744343946e-05	6.863039456e-05	6.743205812e-05	6.860332355e-05	6.739551793e-05
	6.856140162e-05	6.733500221e-05	6.850518057e-05	6.725147002e-05	6.843514369e-05
	6.714576065e-05	6.835178652e-05	6.70187228e-05	6.825571536e-05	6.68713653e-05
	6.814776167e-05	6.670502711e-05	6.802910744e-05	6.65215612e-05	6.790141666e-05
	6.632352599e-05	6.776696781e-05	6.611437676e-05	6.76287808e-05	6.589864725e-05
	6.749072842e-05	6.568210851e-05	6.735761902e-05	6.547188748e-05	6.723523203e-05
	6.527652245e-05	6.713028406e-05	6.510592725e-05	6.705029911e-05	6.497123244e-05
	6.700335781e-05	6.488447316e-05	6.699770246e-05	6.485809683e-05	6.704119007e-05
	6.490427409e-05	6.714058878e-05	6.503400142e-05	6.730075582e-05	6.525600718e-05
	6.752371313e-05	6.557547438e-05	6.780775722e-05	6.599266006e-05	6.814658213e-05
	6.650145904e-05	6.852877372e-05	6.708813427e-05	6.893727019e-05	6.773020751e-05
	6.934974434e-05	6.839589022e-05	6.973781631e-05	6.904362035e-05	7.006788993e-05
	6.962219927e-05	7.030502547e-05	7.007437862e-05	7.035716049e-05	7.035690396e-05
	6.906572094e-05	6.923246651e-05	6.765131432e-05	6.759916291e-05	6.618153285e-05
	6.60940372e-05	6.494665637e-05	6.468181195e-05	6.411547432e-05	6.360295391e-05
	6.367151658e-05	6.293239052e-05	6.352971158e-05	6.261890868e-05	6.359419499e-05
	6.256994246e-05	6.378193202e-05	6.26933096e-05	6.402899001e-05	6.291268344e-05
	6.429026649e-05	6.317105832e-05	6.453641157e-05	6.342917901e-05	6.475006714e-05
	6.366215032e-05	6.492226692e-05	6.38556895e-05	6.504945581e-05	6.40027534e-05
	6.513124116e-05	6.410083721e-05	6.516884344e-05	6.415000719e-05	6.516412204e-05
	6.41515909e-05	6.511903465e-05	6.410739227e-05	6.50353982e-05	6.401929103e-05
	6.491484706e-05	6.388910476e-05	6.475891456e-05	6.371862117e-05	6.456919045e-05
	6.350973673e-05	6.434752608e-05	6.326466009e-05	6.409626881e-05	6.298615348e-05
	6.381851248e-05	6.26777931e-05	6.35183518e-05	6.234423254e-05	6.320112844e-05
	6.199145439e-05	6.287365399e-05	6.162699369e-05	6.254439249e-05	6.126011562e-05
	6.222358186e-05	6.090192742e-05	6.192327179e-05	6.056540383e-05	6.165725405e-05
	6.026530557e-05	6.144086291e-05	6.001797333e-05	6.129062454e-05	5.98409826e-05
	6.122373802e-05	5.975264789e-05	6.125736747e-05	5.977136075e-05	6.140772948e-05
	5.99147439e-05	6.168894164e-05	6.019858532e-05	6.21116242e-05	6.063551872e-05
	6.268119483e-05	6.123338096e-05	6.339593105e-05	6.19932393e-05	6.424469372e-05
	6.290700173e-05	6.520473235e-05	6.395482358e-05	6.623918898e-05	6.510221054e-05
	6.72959571e-05	6.629794562e-05	6.830642544e-05	6.747273733e-05	6.919224021e-05
	6.854453873e-05	6.987515532e-05	6.943075966e-05	7.030548476e-05	7.007902593e-05
	6.774052974e-05	6.832761016e-05	6.592034825e-05	6.581178823e-05	6.456937321e-05
	6.446064929e-05	6.330410016e-05	6.329623218e-05	6.227250783e-05	6.221375458e-05
	6.158501658e-05	6.137715213e-05	6.122800007e-05	6.08548971e-05	6.112932191e-05
	6.061485313e-05	6.120545053e-05	6.058521874e-05	6.138282482e-05	6.069066245e-05
	6.160437591e-05	6.086765536e-05	6.182958636e-05	6.106834129e-05	6.203187627e-05
	6.12596175e-05	6.219524944e-05	6.142030693e-05	6.2311101e-05	6.153799994e-05
	6.237560027e-05	6.160623468e-05	6.23877582e-05	6.162230076e-05	6.234813184e-05
	6.158569139e-05	6.22580459e-05	6.149712041e-05	6.211919811e-05	6.135797606e-05
	6.193353083e-05	6.117008827e-05	6.170327751e-05	6.093570676e-05	6.143111831e-05
	6.06576132e-05	6.112039877e-05	6.033931186e-05	6.077537854e-05	5.998525906e-05
	6.040148519e-05	5.96011013e-05	6.000555178e-05	5.919389764e-05	5.959601839e-05
	5.877230524e-05	5.918307897e-05	5.834670856e-05	5.87787555e-05	5.792927533e-05
	5.839688403e-05	5.753392528e-05	5.805300095e-05	5.717620291e-05	5.776412236e-05
	5.687305097e-05	5.754841388e-05	5.664248635e-05	5.742474905e-05	5.650318153e-05
	5.741215273e-05	5.647395228e-05	5.752911325e-05	5.657314073e-05	5.779273686e-05
	5.681786941e-05	5.821768454e-05	5.722311292e-05	5.88148334e-05	5.780052159e-05
	5.958954035e-05	5.855688688e-05	6.053949156e-05	5.949218467e-05	6.165197345e-05
	6.059707765e-05	6.290096165e-05	6.185009008e-05	6.424392916e-05	6.321460009e-05
	6.562082939e-05	6.46373744e-05	6.695575113e-05	6.605019978e-05	6.81721979e-05
	6.738220253e-05	6.92172848e-05	6.85837252e-05	7.008038757e-05	6.965622405e-05
	6.636287922e-05	6.74505986e-05	6.402429458e-05	6.396345154e-05	6.304303676e-05
	6.272932007e-05	6.223387612e-05	6.21180905e-05	6.136867991e-05	6.141924707e-05
	6.06134994e-05	6.0660478e-05	6.009038815e-05	6.003317015e-05	5.980822371e-05
	5.962257776e-05	5.971812696e-05	5.941754236e-05	5.975660835e-05	5.9366457e-05
	5.986614346e-05	5.941172705e-05	6.000177714e-05	5.950408448e-05	6.013158021e-05
	5.960645237e-05	6.023454651e-05	5.9693235e-05	6.029786265e-05	5.974799312e-05
	6.031437871e-05	5.976091106e-05	6.028062526e-05	5.972665018e-05	6.019542272e-05
	5.96427664e-05	6.005900896e-05	5.950866686e-05	5.987256551e-05	5.932500246e-05
	5.963802738e-05	5.909337942e-05	5.935808038e-05	5.881628688e-05	5.903627324e-05
	5.849715929e-05	5.867719026e-05	5.814051277e-05	5.828664402e-05	5.77521096e-05
	5.787185692e-05	5.733911611e-05	5.744160614e-05	5.691022649e-05	5.700631152e-05
	5.647573092e-05	5.657805035e-05	5.604751212e-05	5.617048869e-05	5.563896029e-05
	5.579872499e-05	5.526480364e-05	5.547904852e-05	5.494085873e-05	5.522862049e-05
	5.46837105e-05	5.506508814e-05	5.451033495e-05	5.500613929e-05	5.443767508e-05
	5.506899735e-05	5.448217402e-05	5.526983901e-05	5.465925386e-05	5.562310169e-05
	5.498271346e-05	5.614061297e-05	5.546399101e-05	5.683047534e-05	5.611123106e-05
	5.769558884e-05	5.692806621e-05	5.873180947e-05	5.791209605e-05	5.992567011e-05
	5.905304589e-05	6.125221877e-05	6.033100364e-05	6.267336677e-05	6.171524193e-05
	6.413983446e-05	6.316583666e-05	6.559856217e-05	6.464028197e-05	6.701436518e-05
	6.611083217e-05	6.839644558e-05	6.758866625e-05	6.978284535e-05	6.913846203e-05
	6.509456291e-05	6.666408e-05	6.215126682e-05	6.224162682e-05	6.141349539e-05
	6.095222361e-05	6.12113551e-05	6.08502162e-05	6.080085266e-05	6.073990961e-05
	6.018667367e-05	6.029556349e-05	5.959785979e-05	5.970623458e-05	5.916648012e-05
	5.918929977e-05	5.891083931e-05	5.883004804e-05	5.879530959e-05	5.862264336e-05
	5.877089965e-05	5.852662287e-05	5.879321724e-05	5.849705115e-05	5.882794325e-05
	5.849615808e-05	5.885092944e-05	5.849596222e-05	5.884632198e-05	5.847732673e-05
	5.880435451e-05	5.842795043e-05	5.871945923e-05	5.834041229e-05	5.858889065e-05
	5.821064625e-05	5.841183458e-05	5.803690518e-05	5.818890282e-05	5.781913705e-05
	5.792190261e-05	5.755866547e-05	5.761378502e-05	5.725807341e-05	5.726869763e-05
	5.69212087e-05	5.689208475e-05	5.655324881e-05	5.649079265e-05	5.616077853e-05
	5.607314759e-05	5.57518455e-05	5.564898272e-05	5.533596789e-05	5.52295973e-05
	5.492407701e-05	5.482763893e-05	5.452838507e-05	5.445690755e-05	5.416217683e-05
	5.413208723e-05	5.383953152e-05	5.386841818e-05	5.357498789e-05	5.368132506e-05
	5.338316944e-05	5.35860171e-05	5.327838704e-05	5.35970703e-05	5.327423221e-05
	5.372799291e-05	5.33831668e-05	5.399075981e-05	5.361610341e-05	5.439529223e-05
	5.398196336e-05	5.494883956e-05	5.448718903e-05	5.56552418e-05	5.51352056e-05
	5.651403766e-05	5.592583432e-05	5.751953705e-05	5.685476745e-05	5.865996392e-05
	5.791324795e-05	5.991739132e-05	5.908847519e-05	6.126908111e-05	6.036530668e-05
	6.269337982e-05	6.173130849e-05	6.41806808e-05	6.318596393e-05	6.575265207e-05
	6.475571214e-05	6.748243048e-05	6.651228656e-05	6.944636745e-05	6.857524642e-05
	6.398683167e-05	6.598166581e-05	6.043530669e-05	6.071753616e-05	5.975676499e-05
	5.925035444e-05	6.006544105e-05	5.947621564e-05	6.024238684e-05	5.995767738e-05
	5.996418098e-05	5.999436618e-05	5.944015872e-05	5.960068916e-05	5.892541732e-05
	5.906977052e-05	5.853397388e-05	5.860279874e-05	5.827638072e-05	5.826184772e-05
	5.812144849e-05	5.803575146e-05	5.802989973e-05	5.788983737e-05	5.796760884e-05
	5.778870693e-05	5.79088808e-05	5.770379098e-05	5.783589682e-05	5.761441054e-05
	5.773700884e-05	5.750657349e-05	5.760504948e-05	5.737132924e-05	5.7436025e-05
	5.720336425e-05	5.722824379e-05	5.700000667e-05	5.69818015e-05	5.676060602e-05
	5.669832106e-05	5.648619286e-05	5.638085366e-05	5.617932178e-05	5.603386691e-05
	5.584401802e-05	5.566326418e-05	5.548576657e-05	5.527639392e-05	5.511149899e-05
	5.488201943e-05	5.47295457e-05	5.449022931e-05	5.434953242e-05	5.411227776e-05
	5.398220859e-05	5.376035258e-05	5.36392049e-05	5.344727677e-05	5.333272491e-05
	5.318615636e-05	5.307518293e-05	5.298999213e-05	5.28788054e-05	5.287127424e-05
	5.275521532e-05	5.284157786e-05	5.27150189e-05	5.291117315e-05	5.27674116e-05
	5.308866022e-05	5.291981991e-05	5.338063589e-05	5.317759746e-05	5.379141088e-05
	5.354380974e-05	5.432280624e-05	5.401916331e-05	5.497411277e-05	5.460218638e-05
	5.57423105e-05	5.528979212e-05	5.662277653e-05	5.607842447e-05	5.761059088e-05
	5.696588075e-05	5.870289641e-05	5.795403037e-05	5.990283107e-05	5.905266659e-05
	6.122708504e-05	6.028549114e-05	6.271415776e-05	6.169681477e-05	6.443863879e-05
	6.336231711e-05	6.652910602e-05	6.540542183e-05	6.909423701e-05	6.799556075e-05
	6.30385877e-05	6.53984249e-05	5.89182474e-05	5.939818231e-05	5.816759583e-05
	5.768965266e-05	5.880970517e-05	5.807009407e-05	5.954969075e-05	5.902297327e-05
	5.973999767e-05	5.959919322e-05	5.942020682e-05	5.954123308e-05	5.890969952e-05
	5.910556897e-05	5.843050511e-05	5.859500712e-05	5.805806e-05	5.815725526e-05
	5.778951217e-05	5.782396906e-05	5.759587649e-05	5.757768353e-05	5.744578424e-05
	5.738873084e-05	5.731347222e-05	5.72297225e-05	5.71800807e-05	5.707948817e-05
	5.703271521e-05	5.692302723e-05	5.686305336e-05	5.675033389e-05	5.666615737e-05
	5.655517622e-05	5.643963936e-05	5.633416747e-05	5.618314589e-05	5.608615776e-05
	5.589807138e-05	5.581187586e-05	5.55874129e-05	5.551373282e-05	5.525569468e-05
	5.519571169e-05	5.490890881e-05	5.486328461e-05	5.455443373e-05	5.452331552e-05
	5.420090495e-05	5.418391986e-05	5.385802276e-05	5.385426406e-05	5.353629148e-05
	5.354429772e-05	5.324669322e-05	5.326441979e-05	5.300030592e-05	5.302508735e-05
	5.280788158e-05	5.28363812e-05	5.267940303e-05	5.270754602e-05	5.262363985e-05
	5.2646525e-05	5.26477252e-05	5.265951174e-05	5.275677954e-05	5.275054893e-05
	5.295362075e-05	5.292122099e-05	5.323862484e-05	5.317052e-05	5.360984843e-05
	5.349501966e-05	5.40635692e-05	5.388954895e-05	5.459545745e-05	5.434860621e-05
	5.520253159e-05	5.486868603e-05	5.588597221e-05	5.545152575e-05	5.665443101e-05
	5.610785145e-05	5.752768473e-05	5.686119974e-05	5.854096345e-05	5.775156312e-05
	5.974981715e-05	5.883877979e-05	6.12348942e-05	6.020608313e-05	6.311490275e-05
	6.196971275e-05	6.55674278e-05	6.429805679e-05	6.873628925e-05	6.741161061e-05
	6.223445832e-05	6.490348705e-05	5.760044254e-05	5.826754935e-05	5.670038522e-05
	5.62932354e-05	5.751404966e-05	5.670130366e-05	5.870163316e-05	5.797345021e-05
	5.940208875e-05	5.904919658e-05	5.940824274e-05	5.941803223e-05	5.900177913e-05
	5.918870607e-05	5.849645715e-05	5.871126316e-05	5.804653329e-05	5.822364948e-05
	5.768926369e-05	5.781350334e-05	5.741208548e-05	5.748870363e-05	5.718937262e-05
	5.722935088e-05	5.699680708e-05	5.701120852e-05	5.681537614e-05	5.681367817e-05
	5.663149353e-05	5.662138362e-05	5.64360569e-05	5.642366792e-05	5.622343297e-05
	5.621364795e-05	5.599068309e-05	5.598738522e-05	5.573705178e-05	5.574330045e-05
	5.546365613e-05	5.548180032e-05	5.517329691e-05	5.520504456e-05	5.487032471e-05
	5.491678386e-05	5.456051051e-05	5.46222138e-05	5.425088546e-05	5.432780575e-05
	5.394952777e-05	5.404108935e-05	5.366528507e-05	5.377037256e-05	5.340743018e-05
	5.352439481e-05	5.318525515e-05	5.331191601e-05	5.300761426e-05	5.314125015e-05
	5.288243024e-05	5.301975527e-05	5.281618123e-05	5.295329535e-05	5.281339008e-05
	5.294569353e-05	5.287614898e-05	5.299820903e-05	5.3003737e-05	5.310909755e-05
	5.319243656e-05	5.327336986e-05	5.343572692e-05	5.348294853e-05	5.37251235e-05
	5.372752777e-05	5.405197425e-05	5.399650013e-05	5.441046077e-05	5.428223333e-05
	5.480170485e-05	5.458459625e-05	5.523840609e-05	5.491604221e-05	5.574882445e-05
	5.530595731e-05	5.637960007e-05	5.580340179e-05	5.719763735e-05	5.647810888e-05
	5.829174446e-05	5.742087257e-05	5.977674012e-05	5.874624182e-05	6.180856147e-05
	6.060413649e-05	6.461217603e-05	6.32053289e-05	6.83757525e-05	6.6827638e-05
	6.155473528e-05	6.448489397e-05	5.64642933e-05	5.730224315e-05	5.537550556e-05
	5.505977345e-05	5.624096631e-05	5.541315087e-05	5.773847988e-05	5.686951231e-05
	5.891102197e-05	5.834991415e-05	5.932192885e-05	5.917261935e-05	5.911929947e-05
	5.924462545e-05	5.865887923e-05	5.888320233e-05	5.81765073e-05	5.84004262e-05
	5.776058248e-05	5.794905982e-05	5.74221848e-05	5.757111137e-05	5.714503962e-05
	5.726132667e-05	5.690802908e-05	5.700099412e-05	5.669289339e-05	5.677125557e-05
	5.648588246e-05	5.655699154e-05	5.627743292e-05	5.634726097e-05	5.606141465e-05
	5.613474947e-05	5.583444472e-05	5.591509062e-05	5.559539198e-05	5.568632097e-05
	5.534504633e-05	5.544849918e-05	5.508589165e-05	5.520344212e-05	5.482192196e-05
	5.495451927e-05	5.45584541e-05	5.47064552e-05	5.430190407e-05	5.446510381e-05
	5.405950732e-05	5.423717074e-05	5.38389729e-05	5.402987118e-05	5.36480697e-05
	5.38505183e-05	5.349414816e-05	5.370604314e-05	5.338360427e-05	5.360244973e-05
	5.332129493e-05	5.354421076e-05	5.33099178e-05	5.353361278e-05	5.334938175e-05
	5.357007108e-05	5.343622571e-05	5.364946708e-05	5.356320904e-05	5.376362956e-05
	5.371930727e-05	5.390020358e-05	5.389048782e-05	5.4043316e-05	5.406175333e-05
	5.417559024e-05	5.422085615e-05	5.428200464e-05	5.436365517e-05	5.435562014e-05
	5.450021318e-05	5.44042337e-05	5.465998724e-05	5.44560973e-05	5.489438848e-05
	5.456277901e-05	5.527676859e-05	5.479886541e-05	5.590126402e-05	5.525983878e-05
	5.688317332e-05	5.606109352e-05	5.836488611e-05	5.734209442e-05	6.053579171e-05
	5.928229418e-05	6.367006933e-05	6.213520167e-05	6.801327176e-05	6.624494397e-05
	6.098109814e-05	6.413176873e-05	5.548799352e-05	5.64793776e-05	5.419422868e-05
	5.397786571e-05	5.503130795e-05	5.422666322e-05	5.671648054e-05	5.576430367e-05
	5.827746157e-05	5.754034768e-05	5.911797829e-05	5.878853818e-05	5.920406903e-05
	5.922474832e-05	5.886383274e-05	5.906004842e-05	5.839976963e-05	5.864190491e-05
	5.795902615e-05	5.818902348e-05	5.758388772e-05	5.778555489e-05	5.72717989e-05
	5.744644822e-05	5.700696594e-05	5.716142128e-05	5.677291342e-05	5.69147483e-05
	5.65562606e-05	5.669225343e-05	5.634728341e-05	5.648307594e-05	5.613952039e-05
	5.627966781e-05	5.592922524e-05	5.607733381e-05	5.571490466e-05	5.587375713e-05
	5.549697803e-05	5.566862435e-05	5.527752042e-05	5.546334045e-05	5.506004013e-05
	5.526079064e-05	5.484924752e-05	5.506510523e-05	5.465078486e-05	5.488139355e-05
	5.447089716e-05	5.47154237e-05	5.431603352e-05	5.457323399e-05	5.419237355e-05
	5.446066774e-05	5.410527627e-05	5.438282548e-05	5.405864903e-05	5.43434279e-05
	5.405423423e-05	5.434408187e-05	5.409082028e-05	5.438344668e-05	5.416341125e-05
	5.445632305e-05	5.426246176e-05	5.455275583e-05	5.437342102e-05	5.465738469e-05
	5.447704377e-05	5.47495124e-05	5.455115164e-05	5.48046373e-05	5.457457618e-05
	5.479831166e-05	5.45335312e-05	5.471274479e-05	5.442949993e-05	5.454530637e-05
	5.42863208e-05	5.431644606e-05	5.41538838e-05	5.407403167e-05	5.41073198e-05
	5.389269677e-05	5.424355811e-05	5.386984182e-05	5.467837693e-05	5.412150659e-05
	5.55476276e-05	5.478197076e-05	5.701674153e-05	5.601102902e-05	5.930698656e-05
	5.801547227e-05	6.274525388e-05	6.109327403e-05	6.764914465e-05	6.566480232e-05
	6.049782308e-05	6.383494052e-05	5.465052242e-05	5.57788865e-05	5.314896149e-05
	5.303294569e-05	5.390687422e-05	5.314889125e-05	5.568476003e-05	5.469498848e-05
	5.753770762e-05	5.66677068e-05	5.878530971e-05	5.827894275e-05	5.92174928e-05
	5.910323489e-05	5.907001443e-05	5.920402828e-05	5.867867328e-05	5.891197155e-05
	5.82497564e-05	5.850021218e-05	5.786366955e-05	5.810041939e-05	5.753642995e-05
	5.775346846e-05	5.726018314e-05	5.746092872e-05	5.702148518e-05	5.721192595e-05
	5.680792934e-05	5.699404621e-05	5.660993355e-05	5.67969063e-05	5.642085919e-05
	5.661292014e-05	5.623666233e-05	5.643715195e-05	5.605549704e-05	5.626695612e-05
	5.587738004e-05	5.610162988e-05	5.570391678e-05	5.594212132e-05	5.553805307e-05
	5.579077203e-05	5.538381592e-05	5.565105941e-05	5.524601365e-05	5.552730712e-05
	5.51298744e-05	5.542433932e-05	5.504060806e-05	5.534706056e-05	5.498287892e-05
	5.529994534e-05	5.496017451e-05	5.528641902e-05	5.49740511e-05	5.530810545e-05
	5.502323512e-05	5.536391125e-05	5.510257391e-05	5.544892444e-05	5.520188592e-05
	5.555315191e-05	5.530490026e-05	5.566025177e-05	5.538873824e-05	5.574668611e-05
	5.542477123e-05	5.578214641e-05	5.538199724e-05	5.573252297e-05	5.523382828e-05
	5.556658657e-05	5.496779501e-05	5.526619367e-05	5.459547605e-05	5.483731771e-05
	5.415866001e-05	5.431741749e-05	5.372931357e-05	5.377603025e-05	5.340445502e-05
	5.330946279e-05	5.330013344e-05	5.303383637e-05	5.354849888e-05	5.308070263e-05
	5.430140715e-05	5.359873146e-05	5.57443874e-05	5.476491751e-05	5.813007206e-05
	5.681219112e-05	6.184189153e-05	6.00849616e-05	6.728430298e-05	6.508944397e-05
	6.009216964e-05	6.358699398e-05	5.393364314e-05	5.518419487e-05	5.222891467e-05
	5.221061622e-05	5.287703459e-05	5.217922599e-05	5.467877343e-05	5.368448855e-05
	5.673433901e-05	5.577350687e-05	5.833618404e-05	5.767303105e-05	5.913843932e-05
	5.887372412e-05	5.92458434e-05	5.928864387e-05	5.898246605e-05	5.918125227e-05
	5.860399557e-05	5.885489286e-05	5.823354248e-05	5.848902679e-05	5.791072088e-05
	5.815565958e-05	5.763864069e-05	5.787198829e-05	5.740844678e-05	5.763407273e-05
	5.720943871e-05	5.74322782e-05	5.703252194e-05	5.725717461e-05	5.687103722e-05
	5.710135346e-05	5.67207056e-05	5.695972761e-05	5.657933786e-05	5.682934673e-05
	5.644652847e-05	5.670910899e-05	5.632337958e-05	5.659948091e-05	5.621224222e-05
	5.650223621e-05	5.611644492e-05	5.642019154e-05	5.603998155e-05	5.635691055e-05
	5.598713403e-05	5.63163498e-05	5.59620076e-05	5.630242175e-05	5.596795386e-05
	5.631844673e-05	5.600684745e-05	5.636645654e-05	5.607817054e-05	5.644629725e-05
	5.617785281e-05	5.655446524e-05	5.629683756e-05	5.668262028e-05	5.641944439e-05
	5.681579753e-05	5.652185066e-05	5.693057167e-05	5.657149816e-05	5.699391656e-05
	5.652889026e-05	5.696426091e-05	5.635355887e-05	5.679680729e-05	5.60149032e-05
	5.645438361e-05	5.550556421e-05	5.592193069e-05	5.485190136e-05	5.521882309e-05
	5.41166062e-05	5.440295224e-05	5.339327747e-05	5.356557906e-05	5.279741695e-05
	5.282161076e-05	5.245953982e-05	5.230141548e-05	5.252382763e-05	5.214779427e-05
	5.31548654e-05	5.252051843e-05	5.455629581e-05	5.361161992e-05	5.701187423e-05
	5.56793175e-05	6.096487714e-05	5.911599384e-05	6.69204876e-05	6.452213003e-05
	5.975400893e-05	6.338204149e-05	5.332220266e-05	5.468192856e-05	5.142283779e-05
	5.149792088e-05	5.194378059e-05	5.131328743e-05	5.372135821e-05	5.274532298e-05
	5.590521153e-05	5.488914872e-05	5.779585172e-05	5.700434776e-05	5.896113637e-05
	5.854475186e-05	5.936834117e-05	5.929790111e-05	5.928544461e-05	5.942591098e-05
	5.899700499e-05	5.922913156e-05	5.866922451e-05	5.892807435e-05	5.836987203e-05
	5.862943812e-05	5.811638773e-05	5.836997344e-05	5.790636907e-05	5.815509001e-05
	5.773174562e-05	5.797919313e-05	5.758433157e-05	5.783440113e-05	5.745762987e-05
	5.771374588e-05	5.734719304e-05	5.761209116e-05	5.725050119e-05	5.752620961e-05
	5.716671534e-05	5.745459576e-05	5.709641984e-05	5.739722219e-05	5.704136906e-05
	5.735529235e-05	5.700422064e-05	5.733098633e-05	5.698822861e-05	5.732717591e-05
	5.699686737e-05	5.734708022e-05	5.70333543e-05	5.73938278e-05	5.710002818e-05
	5.746988102e-05	5.71975219e-05	5.757625864e-05	5.732364335e-05	5.771146378e-05
	5.747186151e-05	5.78699957e-05	5.762932349e-05	5.804032795e-05	5.777448669e-05
	5.820235002e-05	5.787489548e-05	5.83246625e-05	5.788651879e-05	5.836300913e-05
	5.775716032e-05	5.826245199e-05	5.74365041e-05	5.796650014e-05	5.68924073e-05
	5.743388138e-05	5.612746381e-05	5.665735192e-05	5.518721773e-05	5.567458318e-05
	5.415644159e-05	5.456571287e-05	5.314798464e-05	5.344170913e-05	5.229161928e-05
	5.24319531e-05	5.172814315e-05	5.167687461e-05	5.161051447e-05	5.132727896e-05
	5.211378014e-05	5.155178086e-05	5.345824359e-05	5.255590891e-05	5.595838918e-05
	5.46223265e-05	6.011965215e-05	5.819215454e-05	6.656009812e-05	6.396682052e-05
	5.947537707e-05	6.321543168e-05	5.280388544e-05	5.426141855e-05	5.072024274e-05
	5.088370525e-05	5.110513719e-05	5.054513482e-05	5.282586297e-05	5.18832235e-05
	5.507961812e-05	5.403624197e-05	5.719354924e-05	5.63036827e-05	5.869188692e-05
	5.813394407e-05	5.942279467e-05	5.922555542e-05	5.956616397e-05	5.962728449e-05
	5.940702234e-05	5.96020132e-05	5.914914146e-05	5.93967901e-05	5.88916842e-05
	5.915368038e-05	5.8669926e-05	5.893263765e-05	5.849010043e-05	5.875113988e-05
	5.834790583e-05	5.860915549e-05	5.823660415e-05	5.850110632e-05	5.81500891e-05
	5.842080064e-05	5.808382713e-05	5.83631836e-05	5.803498344e-05	5.83247856e-05
	5.800227789e-05	5.830369437e-05	5.798576961e-05	5.829937829e-05	5.798662775e-05
	5.831247389e-05	5.800688654e-05	5.834455904e-05	5.804916185e-05	5.839789739e-05
	5.811629567e-05	5.847512315e-05	5.821088335e-05	5.857882219e-05	5.83346185e-05
	5.871094528e-05	5.848735673e-05	5.887195531e-05	5.8665754e-05	5.905955948e-05
	5.886129265e-05	5.926681803e-05	5.90575281e-05	5.947939614e-05	5.92266331e-05
	5.967188092e-05	5.932610201e-05	5.980375394e-05	5.929807187e-05	5.981721445e-05
	5.907549525e-05	5.964134303e-05	5.859851941e-05	5.920738677e-05	5.783757372e-05
	5.847352461e-05	5.681101127e-05	5.74464995e-05	5.558686168e-05	5.61864574e-05
	5.427085367e-05	5.479522663e-05	5.299109379e-05	5.33995365e-05	5.188726318e-05
	5.213869871e-05	5.110709845e-05	5.115974454e-05	5.08101396e-05	5.061930049e-05
	5.118041445e-05	5.069342283e-05	5.245373677e-05	5.16000223e-05	5.49746002e-05
	5.364523812e-05	5.931171072e-05	5.731881126e-05	6.620592354e-05	6.342775537e-05
	5.924999463e-05	6.308347022e-05	5.236875073e-05	5.39141545e-05	5.01118247e-05
	5.035855846e-05	5.03571644e-05	4.986842665e-05	5.199917633e-05	5.109972953e-05
	5.427831902e-05	5.32286832e-05	5.655662685e-05	5.559596938e-05	5.834481876e-05
	5.766260242e-05	5.940234639e-05	5.907358623e-05	5.980729288e-05	5.977195564e-05
	5.981475036e-05	5.995534683e-05	5.96539245e-05	5.987652064e-05	5.945619345e-05
	5.970940421e-05	5.927800156e-05	5.953995456e-05	5.91366869e-05	5.940061622e-05
	5.903310978e-05	5.929873568e-05	5.896266589e-05	5.92319865e-05	5.891994152e-05
	5.919539432e-05	5.890042565e-05	5.918416022e-05	5.890099056e-05	5.919462056e-05
	5.891990396e-05	5.922445105e-05	5.895668718e-05	5.927259743e-05	5.901193017e-05
	5.933912157e-05	5.908708682e-05	5.942502128e-05	5.918423464e-05	5.953202343e-05
	5.930576205e-05	5.966232035e-05	5.945392479e-05	5.981819618e-05	5.96301799e-05
	6.00014573e-05	5.983415112e-05	6.021252743e-05	6.006199635e-05	6.044898109e-05
	6.030385297e-05	6.070316939e-05	6.054002398e-05	6.095850579e-05	6.073592524e-05
	6.118416855e-05	6.083714439e-05	6.132905091e-05	6.076885538e-05	6.13186767e-05
	6.044677856e-05	6.106293702e-05	5.980332298e-05	6.048141013e-05	5.881797451e-05
	5.953802023e-05	5.75310497e-05	5.826082469e-05	5.603406233e-05	5.673452829e-05
	5.444993517e-05	5.507908552e-05	5.291697691e-05	5.343157687e-05	5.158083916e-05
	5.193692601e-05	5.059387848e-05	5.074629324e-05	5.012098824e-05	5.002095344e-05
	5.035432396e-05	4.994371027e-05	5.15442606e-05	5.074406672e-05	5.406423474e-05
	5.275053117e-05	5.854611527e-05	5.650050199e-05	6.586088029e-05	6.290908054e-05
	5.907287379e-05	6.298318908e-05	5.200877628e-05	5.363331903e-05	4.958953463e-05
	4.99146124e-05	4.969511772e-05	4.927701229e-05	5.124402726e-05	5.039392681e-05
	5.351513833e-05	5.247479973e-05	5.590777798e-05	5.489984648e-05	5.793767476e-05
	5.715168735e-05	5.930705894e-05	5.885001349e-05	5.999575671e-05	5.985178606e-05
	6.020320066e-05	6.027370645e-05	6.016616274e-05	6.035053909e-05	6.004554577e-05
	6.027964564e-05	5.992162099e-05	6.017413317e-05	5.982551303e-05	6.008429521e-05
	5.976491759e-05	6.002696195e-05	5.973824057e-05	6.000424706e-05	5.974116178e-05
	6.001297284e-05	5.976934519e-05	6.004883851e-05	5.981940192e-05	6.010805705e-05
	5.988912978e-05	6.018788497e-05	5.997748269e-05	6.02867102e-05	6.008445436e-05
	6.040398605e-05	6.021093345e-05	6.054011882e-05	6.035852843e-05	6.069633081e-05
	6.052932492e-05	6.087447509e-05	6.072550533e-05	6.107674207e-05	6.094871055e-05
	6.130515054e-05	6.119893803e-05	6.156063528e-05	6.147263168e-05	6.184140374e-05
	6.175943465e-05	6.214002441e-05	6.203696408e-05	6.243848847e-05	6.22633985e-05
	6.270060371e-05	6.236989467e-05	6.286272508e-05	6.226032851e-05	6.282921472e-05
	6.183085641e-05	6.2486894e-05	6.101093505e-05	6.17469642e-05	5.979863884e-05
	6.058947814e-05	5.826136859e-05	5.907098198e-05	5.651139837e-05	5.729883495e-05
	5.468258233e-05	5.540439862e-05	5.291809767e-05	5.352907478e-05	5.136651353e-05
	5.181989301e-05	5.018355365e-05	5.043076073e-05	4.953907272e-05	4.952732097e-05
	4.963300838e-05	4.92990052e-05	5.072951461e-05	4.998638893e-05	5.322961964e-05
	5.193915159e-05	5.782713442e-05	5.574066863e-05	6.552779185e-05	6.241456054e-05
	5.894000598e-05	6.291217064e-05	5.171746383e-05	5.341341501e-05	4.914649845e-05
	4.954531429e-05	4.911408897e-05	4.876520953e-05	5.056058648e-05	4.976355706e-05
	5.279872829e-05	5.177903664e-05	5.526441579e-05	5.422843278e-05	5.74885048e-05
	5.661956078e-05	5.91423814e-05	5.856640722e-05	6.012289193e-05	5.986367935e-05
	6.055774498e-05	6.054461462e-05	6.067029471e-05	6.080399559e-05	6.06439683e-05
	6.084940098e-05	6.058417262e-05	6.081970425e-05	6.053854693e-05	6.078555848e-05
	6.052359997e-05	6.077565193e-05	6.054185966e-05	6.079801004e-05	6.059063918e-05
	6.085201764e-05	6.066599482e-05	6.093421163e-05	6.076432932e-05	6.10407923e-05
	6.088294542e-05	6.116859276e-05	6.102017515e-05	6.131538735e-05	6.117536013e-05
	6.147994878e-05	6.134878902e-05	6.166202758e-05	6.154161166e-05	6.186230877e-05
	6.175569894e-05	6.208233564e-05	6.199336964e-05	6.232433954e-05	6.225683644e-05
	6.25908499e-05	6.254710154e-05	6.288384842e-05	6.286181737e-05	6.32030292e-05
	6.319128531e-05	6.354237272e-05	6.351139115e-05	6.388372462e-05	6.377261696e-05
	6.418584175e-05	6.388796574e-05	6.436971933e-05	6.373359541e-05	6.431153202e-05
	6.318472862e-05	6.38706555e-05	6.217846987e-05	6.295928583e-05	6.074394231e-05
	6.158915845e-05	5.897675927e-05	5.984901314e-05	5.700239564e-05	5.786107057e-05
	5.495774244e-05	5.575901755e-05	5.298614626e-05	5.368304811e-05	5.123722059e-05
	5.178003995e-05	4.986978502e-05	5.020629928e-05	4.905894298e-05	4.913228385e-05
	4.901247479e-05	4.87543817e-05	5.000769225e-05	4.932395641e-05	5.24716769e-05
	5.121063653e-05	5.715803088e-05	5.504154777e-05	6.520922188e-05	6.194738421e-05
	5.884813687e-05	6.286842306e-05	5.14895337e-05	5.324999144e-05	4.877689758e-05
	4.924522746e-05	4.860936057e-05	4.832792893e-05	4.994753724e-05	4.920572183e-05
	5.213405182e-05	5.11432432e-05	5.463915757e-05	5.359049119e-05	5.701362269e-05
	5.608112132e-05	5.891727473e-05	5.823565994e-05	6.018439043e-05	5.980891425e-05
	6.086628138e-05	6.07587653e-05	6.115255728e-05	6.122392832e-05	6.123775771e-05
	6.140557621e-05	6.125156391e-05	6.146359534e-05	6.126061761e-05	6.149062534e-05
	6.129251331e-05	6.152975931e-05	6.135530538e-05	6.159673862e-05	6.144866734e-05
	6.169451977e-05	6.156936498e-05	6.182095926e-05	6.17136842e-05	6.197242214e-05
	6.18784076e-05	6.214533114e-05	6.206116218e-05	6.233677319e-05	6.226053047e-05
	6.254472252e-05	6.247609418e-05	6.276813873e-05	6.270846397e-05	6.300704221e-05
	6.295927872e-05	6.326258047e-05	6.323109504e-05	6.353703243e-05	6.352700065e-05
	6.383361716e-05	6.384962548e-05	6.415583679e-05	6.419891123e-05	6.450580954e-05
	6.456739863e-05	6.488048437e-05	6.49308439e-05	6.526355728e-05	6.523165364e-05
	6.560962323e-05	6.535854152e-05	6.581975554e-05	6.514957506e-05	6.572957582e-05
	6.446166275e-05	6.516773461e-05	6.326093977e-05	6.407028447e-05	6.161985902e-05
	6.249955402e-05	5.965496839e-05	6.057044633e-05	5.749275985e-05	5.840585313e-05
	5.526529028e-05	5.613233707e-05	5.31128396e-05	5.388497927e-05	5.118545345e-05
	5.180968857e-05	4.964556792e-05	5.006566032e-05	4.867433023e-05	4.882914617e-05
	4.848773871e-05	4.830414963e-05	4.937580497e-05	4.875274477e-05	5.179004354e-05
	5.056333177e-05	5.654098608e-05	5.440419511e-05	6.490736021e-05	6.151005773e-05
	5.879461018e-05	6.285029749e-05	5.132070115e-05	5.313945099e-05	4.84758543e-05
	4.900987648e-05	4.817660064e-05	4.796072459e-05	4.940278341e-05	4.871733059e-05
	5.152355408e-05	5.056763882e-05	5.404072473e-05	5.299155485e-05	5.652667678e-05
	5.554782767e-05	5.864239026e-05	5.787033782e-05	6.017990572e-05	5.969213047e-05
	6.111942502e-05	6.091013794e-05	6.160095102e-05	6.159931198e-05	6.18152226e-05
	6.193688388e-05	6.191231937e-05	6.209514453e-05	6.197967048e-05	6.218874059e-05
	6.205846536e-05	6.227769702e-05	6.216403957e-05	6.238763834e-05	6.229940751e-05
	6.252641992e-05	6.246250888e-05	6.269390166e-05	6.264967525e-05	6.288690061e-05
	6.285716055e-05	6.310148572e-05	6.308177971e-05	6.33339773e-05	6.332118891e-05
	6.358138551e-05	6.357406081e-05	6.384165497e-05	6.384025715e-05	6.411388318e-05
	6.412100943e-05	6.439856564e-05	6.441904158e-05	6.46978373e-05	6.473846603e-05
	6.501558736e-05	6.508409491e-05	6.535716931e-05	6.54593928e-05	6.572809678e-05
	6.586133579e-05	6.613031182e-05	6.62683586e-05	6.65526238e-05	6.661480673e-05
	6.694781604e-05	6.675345011e-05	6.718866984e-05	6.646574282e-05	6.704490999e-05
	6.560747091e-05	6.632114698e-05	6.421205479e-05	6.502779371e-05	6.23963307e-05
	6.328680953e-05	6.027815973e-05	6.121593446e-05	5.797105614e-05	5.892137092e-05
	5.55964946e-05	5.651564143e-05	5.329041147e-05	5.412718814e-05	5.120380239e-05
	5.190149125e-05	4.950377622e-05	5.000168041e-05	4.837865603e-05	4.861111417e-05
	4.805326726e-05	4.794229592e-05	4.883002848e-05	4.82681147e-05	5.118328078e-05
	4.999466688e-05	5.5977137e-05	5.382861076e-05	6.462396007e-05	6.110437546e-05
	5.877726702e-05	6.285643679e-05	5.120752374e-05	5.307892347e-05	4.823934279e-05
	4.88356383e-05	4.781197618e-05	4.765981714e-05	4.892392143e-05	4.829539368e-05
	5.096806419e-05	5.005150826e-05	5.347488029e-05	5.243487226e-05	5.603849565e-05
	5.502815904e-05	5.832860757e-05	5.748170506e-05	6.011232784e-05	5.952014409e-05
	6.131063253e-05	6.099591274e-05	6.200519437e-05	6.192109952e-05	6.236653358e-05
	6.24336583e-05	6.255758466e-05	6.270599226e-05	6.268696281e-05	6.28722778e-05
	6.281203959e-05	6.30116051e-05	6.295759139e-05	6.316201305e-05	6.313129078e-05
	6.333798784e-05	6.333293178e-05	6.354236216e-05	6.355917371e-05	6.377286414e-05
	6.380578347e-05	6.402535473e-05	6.406865021e-05	6.429533253e-05	6.43442758e-05
	6.457864131e-05	6.46301031e-05	6.487188348e-05	6.49248548e-05	6.517279748e-05
	6.52289407e-05	6.548071447e-05	6.554489947e-05	6.579710951e-05	6.587772959e-05
	6.612615891e-05	6.623476716e-05	6.647506027e-05	6.662430457e-05	6.685354359e-05
	6.705083832e-05	6.727108405e-05	6.750086579e-05	6.772726691e-05	6.790276574e-05
	6.818016332e-05	6.804654497e-05	6.845664436e-05	6.762141394e-05	6.819716808e-05
	6.655251187e-05	6.724774835e-05	6.498610622e-05	6.577639346e-05	6.304957897e-05
	6.39236606e-05	6.083363265e-05	6.177214983e-05	5.842881161e-05	5.9399374e-05
	5.59441305e-05	5.69020649e-05	5.351185873e-05	5.440296401e-05	5.128529855e-05
	5.204869136e-05	4.943755094e-05	5.000761342e-05	4.816542862e-05	4.847165555e-05
	4.77033608e-05	4.766284772e-05	4.836604501e-05	4.78651592e-05	5.064913465e-05
	4.950145357e-05	5.546669661e-05	5.331393147e-05	6.43603222e-05	6.073145598e-05
	5.879438429e-05	6.288574594e-05	5.114730293e-05	5.306618708e-05	4.806412883e-05
	4.871967268e-05	4.751222571e-05	4.742210961e-05	4.85085619e-05	4.793722224e-05
	5.046746166e-05	4.959369517e-05	5.294524861e-05	5.192218052e-05	5.555736513e-05
	5.452822957e-05	5.798606765e-05	5.707931145e-05	5.998684422e-05	5.930082355e-05
	6.143617476e-05	6.101612717e-05	6.235664504e-05	6.218222615e-05	6.288343175e-05
	6.288754851e-05	6.318097626e-05	6.328978565e-05	6.337715621e-05	6.353669849e-05
	6.354785666e-05	6.372753558e-05	6.372988855e-05	6.391556116e-05	6.393734343e-05
	6.412413214e-05	6.417286041e-05	6.436042049e-05	6.443390277e-05	6.462378781e-05
	6.471589997e-05	6.491019529e-05	6.501373711e-05	6.521434829e-05	6.532249018e-05
	6.553072316e-05	6.563790889e-05	6.585414701e-05	6.595692117e-05	6.618031169e-05
	6.627829706e-05	6.650643898e-05	6.660350375e-05	6.683219962e-05	6.693766233e-05
	6.716087197e-05	6.729034081e-05	6.750056925e-05	6.767555794e-05	6.786512873e-05
	6.810920849e-05	6.827368976e-05	6.859679135e-05	6.874540702e-05	6.907487034e-05
	6.926789874e-05	6.918767789e-05	6.958046415e-05	6.848687022e-05	6.901408641e-05
	6.720540031e-05	6.782231233e-05	6.554361291e-05	6.626613304e-05	6.356411026e-05
	6.439285604e-05	6.131371621e-05	6.223179063e-05	5.886014148e-05	5.983462763e-05
	5.630233612e-05	5.728628505e-05	5.377101857e-05	5.470653892e-05	5.142361463e-05
	5.224524881e-05	4.944056812e-05	5.007734633e-05	4.802854332e-05	4.840476039e-05
	4.743246988e-05	4.746016071e-05	4.797935968e-05	4.753900724e-05	5.01848156e-05
	4.908017938e-05	5.500912975e-05	5.285865913e-05	6.411731969e-05	6.039182854e-05
	5.88446387e-05	6.29373747e-05	5.113802538e-05	5.309962214e-05	4.79477358e-05
	4.865988308e-05	4.72747143e-05	4.724520595e-05	4.815455753e-05	4.764057334e-05
	5.002116397e-05	4.919295822e-05	5.245402131e-05	5.145440611e-05	5.508949436e-05
	5.40524032e-05	5.762367484e-05	5.667097249e-05	5.980996441e-05	5.904218831e-05
	6.149489739e-05	6.09730998e-05	6.264816587e-05	6.237752517e-05	6.33587386e-05
	6.329105945e-05	6.377818125e-05	6.384158615e-05	6.404824134e-05	6.41802736e-05
	6.426474544e-05	6.442550712e-05	6.447952561e-05	6.464860121e-05	6.471542938e-05
	6.488463709e-05	6.497937507e-05	6.514704592e-05	6.527040891e-05	6.543793851e-05
	6.558397658e-05	6.575396128e-05	6.591400238e-05	6.608924827e-05	6.625388058e-05
	6.643680603e-05	6.659704832e-05	6.67891853e-05	6.693755428e-05	6.713897214e-05
	6.727090137e-05	6.747947048e-05	6.75953385e-05	6.780586656e-05	6.791362475e-05
	6.811704695e-05	6.823504288e-05	6.84179547e-05	6.857714179e-05	6.872184909e-05
	6.896632502e-05	6.905109489e-05	6.943428754e-05	6.943270487e-05	6.996886867e-05
	6.985720352e-05	6.978655983e-05	6.986580819e-05	6.879174054e-05	6.908251543e-05
	6.748092226e-05	6.793659583e-05	6.586283431e-05	6.6474666e-05	6.393393388e-05
	6.469011113e-05	6.171495197e-05	6.259275139e-05	5.926107451e-05	6.022403905e-05
	5.666631929e-05	5.766407722e-05	5.40625408e-05	5.503296732e-05	5.161316327e-05
	5.248587147e-05	4.950721311e-05	5.020552719e-05	4.796250082e-05	4.840512105e-05
	4.723544719e-05	4.73291381e-05	4.766557655e-05	4.728507585e-05	4.978727117e-05
	4.872727668e-05	5.460335867e-05	5.246089976e-05	6.389545474e-05	6.008555352e-05
	5.892708418e-05	6.301070508e-05	5.117832918e-05	5.317818291e-05	4.788843038e-05
	4.865489779e-05	4.709748137e-05	4.712743398e-05	4.786017274e-05	4.740376247e-05
	4.962848721e-05	4.884823551e-05	5.200265552e-05	5.103217203e-05	5.463952455e-05
	5.360384287e-05	5.72489589e-05	5.626297651e-05	5.958866673e-05	5.875180294e-05
	6.148776243e-05	6.087070725e-05	6.287390938e-05	6.250351501e-05	6.378560125e-05
	6.363691256e-05	6.434614683e-05	6.435681762e-05	6.47011697e-05	6.480338118e-05
	6.496577337e-05	6.510933607e-05	6.520995858e-05	6.536620087e-05	6.54684023e-05
	6.562431856e-05	6.575436981e-05	6.590607542e-05	6.606972935e-05	6.621802997e-05
	6.641065031e-05	6.655854206e-05	6.677042911e-05	6.692178166e-05	6.714070774e-05
	6.729951549e-05	6.75118964e-05	6.768164502e-05	6.787332342e-05	6.805606419e-05
	6.821355872e-05	6.840822765e-05	6.852145269e-05	6.87209944e-05	6.878851355e-05
	6.897606001e-05	6.901265263e-05	6.915920514e-05	6.920092992e-05	6.926912837e-05
	6.936442696e-05	6.931996085e-05	6.949167142e-05	6.932357519e-05	6.948535968e-05
	6.925372074e-05	6.916436469e-05	6.902043209e-05	6.845752556e-05	6.850990875e-05
	6.738437049e-05	6.765407158e-05	6.595179763e-05	6.642781968e-05	6.416235357e-05
	6.482462713e-05	6.20368433e-05	6.285671981e-05	5.962876989e-05	6.056569511e-05
	5.70320037e-05	5.80318374e-05	5.438179707e-05	5.537795034e-05	5.184912125e-05
	5.276598106e-05	4.963268151e-05	5.038762558e-05	4.796255564e-05	4.846824491e-05
	4.710773764e-05	4.726538679e-05	4.742062685e-05	4.709926866e-05	4.945343431e-05
	4.843935483e-05	5.424797634e-05	5.211859321e-05	6.36949372e-05	5.981236101e-05
	5.904113252e-05	6.310533668e-05	5.126748259e-05	5.330137542e-05	4.788522034e-05
	4.870406134e-05	4.697928524e-05	4.706787125e-05	4.762421623e-05	4.722575545e-05
	4.928891934e-05	4.855884757e-05	5.159234908e-05	5.06560238e-05	5.421100722e-05
	5.318497427e-05	5.686816976e-05	5.58603975e-05	5.932976237e-05	5.84364527e-05
	6.141722321e-05	6.071363721e-05	6.302900277e-05	6.255803495e-05	6.415641512e-05
	6.391723417e-05	6.48815842e-05	6.482951182e-05	6.533893179e-05	6.540700792e-05
	6.565802219e-05	6.578602914e-05	6.592959895e-05	6.60781506e-05	6.620413166e-05
	6.635306332e-05	6.650422247e-05	6.664590986e-05	6.683648251e-05	6.697025759e-05
	6.71990734e-05	6.732786088e-05	6.758558426e-05	6.771419242e-05	6.798647845e-05
	6.812085129e-05	6.838878333e-05	6.853563449e-05	6.877390198e-05	6.893984693e-05
	6.911261835e-05	6.92999899e-05	6.935811137e-05	6.954962668e-05	6.945480287e-05
	6.959612142e-05	6.939391971e-05	6.94420134e-05	6.923729598e-05	6.919611561e-05
	6.904936842e-05	6.893603826e-05	6.885600906e-05	6.868977592e-05	6.863964413e-05
	6.845105664e-05	6.833480432e-05	6.817776138e-05	6.78350193e-05	6.778517128e-05
	6.703019834e-05	6.715767467e-05	6.584746409e-05	6.618862053e-05	6.426000074e-05
	6.481579798e-05	6.228052385e-05	6.302760026e-05	5.996078554e-05	6.085801081e-05
	5.739567601e-05	5.838614426e-05	5.472474623e-05	5.573762931e-05	5.21274005e-05
	5.308164683e-05	4.981302091e-05	5.061993848e-05	4.802480534e-05	4.859051103e-05
	4.704551174e-05	4.726531832e-05	4.724094705e-05	4.697812239e-05	4.91804363e-05
	4.821338957e-05	5.394145007e-05	5.182971951e-05	6.35157746e-05	5.957179322e-05
	5.918652843e-05	6.322106479e-05	5.140536374e-05	5.346923049e-05	4.79378561e-05
	4.880742635e-05	4.691964378e-05	4.706636907e-05	4.744614836e-05	4.710624507e-05
	4.900233242e-05	4.832465748e-05	5.122421853e-05	5.032664602e-05	5.380682025e-05
	5.279786851e-05	5.648649817e-05	5.546743603e-05	5.903949881e-05	5.810204222e-05
	6.128653258e-05	6.050672952e-05	6.310914026e-05	6.253975465e-05	6.446143258e-05
	6.412265831e-05	6.537833916e-05	6.524956686e-05	6.596450029e-05	6.598967384e-05
	6.635183049e-05	6.646419949e-05	6.665174088e-05	6.679863376e-05	6.693528309e-05
	6.708564959e-05	6.723876425e-05	6.737849228e-05	6.757643035e-05	6.77015769e-05
	6.795039252e-05	6.806244617e-05	6.835628061e-05	6.845968442e-05	6.878545485e-05
	6.888683649e-05	6.922357423e-05	6.933261073e-05	6.963902064e-05	6.977140623e-05
	6.992045316e-05	7.007319552e-05	6.982547625e-05	6.987543297e-05	6.948394318e-05
	6.946447025e-05	6.910337565e-05	6.904401972e-05	6.874019559e-05	6.864840227e-05
	6.841064915e-05	6.828882585e-05	6.811593359e-05	6.796806223e-05	6.7841066e-05
	6.767849533e-05	6.754518554e-05	6.739418931e-05	6.71499876e-05	6.705874455e-05
	6.654119609e-05	6.657630018e-05	6.559894589e-05	6.582305419e-05	6.424160395e-05
	6.468728076e-05	6.244765951e-05	6.311016123e-05	6.025450145e-05	6.109911804e-05
	5.775366492e-05	5.872339394e-05	5.508776558e-05	5.610836632e-05	5.244459012e-05
	5.342953756e-05	5.004512294e-05	5.089954917e-05	4.814622962e-05	4.876917945e-05
	4.704574912e-05	4.732620238e-05	4.712360908e-05	4.691890624e-05	4.896577916e-05
	4.804686848e-05	5.368230357e-05	5.159247365e-05	6.335786446e-05	5.936333923e-05
	5.936331227e-05	6.335784705e-05	5.159243109e-05	5.36822628e-05	4.804682738e-05
	4.896573652e-05	4.691886784e-05	4.712356904e-05	4.732616838e-05	4.70457128e-05
	4.876915024e-05	4.814619833e-05	5.089952436e-05	5.004509623e-05	5.342951585e-05
	5.244456722e-05	5.61083472e-05	5.508774567e-05	5.87233758e-05	5.775364676e-05
	6.109909901e-05	6.025448329e-05	6.311013927e-05	6.244763929e-05	6.468725432e-05
	6.42415798e-05	6.582302276e-05	6.559891656e-05	6.657626486e-05	6.654116184e-05
	6.705870742e-05	6.714995028e-05	6.739415223e-05	6.754514759e-05	6.767845938e-05
	6.784102921e-05	6.79680278e-05	6.811589889e-05	6.828879301e-05	6.841061696e-05
	6.86483711e-05	6.874016634e-05	6.90439906e-05	6.910335037e-05	6.946444468e-05
	6.948392492e-05	6.987541776e-05	6.982547535e-05	7.007321929e-05	6.992048544e-05
	6.977144382e-05	6.963906174e-05	6.933264722e-05	6.922361361e-05	6.888687181e-05
	6.87854923e-05	6.845971904e-05	6.835631668e-05	6.80624805e-05	6.795042771e-05
	6.770161129e-05	6.757646508e-05	6.7378527e-05	6.723879884e-05	6.708568479e-05
	6.693531781e-05	6.679866927e-05	6.665177577e-05	6.64642346e-05	6.635186521e-05
	6.598970716e-05	6.596453391e-05	6.524959672e-05	6.537837021e-05	6.41226837e-05
	6.446145972e-05	6.253977599e-05	6.310916321e-05	6.050674824e-05	6.128655227e-05
	5.810206032e-05	5.903951707e-05	5.546745528e-05	5.648651681e-05	5.279789042e-05
	5.380684108e-05	5.032667123e-05	5.122424203e-05	4.832468697e-05	4.900235996e-05
	4.71062794e-05	4.744618041e-05	4.706640712e-05	4.691968024e-05	4.88074672e-05
	4.793789521e-05	5.346927014e-05	5.140540518e-05	6.322108112e-05	5.918655392e-05
	5.957176491e-05	6.351575622e-05	5.182967578e-05	5.394140814e-05	4.821334646e-05
	4.918039185e-05	4.697808195e-05	4.724090494e-05	4.726528228e-05	4.704547333e-05
	4.859048003e-05	4.802477213e-05	5.061991223e-05	4.981299258e-05	5.308162425e-05
	5.212737654e-05	5.573760971e-05	5.472472562e-05	5.838612633e-05	5.73956578e-05
	6.085799276e-05	5.996076811e-05	6.302758001e-05	6.228050527e-05	6.481577353e-05
	6.425997894e-05	6.618859039e-05	6.584743711e-05	6.715763884e-05	6.703016508e-05
	6.778513189e-05	6.783498062e-05	6.817772191e-05	6.833476373e-05	6.845102015e-05
	6.86396062e-05	6.868974437e-05	6.88559774e-05	6.893601325e-05	6.904934565e-05
	6.919609963e-05	6.923728508e-05	6.944201137e-05	6.939392484e-05	6.959614016e-05
	6.945482673e-05	6.954966381e-05	6.935814905e-05	6.930003289e-05	6.911266106e-05
	6.893988929e-05	6.877394468e-05	6.853567481e-05	6.838882438e-05	6.81208896e-05
	6.798651758e-05	6.771422908e-05	6.758562162e-05	6.732789626e-05	6.719910928e-05
	6.697029207e-05	6.683651723e-05	6.664594375e-05	6.650425635e-05	6.635309689e-05
	6.620416496e-05	6.607818392e-05	6.592963184e-05	6.578606199e-05	6.565805462e-05
	6.540703955e-05	6.533896334e-05	6.482954105e-05	6.488161399e-05	6.391725984e-05
	6.415644197e-05	6.255805687e-05	6.302902604e-05	6.071365625e-05	6.141724323e-05
	5.843647068e-05	5.932978062e-05	5.586041611e-05	5.686818792e-05	5.318499522e-05
	5.421102718e-05	5.065604764e-05	5.15923714e-05	4.855887538e-05	4.928894532e-05
	4.722578787e-05	4.762424642e-05	4.706790736e-05	4.697931981e-05	4.870410043e-05
	4.788525749e-05	5.330141401e-05	5.126752299e-05	6.310535185e-05	5.904115647e-05
	5.981233147e-05	6.369491799e-05	5.211854826e-05	5.424793326e-05	4.843930968e-05
	4.945338803e-05	4.709922612e-05	4.742058263e-05	4.72653486e-05	4.710769705e-05
	4.846821199e-05	4.796252039e-05	5.038759775e-05	4.963265141e-05	5.276595754e-05
	5.184909606e-05	5.537793021e-05	5.438177568e-05	5.803181969e-05	5.703198541e-05
	6.056567826e-05	5.962875333e-05	6.285670194e-05	6.20368268e-05	6.482460619e-05
	6.416233525e-05	6.642779355e-05	6.595177543e-05	6.765403854e-05	6.738434229e-05
	6.850986885e-05	6.845748959e-05	6.902039033e-05	6.916432249e-05	6.925368736e-05
	6.94853242e-05	6.932355806e-05	6.949165811e-05	6.931996193e-05	6.936443474e-05
	6.926914622e-05	6.920095286e-05	6.915923606e-05	6.901268575e-05	6.897609892e-05
	6.878855274e-05	6.872103675e-05	6.852149469e-05	6.840827047e-05	6.821360128e-05
	6.805610596e-05	6.787336521e-05	6.768168511e-05	6.751193675e-05	6.729955376e-05
	6.714074639e-05	6.69218182e-05	6.677046605e-05	6.655857708e-05	6.641068565e-05
	6.621806371e-05	6.606976327e-05	6.590610813e-05	6.575440254e-05	6.562435049e-05
	6.546843406e-05	6.536623217e-05	6.520998955e-05	6.510936673e-05	6.496580364e-05
	6.480341084e-05	6.470119911e-05	6.435684555e-05	6.434617489e-05	6.363693775e-05
	6.378562711e-05	6.250353697e-05	6.287393234e-05	6.087072634e-05	6.148778241e-05
	5.875182069e-05	5.958868483e-05	5.626299448e-05	5.724897654e-05	5.360386288e-05
	5.463954367e-05	5.10321946e-05	5.200267678e-05	4.884826175e-05	4.962851174e-05
	4.740379304e-05	4.786020114e-05	4.712746823e-05	4.709751415e-05	4.865493515e-05
	4.788846559e-05	5.317822053e-05	5.117836863e-05	6.301071899e-05	5.892710653e-05
	6.008552296e-05	6.389543487e-05	5.246085356e-05	5.460331447e-05	4.87272295e-05
	4.978722306e-05	4.728503115e-05	4.766553021e-05	4.732909768e-05	4.723540434e-05
	4.840508607e-05	4.796246341e-05	5.020549762e-05	4.950718108e-05	5.248584684e-05
	5.161313665e-05	5.503294658e-05	5.406251852e-05	5.766405973e-05	5.666630085e-05
	6.022402357e-05	5.926105886e-05	6.259273643e-05	6.171493785e-05	6.469009511e-05
	6.393391996e-05	6.64746473e-05	6.586281933e-05	6.793657273e-05	6.748090521e-05
	6.908248585e-05	6.879172103e-05	6.986577314e-05	6.978654174e-05	6.985720803e-05
	6.996889228e-05	6.943272923e-05	6.943432021e-05	6.905112731e-05	6.896636116e-05
	6.872188639e-05	6.857718058e-05	6.841799503e-05	6.823508355e-05	6.811708882e-05
	6.791366646e-05	6.780590876e-05	6.759538041e-05	6.747951209e-05	6.727094276e-05
	6.713901256e-05	6.693759463e-05	6.678922419e-05	6.659708726e-05	6.643684324e-05
	6.625391794e-05	6.60892838e-05	6.59140381e-05	6.575399523e-05	6.558401069e-05
	6.543797104e-05	6.527044153e-05	6.51470772e-05	6.497940633e-05	6.488466733e-05
	6.471545946e-05	6.464863057e-05	6.447955468e-05	6.442553567e-05	6.426477361e-05
	6.418030121e-05	6.404826858e-05	6.384161239e-05	6.377820734e-05	6.329108359e-05
	6.3358763e-05	6.237754666e-05	6.264818799e-05	6.097311862e-05	6.149491693e-05
	5.904220572e-05	5.980998215e-05	5.667098979e-05	5.762369191e-05	5.405242231e-05
	5.508951266e-05	5.145442753e-05	5.245404162e-05	4.919298299e-05	5.002118716e-05
	4.764060216e-05	4.815458424e-05	4.724523839e-05	4.727474537e-05	4.865991874e-05
	4.794776909e-05	5.309965888e-05	5.113806398e-05	6.293738727e-05	5.884465935e-05
	6.039179724e-05	6.411729938e-05	5.285861169e-05	5.500908453e-05	4.908013022e-05
	5.018476571e-05	4.753896034e-05	4.79793112e-05	4.746011795e-05	4.743242469e-05
	4.840472322e-05	4.802850363e-05	5.007731484e-05	4.9440534e-05	5.224522284e-05
	5.142358636e-05	5.470651746e-05	5.377099524e-05	5.728626771e-05	5.630231741e-05
	5.983461355e-05	5.886012667e-05	6.223177888e-05	6.131370458e-05	6.439284587e-05
	6.356410119e-05	6.626612436e-05	6.554360647e-05	6.782230675e-05	6.720539818e-05
	6.901409145e-05	6.848687852e-05	6.958049936e-05	6.918770947e-05	6.926794317e-05
	6.907491545e-05	6.874544961e-05	6.85968356e-05	6.827373169e-05	6.810925138e-05
	6.786517063e-05	6.767560017e-05	6.750061114e-05	6.729038264e-05	6.716091358e-05
	6.693770369e-05	6.683224058e-05	6.660354442e-05	6.650647892e-05	6.627833676e-05
	6.618035034e-05	6.595695964e-05	6.585418416e-05	6.563794596e-05	6.553075872e-05
	6.532252571e-05	6.521438224e-05	6.501377107e-05	6.491022767e-05	6.471593236e-05
	6.462381873e-05	6.443393365e-05	6.436045008e-05	6.417288989e-05	6.412416055e-05
	6.393737163e-05	6.391558855e-05	6.372991561e-05	6.372756204e-05	6.354788268e-05
	6.353672399e-05	6.337718126e-05	6.328980998e-05	6.318100025e-05	6.288757117e-05
	6.288345437e-05	6.218224671e-05	6.235666589e-05	6.10161454e-05	6.143619349e-05
	5.930084044e-05	5.998686138e-05	5.707932802e-05	5.798608406e-05	5.452824784e-05
	5.555738265e-05	5.192220089e-05	5.294526795e-05	4.95937186e-05	5.046748364e-05
	4.793724936e-05	4.8508587e-05	4.742214032e-05	4.751225514e-05	4.871970666e-05
	4.806416021e-05	5.306622303e-05	5.114734079e-05	6.288575705e-05	5.879440313e-05
	6.073142426e-05	6.43603017e-05	5.331388288e-05	5.546665055e-05	4.950140251e-05
	5.064908307e-05	4.786511011e-05	4.836599446e-05	4.766280256e-05	4.770331324e-05
	4.847161605e-05	4.816538654e-05	5.000757984e-05	4.943751457e-05	5.204866381e-05
	5.128526841e-05	5.440294165e-05	5.351183414e-05	5.690204753e-05	5.594411131e-05
	5.93993612e-05	5.842879746e-05	6.177214126e-05	6.083362333e-05	6.392365638e-05
	6.304957457e-05	6.577639492e-05	6.498610788e-05	6.724775926e-05	6.65525225e-05
	6.819719489e-05	6.762143834e-05	6.845668624e-05	6.804658373e-05	6.818020894e-05
	6.790281038e-05	6.772731147e-05	6.750091033e-05	6.727112723e-05	6.705088153e-05
	6.685358567e-05	6.662434653e-05	6.64751014e-05	6.623480801e-05	6.612619905e-05
	6.587776938e-05	6.579714854e-05	6.554493813e-05	6.548075226e-05	6.522897814e-05
	6.517283389e-05	6.49248909e-05	6.487191842e-05	6.463013778e-05	6.457867471e-05
	6.4344309e-05	6.42953644e-05	6.40686819e-05	6.40253851e-05	6.380581365e-05
	6.377289307e-05	6.355920242e-05	6.354238975e-05	6.333295911e-05	6.333801422e-05
	6.313131682e-05	6.316203833e-05	6.295761624e-05	6.301162938e-05	6.281206337e-05
	6.287230111e-05	6.268698558e-05	6.270601451e-05	6.255760643e-05	6.243367919e-05
	6.23665542e-05	6.192111875e-05	6.200521361e-05	6.099593003e-05	6.131065009e-05
	5.952016026e-05	6.011234416e-05	5.748172084e-05	5.832862321e-05	5.502817649e-05
	5.603851241e-05	5.243489161e-05	5.347489863e-05	5.005153051e-05	5.09680851e-05
	4.829541918e-05	4.892394502e-05	4.765984617e-05	4.781200406e-05	4.88356706e-05
	4.823937224e-05	5.30789587e-05	5.120756097e-05	6.285644628e-05	5.877728386e-05
	6.110434371e-05	6.462393967e-05	5.382856113e-05	5.597709033e-05	4.999461406e-05
	5.118322766e-05	4.826806346e-05	4.882997595e-05	4.794224831e-05	4.805321731e-05
	4.861107222e-05	4.837861148e-05	5.000164454e-05	4.950373744e-05	5.190146186e-05
	5.120377018e-05	5.412716463e-05	5.329038537e-05	5.651562379e-05	5.559647465e-05
	5.892135909e-05	5.79710423e-05	6.121592863e-05	6.027815223e-05	6.328681042e-05
	6.239633013e-05	6.502780311e-05	6.42120626e-05	6.632116771e-05	6.56074893e-05
	6.704494332e-05	6.646577302e-05	6.718871146e-05	6.675348921e-05	6.694785989e-05
	6.661484928e-05	6.655266699e-05	6.626840116e-05	6.613035365e-05	6.586137718e-05
	6.572813721e-05	6.545943279e-05	6.535720839e-05	6.508413351e-05	6.501562512e-05
	6.473850328e-05	6.469787372e-05	6.441907749e-05	6.439860068e-05	6.412104398e-05
	6.411391681e-05	6.384029031e-05	6.384168715e-05	6.357409256e-05	6.358141623e-05
	6.332121923e-05	6.333400658e-05	6.30818086e-05	6.310151359e-05	6.285718802e-05
	6.288692713e-05	6.264970135e-05	6.26939269e-05	6.246253366e-05	6.252644397e-05
	6.229943106e-05	6.238766131e-05	6.216406198e-05	6.2277719e-05	6.205848673e-05
	6.218876161e-05	6.197969087e-05	6.209516457e-05	6.191233882e-05	6.193690277e-05
	6.181524104e-05	6.159932955e-05	6.160096838e-05	6.091015396e-05	6.11194411e-05
	5.969214567e-05	6.017992094e-05	5.78703527e-05	5.864240499e-05	5.554784436e-05
	5.652669278e-05	5.299157319e-05	5.404074213e-05	5.056766009e-05	5.152357412e-05
	4.871735455e-05	4.940280562e-05	4.796075204e-05	4.817662709e-05	4.900990711e-05
	4.847588182e-05	5.313948556e-05	5.132073788e-05	6.285030511e-05	5.879462475e-05
	6.151002641e-05	6.490734024e-05	5.440414463e-05	5.654093911e-05	5.056327742e-05
	5.178998912e-05	4.875269149e-05	4.937575063e-05	4.830409959e-05	4.848768644e-05
	4.882910168e-05	4.867428317e-05	5.0065622e-05	4.964552661e-05	5.18096571e-05
	5.118541895e-05	5.388495432e-05	5.31128117e-05	5.613231878e-05	5.526526922e-05
	5.840584176e-05	5.749274583e-05	6.057044241e-05	5.965496194e-05	6.249955846e-05
	6.161986089e-05	6.407029863e-05	6.326095111e-05	6.516775944e-05	6.446168436e-05
	6.572960993e-05	6.514960602e-05	6.581979494e-05	6.535857852e-05	6.560966409e-05
	6.523169293e-05	6.526359757e-05	6.493088313e-05	6.488052335e-05	6.456743678e-05
	6.450584702e-05	6.419894797e-05	6.415587275e-05	6.384966073e-05	6.383365165e-05
	6.352703443e-05	6.353706547e-05	6.323112739e-05	6.326261209e-05	6.295930967e-05
	6.300707243e-05	6.270849355e-05	6.276816758e-05	6.247612239e-05	6.254475002e-05
	6.226055734e-05	6.233679937e-05	6.206118773e-05	6.214535603e-05	6.187843186e-05
	6.197244579e-05	6.171370722e-05	6.182098175e-05	6.156938681e-05	6.169454118e-05
	6.144868805e-05	6.159675902e-05	6.135532507e-05	6.152977879e-05	6.129253205e-05
	6.149064394e-05	6.126063547e-05	6.146361307e-05	6.125158094e-05	6.140559294e-05
	6.123777388e-05	6.1223944e-05	6.115257258e-05	6.075877977e-05	6.086629574e-05
	5.980892821e-05	6.018440426e-05	5.823567379e-05	5.891728836e-05	5.608113723e-05
	5.701363789e-05	5.359050858e-05	5.463917408e-05	5.114326371e-05	5.213407122e-05
	4.920574437e-05	4.994755821e-05	4.832795489e-05	4.860938571e-05	4.92452564e-05
	4.877692314e-05	5.325002535e-05	5.148956999e-05	6.286842851e-05	5.884814875e-05
	6.194735382e-05	6.52092027e-05	5.504149671e-05	5.715798402e-05	5.121058095e-05
	5.247162149e-05	4.932390126e-05	5.000763635e-05	4.875432931e-05	4.901242031e-05
	4.913223679e-05	4.905889342e-05	5.020625838e-05	4.986974111e-05	5.178000616e-05
	5.123718361e-05	5.368302137e-05	5.298611626e-05	5.575899815e-05	5.495771985e-05
	5.786105896e-05	5.700238079e-05	5.984900998e-05	5.897675282e-05	6.158916447e-05
	6.074394489e-05	6.29593016e-05	6.217848202e-05	6.38706805e-05	6.318474998e-05
	6.431156399e-05	6.373362413e-05	6.436975499e-05	6.388799887e-05	6.41858784e-05
	6.377265174e-05	6.388376071e-05	6.351142582e-05	6.354240757e-05	6.319131898e-05
	6.320306256e-05	6.286184967e-05	6.288388023e-05	6.254713237e-05	6.25908802e-05
	6.225686581e-05	6.23243684e-05	6.19933976e-05	6.208236314e-05	6.175572555e-05
	6.186233496e-05	6.154163698e-05	6.166205252e-05	6.134881309e-05	6.14799725e-05
	6.117538298e-05	6.131540989e-05	6.102019682e-05	6.116861418e-05	6.088296596e-05
	6.104081265e-05	6.076434878e-05	6.093423097e-05	6.066601328e-05	6.085203606e-05
	6.059065671e-05	6.079802761e-05	6.054187634e-05	6.077566873e-05	6.052361588e-05
	6.078557454e-05	6.053856211e-05	6.081971956e-05	6.058418714e-05	6.084941546e-05
	6.064398213e-05	6.080400921e-05	6.067030787e-05	6.054462728e-05	6.055775742e-05
	5.986369181e-05	6.012290415e-05	5.856641982e-05	5.914239372e-05	5.66195759e-05
	5.74885191e-05	5.42284493e-05	5.526443149e-05	5.177905675e-05	5.279874735e-05
	4.976357832e-05	5.056060647e-05	4.87652342e-05	4.9114113e-05	4.954534155e-05
	4.914652214e-05	5.341344822e-05	5.171749977e-05	6.291217351e-05	5.894001468e-05
	6.241453164e-05	6.552777387e-05	5.574061734e-05	5.782708815e-05	5.193909519e-05
	5.322956368e-05	4.998633219e-05	5.072945745e-05	4.929895061e-05	4.963295193e-05
	4.952727136e-05	4.953902077e-05	5.043071715e-05	5.01835071e-05	5.181985667e-05
	5.136647394e-05	5.352904586e-05	5.291806529e-05	5.540437757e-05	5.468255772e-05
	5.729882222e-05	5.651138192e-05	5.90709782e-05	5.826136092e-05	6.058948366e-05
	5.979864029e-05	6.17469788e-05	6.101094554e-05	6.248691636e-05	6.183087486e-05
	6.282924247e-05	6.226035284e-05	6.286275559e-05	6.23699224e-05	6.270063493e-05
	6.226342752e-05	6.243851916e-05	6.203699298e-05	6.214005394e-05	6.175946266e-05
	6.184143186e-05	6.147265845e-05	6.156066194e-05	6.119896345e-05	6.130517578e-05
	6.094873462e-05	6.1076766e-05	6.072552812e-05	6.08744978e-05	6.05293465e-05
	6.069635235e-05	6.035854886e-05	6.054013927e-05	6.021095278e-05	6.040400546e-05
	6.008447264e-05	6.028672861e-05	5.997749997e-05	6.018790246e-05	5.988914613e-05
	6.010807367e-05	5.981941741e-05	6.004885435e-05	5.97693599e-05	6.001298797e-05
	5.97411758e-05	6.000426157e-05	5.973825398e-05	6.002697588e-05	5.976493048e-05
	6.00843086e-05	5.982552545e-05	6.017414601e-05	5.992163295e-05	6.027965784e-05
	6.004555726e-05	6.035055059e-05	6.016617372e-05	6.027371716e-05	6.020321112e-05
	5.985179672e-05	5.999576707e-05	5.885002461e-05	5.930706969e-05	5.715170143e-05
	5.793768786e-05	5.489986219e-05	5.590779281e-05	5.247481974e-05	5.351515727e-05
	5.039394699e-05	5.124404644e-05	4.927703589e-05	4.969514092e-05	4.991463802e-05
	4.958955653e-05	5.363335135e-05	5.200881179e-05	6.298318893e-05	5.907287864e-05
	6.290905372e-05	6.586086394e-05	5.650045089e-05	5.854607009e-05	5.275047446e-05
	5.406417875e-05	5.074400871e-05	5.154420259e-05	4.994365375e-05	5.035426586e-05
	5.002090139e-05	5.01209341e-05	5.074624697e-05	5.059382938e-05	5.193688695e-05
	5.158079688e-05	5.343154543e-05	5.291694188e-05	5.507906219e-05	5.444990804e-05
	5.67345135e-05	5.603404346e-05	5.826081884e-05	5.753103954e-05	5.953802326e-05
	5.881797306e-05	6.048142127e-05	5.980332969e-05	6.106295462e-05	6.044679203e-05
	6.131869858e-05	6.076887365e-05	6.132907495e-05	6.08371654e-05	6.118419314e-05
	6.073594733e-05	6.095852991e-05	6.0540046e-05	6.070319251e-05	6.030387428e-05
	6.044900298e-05	6.006201663e-05	6.021254806e-05	5.983417027e-05	6.000147673e-05
	5.963019792e-05	5.98182145e-05	5.945394173e-05	5.966233764e-05	5.930577798e-05
	5.953203976e-05	5.91842496e-05	5.942503672e-05	5.908710088e-05	5.933913617e-05
	5.901194338e-05	5.927261126e-05	5.895669961e-05	5.922446419e-05	5.89199157e-05
	5.919463308e-05	5.89010017e-05	5.918417222e-05	5.890043629e-05	5.919540589e-05
	5.891995177e-05	5.923199773e-05	5.896267585e-05	5.929874663e-05	5.903311952e-05
	5.94006269e-05	5.913669648e-05	5.953996495e-05	5.927801098e-05	5.970941418e-05
	5.945620266e-05	5.987653006e-05	5.965393344e-05	5.995535557e-05	5.981475887e-05
	5.977196435e-05	5.980730137e-05	5.907359553e-05	5.940235529e-05	5.766261523e-05
	5.834483038e-05	5.559598421e-05	5.655664069e-05	5.322870359e-05	5.427833809e-05
	5.109974888e-05	5.199919508e-05	4.986844969e-05	5.035718719e-05	5.035858255e-05
	5.011184525e-05	5.391418572e-05	5.236878576e-05	6.308346663e-05	5.924999515e-05
	6.342773127e-05	6.620590929e-05	5.731876081e-05	5.931166715e-05	5.364518167e-05
	5.49745448e-05	5.159996346e-05	5.245367838e-05	5.069336476e-05	5.118035516e-05
	5.061924624e-05	5.081008356e-05	5.115969567e-05	5.110704701e-05	5.213865685e-05
	5.188721824e-05	5.33995022e-05	5.299105594e-05	5.479520045e-05	5.427082358e-05
	5.618643959e-05	5.558683961e-05	5.744649022e-05	5.681099744e-05	5.847352343e-05
	5.783756784e-05	5.920739263e-05	5.859852065e-05	5.964135426e-05	5.907550219e-05
	5.981722916e-05	5.929808279e-05	5.980377042e-05	5.932611524e-05	5.967189788e-05
	5.922664732e-05	5.947941277e-05	5.905754239e-05	5.926683388e-05	5.886130646e-05
	5.905957438e-05	5.866576707e-05	5.887196925e-05	5.848736897e-05	5.871095831e-05
	5.833462989e-05	5.857883437e-05	5.821089393e-05	5.847513454e-05	5.811630547e-05
	5.839790806e-05	5.804917092e-05	5.834456904e-05	5.800689493e-05	5.83124833e-05
	5.798663554e-05	5.829938718e-05	5.798577687e-05	5.830370283e-05	5.800228473e-05
	5.832479374e-05	5.803498999e-05	5.836319153e-05	5.80838335e-05	5.842080848e-05
	5.815009542e-05	5.850111415e-05	5.823661054e-05	5.86091634e-05	5.834791238e-05
	5.875114787e-05	5.84901072e-05	5.893264567e-05	5.866993297e-05	5.915368826e-05
	5.88916913e-05	5.939679761e-05	5.914914848e-05	5.960202005e-05	5.94070291e-05
	5.962729108e-05	5.956617047e-05	5.922556254e-05	5.94228015e-05	5.813395483e-05
	5.869189621e-05	5.63036964e-05	5.719356152e-05	5.403626257e-05	5.507963685e-05
	5.188324229e-05	5.282588127e-05	5.05451577e-05	5.110515996e-05	5.0883728e-05
	5.072026229e-05	5.426144812e-05	5.280391955e-05	6.321542437e-05	5.947537263e-05
	6.396679979e-05	6.656008646e-05	5.819210519e-05	6.011961069e-05	5.462227098e-05
	5.595833508e-05	5.255584974e-05	5.345818532e-05	5.155172175e-05	5.211372027e-05
	5.132722288e-05	5.161045699e-05	5.167682337e-05	5.17280897e-05	5.243190845e-05
	5.229157182e-05	5.344167177e-05	5.314794389e-05	5.45656833e-05	5.415640815e-05
	5.567456151e-05	5.518719175e-05	5.665733804e-05	5.612744529e-05	5.743387463e-05
	5.689239577e-05	5.796649938e-05	5.743649865e-05	5.826245567e-05	5.775715965e-05
	5.836301569e-05	5.788652148e-05	5.832467058e-05	5.787490021e-05	5.820235861e-05
	5.777449241e-05	5.804033641e-05	5.762932947e-05	5.78700037e-05	5.747186733e-05
	5.771147118e-05	5.732364878e-05	5.757626542e-05	5.719752682e-05	5.74698872e-05
	5.710003256e-05	5.739383342e-05	5.703335814e-05	5.734708532e-05	5.699687069e-05
	5.732718055e-05	5.698823145e-05	5.733099057e-05	5.700422305e-05	5.735529627e-05
	5.704137113e-05	5.739722587e-05	5.709642168e-05	5.745459932e-05	5.716671706e-05
	5.752621317e-05	5.725050295e-05	5.761209487e-05	5.734719499e-05	5.771374987e-05
	5.745763217e-05	5.783440553e-05	5.758433436e-05	5.797919802e-05	5.773174903e-05
	5.815509542e-05	5.790637314e-05	5.836997929e-05	5.811639246e-05	5.86294442e-05
	5.836987727e-05	5.892808026e-05	5.866923002e-05	5.922913687e-05	5.899701031e-05
	5.942591563e-05	5.928544957e-05	5.929790584e-05	5.936834581e-05	5.854475998e-05
	5.896114308e-05	5.700435971e-05	5.779586175e-05	5.488916953e-05	5.590522947e-05
	5.274534142e-05	5.372137644e-05	5.131331143e-05	5.194380414e-05	5.149794274e-05
	5.142285777e-05	5.468195637e-05	5.332223567e-05	6.338203065e-05	5.975400031e-05
	6.452211318e-05	6.692047886e-05	5.911594596e-05	6.096483809e-05	5.567926361e-05
	5.701182216e-05	5.361156103e-05	5.455623822e-05	5.252045896e-05	5.315480574e-05
	5.21477369e-05	5.252376935e-05	5.230136229e-05	5.245948495e-05	5.282156352e-05
	5.279736732e-05	5.356553858e-05	5.339323394e-05	5.440291895e-05	5.411656927e-05
	5.521879694e-05	5.485187107e-05	5.592191138e-05	5.550554039e-05	5.645437037e-05
	5.60148853e-05	5.679679903e-05	5.635354605e-05	5.696425633e-05	5.652888143e-05
	5.69939144e-05	5.65714922e-05	5.693057089e-05	5.652184657e-05	5.681579737e-05
	5.641944138e-05	5.668262027e-05	5.629683506e-05	5.655446514e-05	5.617785049e-05
	5.644629694e-05	5.607816818e-05	5.636645598e-05	5.600684493e-05	5.631844591e-05
	5.596795112e-05	5.630242069e-05	5.596200461e-05	5.631634851e-05	5.59871308e-05
	5.635690908e-05	5.603997811e-05	5.642018994e-05	5.611644133e-05	5.650223457e-05
	5.621223858e-05	5.659947933e-05	5.632337601e-05	5.670910761e-05	5.644652511e-05
	5.68293457e-05	5.65793349e-05	5.695972711e-05	5.672070322e-05	5.710135367e-05
	5.687103561e-05	5.725717567e-05	5.703252129e-05	5.743228024e-05	5.720943916e-05
	5.763407578e-05	5.740844841e-05	5.787199227e-05	5.763864349e-05	5.815566423e-05
	5.791072469e-05	5.848903159e-05	5.823354689e-05	5.885489705e-05	5.860400001e-05
	5.918125524e-05	5.898246961e-05	5.928864587e-05	5.924584594e-05	5.887372813e-05
	5.913844191e-05	5.767303974e-05	5.833619004e-05	5.57735255e-05	5.673435311e-05
	5.368450652e-05	5.467879023e-05	5.217925107e-05	5.287705862e-05	5.221063761e-05
	5.222893539e-05	5.518421979e-05	5.393367378e-05	6.358698066e-05	6.009215718e-05
	6.508943119e-05	6.728429724e-05	6.008491564e-05	6.184185509e-05	5.681213969e-05
	5.813002303e-05	5.476485967e-05	5.574433125e-05	5.359867256e-05	5.430134877e-05
	5.308064475e-05	5.354844066e-05	5.303378186e-05	5.330007787e-05	5.330941333e-05
	5.340440367e-05	5.377598674e-05	5.372926743e-05	5.431738028e-05	5.415861948e-05
	5.483728665e-05	5.459544111e-05	5.526616838e-05	5.496776545e-05	5.556656629e-05
	5.52338036e-05	5.573250677e-05	5.538197675e-05	5.578213326e-05	5.54247541e-05
	5.574667507e-05	5.538872366e-05	5.566024208e-05	5.530488749e-05	5.555314305e-05
	5.520187437e-05	5.544891605e-05	5.510256315e-05	5.536390313e-05	5.502322485e-05
	5.530809749e-05	5.49740411e-05	5.528641115e-05	5.496016465e-05	5.529993754e-05
	5.498286912e-05	5.53470528e-05	5.504059827e-05	5.542433161e-05	5.512986462e-05
	5.552729949e-05	5.524600391e-05	5.565105192e-05	5.538380629e-05	5.579076478e-05
	5.553804367e-05	5.594211444e-05	5.570390776e-05	5.610162353e-05	5.587737158e-05
	5.62669505e-05	5.605548934e-05	5.643714728e-05	5.623665564e-05	5.661291664e-05
	5.642085373e-05	5.679690418e-05	5.660992957e-05	5.699404564e-05	5.680792704e-05
	5.721192698e-05	5.702148466e-05	5.74609313e-05	5.726018441e-05	5.775347227e-05
	5.753643282e-05	5.810042378e-05	5.786367355e-05	5.850021615e-05	5.824976066e-05
	5.891197367e-05	5.867867657e-05	5.920402826e-05	5.907001549e-05	5.910323441e-05
	5.921749216e-05	5.827894689e-05	5.878531053e-05	5.666772198e-05	5.753771688e-05
	5.469500584e-05	5.568477536e-05	5.314892014e-05	5.390690019e-05	5.30329679e-05
	5.314898685e-05	5.577891027e-05	5.46505515e-05	6.383492735e-05	6.049781308e-05
	6.56647925e-05	6.764914078e-05	6.109322999e-05	6.274521925e-05	5.801542402e-05
	5.930694131e-05	5.601097308e-05	5.701668746e-05	5.478191357e-05	5.554757173e-05
	5.412144925e-05	5.467831989e-05	5.386978696e-05	5.424350295e-05	5.38926458e-05
	5.410726764e-05	5.40739856e-05	5.415383576e-05	5.431640516e-05	5.428627718e-05
	5.454527048e-05	5.442946074e-05	5.47127135e-05	5.453349623e-05	5.479828435e-05
	5.457454505e-05	5.480461326e-05	5.455112387e-05	5.474949089e-05	5.447701881e-05
	5.465736508e-05	5.437339832e-05	5.455273763e-05	5.426244083e-05	5.445630589e-05
	5.416339167e-05	5.438343033e-05	5.409080173e-05	5.434406616e-05	5.405421646e-05
	5.434341272e-05	5.405863183e-05	5.438281074e-05	5.410525951e-05	5.446065338e-05
	5.419235712e-05	5.457321996e-05	5.431601738e-05	5.471540999e-05	5.447088131e-05
	5.488138018e-05	5.465076933e-05	5.506509227e-05	5.48492324e-05	5.52607782e-05
	5.506002554e-05	5.546332869e-05	5.527750653e-05	5.566861345e-05	5.549696504e-05
	5.587374732e-05	5.57148928e-05	5.607732534e-05	5.592921477e-05	5.627966097e-05
	5.613951161e-05	5.6483071e-05	5.634727659e-05	5.669225063e-05	5.655625603e-05
	5.691474778e-05	5.677291129e-05	5.716142299e-05	5.70069663e-05	5.744645188e-05
	5.727180158e-05	5.778555969e-05	5.758389214e-05	5.81890281e-05	5.795903126e-05
	5.864190712e-05	5.839977334e-05	5.906004645e-05	5.886383304e-05	5.922474189e-05
	5.920406323e-05	5.878853324e-05	5.911797036e-05	5.754035186e-05	5.827745657e-05
	5.576431693e-05	5.671648807e-05	5.42266914e-05	5.503132945e-05	5.397788866e-05
	5.419425589e-05	5.647939749e-05	5.54880171e-05	6.413176066e-05	6.098109237e-05
	6.624493542e-05	6.80132686e-05	6.213516107e-05	6.367003705e-05	5.928225093e-05
	6.053575314e-05	5.734204206e-05	5.836483613e-05	5.606103978e-05	5.688312205e-05
	5.525978336e-05	5.590120967e-05	5.479881124e-05	5.52767149e-05	5.456272713e-05
	5.489433603e-05	5.44560489e-05	5.465993743e-05	5.440418908e-05	5.450016635e-05
	5.435557927e-05	5.436361151e-05	5.428196727e-05	5.422081565e-05	5.417555599e-05
	5.406171585e-05	5.404328444e-05	5.389045316e-05	5.390017427e-05	5.371927512e-05
	5.376360211e-05	5.356317908e-05	5.364944119e-05	5.34361976e-05	5.357004649e-05
	5.334935515e-05	5.353358929e-05	5.330989241e-05	5.354418821e-05	5.33212705e-05
	5.360242796e-05	5.33835806e-05	5.370602205e-05	5.349412507e-05	5.385049778e-05
	5.364804711e-05	5.402985118e-05	5.383895075e-05	5.423715125e-05	5.405948563e-05
	5.446508486e-05	5.43018829e-05	5.470643688e-05	5.455843357e-05	5.495450171e-05
	5.482190222e-05	5.520342552e-05	5.508587289e-05	5.544848376e-05	5.534502879e-05
	5.568630702e-05	5.559537593e-05	5.591507846e-05	5.583443047e-05	5.613473946e-05
	5.606140254e-05	5.634725347e-05	5.627742333e-05	5.655698689e-05	5.648587576e-05
	5.677125403e-05	5.669288991e-05	5.700099575e-05	5.690802896e-05	5.726133118e-05
	5.714504276e-05	5.757111788e-05	5.742219052e-05	5.794906673e-05	5.77605895e-05
	5.840043039e-05	5.817651308e-05	5.888320113e-05	5.865888063e-05	5.92446148e-05
	5.911929224e-05	5.917260643e-05	5.932191396e-05	5.834990552e-05	5.891100603e-05
	5.686952249e-05	5.773848073e-05	5.541318343e-05	5.624098842e-05	5.505980138e-05
	5.537554505e-05	5.730227097e-05	5.646432001e-05	6.448489997e-05	6.155475944e-05
	6.682762335e-05	6.837574359e-05	6.320529028e-05	6.461214053e-05	6.060409822e-05
	6.180852853e-05	5.874619358e-05	5.977669351e-05	5.742082347e-05	5.829169826e-05
	5.647805672e-05	5.719758674e-05	5.580334971e-05	5.637954929e-05	5.530590583e-05
	5.574877336e-05	5.491599267e-05	5.523835626e-05	5.458454901e-05	5.480165664e-05
	5.428218853e-05	5.441041447e-05	5.399645772e-05	5.405192999e-05	5.372748762e-05
	5.372508134e-05	5.348291051e-05	5.343568686e-05	5.327333382e-05	5.319239855e-05
	5.310906334e-05	5.30037009e-05	5.299817652e-05	5.287611463e-05	5.294566255e-05
	5.281335728e-05	5.295326575e-05	5.281614977e-05	5.301972688e-05	5.288239991e-05
	5.314122281e-05	5.30075849e-05	5.331188959e-05	5.318522662e-05	5.352436918e-05
	5.340740241e-05	5.377034768e-05	5.366525803e-05	5.404106521e-05	5.394950151e-05
	5.43277824e-05	5.425086006e-05	5.462219135e-05	5.456048607e-05	5.491676246e-05
	5.487030139e-05	5.520502439e-05	5.517327488e-05	5.548178161e-05	5.546363559e-05
	5.574328347e-05	5.573703296e-05	5.598737028e-05	5.599066628e-05	5.621363545e-05
	5.622341853e-05	5.642365831e-05	5.643604529e-05	5.662137737e-05	5.663148526e-05
	5.681367577e-05	5.681537174e-05	5.701121025e-05	5.6996807e-05	5.722935671e-05
	5.718937695e-05	5.748871261e-05	5.741209365e-05	5.781351365e-05	5.768927413e-05
	5.822365712e-05	5.804654282e-05	5.871126333e-05	5.849646121e-05	5.918869078e-05
	5.900176909e-05	5.941800299e-05	5.940821573e-05	5.904915907e-05	5.940204183e-05
	5.797343699e-05	5.870160407e-05	5.670131519e-05	5.7514036e-05	5.629325998e-05
	5.670041593e-05	5.826757078e-05	5.760045234e-05	6.490351901e-05	6.22345024e-05
	6.74115908e-05	6.873627902e-05	6.429802957e-05	6.556740079e-05	6.196968623e-05
	6.311488789e-05	6.02060439e-05	6.123485895e-05	5.883873896e-05	5.974978133e-05
	5.775151648e-05	5.854091963e-05	5.686115058e-05	5.752763769e-05	5.610780012e-05
	5.665438053e-05	5.545147422e-05	5.588592066e-05	5.486863516e-05	5.520247994e-05
	5.434855673e-05	5.459540667e-05	5.388950125e-05	5.406351995e-05	5.3494974e-05
	5.360980119e-05	5.317047649e-05	5.323857988e-05	5.292117963e-05	5.29535781e-05
	5.275050964e-05	5.275673908e-05	5.265947435e-05	5.264768669e-05	5.264648931e-05
	5.262360299e-05	5.27075118e-05	5.267936751e-05	5.283634822e-05	5.280784714e-05
	5.302505541e-05	5.300027235e-05	5.326438875e-05	5.324666039e-05	5.354426749e-05
	5.353625936e-05	5.38542346e-05	5.385799136e-05	5.418389122e-05	5.420087437e-05
	5.452328777e-05	5.455440409e-05	5.486325789e-05	5.490888025e-05	5.519568617e-05
	5.52556674e-05	5.551370872e-05	5.558738709e-05	5.581185343e-05	5.589804729e-05
	5.608613737e-05	5.618312383e-05	5.633414955e-05	5.643961971e-05	5.655516132e-05
	5.666614061e-05	5.675032267e-05	5.686304007e-05	5.692302037e-05	5.703270601e-05
	5.707948633e-05	5.718007624e-05	5.722972614e-05	5.731347299e-05	5.738873993e-05
	5.744579045e-05	5.75776972e-05	5.759588757e-05	5.782398529e-05	5.778952673e-05
	5.815726962e-05	5.805807439e-05	5.859501382e-05	5.84305143e-05	5.910555557e-05
	5.890969273e-05	5.954120059e-05	5.942017926e-05	5.959913694e-05	5.973994438e-05
	5.90229553e-05	5.954965458e-05	5.807009931e-05	5.880969265e-05	5.768970202e-05
	5.816765777e-05	5.939825586e-05	5.891829899e-05	6.539850328e-05	6.303874672e-05
	6.799551055e-05	6.909419825e-05	6.540538908e-05	6.652905278e-05	6.336229023e-05
	6.443861594e-05	6.169677631e-05	6.271411653e-05	6.028545396e-05	6.122704892e-05
	5.905262374e-05	5.990278959e-05	5.795398458e-05	5.870285301e-05	5.696583176e-05
	5.761054434e-05	5.607837404e-05	5.662272849e-05	5.528974104e-05	5.574226149e-05
	5.460213549e-05	5.497406348e-05	5.401911325e-05	5.432275725e-05	5.354376103e-05
	5.37913627e-05	5.31775505e-05	5.338058891e-05	5.291977495e-05	5.308861471e-05
	5.276736873e-05	5.291112923e-05	5.271497807e-05	5.284153553e-05	5.275517637e-05
	5.287123343e-05	5.28787681e-05	5.298995272e-05	5.307514704e-05	5.318611822e-05
	5.333269022e-05	5.344723982e-05	5.363917126e-05	5.376031676e-05	5.398217592e-05
	5.411224308e-05	5.434950074e-05	5.449019582e-05	5.47295151e-05	5.488198723e-05
	5.511146957e-05	5.52763631e-05	5.548573849e-05	5.566323484e-05	5.584399144e-05
	5.603383914e-05	5.617929688e-05	5.638082754e-05	5.648616981e-05	5.669829666e-05
	5.676058501e-05	5.698177889e-05	5.69999879e-05	5.722822307e-05	5.720334801e-05
	5.743600635e-05	5.737131591e-05	5.760503325e-05	5.750656365e-05	5.773699567e-05
	5.761440502e-05	5.783588767e-05	5.770379082e-05	5.790887707e-05	5.778871339e-05
	5.796761212e-05	5.7889851e-05	5.802991127e-05	5.803577161e-05	5.812146794e-05
	5.826186913e-05	5.827640408e-05	5.86028126e-05	5.85339922e-05	5.906975793e-05
	5.89254146e-05	5.960063965e-05	5.944012119e-05	5.999426218e-05	5.996408602e-05
	5.995757747e-05	6.024227189e-05	5.947612151e-05	6.00652955e-05	5.925035328e-05
	5.975675669e-05	6.071755631e-05	6.043525171e-05	6.598179785e-05	6.398695671e-05
	6.857522007e-05	6.944637632e-05	6.651229857e-05	6.748245031e-05	6.475571918e-05
	6.575268533e-05	6.318595394e-05	6.418068274e-05	6.173129259e-05	6.269337455e-05
	6.036527585e-05	6.126905706e-05	5.908843369e-05	5.991735363e-05	5.791319799e-05
	5.865991531e-05	5.68547131e-05	5.75194825e-05	5.592577831e-05	5.651398072e-05
	5.51351501e-05	5.565518527e-05	5.448713542e-05	5.494878529e-05	5.398191238e-05
	5.439524115e-05	5.361605531e-05	5.399071217e-05	5.338312144e-05	5.372794845e-05
	5.327418925e-05	5.359702845e-05	5.327834603e-05	5.358597718e-05	5.338312991e-05
	5.368128642e-05	5.357494947e-05	5.386838031e-05	5.383949394e-05	5.413204982e-05
	5.416213998e-05	5.445687049e-05	5.452834892e-05	5.482760225e-05	5.492404165e-05
	5.522956116e-05	5.533593344e-05	5.564894734e-05	5.57518121e-05	5.607311321e-05
	5.616074632e-05	5.649075948e-05	5.655321788e-05	5.689205295e-05	5.692117914e-05
	5.726866735e-05	5.72580453e-05	5.761375641e-05	5.755863896e-05	5.792187588e-05
	5.781911243e-05	5.818887831e-05	5.803688295e-05	5.84118128e-05	5.821062725e-05
	5.858887243e-05	5.834039778e-05	5.871944567e-05	5.842794207e-05	5.8804347e-05
	5.847732647e-05	5.884632201e-05	5.849597194e-05	5.885093822e-05	5.84961789e-05
	5.88279612e-05	5.849708237e-05	5.879324305e-05	5.852666072e-05	5.877092984e-05
	5.862267973e-05	5.879533718e-05	5.88300721e-05	5.891085664e-05	5.918929508e-05
	5.916647536e-05	5.970619641e-05	5.959783068e-05	6.029546759e-05	6.018659955e-05
	6.073984668e-05	6.080078622e-05	6.085015543e-05	6.121129981e-05	6.095242477e-05
	6.141367856e-05	6.224186039e-05	6.215150865e-05	6.666427678e-05	6.509503002e-05
	6.913836235e-05	6.978271838e-05	6.758859529e-05	6.839630573e-05	6.611077263e-05
	6.701426878e-05	6.464022842e-05	6.55984813e-05	6.316579463e-05	6.413977939e-05
	6.171519908e-05	6.267332016e-05	6.033095961e-05	6.125217776e-05	5.905299902e-05
	5.992563068e-05	5.791204713e-05	5.873177007e-05	5.692801597e-05	5.769554842e-05
	5.611118064e-05	5.683043356e-05	5.54639415e-05	5.614057004e-05	5.498266574e-05
	5.562305804e-05	5.465920848e-05	5.526979519e-05	5.448213116e-05	5.506895381e-05
	5.443763464e-05	5.500609643e-05	5.451029659e-05	5.506504622e-05	5.468367381e-05
	5.52285797e-05	5.494082329e-05	5.547900897e-05	5.526476912e-05	5.579868675e-05
	5.563892647e-05	5.617045183e-05	5.604747894e-05	5.657801493e-05	5.647569843e-05
	5.700627761e-05	5.691019485e-05	5.74415738e-05	5.733908553e-05	5.787182621e-05
	5.775208033e-05	5.828661499e-05	5.814048508e-05	5.867716295e-05	5.849713344e-05
	5.903624763e-05	5.881626308e-05	5.935805638e-05	5.909335787e-05	5.963800482e-05
	5.932498325e-05	5.987254407e-05	5.950864999e-05	6.00589881e-05	5.964275167e-05
	6.019540171e-05	5.972663718e-05	6.028060313e-05	5.976089916e-05	6.031435447e-05
	5.974798158e-05	6.029783558e-05	5.969322328e-05	6.02345168e-05	5.960644078e-05
	6.013154985e-05	5.950407459e-05	6.000175073e-05	5.941172271e-05	5.986612855e-05
	5.936646145e-05	5.975661312e-05	5.941755707e-05	5.971815486e-05	5.962258305e-05
	5.980825967e-05	6.003313537e-05	6.009039245e-05	6.066032178e-05	6.061339508e-05
	6.141900324e-05	6.136845863e-05	6.211772948e-05	6.223352343e-05	6.272915002e-05
	6.304282812e-05	6.396323981e-05	6.402376081e-05	6.745080061e-05	6.636266343e-05
	6.965623748e-05	7.008049415e-05	6.858387868e-05	6.921759559e-05	6.738232903e-05
	6.817243102e-05	6.605029072e-05	6.695591446e-05	6.463741622e-05	6.562091059e-05
	6.321459897e-05	6.424394338e-05	6.185006096e-05	6.290092995e-05	6.059703214e-05
	6.165191769e-05	5.949213239e-05	6.05394268e-05	5.855683418e-05	5.958947763e-05
	5.780047226e-05	5.881477865e-05	5.722306845e-05	5.821764022e-05	5.681782965e-05
	5.779270243e-05	5.657310456e-05	5.752908652e-05	5.647391819e-05	5.741213072e-05
	5.650314813e-05	5.742472887e-05	5.664245264e-05	5.75483932e-05	5.687301642e-05
	5.776409966e-05	5.717616747e-05	5.805297555e-05	5.753388927e-05	5.839685596e-05
	5.792923927e-05	5.877872527e-05	5.834667304e-05	5.918304736e-05	5.877227078e-05
	5.959598624e-05	5.919386462e-05	6.000551986e-05	5.960106988e-05	6.040145409e-05
	5.998522923e-05	6.077534863e-05	6.033928339e-05	6.112037027e-05	6.065758573e-05
	6.143109126e-05	6.09356798e-05	6.170325189e-05	6.117006128e-05	6.193350664e-05
	6.135794855e-05	6.211917552e-05	6.149709213e-05	6.225802542e-05	6.158566262e-05
	6.234811462e-05	6.162227265e-05	6.238774629e-05	6.160620982e-05	6.237559691e-05
	6.153798284e-05	6.231111071e-05	6.142030426e-05	6.219527771e-05	6.125963759e-05
	6.203192838e-05	6.106839218e-05	6.182966486e-05	6.086774096e-05	6.160447692e-05
	6.069077541e-05	6.138293234e-05	6.058533417e-05	6.120553391e-05	6.061492016e-05
	6.112933198e-05	6.085486497e-05	6.122789742e-05	6.137699522e-05	6.15847856e-05
	6.221367693e-05	6.227233126e-05	6.329643447e-05	6.330421449e-05	6.446171078e-05
	6.457039264e-05	6.581233521e-05	6.592171241e-05	6.832770014e-05	6.774159176e-05
	7.007909918e-05	7.030536935e-05	6.943073658e-05	6.987490466e-05	6.854435663e-05
	6.919177681e-05	6.747259388e-05	6.830614873e-05	6.629781987e-05	6.729577001e-05
	6.510210218e-05	6.623907931e-05	6.395473188e-05	6.520467273e-05	6.290692712e-05
	6.424467119e-05	6.199318095e-05	6.339592967e-05	6.123333833e-05	6.268120383e-05
	6.063549041e-05	6.211163518e-05	6.019856938e-05	6.168894979e-05	5.991473757e-05
	6.140773216e-05	5.977136094e-05	6.125736398e-05	5.975265149e-05	6.12237287e-05
	5.984098681e-05	6.129061039e-05	6.001797585e-05	6.14408451e-05	6.026530479e-05
	6.16572337e-05	6.056539877e-05	6.192324984e-05	6.090191775e-05	6.222355904e-05
	6.126010155e-05	6.254436936e-05	6.162697583e-05	6.2873631e-05	6.199143363e-05
	6.320110594e-05	6.234420992e-05	6.351833012e-05	6.267776969e-05	6.381849191e-05
	6.298613036e-05	6.409624961e-05	6.326463829e-05	6.434750848e-05	6.350971727e-05
	6.456917465e-05	6.371860506e-05	6.475890071e-05	6.388909309e-05	6.491483521e-05
	6.401928495e-05	6.503538816e-05	6.410739292e-05	6.511902585e-05	6.415159927e-05
	6.516411319e-05	6.41500237e-05	6.516883208e-05	6.410086108e-05	6.513122309e-05
	6.400278178e-05	6.504942457e-05	6.38557164e-05	6.492221361e-05	6.366216583e-05
	6.474998107e-05	6.342916898e-05	6.453628255e-05	6.317100623e-05	6.429008949e-05
	6.291257271e-05	6.40287715e-05	6.269313235e-05	6.378169899e-05	6.256969753e-05
	6.359399605e-05	6.261862324e-05	6.35296165e-05	6.29320498e-05	6.367155638e-05
	6.360259297e-05	6.411558672e-05	6.468113537e-05	6.494645792e-05	6.609348653e-05
	6.618058207e-05	6.759824143e-05	6.764931619e-05	6.923272834e-05	6.906387829e-05
	7.035671146e-05	7.035709377e-05	7.007410725e-05	7.030499358e-05	6.96220298e-05
	7.006775677e-05	6.904354582e-05	6.973782535e-05	6.839589e-05	6.934976431e-05
	6.773026865e-05	6.893733027e-05	6.708823153e-05	6.852885778e-05	6.650157368e-05
	6.814668044e-05	6.599277418e-05	6.780785574e-05	6.557557272e-05	6.752380058e-05
	6.525607839e-05	6.730082175e-05	6.503403915e-05	6.714062685e-05	6.49042771e-05
	6.704119781e-05	6.485806833e-05	6.699768172e-05	6.488441956e-05	6.700331367e-05
	6.4971162e-05	6.705023884e-05	6.510584867e-05	6.713021571e-05	6.52764437e-05
	6.723516316e-05	6.547181489e-05	6.735755576e-05	6.568204628e-05	6.749067487e-05
	6.589859742e-05	6.7628739e-05	6.611433952e-05	6.776693799e-05	6.632350018e-05
	6.790139772e-05	6.652154488e-05	6.802909752e-05	6.670501798e-05	6.814775854e-05
	6.687136098e-05	6.825571676e-05	6.701872094e-05	6.835179027e-05	6.714575896e-05
	6.843514774e-05	6.725146608e-05	6.850518295e-05	6.733499326e-05	6.856140021e-05
	6.739550052e-05	6.860331589e-05	6.743202774e-05	6.863037748e-05	6.744339022e-05
	6.864189526e-05	6.74281148e-05	6.863698394e-05	6.738445545e-05	6.861453337e-05
	6.731054981e-05	6.857324849e-05	6.720479876e-05	6.851181023e-05	6.706657478e-05
	6.842922026e-05	6.689738071e-05	6.832540957e-05	6.670258351e-05	6.820220197e-05
	6.649378215e-05	6.806471251e-05	6.629178195e-05	6.792320409e-05	6.612982012e-05
	6.779529424e-05	6.605648759e-05	6.770814911e-05	6.613651962e-05	6.769985309e-05
	6.644710707e-05	6.781823671e-05	6.706004722e-05	6.811384799e-05	6.799539057e-05
	6.862052329e-05	6.910521534e-05	6.930971082e-05	7.00008402e-05	7.000372355e-05
	
