5000	
	7.01480867e-05	7.014743666e-05	6.966384476e-05	6.952608451e-05	6.91474784e-05
	6.871239828e-05	6.873070033e-05	6.796924216e-05	6.845086682e-05	6.742409549e-05
	6.829846987e-05	6.708991734e-05	6.824663513e-05	6.693338563e-05	6.826517585e-05
	6.690773438e-05	6.83269924e-05	6.696824341e-05	6.841054077e-05	6.707765334e-05
	6.850013912e-05	6.720770887e-05	6.858528197e-05	6.733855457e-05	6.865956285e-05
	6.745733925e-05	6.87195598e-05	6.755654647e-05	6.876385704e-05	6.763243275e-05
	6.879227491e-05	6.768372017e-05	6.880531488e-05	6.771060473e-05	6.880379507e-05
	6.771406367e-05	6.878863729e-05	6.769541609e-05	6.876076239e-05	6.765607695e-05
	6.872105262e-05	6.759744638e-05	6.867035273e-05	6.752088662e-05	6.860949894e-05
	6.74277559e-05	6.853937171e-05	6.731948152e-05	6.846096658e-05	6.719766014e-05
	6.837547494e-05	6.706417428e-05	6.828436835e-05	6.692131577e-05	6.818948135e-05
	6.677190799e-05	6.809308798e-05	6.661941957e-05	6.799796603e-05	6.646806096e-05
	6.79074417e-05	6.632285369e-05	6.782540494e-05	6.618965943e-05	6.775628379e-05
	6.607515365e-05	6.770496484e-05	6.59867273e-05	6.767664657e-05	6.593229962e-05
	6.767661547e-05	6.592002793e-05	6.770993727e-05	6.595790338e-05	6.778106711e-05
	6.605322937e-05	6.789338393e-05	6.621198465e-05	6.804868216e-05	6.643809142e-05
	6.824663618e-05	6.673261126e-05	6.848432702e-05	6.709293491e-05	6.875580447e-05
	6.751200099e-05	6.905190216e-05	6.797768158e-05	6.935998212e-05	6.847228564e-05
	6.966423458e-05	6.897237949e-05	6.994504796e-05	6.944855803e-05	7.017947838e-05
	6.986553691e-05	7.034435556e-05	7.018488594e-05	7.037909437e-05	7.037891068e-05
	6.950376061e-05	6.962181522e-05	6.845866109e-05	6.842750882e-05	6.731828711e-05
	6.724648183e-05	6.629073796e-05	6.608539009e-05	6.552450882e-05	6.512773011e-05
	6.503931945e-05	6.445671162e-05	6.479446323e-05	6.406090686e-05	6.472962112e-05
	6.388724164e-05	6.478546852e-05	6.38728326e-05	6.491163317e-05	6.395973963e-05
	6.506914046e-05	6.410060271e-05	6.522997236e-05	6.425973948e-05	6.537544506e-05
	6.441214377e-05	6.549415568e-05	6.454158893e-05	6.557998648e-05	6.463852491e-05
	6.563039053e-05	6.469813405e-05	6.5645059e-05	6.471872995e-05	6.562496921e-05
	6.47005542e-05	6.557176494e-05	6.464494954e-05	6.548739816e-05	6.455384761e-05
	6.537396275e-05	6.442949786e-05	6.523366189e-05	6.427436962e-05	6.506886449e-05
	6.409117168e-05	6.488221826e-05	6.388294727e-05	6.467679503e-05	6.365321323e-05
	6.445625046e-05	6.340611976e-05	6.422498352e-05	6.314661288e-05	6.398828324e-05
	6.288058408e-05	6.375245017e-05	6.261499348e-05	6.352487954e-05	6.235795286e-05
	6.33140921e-05	6.211875468e-05	6.312969777e-05	6.190783359e-05	6.298227728e-05
	6.173664725e-05	6.288316734e-05	6.161746451e-05	6.284413587e-05	6.156304967e-05
	6.287693545e-05	6.15862322e-05	6.299272276e-05	6.16993495e-05	6.320133736e-05
	6.191355098e-05	6.351042752e-05	6.223794579e-05	6.3924436e-05	6.267858742e-05
	6.444343345e-05	6.323727572e-05	6.506188481e-05	6.391021185e-05	6.576730642e-05
	6.468649346e-05	6.65391246e-05	6.554664383e-05	6.734743947e-05	6.646112e-05
	6.815282053e-05	6.738958904e-05	6.890598362e-05	6.828079409e-05	6.955317631e-05
	6.907720141e-05	7.004314651e-05	6.972381365e-05	7.03444736e-05	7.018733366e-05
	6.856516296e-05	6.897987679e-05	6.713614114e-05	6.708805256e-05	6.598201294e-05
	6.590677265e-05	6.487778025e-05	6.485778536e-05	6.392992775e-05	6.38721459e-05
	6.323205395e-05	6.306317148e-05	6.279347053e-05	6.249311153e-05	6.257401378e-05
	6.215339794e-05	6.251643727e-05	6.199951118e-05	6.256444033e-05	6.197690678e-05
	6.267030269e-05	6.203476871e-05	6.279716659e-05	6.213140171e-05	6.291862422e-05
	6.223546892e-05	6.301712227e-05	6.232511419e-05	6.308198595e-05	6.238625027e-05
	6.310752047e-05	6.241065964e-05	6.309141574e-05	6.239428074e-05	6.30335363e-05
	6.23358359e-05	6.293508627e-05	6.223583885e-05	6.279809272e-05	6.209594535e-05
	6.262513498e-05	6.191858079e-05	6.241925061e-05	6.170677259e-05	6.21839592e-05
	6.146412321e-05	6.192335853e-05	6.119487158e-05	6.164225825e-05	6.090400292e-05
	6.134632461e-05	6.059737624e-05	6.104221569e-05	6.028184613e-05	6.073769013e-05
	5.996536011e-05	6.044167481e-05	5.965701653e-05	6.016427933e-05	5.936707084e-05
	5.991674651e-05	5.910688064e-05	5.971133063e-05	5.888878291e-05	5.956109627e-05
	5.872589851e-05	5.947963211e-05	5.863186056e-05	5.948067247e-05	5.86204622e-05
	5.957761792e-05	5.870521656e-05	5.978293895e-05	5.889881519e-05	6.010744437e-05
	5.921246498e-05	6.055938102e-05	5.965507142e-05	6.114334507e-05	6.023223732e-05
	6.185895611e-05	6.094503133e-05	6.269933705e-05	6.178853051e-05	6.364935302e-05
	6.275012303e-05	6.468396788e-05	6.380780709e-05	6.576669609e-05	6.492866677e-05
	6.684992382e-05	6.606880406e-05	6.787723319e-05	6.717569727e-05	6.87950607e-05
	6.819794462e-05	6.956805478e-05	6.910129198e-05	7.018638447e-05	6.988505641e-05
	6.75499212e-05	6.833451036e-05	6.56536283e-05	6.565840694e-05	6.467071529e-05
	6.44673119e-05	6.385262581e-05	6.375665592e-05	6.302837063e-05	6.304470231e-05
	6.229131952e-05	6.231423576e-05	6.173023511e-05	6.168208679e-05	6.136377816e-05
	6.12164319e-05	6.116502633e-05	6.092112176e-05	6.108937345e-05	6.076475898e-05
	6.109138088e-05	6.070498058e-05	6.113218531e-05	6.070134948e-05	6.118186453e-05
	6.072066976e-05	6.12191725e-05	6.07382061e-05	6.123016971e-05	6.073695039e-05
	6.120653389e-05	6.070614326e-05	6.114399261e-05	6.063969969e-05	6.104106201e-05
	6.053485254e-05	6.089813868e-05	6.039112528e-05	6.071691086e-05	6.020963272e-05
	6.05000247e-05	5.999265673e-05	6.025093543e-05	5.974342798e-05	5.99738814e-05
	5.946604844e-05	5.967393047e-05	5.916549982e-05	5.935706023e-05	5.884769529e-05
	5.903024217e-05	5.851954176e-05	5.870150783e-05	5.818898853e-05	5.837998021e-05
	5.786504463e-05	5.807585844e-05	5.755775224e-05	5.780034788e-05	5.727810892e-05
	5.756553146e-05	5.703793481e-05	5.738418087e-05	5.684968492e-05	5.726950789e-05
	5.672620805e-05	5.723485596e-05	5.668045427e-05	5.729332857e-05	5.672512994e-05
	5.745734662e-05	5.687229466e-05	5.773811646e-05	5.713288568e-05	5.814498447e-05
	5.75161481e-05	5.868463812e-05	5.802893727e-05	5.936012502e-05	5.867486373e-05
	6.016964247e-05	5.945324521e-05	6.110515087e-05	6.035789737e-05	6.215083557e-05
	6.137581751e-05	6.328190841e-05	6.248613135e-05	6.446410619e-05	6.365975524e-05
	6.56561133e-05	6.486140172e-05	6.681585734e-05	6.605528613e-05	6.79161709e-05
	6.721803363e-05	6.896139473e-05	6.835474095e-05	6.997114896e-05	6.950511446e-05
	6.658008206e-05	6.773609433e-05	6.415022169e-05	6.428331375e-05	6.326992311e-05
	6.297581398e-05	6.28522195e-05	6.258566306e-05	6.237137558e-05	6.229581928e-05
	6.177609666e-05	6.183246239e-05	6.119541705e-05	6.127040563e-05	6.072756099e-05
	6.074901098e-05	6.039979919e-05	6.034236431e-05	6.019511975e-05	6.006024715e-05
	6.007942547e-05	5.98795725e-05	6.00171549e-05	5.976724053e-05	5.99780639e-05
	5.969175809e-05	5.993922414e-05	5.962769665e-05	5.988469105e-05	5.955652493e-05
	5.980427574e-05	5.946582953e-05	5.969215332e-05	5.934803902e-05	5.954565704e-05
	5.919918097e-05	5.936437157e-05	5.901788913e-05	5.914952299e-05	5.880470191e-05
	5.890361122e-05	5.856161648e-05	5.863021867e-05	5.829183541e-05	5.833393316e-05
	5.799964275e-05	5.802033498e-05	5.769035582e-05	5.769600931e-05	5.73703107e-05
	5.736855535e-05	5.70468507e-05	5.704657177e-05	5.672829553e-05	5.673960517e-05
	5.642387689e-05	5.645805356e-05	5.61436323e-05	5.621302234e-05	5.589825422e-05
	5.60161338e-05	5.5698896e-05	5.587929402e-05	5.555693917e-05	5.581442168e-05
	5.548372742e-05	5.583314203e-05	5.549027234e-05	5.594644497e-05	5.558693232e-05
	5.616430127e-05	5.578306212e-05	5.649522222e-05	5.608662413e-05	5.694574581e-05
	5.65037503e-05	5.751982411e-05	5.703824074e-05	5.821810985e-05	5.769100231e-05
	5.903714185e-05	5.845944422e-05	5.996855326e-05	5.933693508e-05	6.099844012e-05
	6.031247206e-05	6.210750013e-05	6.13710157e-05	6.327248292e-05	6.249501341e-05
	6.447114578e-05	6.366860298e-05	6.56907429e-05	6.488491143e-05	6.694207698e-05
	6.615739159e-05	6.827188053e-05	6.753185794e-05	6.972237409e-05	6.908341614e-05
	6.570386384e-05	6.720089767e-05	6.273456631e-05	6.302894858e-05	6.184152981e-05
	6.152652287e-05	6.176464652e-05	6.134135079e-05	6.171780448e-05	6.147297659e-05
	6.141494206e-05	6.1393809e-05	6.093210383e-05	6.10315859e-05	6.043107368e-05
	6.054266186e-05	6.000917635e-05	6.007451367e-05	5.969172727e-05	5.969311259e-05
	5.946498556e-05	5.940546923e-05	5.930159375e-05	5.919194836e-05	5.917381438e-05
	5.90261293e-05	5.905874495e-05	5.888385624e-05	5.893953255e-05	5.8746285e-05
	5.880482827e-05	5.860012617e-05	5.864769858e-05	5.843682039e-05	5.846454326e-05
	5.825149267e-05	5.825423563e-05	5.804204007e-05	5.801751958e-05	5.780845638e-05
	5.775662589e-05	5.75523813e-05	5.747504712e-05	5.727682166e-05	5.717741302e-05
	5.698598595e-05	5.686941839e-05	5.668518176e-05	5.655776735e-05	5.638073722e-05
	5.625010822e-05	5.607991863e-05	5.595494232e-05	5.579082588e-05	5.568149683e-05
	5.55222548e-05	5.543955847e-05	5.528352246e-05	5.523926891e-05	5.508425599e-05
	5.509088724e-05	5.493415003e-05	5.500452606e-05	5.484269985e-05	5.498986878e-05
	5.481891838e-05	5.505587414e-05	5.487104513e-05	5.521047192e-05	5.500625413e-05
	5.546025251e-05	5.523036846e-05	5.581015222e-05	5.554759125e-05	5.626314479e-05
	5.596027327e-05	5.681995694e-05	5.646874989e-05	5.747886483e-05	5.707131256e-05
	5.823564259e-05	5.776439888e-05	5.908384319e-05	5.854314876e-05	6.001555214e-05
	5.9402448e-05	6.102310174e-05	6.033875984e-05	6.210226409e-05	6.135309372e-05
	6.325815578e-05	6.245579047e-05	6.451193919e-05	6.367211393e-05	6.591124989e-05
	6.505040084e-05	6.754030273e-05	6.667204094e-05	6.945803076e-05	6.864324648e-05
	6.493136938e-05	6.673094873e-05	6.145095577e-05	6.191404146e-05	6.045936231e-05
	6.017565512e-05	6.06056404e-05	6.008020208e-05	6.096841464e-05	6.054726276e-05
	6.1045929e-05	6.08815841e-05	6.077303631e-05	6.082036087e-05	6.032086925e-05
	6.045852972e-05	5.985461489e-05	5.999200074e-05	5.945388254e-05	5.954993782e-05
	5.91344733e-05	5.917968071e-05	5.888255423e-05	5.888167709e-05	5.867574496e-05
	5.863820666e-05	5.849280315e-05	5.842836922e-05	5.831694123e-05	5.823415342e-05
	5.813626339e-05	5.80420849e-05	5.794311257e-05	5.784304711e-05	5.773318569e-05
	5.76315253e-05	5.750475488e-05	5.740482145e-05	5.725809062e-05	5.716242661e-05
	5.699507152e-05	5.690557654e-05	5.671893189e-05	5.663695367e-05	5.643409411e-05
	5.636048514e-05	5.614604209e-05	5.608119118e-05	5.586120332e-05	5.580504899e-05
	5.558681716e-05	5.553884773e-05	5.53307762e-05	5.529001952e-05	5.510143424e-05
	5.506643906e-05	5.490738057e-05	5.487619012e-05	5.475718444e-05	5.472730234e-05
	5.465911664e-05	5.462746468e-05	5.462085757e-05	5.458372487e-05	5.464920211e-05
	5.46021861e-05	5.47497742e-05	5.468771553e-05	5.492676732e-05	5.484368526e-05
	5.518273694e-05	5.507177804e-05	5.551848422e-05	5.537190865e-05	5.593309599e-05
	5.574233905e-05	5.642422608e-05	5.618009031e-05	5.698873484e-05	5.66817747e-05
	5.762377391e-05	5.724493374e-05	5.832839585e-05	5.786990752e-05	5.910556555e-05
	5.856207983e-05	5.996481441e-05	5.9334498e-05	6.092582154e-05	6.021084565e-05
	6.202239384e-05	6.122847114e-05	6.330661476e-05	6.244164445e-05	6.485769462e-05
	6.392832445e-05	6.679279493e-05	6.580092293e-05	6.918700018e-05	6.819609314e-05
	6.425918848e-05	6.632254818e-05	6.031072975e-05	6.093652651e-05	5.916870175e-05
	5.894777994e-05	5.94274603e-05	5.885437355e-05	6.011411568e-05	5.954949309e-05
	6.058703255e-05	6.02568133e-05	6.060952155e-05	6.055002754e-05	6.02917504e-05
	6.0401714e-05	5.984116661e-05	6.000733299e-05	5.939579294e-05	5.955193186e-05
	5.900958543e-05	5.913049278e-05	5.868799836e-05	5.877036583e-05	5.841722648e-05
	5.846662606e-05	5.817940197e-05	5.820383209e-05	5.795877778e-05	5.796600595e-05
	5.774347685e-05	5.774016873e-05	5.752545811e-05	5.751703994e-05	5.729991123e-05
	5.729069244e-05	5.706460203e-05	5.705795162e-05	5.68193392e-05	5.681784201e-05
	5.656558692e-05	5.657116087e-05	5.630619062e-05	5.632016774e-05	5.604517201e-05
	5.606835159e-05	5.578755508e-05	5.582023709e-05	5.553919408e-05	5.558119892e-05
	5.530658468e-05	5.535726338e-05	5.509664742e-05	5.515488446e-05	5.49164795e-05
	5.498068876e-05	5.477307577e-05	5.48411888e-05	5.467302394e-05	5.474246852e-05
	5.462218207e-05	5.468984809e-05	5.462535014e-05	5.468753915e-05	5.468595248e-05
	5.473830767e-05	5.480575821e-05	5.484317329e-05	5.498468366e-05	5.50011941e-05
	5.522074888e-05	5.520941798e-05	5.551029482e-05	5.546312266e-05	5.584860408e-05
	5.575650698e-05	5.623107059e-05	5.608399957e-05	5.665501836e-05	5.644228663e-05
	5.712209171e-05	5.683296194e-05	5.764094274e-05	5.726545223e-05	5.822969392e-05
	5.775965161e-05	5.891828892e-05	5.834803459e-05	5.97504909e-05	5.907699231e-05
	6.07855484e-05	6.000778543e-05	6.210148797e-05	6.121888233e-05	6.380456073e-05
	6.281334278e-05	6.604329389e-05	6.493262662e-05	6.891297322e-05	6.774683716e-05
	6.367829858e-05	6.596991329e-05	5.930867085e-05	6.008563858e-05	5.798966441e-05
	5.784773164e-05	5.827633633e-05	5.769750141e-05	5.918742902e-05	5.852438709e-05
	6.001519885e-05	5.952944456e-05	6.037695677e-05	6.017994331e-05	6.027054311e-05
	6.030920508e-05	5.990078792e-05	6.005743928e-05	5.945603129e-05	5.964172622e-05
	5.903404453e-05	5.920563149e-05	5.866550494e-05	5.880943394e-05	5.834881608e-05
	5.846547816e-05	5.807145869e-05	5.816633395e-05	5.781976934e-05	5.789940691e-05
	5.758246968e-05	5.765293887e-05	5.735145497e-05	5.741788144e-05	5.712158331e-05
	5.718810898e-05	5.68901957e-05	5.696007699e-05	5.665665207e-05	5.673237764e-05
	5.64219577e-05	5.650534795e-05	5.618847465e-05	5.628075587e-05	5.595968646e-05
	5.606154418e-05	5.573998434e-05	5.585160227e-05	5.553445002e-05	5.565553963e-05
	5.534861852e-05	5.547844272e-05	5.518821146e-05	5.532560359e-05	5.505883718e-05
	5.52022147e-05	5.496565816e-05	5.511302854e-05	5.491303019e-05	5.506198452e-05
	5.49041216e-05	5.505180975e-05	5.494052865e-05	5.508360764e-05	5.502191684e-05
	5.515646337e-05	5.514574359e-05	5.526712239e-05	5.53071586e-05	5.540984387e-05
	5.549923388e-05	5.557659444e-05	5.571372869e-05	5.575781136e-05	5.594261092e-05
	5.59439879e-05	5.618046246e-05	5.612823698e-05	5.642765971e-05	5.630971937e-05
	5.669382379e-05	5.649738646e-05	5.70007652e-05	5.67131626e-05	5.73842015e-05
	5.699376363e-05	5.789450871e-05	5.739110911e-05	5.859670263e-05	5.797171026e-05
	5.95711177e-05	5.881660525e-05	6.09173798e-05	6.002423526e-05	6.276624213e-05
	6.172001941e-05	6.529858158e-05	6.4074693e-05	6.863712186e-05	6.729719205e-05
	6.3178681e-05	6.566702125e-05	5.843358654e-05	5.934840775e-05	5.692712503e-05
	5.687101667e-05	5.718312107e-05	5.66270008e-05	5.82301572e-05	5.751074157e-05
	5.934423519e-05	5.873137641e-05	6.0046532e-05	5.970433375e-05	6.02081334e-05
	6.014392043e-05	5.998326235e-05	6.009671443e-05	5.95884469e-05	5.97757722e-05
	5.916542278e-05	5.936509043e-05	5.877512254e-05	5.896141595e-05	5.843212367e-05
	5.85987962e-05	5.81315423e-05	5.828070701e-05	5.786301192e-05	5.799952675e-05
	5.761648592e-05	5.774554635e-05	5.738413634e-05	5.751038574e-05	5.716066522e-05
	5.728794807e-05	5.694307027e-05	5.707442931e-05	5.673028204e-05	5.68680297e-05
	5.652282212e-05	5.666862002e-05	5.63225104e-05	5.647743794e-05	5.61322082e-05
	5.629681843e-05	5.595557333e-05	5.612994004e-05	5.579680629e-05	5.598056622e-05
	5.566037214e-05	5.585276505e-05	5.555068834e-05	5.575059538e-05	5.547177295e-05
	5.567775177e-05	5.542685112e-05	5.563716346e-05	5.541792136e-05	5.563054601e-05
	5.544529031e-05	5.565791055e-05	5.550709951e-05	5.571704994e-05	5.559889805e-05
	5.580305156e-05	5.571336797e-05	5.590794247e-05	5.584038801e-05	5.602065923e-05
	5.596771219e-05	5.612764046e-05	5.608258963e-05	5.621441093e-05	5.617457093e-05
	5.626845754e-05	5.623942035e-05	5.628335917e-05	5.628352129e-05	5.626353509e-05
	5.632764402e-05	5.622838347e-05	5.640897739e-05	5.621456015e-05	5.658104658e-05
	5.627591765e-05	5.691250059e-05	5.648188266e-05	5.748590136e-05	5.691560993e-05
	5.839872992e-05	5.767410917e-05	5.97692438e-05	5.887278315e-05	6.175183836e-05
	6.065815602e-05	6.456229164e-05	6.323177172e-05	6.835976431e-05	6.684803545e-05
	6.275085628e-05	6.54083513e-05	5.76727967e-05	5.871222866e-05	5.597814954e-05
	5.600924199e-05	5.616500391e-05	5.56497479e-05	5.727820525e-05	5.653589658e-05
	5.860447389e-05	5.789843701e-05	5.961650317e-05	5.91392073e-05	6.007561744e-05
	5.989059893e-05	6.005147815e-05	6.00936284e-05	5.97569935e-05	5.992021284e-05
	5.937012157e-05	5.957683386e-05	5.898490931e-05	5.919600044e-05	5.863593428e-05
	5.883708445e-05	5.832854448e-05	5.851754322e-05	5.805710792e-05	5.823658521e-05
	5.7813562e-05	5.798754699e-05	5.759074231e-05	5.776323208e-05	5.738339297e-05
	5.755783595e-05	5.718826031e-05	5.736742318e-05	5.700387779e-05	5.718985578e-05
	5.683027931e-05	5.702455051e-05	5.66687176e-05	5.687220449e-05	5.652139651e-05
	5.673452503e-05	5.639120447e-05	5.661396074e-05	5.628143218e-05	5.651341941e-05
	5.619545939e-05	5.643595696e-05	5.613639892e-05	5.638442374e-05	5.610668763e-05
	5.636105549e-05	5.610761679e-05	5.636699793e-05	5.613879792e-05	5.640175637e-05
	5.619757258e-05	5.646257237e-05	5.62784031e-05	5.654375506e-05	5.637233912e-05
	5.663605272e-05	5.646675403e-05	5.672625293e-05	5.654568114e-05	5.679735096e-05
	5.659120479e-05	5.682978175e-05	5.6586348e-05	5.68042377e-05	5.651956705e-05
	5.670628254e-05	5.639023414e-05	5.653219473e-05	5.621368894e-05	5.629453479e-05
	5.602418867e-05	5.602556231e-05	5.587492781e-05	5.577746643e-05	5.583575518e-05
	5.561997051e-05	5.599052981e-05	5.563715821e-05	5.643582508e-05	5.592542612e-05
	5.728325164e-05	5.659475643e-05	5.866791104e-05	5.77755639e-05	6.076795687e-05
	5.963509936e-05	6.38372979e-05	6.24077797e-05	6.808130335e-05	6.640050566e-05
	6.238660641e-05	6.518916076e-05	5.70143076e-05	5.816595648e-05	5.51363691e-05
	5.525303907e-05	5.522998304e-05	5.476650741e-05	5.635758769e-05	5.561706606e-05
	5.782883308e-05	5.706143734e-05	5.910232115e-05	5.85104887e-05	5.986126783e-05
	5.955082097e-05	6.007926609e-05	6.002907684e-05	5.993287981e-05	6.004879291e-05
	5.962042292e-05	5.981437164e-05	5.926816734e-05	5.948763736e-05	5.893380818e-05
	5.915518365e-05	5.863563916e-05	5.885137726e-05	5.837445178e-05	5.858433624e-05
	5.814508103e-05	5.835164135e-05	5.794150019e-05	5.814791553e-05	5.775873295e-05
	5.796797057e-05	5.75933889e-05	5.780789894e-05	5.744365332e-05	5.76652978e-05
	5.73090894e-05	5.75391611e-05	5.719038718e-05	5.742965992e-05	5.708909895e-05
	5.733788839e-05	5.700736155e-05	5.726559176e-05	5.694759361e-05	5.721486984e-05
	5.691215194e-05	5.718784122e-05	5.690293055e-05	5.718625018e-05	5.692088459e-05
	5.721099617e-05	5.696546153e-05	5.726156366e-05	5.703392713e-05	5.733533266e-05
	5.71205934e-05	5.742676555e-05	5.721600684e-05	5.752651137e-05	5.730625912e-05
	5.762056982e-05	5.737275591e-05	5.768983766e-05	5.739300054e-05	5.771061169e-05
	5.734308898e-05	5.765682538e-05	5.720239382e-05	5.750465552e-05	5.696008356e-05
	5.723930982e-05	5.662187107e-05	5.686240189e-05	5.621465189e-05	5.639732703e-05
	5.578737912e-05	5.589063456e-05	5.540845333e-05	5.540948227e-05	5.516159033e-05
	5.503719678e-05	5.514270258e-05	5.486948317e-05	5.54594484e-05	5.501309395e-05
	5.62354278e-05	5.558879229e-05	5.762154561e-05	5.67407629e-05	5.982022045e-05
	5.86569794e-05	6.312676523e-05	6.160678961e-05	6.780257274e-05	6.595638479e-05
	6.207905284e-05	6.500549816e-05	5.6447551e-05	5.770013792e-05	5.439431052e-05
	5.459338353e-05	5.438038971e-05	5.39748265e-05	5.548533021e-05	5.476396878e-05
	5.704579001e-05	5.624370386e-05	5.852730709e-05	5.784536611e-05	5.956687272e-05
	5.913724874e-05	6.005027945e-05	5.989486623e-05	6.009322604e-05	6.014199584e-05
	5.989282895e-05	6.005548096e-05	5.960184393e-05	5.981419147e-05	5.930265745e-05
	5.953103717e-05	5.902910644e-05	5.925965448e-05	5.879028019e-05	5.901924608e-05
	5.858501776e-05	5.881303825e-05	5.840901986e-05	5.863825741e-05	5.82578916e-05
	5.849074234e-05	5.812825302e-05	5.83668187e-05	5.801801166e-05	5.826391837e-05
	5.792629593e-05	5.818066263e-05	5.785326106e-05	5.811673068e-05	5.779984451e-05
	5.807264272e-05	5.77674895e-05	5.804949953e-05	5.775783047e-05	5.804868202e-05
	5.777232329e-05	5.807149675e-05	5.781179677e-05	5.811874357e-05	5.787589583e-05
	5.819017362e-05	5.796238369e-05	5.828379904e-05	5.806627555e-05	5.839501634e-05
	5.81788079e-05	5.851552793e-05	5.828633256e-05	5.863212013e-05	5.836940326e-05
	5.872552711e-05	5.840262157e-05	5.876992121e-05	5.83561529e-05	5.873397824e-05
	5.81999007e-05	5.858467742e-05	5.791061701e-05	5.829441185e-05	5.748055913e-05
	5.785023475e-05	5.692465087e-05	5.72620343e-05	5.628325449e-05	5.656620886e-05
	5.561996788e-05	5.582382166e-05	5.501649764e-05	5.511527645e-05	5.456758661e-05
	5.453474462e-05	5.437838533e-05	5.418676386e-05	5.456540535e-05	5.418620025e-05
	5.526276021e-05	5.46630608e-05	5.663650859e-05	5.577447198e-05	5.891385112e-05
	5.772918179e-05	6.243440217e-05	6.083318481e-05	6.752489297e-05	6.551807752e-05
	6.182255581e-05	6.485411721e-05	5.59635543e-05	5.730692995e-05	5.374455679e-05
	5.402214661e-05	5.361535982e-05	5.327074881e-05	5.467164447e-05	5.398132863e-05
	5.627727113e-05	5.546148915e-05	5.791585651e-05	5.716773934e-05	5.920329889e-05
	5.866794538e-05	5.995701364e-05	5.969177218e-05	6.022052421e-05	6.018664386e-05
	6.016724402e-05	6.028167819e-05	5.996564451e-05	6.015622686e-05	5.972198156e-05
	5.99450394e-05	5.94877217e-05	5.972221219e-05	5.928222814e-05	5.952012748e-05
	5.910963236e-05	5.934922409e-05	5.896809658e-05	5.921028259e-05	5.885419303e-05
	5.910068864e-05	5.87647468e-05	5.901726947e-05	5.869748356e-05	5.895742507e-05
	5.865115024e-05	5.891947353e-05	5.862541086e-05	5.890265013e-05	5.862064382e-05
	5.890695434e-05	5.863768154e-05	5.893291917e-05	5.867749452e-05	5.898131955e-05
	5.874080081e-05	5.905280718e-05	5.882756749e-05	5.914744023e-05	5.893635812e-05
	5.926405997e-05	5.906347003e-05	5.939945158e-05	5.920180994e-05	5.954722209e-05
	5.93395011e-05	5.969635714e-05	5.945835253e-05	5.982953286e-05	5.953262737e-05
	5.992154691e-05	5.952906e-05	5.993877108e-05	5.940957515e-05	5.984117302e-05
	5.913797372e-05	5.958853159e-05	5.869012761e-05	5.915089989e-05	5.806439313e-05
	5.852017013e-05	5.728762345e-05	5.771751183e-05	5.641449963e-05	5.679354037e-05
	5.552192756e-05	5.582270872e-05	5.470227999e-05	5.489606225e-05	5.405852179e-05
	5.411577187e-05	5.370276352e-05	5.359289426e-05	5.375877985e-05	5.344880079e-05
	5.437019476e-05	5.382170855e-05	5.571774184e-05	5.488108768e-05	5.805371849e-05
	5.685639755e-05	6.176430493e-05	6.009146648e-05	6.724997006e-05	6.508841881e-05
	6.161251651e-05	6.473235712e-05	5.555482817e-05	5.697988211e-05	5.318025967e-05
	5.353224484e-05	5.293234579e-05	5.264977901e-05	5.392202593e-05	5.327070049e-05
	5.553891432e-05	5.472539617e-05	5.728964455e-05	5.649656274e-05	5.878608825e-05
	5.816204039e-05	5.979939408e-05	5.942698862e-05	6.030246715e-05	6.017554666e-05
	6.042665035e-05	6.047807888e-05	6.034159085e-05	6.049669205e-05	6.017348102e-05
	6.037970354e-05	5.999250211e-05	6.022106064e-05	5.983020086e-05	6.006804555e-05
	5.969745533e-05	5.993998334e-05	5.959577968e-05	5.984232907e-05	5.952320703e-05
	5.977466761e-05	5.947702302e-05	5.973467695e-05	5.945490018e-05	5.971990295e-05
	5.945527305e-05	5.972845124e-05	5.947736669e-05	5.975916991e-05	5.952106277e-05
	5.981159424e-05	5.958667448e-05	5.98857688e-05	5.967464279e-05	5.998198146e-05
	5.978513354e-05	6.010039937e-05	5.991748967e-05	6.024056607e-05	6.006946913e-05
	6.040069027e-05	6.023617799e-05	6.05766289e-05	6.040860497e-05	6.076044958e-05
	6.057172309e-05	6.093848759e-05	6.070234531e-05	6.10889888e-05	6.076745111e-05
	6.117992036e-05	6.072456759e-05	6.116845847e-05	6.052647453e-05	6.100465527e-05
	6.013158173e-05	6.064136545e-05	5.951768297e-05	6.004890175e-05	5.86928174e-05
	5.922784935e-05	5.769783773e-05	5.821324043e-05	5.660114676e-05	5.706965122e-05
	5.549042214e-05	5.588242392e-05	5.446569031e-05	5.475009741e-05	5.363565544e-05
	5.378022474e-05	5.311771595e-05	5.308865176e-05	5.30418769e-05	5.280222602e-05
	5.356061267e-05	5.306673354e-05	5.486890968e-05	5.406352335e-05	5.724418061e-05
	5.604252e-05	6.112066847e-05	5.938596528e-05	6.697975057e-05	6.467044269e-05
	6.144518346e-05	6.46380276e-05	5.521517266e-05	5.671370451e-05	5.269533138e-05
	5.311761862e-05	5.232803489e-05	5.210741008e-05	5.323886969e-05	5.263173382e-05
	5.484123001e-05	5.404187402e-05	5.666616212e-05	5.584589409e-05	5.833194363e-05
	5.763704677e-05	5.958289183e-05	5.911147055e-05	6.033176604e-05	6.010683672e-05
	6.065707589e-05	6.06334484e-05	6.071382334e-05	6.082081968e-05	6.064087503e-05
	6.081950334e-05	6.052663018e-05	6.074029941e-05	6.0416421e-05	6.064635871e-05
	6.032943532e-05	6.056754914e-05	6.027160001e-05	6.051528666e-05	6.024303101e-05
	6.049215976e-05	6.024181047e-05	6.049714994e-05	6.026572806e-05	6.052818477e-05
	6.03129928e-05	6.058327485e-05	6.03824456e-05	6.0660944e-05	6.047352884e-05
	6.076031389e-05	6.058612085e-05	6.088100829e-05	6.072026333e-05	6.10229352e-05
	6.087576024e-05	6.118594223e-05	6.105158776e-05	6.136929392e-05	6.124501416e-05
	6.157087383e-05	6.145028615e-05	6.178596282e-05	6.165671579e-05	6.200539929e-05
	6.184607717e-05	6.22129514e-05	6.198957758e-05	6.238199908e-05	6.204557543e-05
	6.247245212e-05	6.196070471e-05	6.243045457e-05	6.167790816e-05	6.219494504e-05
	6.115211745e-05	6.171325753e-05	6.036731807e-05	6.096032652e-05	5.934502024e-05
	5.994991464e-05	5.814073865e-05	5.873220755e-05	5.683423409e-05	5.738351554e-05
	5.552046799e-05	5.599636995e-05	5.430410961e-05	5.467351441e-05	5.32976338e-05
	5.35257338e-05	5.262266247e-05	5.267255076e-05	5.241487422e-05	5.224577017e-05
	5.283519655e-05	5.239842123e-05	5.409245906e-05	5.332335803e-05	5.648889505e-05
	5.529053541e-05	6.050749815e-05	5.872057981e-05	6.671627687e-05	6.426717139e-05
	6.131748108e-05	6.456931233e-05	5.493947235e-05	5.650405918e-05	5.228447901e-05
	5.277314394e-05	5.179888479e-05	5.163940125e-05	5.262262685e-05	5.206300612e-05
	5.419088095e-05	5.341449053e-05	5.605864901e-05	5.522564447e-05	5.785645817e-05
	5.710765479e-05	5.931644537e-05	5.875760529e-05	6.030573261e-05	5.9982963e-05
	6.084767354e-05	6.074021687e-05	6.106854293e-05	6.111615279e-05	6.110979732e-05
	6.125077641e-05	6.107544248e-05	6.126607054e-05	6.102553929e-05	6.12407898e-05
	6.098915999e-05	6.12167961e-05	6.097787301e-05	6.121288463e-05	6.09946536e-05
	6.123562612e-05	6.10388187e-05	6.128588783e-05	6.110850291e-05	6.136229382e-05
	6.120179955e-05	6.146291455e-05	6.131722047e-05	6.158602051e-05	6.145381165e-05
	6.173035823e-05	6.161107903e-05	6.189517393e-05	6.1788773e-05	6.208007408e-05
	6.198651217e-05	6.228472753e-05	6.220316783e-05	6.25083468e-05	6.243586535e-05
	6.274881563e-05	6.26783802e-05	6.300123966e-05	6.291864508e-05	6.325560282e-05
	6.31351641e-05	6.349320493e-05	6.329268089e-05	6.368193528e-05	6.333904084e-05
	6.377185823e-05	6.320785059e-05	6.369557989e-05	6.283224776e-05	6.338011422e-05
	6.216781831e-05	6.277099276e-05	6.121074365e-05	6.185453836e-05	5.999901854e-05
	6.066186084e-05	5.860110788e-05	5.925704271e-05	5.710393916e-05	5.772368141e-05
	5.560576786e-05	5.615706036e-05	5.421326048e-05	5.466114043e-05	5.304131761e-05
	5.334841399e-05	5.221528653e-05	5.234156194e-05	5.187636176e-05	5.177726113e-05
	5.219373937e-05	5.181571586e-05	5.338968887e-05	5.266098926e-05	5.579068703e-05
	5.460247302e-05	5.992838382e-05	5.809859185e-05	6.646156431e-05	6.3881448e-05
	6.122687587e-05	6.45246948e-05	5.472351983e-05	5.634739316e-05	5.194317654e-05
	5.249453362e-05	5.134143906e-05	5.124192316e-05	5.207260089e-05	5.156257226e-05
	5.359180816e-05	5.284490736e-05	5.547667389e-05	5.464253527e-05	5.73729952e-05
	5.658548839e-05	5.901056562e-05	5.837754842e-05	6.022554855e-05	5.980943411e-05
	6.099077697e-05	6.079434215e-05	6.139400953e-05	6.137259872e-05	6.156769735e-05
	6.16616359e-05	6.16263927e-05	6.178646564e-05	6.164472878e-05	6.183945263e-05
	6.16630724e-05	6.187540095e-05	6.17000108e-05	6.192196418e-05	6.176233396e-05
	6.199086052e-05	6.185116587e-05	6.208558915e-05	6.196529332e-05	6.220589305e-05
	6.210283996e-05	6.235011446e-05	6.226204671e-05	6.251635833e-05	6.244158572e-05
	6.270302127e-05	6.26406174e-05	6.29089808e-05	6.285866751e-05	6.313357403e-05
	6.309530963e-05	6.33763849e-05	6.334955512e-05	6.363676803e-05	6.361875121e-05
	6.391293117e-05	6.389665211e-05	6.420025298e-05	6.41701847e-05	6.44883246e-05
	6.441446171e-05	6.475608951e-05	6.458643709e-05	6.496494787e-05	6.462054442e-05
	6.505224829e-05	6.443470363e-05	6.4933507e-05	6.395430654e-05	6.45245589e-05
	6.314360937e-05	6.377743968e-05	6.20182183e-05	6.269903363e-05	6.063290621e-05
	6.133933664e-05	5.90641431e-05	5.977118268e-05	5.740043169e-05	5.807914472e-05
	5.573946245e-05	5.635683852e-05	5.418792758e-05	5.470717019e-05	5.286245924e-05
	5.324350639e-05	5.189212208e-05	5.209168872e-05	5.142379377e-05	5.139353113e-05
	5.163493172e-05	5.131655446e-05	5.276086121e-05	5.207581257e-05	5.515149949e-05
	5.397942955e-05	5.938635184e-05	5.752256777e-05	6.621750512e-05	6.351581685e-05
	6.117127636e-05	6.450290459e-05	5.456387573e-05	5.624081227e-05	5.166761761e-05
	5.227824972e-05	5.095251381e-05	5.091163326e-05	5.158749248e-05	5.112832752e-05
	5.304611959e-05	5.233359831e-05	5.492693391e-05	5.410099725e-05	5.689237909e-05
	5.607939089e-05	5.86758937e-05	5.798224709e-05	6.009529419e-05	5.959354849e-05
	6.108182306e-05	6.07949358e-05	6.168054493e-05	6.158245565e-05	6.200369097e-05
	6.204184082e-05	6.216892394e-05	6.229133233e-05	6.226369073e-05	6.243276178e-05
	6.234062205e-05	6.253390951e-05	6.242678578e-05	6.263267872e-05	6.253394389e-05
	6.274728525e-05	6.26657718e-05	6.288480808e-05	6.282212984e-05	6.304668068e-05
	6.300137681e-05	6.32318172e-05	6.320155538e-05	6.343828092e-05	6.342096559e-05
	6.366413717e-05	6.365840227e-05	6.390786321e-05	6.391317035e-05	6.416849418e-05
	6.418487485e-05	6.444554786e-05	6.447286899e-05	6.473865045e-05	6.477509366e-05
	6.504663637e-05	6.508581171e-05	6.536566359e-05	6.5391423e-05	6.568551851e-05
	6.566338758e-05	6.598287927e-05	6.584854373e-05	6.621081763e-05	6.586300629e-05
	6.628876188e-05	6.560615906e-05	6.6110137e-05	6.500316098e-05	6.55856434e-05
	6.404084206e-05	6.469038994e-05	6.275978261e-05	6.346048409e-05	6.122621315e-05
	6.195960826e-05	5.951641098e-05	6.025989272e-05	5.771454044e-05	5.84400008e-05
	5.591469933e-05	5.658839278e-05	5.422250565e-05	5.480565776e-05	5.275622617e-05
	5.320586208e-05	5.164902216e-05	5.191841802e-05	5.10538732e-05	5.109080669e-05
	5.11566397e-05	5.089817353e-05	5.220535729e-05	5.1566427e-05	5.457242221e-05
	5.34216603e-05	5.888379294e-05	5.699433843e-05	6.598580001e-05	6.317245009e-05
	6.114896197e-05	6.450287958e-05	5.445776452e-05	5.618198972e-05	5.145467034e-05
	5.212143473e-05	5.062931246e-05	5.06457171e-05	5.116577382e-05	5.075825247e-05
	5.255476345e-05	5.188036973e-05	5.441403609e-05	5.36038873e-05	5.642306144e-05
	5.559592484e-05	5.832228987e-05	5.758103372e-05	5.992090173e-05	5.934330221e-05
	6.111908176e-05	6.074367905e-05	6.192049637e-05	6.174034855e-05	6.24083279e-05
	6.23826084e-05	6.269418601e-05	6.277192423e-05	6.287450395e-05	6.301315603e-05
	6.301428826e-05	6.31856408e-05	6.315049639e-05	6.333856966e-05	6.330122669e-05
	6.349814575e-05	6.347367065e-05	6.367621831e-05	6.366934522e-05	6.387668654e-05
	6.388714607e-05	6.409947289e-05	6.412502861e-05	6.434279355e-05	6.438091088e-05
	6.46044138e-05	6.465314795e-05	6.48823398e-05	6.494074209e-05	6.517518965e-05
	6.524330801e-05	6.548232375e-05	6.556066484e-05	6.580366302e-05	6.589171164e-05
	6.61389214e-05	6.623186044e-05	6.648561826e-05	6.656762164e-05	6.683452706e-05
	6.686617157e-05	6.716004307e-05	6.705947058e-05	6.740291194e-05	6.703600929e-05
	6.745365552e-05	6.667653268e-05	6.717847298e-05	6.59276505e-05	6.650628898e-05
	6.48173012e-05	6.546145708e-05	6.340694051e-05	6.410652093e-05	6.176117289e-05
	6.250304216e-05	5.99465132e-05	6.071098092e-05	5.803816297e-05	5.879780575e-05
	5.612500055e-05	5.684505618e-05	5.431138231e-05	5.49508387e-05	5.271759018e-05
	5.323028939e-05	5.148152816e-05	5.181706611e-05	5.076287887e-05	5.086503032e-05
	5.075617168e-05	5.055738858e-05	5.172186555e-05	5.113085479e-05	5.405378384e-05
	5.2928719e-05	5.842245556e-05	5.65150428e-05	6.576791629e-05	6.285311649e-05
	6.115853245e-05	6.452373894e-05	5.44029989e-05	5.616910016e-05	5.130184069e-05
	5.20218602e-05	5.036949984e-05	5.044191308e-05	5.080594991e-05	5.045058243e-05
	5.211802783e-05	5.14847378e-05	5.39411349e-05	5.315302663e-05	5.597150574e-05
	5.513991329e-05	5.79583927e-05	5.718160073e-05	5.970920271e-05	5.906659508e-05
	6.110319491e-05	6.064410715e-05	6.210812922e-05	6.184304479e-05	6.277325738e-05
	6.2676356e-05	6.319453546e-05	6.322035211e-05	6.347123094e-05	6.357454149e-05
	6.367940311e-05	6.382633895e-05	6.386698131e-05	6.403645009e-05	6.40599361e-05
	6.424056234e-05	6.427021092e-05	6.445675476e-05	6.450179124e-05	6.469244264e-05
	6.47545662e-05	6.494919973e-05	6.502659721e-05	6.522571833e-05	6.531542365e-05
	6.551954696e-05	6.561883421e-05	6.58281261e-05	6.59353354e-05	6.614944311e-05
	6.626438032e-05	6.648244832e-05	6.660623751e-05	6.682719531e-05	6.69610871e-05
	6.718441037e-05	6.732630857e-05	6.75536579e-05	6.768947444e-05	6.792790673e-05
	6.801180481e-05	6.827891345e-05	6.819828078e-05	6.852402985e-05	6.809044575e-05
	6.849697561e-05	6.757160015e-05	6.805130527e-05	6.666050632e-05	6.72043252e-05
	6.542918178e-05	6.603819185e-05	6.393499239e-05	6.460891841e-05	6.222373169e-05
	6.295445561e-05	6.034539164e-05	6.111512084e-05	5.836441644e-05	5.914565008e-05
	5.636445098e-05	5.712091813e-05	5.444918121e-05	5.513731141e-05	5.274160579e-05
	5.331178976e-05	5.138515623e-05	5.178303766e-05	5.054694074e-05	5.07121217e-05
	5.043052692e-05	5.029084258e-05	5.130858586e-05	5.076676137e-05	5.359528774e-05
	5.249962711e-05	5.800349182e-05	5.608521912e-05	6.556507101e-05	6.255918704e-05
	6.119887015e-05	6.456476162e-05	5.439792418e-05	5.620076973e-05	5.120724451e-05
	5.197788808e-05	5.017125273e-05	5.029852845e-05	5.05067444e-05	5.020392771e-05
	5.173591069e-05	5.114620394e-05	5.351042501e-05	5.274962879e-05	5.554263519e-05
	5.47149394e-05	5.759151941e-05	5.679019339e-05	5.946718787e-05	5.877074998e-05
	6.103658221e-05	6.050088296e-05	6.223942963e-05	6.188913923e-05	6.309079436e-05
	6.29163855e-05	6.3662749e-05	6.36288001e-05	6.404915477e-05	6.411132599e-05
	6.433365661e-05	6.445342056e-05	6.457540576e-05	6.472598664e-05	6.480981323e-05
	6.497537722e-05	6.505512245e-05	6.522760716e-05	6.531891623e-05	6.549501721e-05
	6.560277708e-05	6.578178449e-05	6.590522208e-05	6.608762212e-05	6.622348081e-05
	6.641007175e-05	6.655461327e-05	6.674593056e-05	6.689628938e-05	6.709222507e-05
	6.72473755e-05	6.744697445e-05	6.760827038e-05	6.780980335e-05	6.798057516e-05
	6.818218527e-05	6.836473794e-05	6.856639555e-05	6.87511547e-05	6.895972676e-05
	6.908942305e-05	6.932927804e-05	6.921308692e-05	6.951916048e-05	6.88945442e-05
	6.924576731e-05	6.815738546e-05	6.854924652e-05	6.71216912e-05	6.757851116e-05
	6.583826839e-05	6.637590892e-05	6.432603944e-05	6.494843466e-05	6.260415662e-05
	6.33041237e-05	6.070627747e-05	6.146577922e-05	5.868757056e-05	5.947799614e-05
	5.662774526e-05	5.741079062e-05	5.463089532e-05	5.536011141e-05	5.282359953e-05
	5.344570519e-05	5.13556136e-05	5.181201284e-05	5.040226601e-05	5.062818438e-05
	5.017661892e-05	5.009521973e-05	5.096343408e-05	5.047166328e-05	5.31961729e-05
	5.213305513e-05	5.762754243e-05	5.570492739e-05	6.537823624e-05	6.229167073e-05
	6.126910771e-05	6.462536598e-05	5.444137341e-05	5.62760332e-05	5.116958471e-05
	5.198843825e-05	5.003329489e-05	5.021444859e-05	5.026723404e-05	5.001736006e-05
	5.140839419e-05	5.08644573e-05	5.312354238e-05	5.239464286e-05	5.514026181e-05
	5.432378734e-05	5.722777725e-05	5.641189987e-05	5.920151943e-05	5.846229958e-05
	6.092280787e-05	6.031916223e-05	6.231181855e-05	6.187863888e-05	6.335341786e-05
	6.309654061e-05	6.409088666e-05	6.398851012e-05	6.460344428e-05	6.461685727e-05
	6.497606526e-05	6.50645362e-05	6.527766811e-05	6.54087475e-05	6.555432726e-05
	6.570666717e-05	6.583242578e-05	6.599401549e-05	6.612469868e-05	6.628990261e-05
	6.643549637e-05	6.660251429e-05	6.676442152e-05	6.693349999e-05	6.710862998e-05
	6.728086635e-05	6.746430158e-05	6.76407989e-05	6.782770444e-05	6.800888293e-05
	6.819613344e-05	6.838108763e-05	6.856882769e-05	6.875472059e-05	6.894765981e-05
	6.912930266e-05	6.933623827e-05	6.950636686e-05	6.97287323e-05	6.988018668e-05
	7.000575047e-05	7.01181281e-05	6.973724009e-05	6.980659492e-05	6.910216303e-05
	6.92267892e-05	6.827477816e-05	6.848964353e-05	6.725549677e-05	6.75767543e-05
	6.602549008e-05	6.646043617e-05	6.457197737e-05	6.5119831e-05	6.289714364e-05
	6.354817741e-05	6.102435624e-05	6.175882292e-05	5.900282623e-05	5.979035869e-05
	5.691013292e-05	5.771007329e-05	5.485193838e-05	5.561471256e-05	5.295928753e-05
	5.362779569e-05	5.138895507e-05	5.190007425e-05	5.032531862e-05	5.060966262e-05
	4.999146778e-05	4.99674222e-05	5.068423474e-05	5.024311476e-05	5.285538395e-05
	5.18275015e-05	5.729484724e-05	5.537388861e-05	6.520816294e-05	6.205127307e-05
	6.136859518e-05	6.470508684e-05	5.453262521e-05	5.639429034e-05	5.118812829e-05
	5.205295564e-05	4.995491933e-05	5.018913845e-05	5.00869458e-05	4.989047343e-05
	5.113564869e-05	5.063952384e-05	5.278189004e-05	5.208901898e-05	5.476747947e-05
	5.396883929e-05	5.68722826e-05	5.60509648e-05	5.891827742e-05	5.814696586e-05
	6.076600256e-05	6.010411767e-05	6.232380495e-05	6.181250547e-05	6.355327892e-05
	6.321089937e-05	6.446878975e-05	6.428862686e-05	6.51269287e-05	6.508103852e-05
	6.560495115e-05	6.565489771e-05	6.597707164e-05	6.608617542e-05	6.629998995e-05
	6.644058042e-05	6.66101174e-05	6.676472181e-05	6.692741664e-05	6.70867104e-05
	6.726064413e-05	6.742077964e-05	6.761160066e-05	6.777203005e-05	6.797796655e-05
	6.813990302e-05	6.835501106e-05	6.852030178e-05	6.873653708e-05	6.890655826e-05
	6.91151965e-05	6.928902399e-05	6.948130356e-05	6.965068666e-05	6.981440328e-05
	6.994235414e-05	7.003214793e-05	7.000201815e-05	6.993591888e-05	6.977524292e-05
	6.960864274e-05	6.944161136e-05	6.917577284e-05	6.905198366e-05	6.863546678e-05
	6.858820273e-05	6.79526692e-05	6.800989771e-05	6.70868362e-05	6.726939045e-05
	6.600246306e-05	6.632188821e-05	6.467594296e-05	6.5133624e-05	6.31014093e-05
	6.368818679e-05	6.129626577e-05	6.199193787e-05	5.930600981e-05	6.007891577e-05
	5.720729428e-05	5.801455717e-05	5.510813957e-05	5.589698397e-05	5.314483443e-05
	5.385425944e-05	5.148168766e-05	5.204378243e-05	5.031295482e-05	5.06534531e-05
	4.98723589e-05	4.990470951e-05	5.04688932e-05	5.007886763e-05	5.257173745e-05
	5.158145889e-05	5.700536897e-05	5.509162835e-05	6.505541881e-05	6.183846941e-05
	6.149686171e-05	6.480354741e-05	5.46713567e-05	5.6555255e-05	5.126267784e-05
	5.217137039e-05	4.993599756e-05	5.022263303e-05	4.996592474e-05	4.982342259e-05
	5.091818316e-05	5.047187375e-05	5.248689227e-05	5.183390822e-05	5.442704532e-05
	5.36523922e-05	5.652941857e-05	5.571108649e-05	5.862288922e-05	5.782976144e-05
	6.057041253e-05	5.986064358e-05	6.227463343e-05	6.169223398e-05	6.368185473e-05
	6.325359215e-05	6.478236435e-05	6.4515186e-05	6.560655789e-05	6.548700131e-05
	6.621396727e-05	6.62123475e-05	6.667532423e-05	6.67551024e-05	6.705467237e-05
	6.718245967e-05	6.739939231e-05	6.755056713e-05	6.773913313e-05	6.789845908e-05
	6.808945397e-05	6.824910442e-05	6.845620083e-05	6.861334744e-05	6.883875976e-05
	6.899360282e-05	6.923147369e-05	6.938560679e-05	6.962124967e-05	6.977442204e-05
	6.996596824e-05	7.008841643e-05	7.006611762e-05	7.001725625e-05	6.980492799e-05
	6.967410299e-05	6.945618493e-05	6.930062171e-05	6.909927476e-05	6.89332841e-05
	6.873931459e-05	6.857427901e-05	6.835998334e-05	6.82124123e-05	6.792851979e-05
	6.782288032e-05	6.73971256e-05	6.736515647e-05	6.670866021e-05	6.678422153e-05
	6.580738341e-05	6.601834228e-05	6.465083084e-05	6.501220828e-05	6.321886826e-05
	6.372995662e-05	6.151955881e-05	6.216401592e-05	5.95932458e-05	6.034012788e-05
	5.75151717e-05	5.832020078e-05	5.539569895e-05	5.620310676e-05	5.337686171e-05
	5.412170258e-05	5.163082964e-05	5.224020612e-05	5.036251808e-05	5.075697535e-05
	4.981696724e-05	4.990480178e-05	5.03155422e-05	4.997700147e-05	5.234407527e-05
	5.139356091e-05	5.67589197e-05	5.485761493e-05	6.492043501e-05	6.165358533e-05
	6.165356858e-05	6.492042466e-05	5.485758582e-05	5.675889236e-05	5.139353178e-05
	5.234404535e-05	4.997697336e-05	5.031551322e-05	4.990477614e-05	4.981694009e-05
	5.07569527e-05	5.036249403e-05	5.224018636e-05	5.16308085e-05	5.412168523e-05
	5.337684335e-05	5.620309119e-05	5.539568268e-05	5.832018652e-05	5.75151571e-05
	6.034011402e-05	5.959323206e-05	6.21640014e-05	6.151954494e-05	6.372994043e-05
	6.321885321e-05	6.501218959e-05	6.465081365e-05	6.601832068e-05	6.58073634e-05
	6.678419715e-05	6.670863712e-05	6.736512989e-05	6.739709976e-05	6.782285236e-05
	6.792849195e-05	6.821238374e-05	6.835995445e-05	6.857425042e-05	6.873928552e-05
	6.893325593e-05	6.909924632e-05	6.930059442e-05	6.945615815e-05	6.967407781e-05
	6.980490579e-05	7.001723978e-05	7.006611416e-05	7.008843361e-05	6.996599283e-05
	6.977444946e-05	6.962127844e-05	6.938563502e-05	6.923150248e-05	6.899363097e-05
	6.883878813e-05	6.861337543e-05	6.845622879e-05	6.824913227e-05	6.808948159e-05
	6.789848675e-05	6.773916045e-05	6.755059448e-05	6.739941929e-05	6.718248636e-05
	6.705469883e-05	6.675512788e-05	6.667534982e-05	6.621237111e-05	6.621399141e-05
	6.548702244e-05	6.560657997e-05	6.451520445e-05	6.478238395e-05	6.325360823e-05
	6.368187184e-05	6.169224847e-05	6.227464861e-05	5.986065744e-05	6.057042664e-05
	5.782977575e-05	5.862290332e-05	5.571110213e-05	5.652943361e-05	5.365240968e-05
	5.442706196e-05	5.183392815e-05	5.248691093e-05	5.047189643e-05	5.091820452e-05
	4.982344827e-05	4.996594892e-05	5.02226606e-05	4.993602427e-05	5.217139908e-05
	5.126270559e-05	5.655528164e-05	5.467138507e-05	6.480355711e-05	6.149687758e-05
	6.183845187e-05	6.505540791e-05	5.509159848e-05	5.700534095e-05	5.158142839e-05
	5.257170632e-05	5.007883808e-05	5.046886281e-05	4.990468236e-05	4.987233022e-05
	5.065342906e-05	5.031292932e-05	5.204376148e-05	5.148166521e-05	5.385424128e-05
	5.314481508e-05	5.589696787e-05	5.510812263e-05	5.801454278e-05	5.720727938e-05
	6.007890229e-05	5.930599626e-05	6.199192432e-05	6.12962527e-05	6.368817217e-05
	6.310139576e-05	6.513360735e-05	6.467592797e-05	6.632186875e-05	6.600244576e-05
	6.726936776e-05	6.708681591e-05	6.800987184e-05	6.795264557e-05	6.858817434e-05
	6.863543998e-05	6.905195396e-05	6.917574372e-05	6.944158226e-05	6.960861345e-05
	6.977521846e-05	6.993589681e-05	7.000201148e-05	7.003215473e-05	6.994237535e-05
	6.98144291e-05	6.965071587e-05	6.948133329e-05	6.928905408e-05	6.911522664e-05
	6.890658781e-05	6.873656669e-05	6.852033054e-05	6.835503987e-05	6.813993101e-05
	6.797799454e-05	6.777205737e-05	6.76116279e-05	6.742080637e-05	6.726067069e-05
	6.708673662e-05	6.69274426e-05	6.676474752e-05	6.66101428e-05	6.644060553e-05
	6.630001476e-05	6.608619965e-05	6.597709572e-05	6.565492065e-05	6.56049742e-05
	6.508105962e-05	6.512695025e-05	6.428864571e-05	6.446880935e-05	6.321091596e-05
	6.355329634e-05	6.18125203e-05	6.232382043e-05	6.010413156e-05	6.076601675e-05
	5.814697988e-05	5.891829131e-05	5.605097983e-05	5.687229713e-05	5.3968856e-05
	5.476749549e-05	5.208903779e-05	5.278190768e-05	5.063954523e-05	5.113566883e-05
	4.989049767e-05	5.008696857e-05	5.018916463e-05	4.995494468e-05	5.20529831e-05
	5.118815464e-05	5.639431627e-05	5.453265285e-05	6.470509582e-05	6.136861008e-05
	6.205125489e-05	6.520815159e-05	5.537385799e-05	5.729481858e-05	5.182746965e-05
	5.285535163e-05	5.024308376e-05	5.068420293e-05	4.996739349e-05	4.999143755e-05
	5.060963713e-05	5.032529161e-05	5.190005201e-05	5.138893123e-05	5.362777659e-05
	5.295926708e-05	5.561469589e-05	5.485192069e-05	5.771005875e-05	5.691011768e-05
	5.979034565e-05	5.900281289e-05	6.175881058e-05	6.102434413e-05	6.354816492e-05
	6.289713199e-05	6.511981753e-05	6.457196544e-05	6.646042101e-05	6.602547724e-05
	6.757673691e-05	6.72554826e-05	6.848962367e-05	6.827476266e-05	6.922676719e-05
	6.910214718e-05	6.980657341e-05	6.973722897e-05	7.011813002e-05	7.000576582e-05
	6.988021316e-05	6.972876131e-05	6.950639672e-05	6.933626868e-05	6.912933317e-05
	6.894769033e-05	6.875475091e-05	6.85688579e-05	6.838111734e-05	6.819616305e-05
	6.800891183e-05	6.782773327e-05	6.764082689e-05	6.746432952e-05	6.728089344e-05
	6.710865701e-05	6.693352623e-05	6.676444767e-05	6.660253975e-05	6.643552169e-05
	6.628992737e-05	6.612472323e-05	6.59940396e-05	6.583244962e-05	6.570669062e-05
	6.555435041e-05	6.540877019e-05	6.527769055e-05	6.50645579e-05	6.497608684e-05
	6.461687759e-05	6.460346472e-05	6.398852869e-05	6.409090561e-05	6.30965572e-05
	6.335343503e-05	6.187865376e-05	6.231183397e-05	6.031917601e-05	6.092282195e-05
	5.846231326e-05	5.920153305e-05	5.64119143e-05	5.722779125e-05	5.432380336e-05
	5.51402772e-05	5.239466062e-05	5.312355909e-05	5.086447748e-05	5.14084132e-05
	5.001738292e-05	5.026725548e-05	5.021447343e-05	5.003331891e-05	5.198846446e-05
	5.116960966e-05	5.627605845e-05	5.444140036e-05	6.462537417e-05	6.126912156e-05
	6.229165206e-05	6.537822456e-05	5.570489606e-05	5.762751321e-05	5.2133022e-05
	5.319613946e-05	5.047163082e-05	5.096340089e-05	5.009518944e-05	5.017658712e-05
	5.062815735e-05	5.040223744e-05	5.181198921e-05	5.135558829e-05	5.344568502e-05
	5.282357785e-05	5.53600941e-05	5.463087678e-05	5.741077589e-05	5.66277296e-05
	5.947798356e-05	5.86875574e-05	6.146576822e-05	6.070626635e-05	6.33041137e-05
	6.260414705e-05	6.494842525e-05	6.432603107e-05	6.637589998e-05	6.583826121e-05
	6.757850324e-05	6.712168583e-05	6.854924166e-05	6.815738395e-05	6.924577141e-05
	6.889455132e-05	6.951918152e-05	6.921310773e-05	6.93293079e-05	6.908945213e-05
	6.895975776e-05	6.875118542e-05	6.856642626e-05	6.836476848e-05	6.818221545e-05
	6.798060516e-05	6.780983285e-05	6.76082997e-05	6.744700315e-05	6.724740404e-05
	6.709225287e-05	6.689631705e-05	6.67459574e-05	6.655464001e-05	6.641009763e-05
	6.62235066e-05	6.608764707e-05	6.590524692e-05	6.578180856e-05	6.560280101e-05
	6.549504048e-05	6.531893928e-05	6.522762966e-05	6.505514469e-05	6.497539901e-05
	6.480983472e-05	6.472600769e-05	6.457542649e-05	6.445344076e-05	6.433367655e-05
	6.411134512e-05	6.404917379e-05	6.362881786e-05	6.366276686e-05	6.291640165e-05
	6.309081081e-05	6.188915384e-05	6.223944462e-05	6.050089646e-05	6.103659597e-05
	5.877076327e-05	5.946720112e-05	5.679020721e-05	5.759153287e-05	5.471495475e-05
	5.554264992e-05	5.274964558e-05	5.351044086e-05	5.1146223e-05	5.173592867e-05
	5.020394925e-05	5.050676457e-05	5.029855197e-05	5.017127549e-05	5.197791305e-05
	5.120726807e-05	5.620079432e-05	5.439795047e-05	6.456476895e-05	6.119888288e-05
	6.255916809e-05	6.556505916e-05	5.608518713e-05	5.800346215e-05	5.249959278e-05
	5.359525326e-05	5.07667275e-05	5.130855134e-05	5.029081068e-05	5.043049356e-05
	5.071209308e-05	5.054691056e-05	5.178301256e-05	5.138512936e-05	5.33117684e-05
	5.274158278e-05	5.513729335e-05	5.444916169e-05	5.712090313e-05	5.636443481e-05
	5.914563789e-05	5.836440335e-05	6.111511116e-05	6.034538143e-05	6.295444821e-05
	6.222372416e-05	6.460891332e-05	6.393498761e-05	6.603818971e-05	6.542918029e-05
	6.720432761e-05	6.666050948e-05	6.805131519e-05	6.757161026e-05	6.849699552e-05
	6.809046474e-05	6.852405727e-05	6.819830696e-05	6.827894351e-05	6.801183411e-05
	6.792793701e-05	6.768950429e-05	6.755368768e-05	6.732633805e-05	6.718443943e-05
	6.696111589e-05	6.682722355e-05	6.660626551e-05	6.648247566e-05	6.626440744e-05
	6.614946951e-05	6.59353616e-05	6.582815153e-05	6.561885945e-05	6.55195714e-05
	6.531544792e-05	6.52257418e-05	6.502662051e-05	6.494922228e-05	6.475458855e-05
	6.469246431e-05	6.450181268e-05	6.445677562e-05	6.427023149e-05	6.424058242e-05
	6.405995586e-05	6.403646943e-05	6.38670003e-05	6.382635751e-05	6.367942133e-05
	6.357455916e-05	6.347124835e-05	6.32203687e-05	6.319455195e-05	6.267637131e-05
	6.277327277e-05	6.184305883e-05	6.210814345e-05	6.064412018e-05	6.11032081e-05
	5.906660788e-05	5.970921546e-05	5.718161394e-05	5.795840559e-05	5.513992798e-05
	5.597151982e-05	5.315304254e-05	5.394114999e-05	5.148475584e-05	5.211804488e-05
	5.045060271e-05	5.080596888e-05	5.044193535e-05	5.03695214e-05	5.202188393e-05
	5.130186285e-05	5.616912412e-05	5.44030246e-05	6.452374533e-05	6.115854397e-05
	6.285309748e-05	6.576790444e-05	5.651501024e-05	5.842242559e-05	5.292868359e-05
	5.405374845e-05	5.113081955e-05	5.17218298e-05	5.055735509e-05	5.075613679e-05
	5.086500006e-05	5.076284707e-05	5.181703945e-05	5.148149968e-05	5.323026671e-05
	5.271756574e-05	5.495081972e-05	5.431136168e-05	5.684504077e-05	5.612498371e-05
	5.87977938e-05	5.803814978e-05	6.071097239e-05	5.994650369e-05	6.25030371e-05
	6.176116712e-05	6.410651975e-05	6.340693882e-05	6.54614607e-05	6.481730434e-05
	6.650629885e-05	6.592765964e-05	6.717849029e-05	6.667654877e-05	6.745367946e-05
	6.70360318e-05	6.740293967e-05	6.705949716e-05	6.716007203e-05	6.686619976e-05
	6.683455594e-05	6.656764999e-05	6.648564655e-05	6.62318883e-05	6.613894888e-05
	6.589173875e-05	6.580368961e-05	6.55606911e-05	6.548234941e-05	6.524333335e-05
	6.517521434e-05	6.494076648e-05	6.48823635e-05	6.465317139e-05	6.460443653e-05
	6.438093335e-05	6.434281532e-05	6.412505011e-05	6.409949372e-05	6.388716662e-05
	6.387670648e-05	6.366936486e-05	6.367623742e-05	6.347368941e-05	6.349816406e-05
	6.330124463e-05	6.333858723e-05	6.315051355e-05	6.318565763e-05	6.301430468e-05
	6.301317209e-05	6.287451964e-05	6.277193941e-05	6.269420092e-05	6.238262257e-05
	6.240834195e-05	6.174036172e-05	6.192050956e-05	6.074369139e-05	6.111909414e-05
	5.934331441e-05	5.992091381e-05	5.758104629e-05	5.832230212e-05	5.559593889e-05
	5.642307488e-05	5.360390242e-05	5.441405049e-05	5.188038686e-05	5.255477967e-05
	5.075827154e-05	5.116579168e-05	5.064573816e-05	5.062933288e-05	5.212145721e-05
	5.14546911e-05	5.618201308e-05	5.445778966e-05	6.450288494e-05	6.114897215e-05
	6.317243127e-05	6.598578833e-05	5.699430544e-05	5.888376288e-05	5.342162398e-05
	5.457238607e-05	5.15663905e-05	5.220532045e-05	5.08981385e-05	5.115660336e-05
	5.10907748e-05	5.10538398e-05	5.191838973e-05	5.164899203e-05	5.320583797e-05
	5.27562002e-05	5.480563771e-05	5.422248376e-05	5.658837677e-05	5.591468164e-05
	5.843998886e-05	5.771452694e-05	6.025988501e-05	5.951640184e-05	6.195960502e-05
	6.12262086e-05	6.346048583e-05	6.275978309e-05	6.469039741e-05	6.404084818e-05
	6.558565721e-05	6.500317324e-05	6.611015684e-05	6.560617724e-05	6.628878614e-05
	6.586302903e-05	6.621084415e-05	6.584856907e-05	6.598290644e-05	6.566341387e-05
	6.568554543e-05	6.539144924e-05	6.536568985e-05	6.508583741e-05	6.50466618e-05
	6.477511858e-05	6.473867496e-05	6.447289304e-05	6.444557142e-05	6.418489799e-05
	6.416851678e-05	6.391319255e-05	6.390788486e-05	6.365842354e-05	6.366415788e-05
	6.342098592e-05	6.34383007e-05	6.320157479e-05	6.323183609e-05	6.300139532e-05
	6.30466987e-05	6.282214746e-05	6.288482528e-05	6.266578859e-05	6.274730168e-05
	6.253395988e-05	6.263269444e-05	6.242680102e-05	6.253392453e-05	6.23406366e-05
	6.243277611e-05	6.22637046e-05	6.229134593e-05	6.216893716e-05	6.204185362e-05
	6.200370351e-05	6.15824677e-05	6.168055683e-05	6.079494723e-05	6.108183441e-05
	5.959355994e-05	6.009530545e-05	5.798225895e-05	5.867590524e-05	5.607940431e-05
	5.689239191e-05	5.410101166e-05	5.49269477e-05	5.233361467e-05	5.304613511e-05
	5.112834546e-05	5.158750932e-05	5.091165318e-05	5.095253319e-05	5.227827095e-05
	5.166763698e-05	5.624083503e-05	5.456390036e-05	6.45029088e-05	6.117128505e-05
	6.351579852e-05	6.621749383e-05	5.752253453e-05	5.938632191e-05	5.397939252e-05
	5.515146282e-05	5.207577495e-05	5.276082345e-05	5.131651797e-05	5.163489404e-05
	5.139349761e-05	5.142375882e-05	5.209165876e-05	5.189209029e-05	5.324348075e-05
	5.286243167e-05	5.47071489e-05	5.418790429e-05	5.63568217e-05	5.573944371e-05
	5.807913247e-05	5.740041757e-05	5.977117529e-05	5.906413388e-05	6.133933443e-05
	6.063290217e-05	6.269903701e-05	6.201821982e-05	6.377744894e-05	6.31436167e-05
	6.45245739e-05	6.395431955e-05	6.493352674e-05	6.443472149e-05	6.505227114e-05
	6.462056566e-05	6.496497221e-05	6.458646015e-05	6.475611419e-05	6.441448537e-05
	6.448834896e-05	6.417020821e-05	6.420027665e-05	6.389667506e-05	6.391295402e-05
	6.36187734e-05	6.363678998e-05	6.334957647e-05	6.337640594e-05	6.30953301e-05
	6.313359416e-05	6.28586871e-05	6.290900004e-05	6.264063612e-05	6.270303963e-05
	6.244160358e-05	6.251637585e-05	6.226206372e-05	6.235013115e-05	6.210285614e-05
	6.220590893e-05	6.196530869e-05	6.208560428e-05	6.185118047e-05	6.199087494e-05
	6.176234785e-05	6.192197794e-05	6.170002401e-05	6.187541408e-05	6.166308499e-05
	6.183946515e-05	6.164474078e-05	6.178647754e-05	6.162640414e-05	6.166164717e-05
	6.156770826e-05	6.137260943e-05	6.139401998e-05	6.079435244e-05	6.099078708e-05
	5.980944462e-05	6.022555877e-05	5.837755948e-05	5.901057631e-05	5.658550117e-05
	5.737300735e-05	5.464254907e-05	5.547668711e-05	5.284492309e-05	5.35918231e-05
	5.156258915e-05	5.207261683e-05	5.124194203e-05	5.134145749e-05	5.249455361e-05
	5.194319455e-05	5.63474153e-05	5.472354396e-05	6.452469773e-05	6.122688288e-05
	6.388143048e-05	6.646155364e-05	5.809855856e-05	5.992835429e-05	5.460243555e-05
	5.57906501e-05	5.266095071e-05	5.338965041e-05	5.181567806e-05	5.219370053e-05
	5.177722605e-05	5.187632536e-05	5.234153032e-05	5.221525312e-05	5.334838674e-05
	5.304128841e-05	5.466111773e-05	5.421323568e-05	5.615704246e-05	5.560574785e-05
	5.772366847e-05	5.710392407e-05	5.925703506e-05	5.860109805e-05	6.066185874e-05
	5.999901419e-05	6.1854542e-05	6.121074499e-05	6.277100201e-05	6.216782524e-05
	6.338012843e-05	6.283225972e-05	6.369559785e-05	6.320786651e-05	6.377187851e-05
	6.333905937e-05	6.368195661e-05	6.329270078e-05	6.349322644e-05	6.313518441e-05
	6.325562396e-05	6.291866521e-05	6.300126016e-05	6.267839981e-05	6.274883534e-05
	6.243588425e-05	6.250836569e-05	6.220318596e-05	6.228474559e-05	6.198652952e-05
	6.208009134e-05	6.178878956e-05	6.189519038e-05	6.161109481e-05	6.173037392e-05
	6.145382667e-05	6.158603544e-05	6.131723474e-05	6.146292876e-05	6.120181311e-05
	6.136230734e-05	6.110851578e-05	6.12859007e-05	6.103883092e-05	6.123563838e-05
	6.099466521e-05	6.121289633e-05	6.097788407e-05	6.121680726e-05	6.098917053e-05
	6.124080045e-05	6.102554935e-05	6.126608069e-05	6.10754521e-05	6.125078605e-05
	6.110980653e-05	6.111616201e-05	6.106855181e-05	6.074022584e-05	6.084768224e-05
	5.998297237e-05	6.030574161e-05	5.875761541e-05	5.931645504e-05	5.710766691e-05
	5.785646956e-05	5.52256577e-05	5.605866165e-05	5.341450581e-05	5.419089546e-05
	5.206302207e-05	5.262264203e-05	5.163941922e-05	5.179890241e-05	5.277316271e-05
	5.228449574e-05	5.650408066e-05	5.493949598e-05	6.456931382e-05	6.131748621e-05
	6.426715502e-05	6.671626708e-05	5.872054671e-05	6.05074693e-05	5.529049781e-05
	5.648885818e-05	5.332331878e-05	5.409242016e-05	5.23983823e-05	5.283515678e-05
	5.224573364e-05	5.241483654e-05	5.267251751e-05	5.262262755e-05	5.352570489e-05
	5.329760298e-05	5.467349016e-05	5.430408322e-05	5.599635071e-05	5.55204465e-05
	5.738350149e-05	5.683421769e-05	5.873219898e-05	5.814072763e-05	5.99499117e-05
	5.934501474e-05	6.096032914e-05	6.036731808e-05	6.171326525e-05	6.115212259e-05
	6.219495698e-05	6.167791766e-05	6.243046953e-05	6.196071749e-05	6.247246889e-05
	6.204559031e-05	6.238201665e-05	6.198959355e-05	6.221296907e-05	6.184609347e-05
	6.200541662e-05	6.165673194e-05	6.178597957e-05	6.145030185e-05	6.157088991e-05
	6.124502927e-05	6.13693093e-05	6.105160223e-05	6.118595691e-05	6.087577404e-05
	6.102294918e-05	6.072027647e-05	6.088102161e-05	6.058613335e-05	6.076032657e-05
	6.04735407e-05	6.066095606e-05	6.038245685e-05	6.058328633e-05	6.031300348e-05
	6.05281957e-05	6.026573819e-05	6.049716037e-05	6.024182011e-05	6.049216972e-05
	6.024304021e-05	6.05152962e-05	6.027160881e-05	6.056755828e-05	6.032944375e-05
	6.064636748e-05	6.041642911e-05	6.074030778e-05	6.052663798e-05	6.081951131e-05
	6.064088255e-05	6.082082732e-05	6.071383061e-05	6.063345588e-05	6.065708307e-05
	6.010684471e-05	6.033177358e-05	5.911147951e-05	5.958290025e-05	5.763705802e-05
	5.833195402e-05	5.584590673e-05	5.666617408e-05	5.404188898e-05	5.484124414e-05
	5.263174897e-05	5.323888425e-05	5.210742731e-05	5.232805187e-05	5.311763621e-05
	5.269534695e-05	5.67137252e-05	5.521519572e-05	6.463802753e-05	6.14451865e-05
	6.467042784e-05	6.697974194e-05	5.938593263e-05	6.11206406e-05	5.604248263e-05
	5.724414416e-05	5.406348367e-05	5.486887062e-05	5.306669376e-05	5.356057227e-05
	5.280218823e-05	5.304183815e-05	5.3088617e-05	5.311767967e-05	5.378019418e-05
	5.363562307e-05	5.475007151e-05	5.446566229e-05	5.588240309e-05	5.549039901e-05
	5.706963563e-05	5.660112869e-05	5.821323029e-05	5.769782496e-05	5.922784465e-05
	5.869280994e-05	6.004890221e-05	5.951768063e-05	6.064137043e-05	6.013158397e-05
	6.100466382e-05	6.052648051e-05	6.116846949e-05	6.072457632e-05	6.117993285e-05
	6.07674616e-05	6.108900194e-05	6.070235672e-05	6.093850082e-05	6.057173482e-05
	6.076046255e-05	6.040861662e-05	6.057664144e-05	6.023618932e-05	6.040070227e-05
	6.006948003e-05	6.024057753e-05	5.991750008e-05	6.010041028e-05	5.978514343e-05
	5.998199183e-05	5.967465217e-05	5.988577867e-05	5.958668336e-05	5.981160362e-05
	5.952107117e-05	5.975917883e-05	5.947737465e-05	5.972845975e-05	5.945528061e-05
	5.971991109e-05	5.945490738e-05	5.973468477e-05	5.947702992e-05	5.977467515e-05
	5.952321368e-05	5.984233638e-05	5.959578613e-05	5.993999043e-05	5.969746163e-05
	6.006805243e-05	5.983020702e-05	6.022106728e-05	5.999250814e-05	6.03797099e-05
	6.017348689e-05	6.049669811e-05	6.034159657e-05	6.04780848e-05	6.042665599e-05
	6.017555306e-05	6.030247315e-05	5.942699616e-05	5.979940099e-05	5.816205056e-05
	5.878609738e-05	5.649657469e-05	5.728965565e-05	5.472541097e-05	5.553892813e-05
	5.327071498e-05	5.392204006e-05	5.264979585e-05	5.29323624e-05	5.353226137e-05
	5.318027443e-05	5.69799019e-05	5.555485056e-05	6.473235545e-05	6.161251745e-05
	6.508840587e-05	6.724996287e-05	6.00914345e-05	6.17642783e-05	5.68563608e-05
	5.805368286e-05	5.488104788e-05	5.571770294e-05	5.382166824e-05	5.43701541e-05
	5.3448762e-05	5.375874033e-05	5.359285817e-05	5.370272615e-05	5.411573974e-05
	5.405848803e-05	5.489603465e-05	5.470225038e-05	5.58226861e-05	5.552190267e-05
	5.679352286e-05	5.641447962e-05	5.771749954e-05	5.728760846e-05	5.852016289e-05
	5.806438305e-05	5.915089729e-05	5.869012212e-05	5.95885329e-05	5.913797222e-05
	5.984117733e-05	5.940957684e-05	5.993877746e-05	5.952906402e-05	5.992155452e-05
	5.95326329e-05	5.982954106e-05	5.945835891e-05	5.969636549e-05	5.933950785e-05
	5.954723031e-05	5.920181672e-05	5.939945953e-05	5.906347666e-05	5.926406757e-05
	5.893636449e-05	5.914744746e-05	5.882757354e-05	5.905281404e-05	5.874080652e-05
	5.898132605e-05	5.867749989e-05	5.893292534e-05	5.863768658e-05	5.89069602e-05
	5.862064856e-05	5.890265572e-05	5.862541535e-05	5.89194789e-05	5.865115452e-05
	5.895743028e-05	5.86974877e-05	5.901727457e-05	5.876475085e-05	5.910069369e-05
	5.885419707e-05	5.921028763e-05	5.896810067e-05	5.934922914e-05	5.910963653e-05
	5.952013252e-05	5.928223241e-05	5.972221719e-05	5.948772605e-05	5.994504423e-05
	5.972198592e-05	6.015623145e-05	5.996564878e-05	6.028168253e-05	6.016724821e-05
	6.01866485e-05	6.022052851e-05	5.969177791e-05	5.995701875e-05	5.866795391e-05
	5.920330611e-05	5.716775029e-05	5.791586628e-05	5.546150362e-05	5.627728425e-05
	5.39813426e-05	5.467165815e-05	5.327076549e-05	5.361537625e-05	5.402216223e-05
	5.374457104e-05	5.730694856e-05	5.596357571e-05	6.48541141e-05	6.182255469e-05
	6.551806683e-05	6.752488748e-05	6.083315374e-05	6.243437699e-05	5.772914606e-05
	5.891381675e-05	5.577443243e-05	5.663647018e-05	5.466302038e-05	5.526271976e-05
	5.418616081e-05	5.456536546e-05	5.418672675e-05	5.437834721e-05	5.453471111e-05
	5.45675517e-05	5.511524719e-05	5.501646657e-05	5.582379711e-05	5.561994119e-05
	5.656618914e-05	5.628323232e-05	5.726201938e-05	5.692463327e-05	5.785022435e-05
	5.74805459e-05	5.82944055e-05	5.791060779e-05	5.858467439e-05	5.819989489e-05
	5.873397774e-05	5.83561498e-05	5.876992247e-05	5.840262048e-05	5.872552946e-05
	5.836940352e-05	5.863212306e-05	5.828633365e-05	5.851553111e-05	5.817880943e-05
	5.839501955e-05	5.806627726e-05	5.828380216e-05	5.796238543e-05	5.819017659e-05
	5.787589748e-05	5.811874636e-05	5.781179828e-05	5.807149935e-05	5.777232464e-05
	5.804868445e-05	5.775783165e-05	5.804950181e-05	5.776749054e-05	5.807264489e-05
	5.779984543e-05	5.811673279e-05	5.785326192e-05	5.818066474e-05	5.79262968e-05
	5.826392055e-05	5.801801262e-05	5.836682102e-05	5.812825416e-05	5.849074486e-05
	5.8257893e-05	5.86382602e-05	5.840902159e-05	5.881304133e-05	5.858501987e-05
	5.901924942e-05	5.879028268e-05	5.9259658e-05	5.902910927e-05	5.953104071e-05
	5.930266051e-05	5.981419479e-05	5.960184703e-05	6.005548395e-05	5.989283188e-05
	6.014199869e-05	6.009322885e-05	5.989486992e-05	6.005028257e-05	5.913725507e-05
	5.95668777e-05	5.784537562e-05	5.852731497e-05	5.624371785e-05	5.704580212e-05
	5.476398238e-05	5.548534358e-05	5.397484376e-05	5.438040642e-05	5.459339862e-05
	5.439432525e-05	5.770015536e-05	5.644757128e-05	6.500549412e-05	6.20790507e-05
	6.595637646e-05	6.780256897e-05	6.160675958e-05	6.312674151e-05	5.865694511e-05
	5.982018776e-05	5.674072399e-05	5.762150803e-05	5.558875227e-05	5.623538813e-05
	5.501305433e-05	5.545940865e-05	5.486944546e-05	5.514266423e-05	5.503716219e-05
	5.516155465e-05	5.540945153e-05	5.540842105e-05	5.58906081e-05	5.578735074e-05
	5.639730493e-05	5.621462752e-05	5.686238403e-05	5.662185069e-05	5.723929588e-05
	5.696006693e-05	5.7504645e-05	5.720238057e-05	5.765681764e-05	5.73430786e-05
	5.771060608e-05	5.739299246e-05	5.768983356e-05	5.737274957e-05	5.762056673e-05
	5.730625403e-05	5.752650891e-05	5.721600259e-05	5.742676346e-05	5.712058969e-05
	5.733533078e-05	5.703392376e-05	5.726156189e-05	5.696545835e-05	5.721099445e-05
	5.69208815e-05	5.718624849e-05	5.690292751e-05	5.718783954e-05	5.691214892e-05
	5.721486818e-05	5.69475906e-05	5.726559014e-05	5.700735858e-05	5.733788686e-05
	5.708909607e-05	5.742965853e-05	5.719038445e-05	5.753915994e-05	5.730908691e-05
	5.766529696e-05	5.744365117e-05	5.780789851e-05	5.75933872e-05	5.796797064e-05
	5.775873181e-05	5.814791617e-05	5.794149969e-05	5.835164259e-05	5.814508124e-05
	5.858433806e-05	5.83744527e-05	5.885137953e-05	5.863564073e-05	5.915518616e-05
	5.893381023e-05	5.948763974e-05	5.926816956e-05	5.981437348e-05	5.962042494e-05
	6.004879408e-05	5.993288116e-05	6.002907799e-05	6.007926705e-05	5.955082406e-05
	5.986126939e-05	5.851049555e-05	5.910232581e-05	5.706144946e-05	5.782884221e-05
	5.561707908e-05	5.635759988e-05	5.476652513e-05	5.522999961e-05	5.525305393e-05
	5.513638459e-05	5.816597221e-05	5.701432588e-05	6.518915693e-05	6.238660415e-05
	6.640049946e-05	6.80813011e-05	6.240775095e-05	6.383727561e-05	5.963506704e-05
	6.076792652e-05	5.77755262e-05	5.866787484e-05	5.65947175e-05	5.728321354e-05
	5.592538694e-05	5.643578613e-05	5.563712045e-05	5.599049184e-05	5.561993525e-05
	5.583571918e-05	5.577743444e-05	5.587489461e-05	5.602553401e-05	5.602415871e-05
	5.629451021e-05	5.621366234e-05	5.653217374e-05	5.639021085e-05	5.67062648e-05
	5.651954686e-05	5.680422279e-05	5.65863306e-05	5.682976915e-05	5.659118977e-05
	5.679734016e-05	5.65456681e-05	5.672624348e-05	5.646674254e-05	5.663604426e-05
	5.63723288e-05	5.65437473e-05	5.627839367e-05	5.646256513e-05	5.619756379e-05
	5.640174951e-05	5.61387896e-05	5.636699135e-05	5.610760882e-05	5.636104915e-05
	5.61066799e-05	5.638441759e-05	5.613639138e-05	5.643595101e-05	5.619545203e-05
	5.651341365e-05	5.6281425e-05	5.661395521e-05	5.63911975e-05	5.673451978e-05
	5.652138981e-05	5.68721996e-05	5.666871127e-05	5.702454608e-05	5.683027345e-05
	5.718985192e-05	5.700387253e-05	5.736742003e-05	5.718825579e-05	5.755783363e-05
	5.738338933e-05	5.776323068e-05	5.759073967e-05	5.798754658e-05	5.781356045e-05
	5.823658577e-05	5.805710748e-05	5.851754461e-05	5.832854508e-05	5.883708639e-05
	5.863593571e-05	5.919600239e-05	5.898491115e-05	5.95768352e-05	5.93701232e-05
	5.992021277e-05	5.975699412e-05	6.009362737e-05	6.005147732e-05	5.989059819e-05
	6.00756159e-05	5.913921069e-05	5.961650374e-05	5.789844618e-05	5.860447933e-05
	5.653590909e-05	5.727821616e-05	5.564976742e-05	5.616502122e-05	5.600925766e-05
	5.597816828e-05	5.871224393e-05	5.76728136e-05	6.540834978e-05	6.275085848e-05
	6.684803006e-05	6.835976238e-05	6.32317442e-05	6.456226994e-05	6.065812606e-05
	6.17518108e-05	5.88727472e-05	5.976920934e-05	5.767407211e-05	5.839869417e-05
	5.691557195e-05	5.748586397e-05	5.648184558e-05	5.691246378e-05	5.62758823e-05
	5.658101094e-05	5.621452737e-05	5.640894384e-05	5.622835362e-05	5.632761296e-05
	5.626350823e-05	5.628349284e-05	5.628333516e-05	5.623939448e-05	5.626843611e-05
	5.617454747e-05	5.621439174e-05	5.608256837e-05	5.612762315e-05	5.596769286e-05
	5.602064346e-05	5.584037032e-05	5.590792794e-05	5.571335166e-05	5.580303801e-05
	5.559888287e-05	5.571703719e-05	5.550708523e-05	5.565789846e-05	5.544527677e-05
	5.563053447e-05	5.541790841e-05	5.563715239e-05	5.542683865e-05	5.567774111e-05
	5.547176089e-05	5.57505851e-05	5.555067663e-05	5.585275513e-05	5.566036078e-05
	5.598055667e-05	5.579679528e-05	5.612993089e-05	5.595556272e-05	5.629680975e-05
	5.613219807e-05	5.647742983e-05	5.632250085e-05	5.66686126e-05	5.652281327e-05
	5.686802312e-05	5.673027404e-05	5.707442372e-05	5.69430633e-05	5.728794364e-05
	5.716065945e-05	5.751038261e-05	5.738413194e-05	5.774554461e-05	5.761648302e-05
	5.799952642e-05	5.786301057e-05	5.828070794e-05	5.813154244e-05	5.859879807e-05
	5.843212504e-05	5.896141806e-05	5.877512461e-05	5.936509181e-05	5.916542467e-05
	5.977577145e-05	5.958844717e-05	6.009671091e-05	5.99832599e-05	6.014391466e-05
	6.02081272e-05	5.970433024e-05	6.004652566e-05	5.873137822e-05	5.934423109e-05
	5.751075105e-05	5.823016299e-05	5.662701928e-05	5.718313469e-05	5.687103305e-05
	5.692714535e-05	5.934842114e-05	5.84335993e-05	6.566702539e-05	6.317868933e-05
	6.729718586e-05	6.863711925e-05	6.407466793e-05	6.529856096e-05	6.171999315e-05
	6.276621955e-05	6.002420229e-05	6.091734861e-05	5.881657126e-05	5.957108578e-05
	5.797167445e-05	5.859666789e-05	5.739107348e-05	5.789447383e-05	5.699372868e-05
	5.738416666e-05	5.671312925e-05	5.700073146e-05	5.64973551e-05	5.669379156e-05
	5.630969016e-05	5.642762926e-05	5.612820989e-05	5.618043386e-05	5.594396279e-05
	5.594258415e-05	5.575778805e-05	5.571370368e-05	5.557657271e-05	5.54992105e-05
	5.540982352e-05	5.530713669e-05	5.526710324e-05	5.514572298e-05	5.515644525e-05
	5.502189736e-05	5.508359041e-05	5.494051012e-05	5.505179329e-05	5.490410386e-05
	5.506196874e-05	5.491301311e-05	5.511301334e-05	5.496564164e-05	5.520220003e-05
	5.505882114e-05	5.532558941e-05	5.518819587e-05	5.5478429e-05	5.534860336e-05
	5.56555264e-05	5.553443533e-05	5.585158959e-05	5.573997017e-05	5.606153213e-05
	5.595967292e-05	5.628074457e-05	5.618846186e-05	5.650533756e-05	5.642194582e-05
	5.673236835e-05	5.665664129e-05	5.6960069e-05	5.689018624e-05	5.718810252e-05
	5.712157537e-05	5.741787672e-05	5.735144881e-05	5.765293605e-05	5.758246549e-05
	5.789940606e-05	5.781976724e-05	5.816633497e-05	5.807145866e-05	5.846548066e-05
	5.834881787e-05	5.88094371e-05	5.866550785e-05	5.920563405e-05	5.903404749e-05
	5.964172603e-05	5.945603238e-05	6.00574351e-05	5.990078533e-05	6.030919501e-05
	6.027053462e-05	6.017993374e-05	6.037694489e-05	5.952943761e-05	6.001518739e-05
	5.852439503e-05	5.91874308e-05	5.769752118e-05	5.827634996e-05	5.784775225e-05
	5.798969288e-05	6.008565738e-05	5.930868557e-05	6.596992857e-05	6.36783289e-05
	6.774682477e-05	6.891296522e-05	6.493260294e-05	6.604327029e-05	6.281331993e-05
	6.38045419e-05	6.121885243e-05	6.210145911e-05	6.0007755e-05	6.078552009e-05
	5.907695934e-05	5.975045911e-05	5.834800115e-05	5.891825663e-05	5.775961781e-05
	5.822966077e-05	5.726541906e-05	5.764090986e-05	5.683292981e-05	5.712205949e-05
	5.64422558e-05	5.665498712e-05	5.608397011e-05	5.623104045e-05	5.575647889e-05
	5.584857511e-05	5.546309591e-05	5.551026707e-05	5.520939252e-05	5.522072234e-05
	5.500116986e-05	5.49846583e-05	5.48431502e-05	5.480573398e-05	5.473828565e-05
	5.468592928e-05	5.468751811e-05	5.462532787e-05	5.468982794e-05	5.462216064e-05
	5.474244916e-05	5.467300326e-05	5.484117017e-05	5.477305576e-05	5.498067079e-05
	5.491646011e-05	5.515486711e-05	5.509662864e-05	5.535724664e-05	5.530656652e-05
	5.558118283e-05	5.553917659e-05	5.582022172e-05	5.578753833e-05	5.606833703e-05
	5.604515609e-05	5.632015411e-05	5.630617566e-05	5.657114835e-05	5.656557308e-05
	5.681783077e-05	5.681932664e-05	5.70579419e-05	5.706459098e-05	5.729068451e-05
	5.729990194e-05	5.751703406e-05	5.752545086e-05	5.774016516e-05	5.774347196e-05
	5.79660049e-05	5.795877549e-05	5.820383354e-05	5.81794024e-05	5.846662972e-05
	5.841722941e-05	5.87703707e-05	5.868800308e-05	5.913049731e-05	5.900959049e-05
	5.955193315e-05	5.939579593e-05	6.000732809e-05	5.984116438e-05	6.040169876e-05
	6.029173801e-05	6.055000528e-05	6.060949924e-05	6.025678825e-05	6.058700098e-05
	5.954948635e-05	6.011409921e-05	5.885437988e-05	5.942745129e-05	5.894779856e-05
	5.916872507e-05	6.093654178e-05	6.031073178e-05	6.632258097e-05	6.425923322e-05
	6.819607605e-05	6.918699083e-05	6.580090766e-05	6.679277791e-05	6.392830971e-05
	6.485768837e-05	6.244162107e-05	6.330659412e-05	6.122844681e-05	6.202237303e-05
	6.021081716e-05	6.092579516e-05	5.933446741e-05	5.996478555e-05	5.856204711e-05
	5.91055338e-05	5.7869874e-05	5.832836277e-05	5.724490013e-05	5.762374026e-05
	5.66817416e-05	5.698870133e-05	5.618005807e-05	5.642419319e-05	5.574230791e-05
	5.593306409e-05	5.537187876e-05	5.551845353e-05	5.507174945e-05	5.518270757e-05
	5.484365796e-05	5.492673928e-05	5.468768947e-05	5.47497474e-05	5.460216117e-05
	5.464917643e-05	5.458370096e-05	5.462083284e-05	5.462744167e-05	5.465909274e-05
	5.472728013e-05	5.475716123e-05	5.487616861e-05	5.490735798e-05	5.506641818e-05
	5.510141221e-05	5.528999926e-05	5.533075475e-05	5.55388281e-05	5.558679631e-05
	5.580503004e-05	5.586118313e-05	5.608117298e-05	5.614602266e-05	5.636046782e-05
	5.643407557e-05	5.66369374e-05	5.67189144e-05	5.690556151e-05	5.699505526e-05
	5.71624131e-05	5.725807583e-05	5.740480977e-05	5.750474186e-05	5.763151583e-05
	5.773317477e-05	5.784304025e-05	5.794310414e-05	5.804208105e-05	5.813625782e-05
	5.823415287e-05	5.831693885e-05	5.842837204e-05	5.84928041e-05	5.863821249e-05
	5.867574909e-05	5.888168495e-05	5.888256078e-05	5.917968878e-05	5.91344809e-05
	5.954994276e-05	5.945388825e-05	5.999199872e-05	5.985461524e-05	6.045851371e-05
	6.032085772e-05	6.082033524e-05	6.077301309e-05	6.08815479e-05	6.104589417e-05
	6.054725613e-05	6.09683971e-05	6.008020413e-05	6.06056353e-05	6.017569338e-05
	6.045940776e-05	6.191408725e-05	6.145098562e-05	6.673100883e-05	6.493148284e-05
	6.864320895e-05	6.945800201e-05	6.667202219e-05	6.754026829e-05	6.50503845e-05
	6.591123581e-05	6.36720901e-05	6.451191292e-05	6.245576763e-05	6.325813304e-05
	6.135306732e-05	6.210223823e-05	6.033873143e-05	6.102307472e-05	5.940241718e-05
	6.001552297e-05	5.854311661e-05	5.908381281e-05	5.776436595e-05	5.823561135e-05
	5.707127942e-05	5.747883316e-05	5.646871697e-05	5.681992517e-05	5.596024093e-05
	5.626311323e-05	5.554755979e-05	5.581012114e-05	5.523033806e-05	5.54602221e-05
	5.500622492e-05	5.521044232e-05	5.487101712e-05	5.505584542e-05	5.481889155e-05
	5.498984095e-05	5.484267411e-05	5.500449911e-05	5.493412526e-05	5.509086114e-05
	5.50842321e-05	5.523924363e-05	5.528349937e-05	5.543953399e-05	5.552223248e-05
	5.568147316e-05	5.57908043e-05	5.595491948e-05	5.607989785e-05	5.625008628e-05
	5.638071729e-05	5.655774636e-05	5.668516279e-05	5.686939843e-05	5.698596806e-05
	5.717739415e-05	5.727680496e-05	5.747502943e-05	5.755236595e-05	5.775660947e-05
	5.780844254e-05	5.801750453e-05	5.804202794e-05	5.825422207e-05	5.825148246e-05
	5.84645314e-05	5.843681241e-05	5.864768872e-05	5.860012079e-05	5.880482085e-05
	5.874628272e-05	5.893952819e-05	5.888385755e-05	5.905874439e-05	5.902613462e-05
	5.917381827e-05	5.919195739e-05	5.930160223e-05	5.940548053e-05	5.946499735e-05
	5.969312163e-05	5.969173866e-05	6.007451419e-05	6.000918077e-05	6.054264284e-05
	6.04310617e-05	6.103154504e-05	6.09320697e-05	6.139374135e-05	6.141487772e-05
	6.147292013e-05	6.171773642e-05	6.134129674e-05	6.176456413e-05	6.152652927e-05
	6.184153217e-05	6.302895975e-05	6.273452188e-05	6.720098494e-05	6.57039458e-05
	6.90833966e-05	6.972237907e-05	6.753186882e-05	6.827189834e-05	6.615739646e-05
	6.694209829e-05	6.488490749e-05	6.56907469e-05	6.366859563e-05	6.44711458e-05
	6.249499675e-05	6.327247147e-05	6.137099173e-05	6.210747929e-05	6.031244202e-05
	6.099841148e-05	5.933690147e-05	5.996851986e-05	5.84594088e-05	5.903710603e-05
	5.769096652e-05	5.821807345e-05	5.703820556e-05	5.751978844e-05	5.650371635e-05
	5.694571163e-05	5.608659171e-05	5.649518992e-05	5.578303131e-05	5.616427086e-05
	5.5586903e-05	5.594641626e-05	5.549024431e-05	5.583311469e-05	5.548370046e-05
	5.581439538e-05	5.555691306e-05	5.587926846e-05	5.569887057e-05	5.601610875e-05
	5.589822936e-05	5.621299766e-05	5.614360797e-05	5.645802921e-05	5.642385309e-05
	5.673958118e-05	5.672827231e-05	5.704654823e-05	5.704682814e-05	5.736853238e-05
	5.737028887e-05	5.769598703e-05	5.76903348e-05	5.802031351e-05	5.799962264e-05
	5.833391265e-05	5.829181633e-05	5.863019928e-05	5.856159861e-05	5.890359316e-05
	5.880468553e-05	5.914950655e-05	5.901787467e-05	5.93643572e-05	5.919916907e-05
	5.954564531e-05	5.934803053e-05	5.969214497e-05	5.946582545e-05	5.98042716e-05
	5.955652629e-05	5.988469184e-05	5.96277042e-05	5.993923024e-05	5.969177183e-05
	5.997807502e-05	5.976725907e-05	6.00171695e-05	5.987959246e-05	6.007944069e-05
	6.006026282e-05	6.019513083e-05	6.034236914e-05	6.039980188e-05	6.074899645e-05
	6.0727549e-05	6.127037313e-05	6.119539185e-05	6.183240371e-05	6.17760497e-05
	6.229579646e-05	6.237134817e-05	6.258564702e-05	6.285221362e-05	6.297596192e-05
	6.327006681e-05	6.42834365e-05	6.415037085e-05	6.773620162e-05	6.658033939e-05
	6.950505508e-05	6.997106983e-05	6.835469911e-05	6.896131077e-05	6.721799141e-05
	6.791610234e-05	6.605525064e-05	6.681580246e-05	6.48613733e-05	6.565607437e-05
	6.365972725e-05	6.446407396e-05	6.248610309e-05	6.328188059e-05	6.137578802e-05
	6.215081002e-05	6.035786686e-05	6.11051262e-05	5.945321387e-05	6.016961774e-05
	5.867483202e-05	5.93600996e-05	5.802890573e-05	5.868461186e-05	5.751611724e-05
	5.814495745e-05	5.713285587e-05	5.773808894e-05	5.687226613e-05	5.745731888e-05
	5.672510273e-05	5.729330089e-05	5.668042831e-05	5.723482857e-05	5.672618318e-05
	5.726948098e-05	5.684966096e-05	5.738415458e-05	5.703791158e-05	5.756550591e-05
	5.72780863e-05	5.780032315e-05	5.755773017e-05	5.807583461e-05	5.786502311e-05
	5.837995735e-05	5.818896763e-05	5.870148599e-05	5.851952159e-05	5.903022141e-05
	5.884767601e-05	5.935704061e-05	5.91654816e-05	5.967391201e-05	5.946603145e-05
	5.997386409e-05	5.974341239e-05	6.025091924e-05	5.999264267e-05	6.05000095e-05
	6.020962027e-05	6.071689645e-05	6.039111442e-05	6.089812475e-05	6.053484316e-05
	6.104104813e-05	6.063969151e-05	6.114397828e-05	6.070613592e-05	6.12065187e-05
	6.073694353e-05	6.123015354e-05	6.073819958e-05	6.121915593e-05	6.072066397e-05
	6.118184926e-05	6.070134543e-05	6.113217438e-05	6.070498016e-05	6.109137829e-05
	6.076476246e-05	6.108938216e-05	6.092112694e-05	6.116504446e-05	6.121642291e-05
	6.136379189e-05	6.168204468e-05	6.173021749e-05	6.231412101e-05	6.22912313e-05
	6.304455702e-05	6.302822581e-05	6.375647116e-05	6.385243829e-05	6.446724206e-05
	6.467060453e-05	6.565827356e-05	6.565329872e-05	6.833460335e-05	6.75497448e-05
	6.988506321e-05	7.018644817e-05	6.910138621e-05	6.956825091e-05	6.819802191e-05
	6.879520435e-05	6.717576109e-05	6.787734698e-05	6.606883613e-05	6.68499856e-05
	6.492867221e-05	6.576671583e-05	6.38077942e-05	6.46839564e-05	6.275009891e-05
	6.364932422e-05	6.17885006e-05	6.269929959e-05	6.094499949e-05	6.185891709e-05
	6.023220607e-05	6.114330864e-05	5.965504214e-05	6.055934957e-05	5.921243809e-05
	6.010741845e-05	5.889879043e-05	5.978291801e-05	5.870519332e-05	5.957760066e-05
	5.862043978e-05	5.948065741e-05	5.863183837e-05	5.947961783e-05	5.872587613e-05
	5.956108169e-05	5.888876016e-05	5.971131505e-05	5.910685755e-05	5.991672963e-05
	5.93670476e-05	6.016426116e-05	5.965699341e-05	6.044165562e-05	5.996533737e-05
	6.073767027e-05	6.028182401e-05	6.104219557e-05	6.059735487e-05	6.134630458e-05
	6.090398232e-05	6.164223861e-05	6.119485167e-05	6.192333949e-05	6.146410381e-05
	6.218394089e-05	6.170675348e-05	6.241923315e-05	6.191856172e-05	6.262511854e-05
	6.209592619e-05	6.279807761e-05	6.223581967e-05	6.293507309e-05	6.23358172e-05
	6.303352602e-05	6.239426368e-05	6.30914099e-05	6.241064624e-05	6.31075212e-05
	6.238624356e-05	6.308199582e-05	6.232511804e-05	6.301714381e-05	6.223548734e-05
	6.291865896e-05	6.213143735e-05	6.279721336e-05	6.203482048e-05	6.267035581e-05
	6.197696633e-05	6.256448714e-05	6.199956087e-05	6.25164588e-05	6.21534095e-05
	6.257398472e-05	6.249306581e-05	6.279337976e-05	6.306307855e-05	6.323191304e-05
	6.387215469e-05	6.392987283e-05	6.485800478e-05	6.487796288e-05	6.590742927e-05
	6.598270777e-05	6.708827682e-05	6.713697001e-05	6.897985602e-05	6.856567289e-05
	7.018741821e-05	7.034445244e-05	6.972381861e-05	7.004301724e-05	6.907708415e-05
	6.955287042e-05	6.828070436e-05	6.890580531e-05	6.738950852e-05	6.815269382e-05
	6.646105058e-05	6.734736328e-05	6.554658421e-05	6.65390792e-05	6.468644398e-05
	6.57672858e-05	6.391017149e-05	6.506187882e-05	6.323724425e-05	6.444343579e-05
	6.267856422e-05	6.392444122e-05	6.223793013e-05	6.351043238e-05	6.191354165e-05
	6.320133979e-05	6.169934505e-05	6.299272191e-05	6.1586231e-05	6.287693116e-05
	6.156305014e-05	6.28441285e-05	6.161746524e-05	6.288315748e-05	6.173664711e-05
	6.298226555e-05	6.190783176e-05	6.312968479e-05	6.211875069e-05	6.331407836e-05
	6.235794655e-05	6.352486546e-05	6.261498496e-05	6.375243606e-05	6.288057369e-05
	6.398826936e-05	6.314660111e-05	6.42249701e-05	6.340610721e-05	6.445623769e-05
	6.365320057e-05	6.46767831e-05	6.388293523e-05	6.488220733e-05	6.409116101e-05
	6.506885469e-05	6.42743611e-05	6.523365327e-05	6.44294923e-05	6.537395527e-05
	6.455384582e-05	6.548739154e-05	6.464495222e-05	6.557175859e-05	6.470056176e-05
	6.562496197e-05	6.471874221e-05	6.564504893e-05	6.469814979e-05	6.563037463e-05
	6.463854138e-05	6.557996059e-05	6.454160138e-05	6.54941147e-05	6.441214534e-05
	6.537538388e-05	6.425972152e-05	6.522988763e-05	6.410055637e-05	6.506903341e-05
	6.395965733e-05	6.491151263e-05	6.387271269e-05	6.478535399e-05	6.38870854e-05
	6.472954052e-05	6.406072931e-05	6.479444699e-05	6.445649865e-05	6.503936492e-05
	6.51274969e-05	6.552454114e-05	6.608499704e-05	6.629053182e-05	6.724623843e-05
	6.731761992e-05	6.842714713e-05	6.845762043e-05	6.962196607e-05	6.95028044e-05
	7.037882939e-05	7.037904089e-05	7.018468512e-05	7.034430158e-05	6.986541532e-05
	7.01793785e-05	6.944849867e-05	6.994504961e-05	6.897236827e-05	6.96642393e-05
	6.847231534e-05	6.936001422e-05	6.797773475e-05	6.905194885e-05	6.751206784e-05
	6.875586163e-05	6.709300541e-05	6.848438688e-05	6.673267689e-05	6.824669309e-05
	6.643814497e-05	6.804872997e-05	6.621202122e-05	6.789341829e-05	6.605324661e-05
	6.778108528e-05	6.595790145e-05	6.770993879e-05	6.592000904e-05	6.767660173e-05
	6.593226743e-05	6.767662053e-05	6.598668624e-05	6.770493031e-05	6.607510824e-05
	6.775624492e-05	6.618961376e-05	6.782536557e-05	6.632281103e-05	6.790740494e-05
	6.646802354e-05	6.799793406e-05	6.661938856e-05	6.809306197e-05	6.677188363e-05
	6.818946158e-05	6.692129757e-05	6.828435438e-05	6.706416126e-05	6.83754659e-05
	6.7197651e-05	6.846096127e-05	6.731947478e-05	6.853936881e-05	6.742774989e-05
	6.860949704e-05	6.752087946e-05	6.867035034e-05	6.759743585e-05	6.872104804e-05
	6.76560603e-05	6.876075363e-05	6.769538985e-05	6.878862186e-05	6.771402367e-05
	6.880376994e-05	6.771054632e-05	6.880527665e-05	6.768363885e-05	6.879222023e-05
	6.763232533e-05	6.876378343e-05	6.755641289e-05	6.871946683e-05	6.745718517e-05
	6.86594539e-05	6.733839431e-05	6.858516623e-05	6.720756845e-05	6.850003384e-05
	6.707757166e-05	6.841047254e-05	6.696827116e-05	6.832699714e-05	6.690792226e-05
	6.826529333e-05	6.693376527e-05	6.824689743e-05	6.709043352e-05	6.829886485e-05
	6.742457695e-05	6.845129705e-05	6.796938333e-05	6.87309651e-05	6.871228454e-05
	6.914751862e-05	6.952577288e-05	6.966386014e-05	7.014690815e-05	7.014829417e-05
	
