5000	
	0.002885710284	0.002928220365	0.008945848165	0.01081801655	0.01636422565
	0.02246311243	0.02382185679	0.03560974075	0.03060317214	0.0482397608
	0.03554080574	0.05800556375	0.03715384113	0.06250925309	0.03392297126
	0.05947961591	0.02415834312	0.04605343105	-0.001473205223	0.00741879972
	-0.09151708655	-0.1310194271	-0.09537097782	-0.1352067358	0.0101936817
	0.01993282086	0.04883517848	0.08126233903	0.09275195325	0.1427683786
	0.1189182585	0.1842322724	0.1463725333	0.2342134685	0.181176144
	0.2961562997	0.223440832	0.3667416934	0.2708292507	0.4407498976
	0.3198820166	0.5129013925	0.3669328295	0.5787026343	0.4086482248
	0.6348550367	0.4425831884	0.6794509961	0.4666195007	0.7116284052
	0.4780783619	0.7291575801	0.474930685	0.7304465504	0.4560478459
	0.7140446615	0.4214246936	0.678395634	0.3729351196	0.6222790306
	0.3157613188	0.5461019464	0.2604248715	0.4545150686	0.2096879878
	0.3593349981	0.08375639063	0.2389215336	-0.2341995108	0.07694553426
	-0.1048388528	-0.2980749695	-0.002098094695	-6.040363965e-16	0.06097450125
	0.1238044793	0.1022741908	0.1963529662	0.1253958884	0.2331519937
	0.1348085091	0.2438057114	0.1345484368	0.2368997436	0.1272493944
	0.2191552995	0.1141708685	0.194783201	0.09610149874	0.1656459948
	0.07422018251	0.132423506	0.05046372819	0.09616994972	0.0275396942
	0.05953603935	0.009424760402	0.02742833189	  0	0.005825038714
	0.01133424377	0.009808342616	0.02666336828	0.02690461678	0.04607939408
	0.04665006568	0.06751172371	0.06968429606	0.08548935407	0.09008060803
	0.09508824102	0.1014900096	0.09138417747	0.09680839186	0.06360608404
	0.05755656873	-0.03915604204	-0.08023404957	-0.1734212793	-0.1562053515
	-0.03673364745	0.009747616521	0.07657414335	0.1195935441	0.1595206722
	0.1975149878	0.2269487644	0.2745274809	0.3059446625	0.3675094759
	0.3982362451	0.4711081868	0.4969025289	0.575999199	0.5939994057
	0.673808885	0.6830292478	0.758797082	0.7597937186	0.8281535644
	0.8224545058	0.8817592661	0.8714869507	0.9211372843	0.9078305195
	0.9492493414	0.9317474074	0.966697509	0.9445075308	0.9755582932
	0.9468716355	0.9771661812	0.9386734809	0.9718853855	0.9186154855
	0.9589814738	0.8841308566	0.9364565617	0.8314194319	0.9009011205
	0.7558623841	0.8474562123	0.6534137708	0.7700958128	0.5237356592
	0.6633238248	0.3733968364	0.5255313343	0.19787326	0.3634176
	-0.07089614841	0.1876596829	0.0430333769	0.02064278078	0.2324200404
	0.1576271527	0.3278846177	0.3012085786	0.3713368031	0.3759968599
	0.3787572086	0.4050080901	0.3617618293	0.4017006939	0.3294005063
	0.3764576307	0.288170151	0.3373247629	0.2418005919	0.2899205496
	0.1917792607	0.2374362546	0.1393059608	0.1816671699	0.08759449754
	0.1250874244	0.04246138044	0.07214746795	0.009500600004	0.02703310205
	0.02410277764	0.01826807055	0.04624475263	0.04570847358	0.06750754345
	0.06628529658	0.08651681264	0.08248069257	0.09639805253	0.08894944663
	0.08170942958	0.06308349691	-0.004589621611	-0.05776498407	-0.1376393425
	-0.1401183861	-0.0438766061	0.003259734822	0.09313736496	0.1317672919
	0.1870185262	0.2201254835	0.2715917895	0.3118186017	0.3726874706
	0.420655935	0.4852562643	0.5372548992	0.5980488274	0.6493296236
	0.7010390067	0.7472905055	0.7876596881	0.825792021	0.8553267067
	0.8838709597	0.9043025304	0.9227845053	0.9381615344	0.9473032382
	0.9593862197	0.9606056896	0.9707949021	0.9656478809	0.9756901695
	0.9658697499	0.9766366415	0.9638703092	0.9753693444	0.9614151911
	0.9728159895	0.9595275206	0.9690889028	0.9585335635	0.9634236736
	0.9580551641	0.9540410139	0.9569299816	0.9379172837	0.9530351799
	0.910507135	0.9430022476	0.8655760426	0.9218894221	0.795471147
	0.882964814	0.6926172277	0.8179061368	0.5537543335	0.7182676091
	0.3895282068	0.5799607861	0.2419298899	0.4139361573	0.1924410008
	0.2671544938	0.2633404941	0.2274736764	0.3427728378	0.2734326529
	0.3880685474	0.333879998	0.4003259338	0.3718274636	0.3866603049
	0.3808236115	0.3544221272	0.365527538	0.3097831627	0.3324209635
	0.2574079161	0.2874153004	0.2008017362	0.2352848434	0.1428222816
	0.1794586233	0.08493939634	0.1209312468	0.02652607698	0.05655248316
	0.03665652983	0.02440802224	0.06571021526	0.06325888155	0.07731851794
	0.07729122845	0.07229220709	0.0659524735	-0.001987778561	-0.04494445928
	-0.1795099309	-0.2337774465	-0.08074199457	-0.04433427863	0.07942921517
	0.1095871748	0.1909363221	0.2170919094	0.2832718347	0.3144954635
	0.3899807157	0.4262353991	0.5087645635	0.5468081602	0.6266130518
	0.6627458904	0.7313846526	0.7623793494	0.8154764048	0.8391329576
	0.8764067428	0.8918955955	0.9156244992	0.9227468764	0.9379004573
	0.9375844465	0.9468261151	0.9402671783	0.94657862	0.9350169355
	0.9413241718	0.9259659	0.934283301	0.9162016402	0.9277603962
	0.9078625817	0.9232925931	0.9023282871	0.9217897607	0.9003931297
	0.9236467613	0.9024084419	0.9288129784	0.9083796208	0.9368043995
	0.9180062619	0.9466439552	0.9306555563	0.956713654	0.9452588386
	0.9644984317	0.960118514	0.9662001932	0.9726065785	0.9562640447
	0.9787319429	0.9270314805	0.972605951	0.8687268717	0.9460101022
	0.7708103366	0.8883431077	0.6266305668	0.7879942365	0.4449877929
	0.6371958035	0.2751392792	0.4439079145	0.2288496102	0.2581807949
	0.2389965286	0.2030722366	0.2851181547	0.2044333266	0.3218892078
	0.2596073462	0.331261778	0.3002703553	0.3167743383	0.3107659605
	0.28544411	0.2971325111	0.2433713609	0.2671654773	0.1930285544
	0.2252977251	0.1301585171	0.1687824283	0.04607253887	0.08682581911
	0.04432047845	0.02497719058	0.07740000692	0.07208430768	0.06212319191
	0.06546997089	-0.1051516927	-0.09869556497	-0.2597764351	-0.240232875
	0.02013082926	0.04438207007	0.1544574676	0.1713725629	0.2616128375
	0.281096352	0.37087672	0.3956860074	0.4903110043	0.5174547754
	0.6112714961	0.6373487185	0.7209151893	0.7432132692	0.8091763109
	0.8258927005	0.8717157732	0.8821054102	0.9092373372	0.9130246804
	0.9269083345	0.9247959766	0.9292746184	0.9221744786	0.9212965327
	0.9101275946	0.907893279	0.8935405405	0.892830284	0.8760246569
	0.8787199889	0.8599863391	0.8672375341	0.8468903823	0.8593571398
	0.837534373	0.855577588	0.8322986178	0.8561055343	0.8313394787
	0.8609783476	0.8347116629	0.8701218494	0.8424222523	0.883347026
	0.8544278468	0.9002908746	0.8705854778	0.9203021713	0.8905616044
	0.9422664886	0.9136945685	0.9643599873	0.9387977306	0.9837008875
	0.963885808	0.9957657393	0.98579166	0.9936268478	0.9995630944
	0.9676698187	0.9976722003	0.9055390366	0.9696805697	0.7939127914
	0.9023645181	0.6242027985	0.7819217491	0.4054930585	0.6005507387
	0.1910948268	0.3700693922	0.1054981526	0.1439322529	0.1453027379
	0.0340662797	0.2333847666	0.1488812991	0.2776829441	0.2393738797
	0.2868584327	0.2784591454	0.2717470404	0.2829115688	0.2356647628
	0.2610553951	0.1707325515	0.2091535401	0.06334646955	0.1122152305
	0.0425464269	0.01737575814	0.06891133492	0.06155610759	-0.0526674209
	-0.03009839571	-0.2108117438	-0.2108843213	0.07483715833	0.08143246033
	0.1945439153	0.202302798	0.3113505946	0.3223608115	0.4363256131
	0.4520937381	0.5620778038	0.5795437078	0.679222221	0.6952305413
	0.7775574682	0.7900531482	0.8499611926	0.8579404843	0.8945588894
	0.8976839393	0.9150966638	0.913556551	0.9170511457	0.9115255631
	0.9056977758	0.8967735001	0.8867884855	0.8750852682	0.8649196508
	0.8509582375	0.843242093	0.8273677275	0.8236947989	0.8060630012
	0.8073286394	0.7879361863	0.7946386403	0.7733798752	0.7858396692
	0.7625652434	0.7810506623	0.7556134933	0.7803897806	0.7526741412
	0.7840023648	0.7539414057	0.7920460178	0.7596351079	0.8046519349
	0.7699663903	0.8218670346	0.7850928684	0.8435741228	0.8050589797
	0.8693800586	0.829713777	0.8984539991	0.8585912272	0.9292979887
	0.8907313413	0.9594514764	0.9244186314	0.9850727437	0.9568305557
	  1	0.9835571035	0.9949137008	0.9976805145	0.9574833617
	0.9888399722	0.8728890056	0.9435694678	0.7278337759	0.8465222142
	0.5198756513	0.6859353062	0.2714243142	0.4650439209	0.005298649786
	0.2143538767	0.07100345311	-0.01664997732	0.207351649	0.1391910736
	0.2702099458	0.2419947872	0.2869945304	0.2850629207	0.2664768904
	0.2837779175	0.2012926576	0.2373355648	0.07617728989	0.1300405251
	0.02524749167	-0.001810447764	-0.00410778091	-0.006317469804	-0.2188176639
	-0.2222938785	0.06935718082	0.04622544487	0.2086374825	0.2082927238
	0.3341575381	0.3353254881	0.4736429541	0.4794918567	0.6054112093
	0.6139180832	0.7192462035	0.7274272118	0.8082588703	0.8141866652
	0.868477119	0.8713874744	0.9002301081	0.8997576589	0.908831609
	0.9053453567	0.8997161816	0.8935244803	0.8790469088	0.8704733563
	0.8525920725	0.8419748023	0.8245011142	0.8120783659	0.7973676011
	0.7832376546	0.7725912581	0.7567253938	0.7508126438	0.733096358
	0.732304238	0.7125903341	0.7172196712	0.6953669576	0.7057243538
	0.6816136636	0.6980371191	0.671573937	0.694424739	0.665535191
	0.6951810781	0.6638086681	0.7006035746	0.6667111467	0.7109680783
	0.6745474202	0.7264979262	0.6875889018	0.7473210308	0.7060433222
	0.7734066585	0.7300098655	0.8044678233	0.7594109748	0.8398111976
	0.7938850534	0.8781080785	0.832613917	0.9170543577	0.8740469517
	0.9529851594	0.9154852335	0.9801576179	0.9525630674	0.9891143964
	0.9784914783	0.9668608755	0.9824652823	0.8976068208	0.9497674471
	0.7666585202	0.863714922	0.570464132	0.7116220467	0.3328247373
	0.4984330935	0.1067942981	0.2641114142	0.1365162404	0.110885648
	0.2405039157	0.196786283	0.2880799369	0.2726916103	0.2827482226
	0.2913949169	0.2196166745	0.2519161656	0.08398834936	0.1399598396
	-0.03088680257	-0.05449826217	-0.2419712242	-0.2549952338	-0.04631754004
	-0.1135525537	0.1971301682	0.1850819848	0.3270763841	0.3184809069
	0.4806882087	0.4761489533	0.6223406515	0.6222324594	0.7373428258
	0.7390353749	0.8214961926	0.822788566	0.8741098494	0.8739859012
	0.8976831148	0.8956457859	0.8982704245	0.8944768897	0.8816657237
	0.8761032498	0.8544933273	0.8472403173	0.8223923193	0.8135531951
	0.7891728243	0.7787928134	0.7570349809	0.7450781011	0.7270525417
	0.7134131305	0.69968891	0.68423544	0.675166238	0.657770131
	0.6536802293	0.6342330934	0.6354726654	0.6138876085	0.6208319832
	0.5970385386	0.6100674205	0.5840037001	0.60349742	0.5750942523
	0.60144757	0.5706302552	0.6042433657	0.5709348545	0.6122014202
	0.5763312785	0.6256148871	0.5871328491	0.64472803	0.6036240136
	0.6696939777	0.6260268614	0.7005312458	0.6544658869	0.7370443444
	0.688922861	0.7786810862	0.7291471301	0.8242737757	0.7744861322
	0.8716397602	0.8235749011	0.9170434073	0.8738164356	0.9545781436
	0.9206500409	0.9742515809	0.9567331431	0.9609798705	0.9701927917
	0.8967572077	0.9434557328	0.7653924786	0.8570395704	0.5662217928
	0.6976623409	0.3365010548	0.4778449223	0.1555127046	0.2581541495
	0.1995377818	0.1616658676	0.2722425948	0.2419845222	0.2839507282
	0.2828513031	0.2265389943	0.2542095251	0.0874174955	0.143368505
	-0.2727475401	-0.2516514756	-0.2662872199	-0.3215810523	0.134120866
	0.09758704518	0.2923343689	0.2767686644	0.4562890416	0.4414969496
	0.6130528194	0.6038441413	0.7363377739	0.7316631086	0.8217581944
	0.8190927602	0.8718367156	0.8695629522	0.8914012248	0.8886664439
	0.8873704836	0.8839635577	0.866036032	0.861644595	0.8343026569
	0.8287657272	0.7977869008	0.7910149051	0.7601412747	0.7520475515
	0.7233679106	0.7138401715	0.6884059062	0.6773159299	0.6556645043
	0.6428840542	0.6253998275	0.6108168945	0.5978847641	0.5814195125
	0.5734232048	0.5550235297	0.55234091	0.5319672036	0.534963618
	0.5125807335	0.5215987624	0.4971583666	0.5125385837	0.48596416
	0.5080726928	0.4792531716	0.5085047612	0.4772986731	0.5141637996
	0.4804129803	0.5253835651	0.4889413541	0.5424736995	0.5032362499
	0.5656867741	0.5236175787	0.5951880222	0.5503292729	0.631035801
	0.5835110234	0.6731325543	0.6231851326	0.7210889377	0.6692151783
	0.7739701067	0.7211500719	0.8297609758	0.7778765261	0.884609391
	0.8369515774	0.9319755064	0.8935444694	0.9606885496	0.939214767
	0.952168112	0.9600438917	0.8840656664	0.9338831871	0.737665216
	0.8361993021	0.5192906588	0.6534007858	0.292337197	0.4143802771
	0.1639695611	0.2069050079	0.2356073481	0.1906377741	0.2705116085
	0.2570104026	0.2245288732	0.2465197752	0.0876996612	0.142407805
	-0.3156732932	-0.1612965772	0.0431244321	0.03910156017	0.2437457693
	0.2287414207	0.4033265538	0.3822317007	0.5757324342	0.5571059901
	0.715383331	0.7033589597	0.8098845292	0.8027902882	0.8632885717
	0.8588092038	0.8830920984	0.8797365734	0.8776752305	0.8747559966
	0.8540133562	0.8508867643	0.8193323146	0.8155844933	0.779428558
	0.7747884882	0.7380130386	0.7322852426	0.697082458	0.6901040589
	0.657561744	0.64919125	0.619881317	0.609992088	0.5843661893
	0.5728657922	0.5513643307	0.5382008756	0.521274289	0.5064407571
	0.4944947938	0.4780353026	0.4713608019	0.4533154245	0.4521745233
	0.4325690397	0.4371529862	0.4159942217	0.4264405955	0.4036532233
	0.4201844257	0.3955935198	0.4185904761	0.3919228671	0.4219574492
	0.3928657497	0.4306798469	0.398788698	0.445212144	0.4101824029
	0.4659908759	0.4275946569	0.4933323175	0.4515240298	0.5274252716
	0.4823192722	0.5683340166	0.5201431542	0.615998854	0.5649973346
	0.6702259607	0.6167800115	0.730334841	0.6752422788	0.7945591223
	0.7395591144	0.858916577	0.8074810744	0.9159128875	0.8738330249
	0.9522663353	0.9286005551	0.9442587722	0.954492034	0.8625887522
	0.9225708833	0.685532477	0.8008438106	0.4355642832	0.5782919315
	0.2129370714	0.3184618741	0.1768505704	0.1452061603	0.2421362144
	0.2115934812	0.2159952373	0.2303754644	0.08606852832	0.1389107443
	0.09092572731	0.08090948489	0.2003399145	0.1869882899	0.342900835
	0.3299819387	0.5123511385	0.4885199875	0.6711321173	0.6509814027
	0.78339195	0.7704475323	0.8473604584	0.8397466611	0.8723972582
	0.867862973	0.8690824592	0.8662980953	0.8455695553	0.8434751638
	0.8095900267	0.8074745755	0.7673773044	0.7647678979	0.7229446402
	0.7195277949	0.6784654423	0.6740260011	0.6349546324	0.629332776
	0.5929128199	0.5859801587	0.5527477086	0.5444262223	0.51493587
	0.5051993019	0.4800411781	0.4689548628	0.4486296431	0.4362840416
	0.4212282346	0.4078172164	0.3981163973	0.3838520845	0.3793288547
	0.3643729229	0.3647330252	0.3491452331	0.3541316904	0.3378303562
	0.3473617235	0.3301267927	0.3443561505	0.3257869043	0.3452850174
	0.3248030906	0.3505979606	0.3275016658	0.3609773099	0.3345181275
	0.3772509083	0.3467422974	0.4002534586	0.3652032138	0.430643897
	0.3908778646	0.468733621	0.4244635505	0.5144095152	0.4662157973
	0.5675249877	0.5159481615	0.6279314809	0.5733787072	0.6952319639
	0.6383167303	0.767888761	0.7102311511	0.8417334558	0.7870168989
	0.9079344058	0.8629641554	0.9498076596	0.9257958056	0.9361001145
	0.952970169	0.8277477325	0.9056197835	0.6027617089	0.742752095
	0.3218556053	0.4671177917	0.1273617586	0.2028981802	0.1966285178
	0.1451925398	0.2019375013	0.2052350723	0.08328700589	0.1336889467
	0.1406290957	0.1034075331	0.3224864692	0.3200088364	0.4457492437
	0.4316396446	0.6046480206	0.5807228431	0.7377859778	0.7179683607
	0.8204316027	0.8080283407	0.8570991085	0.8502038199	0.8601425139
	0.8567043442	0.8397229011	0.838126144	0.8044159622	0.8035656143
	0.7612026431	0.7603693412	0.7146779315	0.7133924564	0.6673957637
	0.6653651616	0.6205797729	0.6176126251	0.5748467235	0.5708061877
	0.5307140399	0.5255164125	0.4888476197	0.4824845516	0.4500771911
	0.4426159897	0.4153490055	0.4069845042	0.3854062587	0.3764614389
	0.3605869108	0.3514031598	0.3408463043	0.3317788208	0.325677579
	0.3170186494	0.3143542704	0.306179548	0.3061878988	0.2984131806
	0.3006100682	0.2929731333	0.2972719372	0.2893200597	0.296131105
	0.2872102616	0.29751821	0.2867689653	0.302176259	0.2885526819
	0.3112526454	0.2935876977	0.3262175515	0.3033474481	0.3486786149
	0.31961563	0.3799150428	0.3441899109	0.4205242994	0.3784090828
	0.4703596663	0.4227516371	0.5287047589	0.4768474258	0.5952714112
	0.5398248935	0.6698286605	0.6113038973	0.751000101	0.6909534615
	0.8342127892	0.7766916665	0.908618937	0.8618233044	0.9520605806
	0.9305730039	0.9221127707	0.9520657129	0.7677634413	0.8732637025
	0.4797143552	0.6467367644	0.1928003222	0.3214010296	0.1311553799
	0.08755338841	0.1811029214	0.1676816452	0.07941878024	0.1261847659
	0.2812992586	0.2240479353	0.421371915	0.419085303	0.5394881809
	0.5263773494	0.6737930618	0.6516494196	0.7775459592	0.7593090612
	0.8331008172	0.8221384982	0.8480530809	0.8426863836	0.8345477114
	0.8325776323	0.8024908832	0.8023046993	0.7599925194	0.7605154216
	0.7125591878	0.7130984922	0.6633805278	0.6635172435	0.6140505032
	0.6135356088	0.5653683731	0.5640380577	0.5179873502	0.5157348699
	0.4727895439	0.4695837799	0.4309711641	0.426842434	0.3939399157
	0.3891224005	0.3627834514	0.3576360415	0.3380429956	0.3330493774
	0.3194432784	0.3150995129	0.3061322173	0.3027668164	0.2970458939
	0.2948679038	0.2910406365	0.29011892	0.2870493859	0.2873147427
	0.2841958768	0.2854464915	0.2818679064	0.2837624278	0.279776691
	0.2818048916	0.2780125022	0.2794476105	0.2771168449	0.2769609599
	0.2781747436	0.2751209176	0.2828726004	0.2753312633	0.2934330547
	0.2796847853	0.3123336492	0.290844095	0.3418841422	0.3116218635
	0.3833948317	0.3443230301	0.4365638981	0.3900098364	0.5000221609
	0.4479578993	0.5728687863	0.5165375737	0.6549141251	0.594792071
	0.7448151999	0.6825022798	0.8371143192	0.7773582113	0.9176539673
	0.870770094	0.9550851895	0.9411922588	0.8905794361	0.9439760585
	0.6634104571	0.8075031869	0.3170086662	0.4953375617	0.06762936518
	0.1628542997	0.1494884327	0.1113940361	0.07372151675	0.114290008
	0.3688554049	0.2739687851	0.515595133	0.5096465217	0.6155205679
	0.6053142226	0.7196425354	0.7003852693	0.7954266652	0.7794717441
	0.8285793948	0.8195920123	0.8270310572	0.8234160399	0.8017339067
	0.801322809	0.7622965307	0.7635548612	0.7155297535	0.7174442028
	0.6655830605	0.6675353596	0.6146513326	0.6162883314	0.5638305504
	0.5649355054	0.5139306763	0.5143552903	0.4660291293	0.4656785334
	0.4216868656	0.4205144321	0.3828175851	0.3809909925	0.3509921361
	0.3488355066	0.3269756949	0.3250399072	0.3103594432	0.3091048139
	0.3000901262	0.2998962781	0.2947386013	0.2958694092	0.2927451389
	0.2953419879	0.2926473366	0.2967218133	0.2932777959	0.2987630091
	0.293739902	0.3005485826	0.2933594189	0.3013542867	0.2916937385
	0.3006581343	0.2885546546	0.29812808	0.2840836138	0.2936638469
	0.2788912746	0.2875172231	0.2742516188	0.2804948432	0.2723143109
	0.2742162286	0.2761571066	0.2713372902	0.2894348816	0.2755284342
	0.3155567305	0.2909285552	0.3568622323	0.3209946939	0.4129931347
	0.3674516933	0.4816752196	0.4292792862	0.5611261386	0.5037523381
	0.6511117985	0.5892353132	0.750076627	0.6855493645	0.8507553705
	0.7896561506	0.9331388873	0.8892887254	0.9500100922	0.9528407708
	0.8200658059	0.9128198311	0.49390892	0.6802661517	0.1421590461
	0.2926575071	0.1003176408	0.03245469847	0.06461170764	0.09438896127
	0.4358733244	0.3184955846	0.5994599972	0.5934732994	0.6713063603
	0.6650844197	0.7454739528	0.7296083496	0.7971080161	0.7837103606
	0.8129400047	0.8060781126	0.7991166774	0.7972372182	0.7659974721
	0.7671100314	0.7220658536	0.7247273283	0.6728212519	0.6761146297
	0.621373624	0.6247675252	0.5693144743	0.5725012538	0.5176590147
	0.5204311971	0.4676187862	0.4697987966	0.4210187682	0.4224455753
	0.3802566614	0.3809459515	0.3474834404	0.3476512782	0.3238243637
	0.3239470903	0.3089154086	0.3094243247	0.301509649	0.3028002198
	0.2997919113	0.302149518	0.3017912522	0.3053218911	0.3058315282
	0.3105539252	0.3105737199	0.3164750547	0.3150015204	0.322067216
	0.3183812833	0.3266307894	0.3201666749	0.3296610961	0.3199166169
	0.3307359525	0.3172634798	0.3294507148	0.3119546256	0.3254209656
	0.3039862409	0.3183702056	0.2938446708	0.3083240006	0.282839396
	0.2959297497	0.2734709845	0.2828833744	0.269641528	0.2723469823
	0.2764143488	0.2690663183	0.298734286	0.2787696165	0.3398333267
	0.3064187661	0.3993737588	0.3542382773	0.4737768897	0.4207038782
	0.5604190515	0.5016929271	0.6590336387	0.5951227805	0.7673980456
	0.7007836815	0.8746236906	0.8138848846	0.9495511316	0.914942703
	0.9181244044	0.9536610006	0.677272277	0.8282841801	0.270039246
	0.465503503	0.02150815737	0.07836779822	0.04985468696	0.06168432262
	0.5091765771	0.3719420403	0.6673739599	0.6640644124	0.7083392127
	0.7065451458	0.7557892482	0.7434298025	0.7879128269	0.7771679718
	0.7905240264	0.7856672849	0.7681159432	0.7678751267	0.7300489721
	0.7325916816	0.6835118707	0.6875144229	0.6329184772	0.6375695226
	0.5806641348	0.5855020689	0.5281048922	0.5328376987	0.4765405816
	0.4809108509	0.4279006518	0.4316295791	0.3849196739	0.3878137255
	0.3503822999	0.3524607008	0.3260132404	0.3276028944	0.3116983993
	0.3131817889	0.3060731031	0.3078589952	0.3069470002	0.3093382834
	0.3119662533	0.3150787704	0.3191545902	0.3230103551	0.3269833304
	0.331529807	0.3344368606	0.3396201731	0.3409135837	0.3467397986
	0.3460514976	0.3526214647	0.3495619908	0.357078485	0.3511111278
	0.3598617654	0.3502636539	0.3605824554	0.3464950484	0.3586985375
	0.3392806691	0.3535642995	0.3282831323	0.3445587306	0.3136815892
	0.3313334457	0.2966828385	0.3142380656	0.2801146866	0.2949555601
	0.2688558568	0.2772030186	0.2695447929	0.2670410621	0.2889707623
	0.2720275613	0.3312488967	0.2987779367	0.3955009256	0.3497704589
	0.4765228059	0.4222844124	0.5712242877	0.510697049	0.6793880331
	0.613095903	0.7971178501	0.7289440927	0.9061328297	0.8493650754
	0.9529944505	0.9406487623	0.8230390831	0.9170621829	0.4361076911
	0.6441830612	0.0355124846	0.2044712811	0.02689451847	0.003876549767
	0.5789501447	0.4270029517	0.7179278114	0.7187908325	0.7301241946
	0.7327093893	0.7549681261	0.746015841	0.7718575577	0.7636003252
	0.7646800747	0.7616579353	0.7365655274	0.7378189027	0.6955406911
	0.6994015784	0.6476479948	0.6529201531	0.596480453	0.6024475545
	0.5440186902	0.5502564224	0.4917086149	0.4978879031	0.4414326891
	0.4471836052	0.3959957465	0.4009126783	0.3587446683	0.3625925007
	0.3322220752	0.3350866608	0.3169123591	0.3190850073	0.3115295101
	0.3134262063	0.313609107	0.3156002444	0.3203552055	0.3226399262
	0.3293614721	0.331989728	0.3388238788	0.341710922	0.3476857813
	0.3507005471	0.3555088403	0.3585625522	0.3622251456	0.3653359346
	0.367886683	0.3712097536	0.3724698611	0.376295586	0.3757593229
	0.3804900619	0.3773065815	0.3834250352	0.3764427041	0.3844779098
	0.3723312319	0.3828122857	0.3640784868	0.3774422253	0.3509504548
	0.3673581467	0.3327501669	0.3518027507	0.3105171449	0.3307945856
	0.2874701836	0.3060057815	0.2697117106	0.2818701155	0.2658368846
	0.2661225729	0.2845975038	0.2685314383	0.3306365607	0.2971839604
	0.4015182829	0.3540847209	0.4902925736	0.4343666919	0.5942276187
	0.5313122671	0.7130016724	0.6440522089	0.8385861997	0.7705594509
	0.9368866511	0.8923610787	0.9112886185	0.9469205465	0.6116460302
	0.7902030424	0.1645279908	0.3457972285	-0.01369887101	-0.07277109316
	0.6390584215	0.477818209	0.7528937558	0.7582603231	0.7405197746
	0.7470710586	0.7468015746	0.7410994299	0.7518981099	0.74589211
	0.7377851132	0.736399804	0.7060634308	0.70864876	0.6634587512
	0.6685188417	0.615076848	0.6215338436	0.5639371917	0.5711441094
	0.5118750384	0.5194037451	0.4606883671	0.4681105976	0.4129940699
	0.4197730863	0.372375401	0.3780069675	0.3422401706	0.3464794527
	0.3241441712	0.3271027298	0.3172390474	0.3192874046	0.3190350777
	0.3206440937	0.3262876367	0.3278074948	0.3360348227	0.3376301462
	0.3460105297	0.3476289896	0.3549416457	0.3563926563	0.3624512509
	0.363518873	0.3687600795	0.3693095905	0.3743476714	0.3743973862
	0.3796419014	0.3793910742	0.3848111778	0.3846222793	0.3896824386
	0.3900338827	0.3937572267	0.3951942662	0.3962724752	0.3993794918
	0.3962572094	0.401654651	0.3925717259	0.4009132445	0.3839722061
	0.3958891198	0.3693247314	0.3852232925	0.3480884077	0.3677494276
	0.3211763703	0.3431998067	0.2923972533	0.3133714289	0.2695183363
	0.2837760929	0.2635946243	0.2643941111	0.2851905239	0.2675175313
	0.3384112572	0.3019861105	0.4179256766	0.3679409071	0.5157208041
	0.4574911214	0.6304495401	0.5644409956	0.7605339817	0.6891824553
	0.8876790738	0.8247559166	0.9425520085	0.9304634618	0.7601412427
	0.884555823	0.2892626123	0.5081970477	-0.06299635805	0.08034261855
	0.6867138503	0.5206147376	0.775099607	0.784624765	0.7427881162
	0.7528738453	0.7341945085	0.7315162479	0.7302538506	0.7262707016
	0.7113919011	0.7114359661	0.6775771899	0.6813284554	0.6343670189
	0.6404997923	0.5861369844	0.5936723847	0.5355490774	0.5438766964
	0.4845143545	0.4931540096	0.4353418998	0.4437165658	0.3913764646
	0.398783942	0.3566206952	0.3624734055	0.3339790364	0.3380693458
	0.3236472807	0.3261767183	0.3235417284	0.3250289884	0.3301686794
	0.3311577385	0.3399461191	0.3408207605	0.3499249661	0.3507853268
	0.3583144929	0.3589978455	0.364532473	0.364719151	0.368934258
	0.3682891504	0.3724389637	0.3707418051	0.3760690721	0.3733174668
	0.3805737516	0.3770217556	0.3862095518	0.3823272092	0.3927080863
	0.3890846997	0.3993918565	0.3966354994	0.4053406735	0.4040264462
	0.409506969	0.4101941563	0.4107323725	0.4140282358	0.4076944236
	0.4143100469	0.3988777794	0.4096046297	0.3827510553	0.3982482801
	0.3584488151	0.378659874	0.3269434674	0.3503459546	0.2930728739
	0.3155637966	0.2670030566	0.281587255	0.2627217718	0.2614536685
	0.2917980732	0.2698882729	0.3557623329	0.3147865112	0.4454456633
	0.3925186118	0.5538443212	0.4924750641	0.6812819167	0.6115480926
	0.8210349223	0.7494756707	0.9289358985	0.8846516102	0.8616633653
	0.9261046588	0.4376906022	0.6609226404	0.05169889785	0.1673773211
	0.7214957228	0.5534859692	0.7875706176	0.800532729	0.7397391412
	0.7529396095	0.7193080414	0.7194244909	0.7084614358	0.7062914038
	0.6864659399	0.6877381927	0.6516554748	0.6564073318	0.6085510169
	0.6156204368	0.5609777295	0.5694608893	0.5114183241	0.5207073356
	0.4620114788	0.4715304802	0.4156099404	0.4246074075	0.3761460536
	0.3837849254	0.3476131363	0.3532730663	0.3319518684	0.3354916006
	0.3280720015	0.3298848778	0.3327759962	0.3335462932	0.341981891
	0.3423734128	0.3519470689	0.3523557851	0.3600108356	0.3604696778
	0.3649576187	0.3651730976	0.3668881696	0.3663701431	0.3669393779
	0.3651588275	0.3667550213	0.3633294775	0.3679438141	0.3628066319
	0.3715906619	0.3650706896	0.3779627461	0.3707227355	0.3865163014
	0.3793693108	0.3961709359	0.3898734688	0.4056715258	0.400808277
	0.4138322847	0.4108368028	0.4195669782	0.4188439368	0.4217395331
	0.4238209965	0.4189579283	0.4246078331	0.4094564968	0.4196442814
	0.3912870333	0.4069236136	0.3632862383	0.384425578	0.3268492482
	0.3515917065	0.2886771577	0.3117651841	0.2623884902	0.275133548
	0.2649438282	0.2586440616	0.3067865522	0.278239434	0.3841159801
	0.3380236496	0.4850474121	0.4288706415	0.6063313573	0.5407183376
	0.7478928035	0.6746282024	0.8861884128	0.8229709919	0.9127848689
	0.9245215243	0.5871279385	0.7808112047	0.1094797134	0.2580318197
	0.7442926054	0.5758559146	0.7930128669	0.8084743658	0.733592266
	0.7494790872	0.7037109913	0.706420739	0.6875286006	0.6869931805
	0.6635706957	0.6658851452	0.6285669565	0.6341565328	0.5861038447
	0.5939650496	0.5395992736	0.5488797427	0.4914904534	0.5015541356
	0.4442116536	0.4543589427	0.4010938511	0.41041087	0.3664273087
	0.3739691699	0.3438469794	0.3490057897	0.3341373125	0.3369163616
	0.3351396047	0.3361542952	0.3428094697	0.3429367481	0.3527470569
	0.3527639741	0.3612292946	0.3615491436	0.3659506534	0.3665423852
	0.366188787	0.3666200035	0.3627085888	0.3622619797	0.3573669268
	0.3552136482	0.3526173108	0.3480733482	0.350856547	0.3436829796
	0.3536870409	0.3442858967	0.3613907137	0.3507557703	0.3729153906
	0.3622963862	0.3864167295	0.376896667	0.3999895376	0.3922439693
	0.4121440101	0.4064698845	0.4218652059	0.4183816057	0.4283623094
	0.4272558246	0.4306803038	0.4324252224	0.4273452002	0.4328298706
	0.4162392164	0.4266781971	0.3949220342	0.4114736019	0.3620967765
	0.3847458314	0.3202760821	0.3462993352	0.2794265525	0.3017181626
	0.2577520696	0.265757311	0.2738046908	0.2593638094	0.3329955121
	0.2963578751	0.4245390201	0.3737942177	0.538308654	0.4778328896
	0.6755427164	0.6046808448	0.8276882219	0.7550316428	0.9210895742
	0.8933990849	0.7147854896	0.85837182	0.1641890351	0.3703287951
	0.7564875639	0.5879416286	0.7935794455	0.8104841058	0.7259770295
	0.7441167924	0.6885021748	0.6936337552	0.6680902334	0.6690504411
	0.6429983977	0.6461896727	0.6083920207	0.6146611215	0.5669819584
	0.5754854372	0.5218816157	0.5317988648	0.4755653332	0.4862086977
	0.4307562566	0.4412956252	0.391146071	0.4005347882	0.361134297
	0.3683583553	0.3437861901	0.3482788327	0.3388145993	0.3407807971
	0.3432160574	0.3434929079	0.3524125544	0.3520760912	0.3618396271
	0.3617740592	0.3678735314	0.3685307522	0.3684654807	0.3697845495
	0.3632640982	0.3646934477	0.3534546663	0.3540190909	0.3415119446
	0.3399522934	0.3308775481	0.325972504	0.3251703434	0.3162591156
	0.3270043667	0.3144733378	0.3368678582	0.322236562	0.3528828294
	0.3382136033	0.3718258523	0.3588424456	0.3906169552	0.3802093638
	0.4072148134	0.3995236449	0.4206532725	0.4154414183	0.4305830748
	0.4276098432	0.4366907525	0.4359963791	0.4381568156	0.4402717876
	0.4332422474	0.439297196	0.4192556782	0.4307948316	0.3932110192
	0.4115744022	0.3541445481	0.378872234	0.3070463863	0.3338013266
	0.2671602707	0.286190084	0.2574776718	0.2570648214	0.293918349
	0.2689258077	0.3723880069	0.3281214889	0.4780861238	0.4229215941
	0.6080709008	0.5416445762	0.7628902609	0.6876379958	0.8988101141
	0.8456405062	0.8079679016	0.8952703909	0.2379478956	0.4898433086
	0.7594726905	0.5903542072	0.7908505571	0.8080640565	0.7180326467
	0.7379780666	0.6744284685	0.6818313177	0.6505277842	0.6528876447
	0.6248616854	0.6287895831	0.5910854568	0.5978838167	0.5510466833
	0.5600440086	0.5076135372	0.5180086049	0.4633296848	0.4743726954
	0.4211475393	0.4318895547	0.3849958963	0.3942864245	0.3591873307
	0.3659775729	0.3461221214	0.3499170066	0.3447048298	0.3459123956
	0.3513047698	0.3509740392	0.3610787024	0.3604614877	0.3693739417
	0.3694730622	0.3726475724	0.373996554	0.3689667668	0.371551324
	0.3580228987	0.3612557649	0.3410528353	0.3437393078	0.3209253634
	0.3212750034	0.302221207	0.2981350982	0.2904818291	0.2803673283
	0.2904106705	0.2742904193	0.303362641	0.2834833222	0.3262090468
	0.3061375045	0.3531969811	0.3358834181	0.3791524493	0.3658570805
	0.4011728942	0.3917744689	0.4184141759	0.4121802184	0.4311395601
	0.4273150188	0.4398247122	0.4379706618	0.4444827222	0.4446818005
	0.4441361135	0.4471515728	0.4364510968	0.4437895525	0.4179093962
	0.4314870179	0.3851388247	0.4062382028	0.3385989164	0.3656121411
	0.2881574847	0.313935343	0.2563596481	0.2681665278	0.2679531053
	0.2554429152	0.3290769367	0.2930206287	0.4255716038	0.375544436
	0.5473099704	0.4860744268	0.6982060324	0.62461122	0.8579001594
	0.789552761	0.8640521901	0.899495832	0.3257128988	0.6011937383
	0.7544062008	0.5838523373	0.7858812755	0.8021965942	0.710506174
	0.7317779041	0.6619800317	0.6715087682	0.635056355	0.6387623869
	0.6091585767	0.6137127639	0.5765213035	0.5837105307	0.5380972397
	0.5474467063	0.4965244039	0.5072502011	0.4544078191	0.4656999963
	0.4148420144	0.425660763	0.3818825942	0.3909906528	0.3596348473
	0.3659664787	0.3498594923	0.3530218083	0.3509613813	0.3515211591
	0.3589061622	0.3580982756	0.3687685707	0.3679910524	0.3758617952
	0.3762531661	0.3766741696	0.3789103934	0.3691710527	0.3733957068
	0.3526997075	0.3584605257	0.3280202941	0.3340922446	0.2978497672
	0.301954394	0.2677246011	0.2665290779	0.2460238468	0.2361404178
	0.2414956872	0.2216009303	0.258235384	0.2311826659	0.2915166804
	0.2637227556	0.3306854663	0.3075596735	0.366738027	0.350051894
	0.3956289719	0.3846616359	0.4169973449	0.4102416587	0.4320876406
	0.4281525514	0.4423751985	0.4403209865	0.4487997549	0.4482723477
	0.4512596861	0.4526041875	0.4481705253	0.4525636914	0.4362089284
	0.4456452533	0.4108971238	0.4275845398	0.3692081123	0.3937906907
	0.3153018019	0.3437599133	0.2673410145	0.2884225037	0.2547203678
	0.2543673617	0.295293366	0.2688786563	0.3803091039	0.335599217
	0.4937356436	0.437779242	0.6373542065	0.5676389739	0.8071856969
	0.7312930298	0.8873415929	0.8803888023	0.4181826503	0.6939980859
	0.7421253327	0.5692220105	0.779267968	0.7933927716	0.7038319019
	0.7258943103	0.6514590808	0.6629525909	0.6217868934	0.6268233238
	0.5958194145	0.6009243465	0.5645260231	0.5719838221	0.5278980366
	0.5374693245	0.4883160813	0.4992437444	0.4484096309	0.4598361868
	0.4113332704	0.422154704	0.3811488009	0.390067667	0.36171793
	0.3676602953	0.3543170699	0.3569757445	0.3570873539	0.3571357241
	0.3658366716	0.3646486157	0.3756718135	0.3747641879	0.3819321405
	0.3825903129	0.3810863041	0.3841818109	0.3708275905	0.3767825219
	0.3498255869	0.3585606559	0.3177148141	0.3283716809	0.275977189
	0.2862274864	0.2301825455	0.2353607589	0.1921390758	0.185918808
	0.1772642527	0.1551524765	0.19704103	0.160399228	0.2465166923
	0.2072677952	0.3045561528	0.2736711028	0.3547548201	0.3343200864
	0.3921335216	0.3799185581	0.4178744069	0.4111233844	0.4348920667
	0.4314514472	0.4459471707	0.4443985595	0.4529688975	0.4525864269
	0.4567165625	0.4574800993	0.4564318728	0.4591346924	0.4494313949
	0.4558178836	0.4310619385	0.4436477515	0.3961862415	0.417099251
	0.3440398743	0.3721242031	0.2865499208	0.313467881	0.2527647651
	0.263213376	0.2711844161	0.2549557971	0.3420199598	0.3033185113
	0.4470862276	0.3961220923	0.5820782538	0.517200992	0.7529533671
	0.6749659884	0.8853305808	0.8473709634	0.5069574942	0.7635616573
	0.7231548074	0.547249202	0.7712098495	0.7817492938	0.6981875838
	0.7204201305	0.6430245495	0.6562806345	0.6107690163	0.6171474256
	0.5847415139	0.5903609917	0.5549034545	0.5625280345	0.5202009521
	0.52987773	0.4826894987	0.4937108349	0.4449694649	0.4564497287
	0.4101790969	0.4209774878	0.3822877584	0.3910718754	0.3649255672
	0.3706123342	0.3590878309	0.3614119986	0.362843149	0.3625316989
	0.3720839987	0.3705782904	0.3820228018	0.3809317705	0.3881003225
	0.3888486279	0.3867675725	0.3904432033	0.3754163366	0.382795844
	0.3519188029	0.3635104782	0.3142981638	0.3301514262	0.2613691813
	0.2801797482	0.1961209101	0.2128605591	0.1332664093	0.1368136328
	0.09731963076	0.07977132203	0.1126725358	0.06444032288	0.1887166991
	0.1313976399	0.2769975057	0.2368077076	0.3460619364	0.3227098299
	0.3928163679	0.3804495694	0.4224836446	0.416588742	0.4406423272
	0.4383340882	0.4515888123	0.4511065373	0.4582164893	0.4585961889
	0.46203765	0.4630023561	0.463030239	0.4650496062	0.4592618131
	0.4637270557	0.4464854575	0.4558148856	0.4186514471	0.435712799
	0.3713609682	0.3972257117	0.3101675051	0.3397981139	0.2598774597
	0.2790712323	0.2561344515	0.2500248381	0.3106392228	0.2789278472
	0.4067121334	0.3602829456	0.5329147471	0.4730715698	0.6993954456
	0.6227409311	0.8660621505	0.8068506171	0.5859258501	0.8098440014
	0.6977751186	0.5187528161	0.7615574381	0.7670048544	0.693528049
	0.7151933298	0.6367158844	0.6514621049	0.6020176038	0.6097592052
	0.5758150503	0.5819551073	0.5474536875	0.5551686032	0.5147615225
	0.5244423801	0.4793648641	0.4903904991	0.4437705369	0.4552506801
	0.4110315501	0.4218174452	0.3849534604	0.3936986983	0.3689686661
	0.3745713895	0.3639860366	0.3661713334	0.3681810604	0.3676658977
	0.3777084514	0.3759321749	0.3879839964	0.3866052215	0.3946294225
	0.3951797924	0.394151028	0.3979061091	0.3837844998	0.3918517473
	0.3608558727	0.3743678668	0.3219902421	0.3422357687	0.2626418765
	0.2907352871	0.1786498209	0.2131833955	0.07813757295	0.1045435913
	0.01202890677	-0.007138736895	-0.01393230438	-0.08279811243	0.1192093648
	0.02999804473	0.2571176379	0.211376359	0.346995829	0.3251604863
	0.4010193026	0.3911772781	0.4324791822	0.428887384	0.4502269073
	0.4498464304	0.4599508342	0.4610414427	0.4652620701	0.4668453478
	0.4681978218	0.469892059	0.4692843941	0.4713420514	0.4672500037
	0.4707399258	0.4584926767	0.4655404509	0.4368791964	0.4505564676
	0.3957579757	0.4185981176	0.3351433627	0.3651328393	0.2735371526
	0.2990494261	0.2491086333	0.2524790724	0.285992275	0.2617322763
	0.3718458633	0.3296264647	0.4897071392	0.4347090084	0.6489077642
	0.5754929849	0.8359042365	0.762785196	0.6516479953	0.8356080732
	0.6661314516	0.4846433257	0.7498494623	0.7485987615	0.6895988094
	0.709808981	0.6324590287	0.6483203618	0.5955244172	0.604633188
	0.5689419874	0.5756498178	0.5419875521	0.5497473938	0.511349384
	0.5209482523	0.4780926612	0.4890471787	0.4445540523	0.4559971307
	0.4136430074	0.4244459259	0.3889471304	0.3977695061	0.3737389636
	0.3794481963	0.3689988265	0.3712604781	0.3731691584	0.3726213154
	0.3827935855	0.3808078101	0.3936041349	0.3918314365	0.4014850429
	0.4015100137	0.4031135439	0.4063245589	0.3958295276	0.4035323437
	0.3769865673	0.3907022267	0.3429666616	0.364878378	0.287818852
	0.3214078138	0.201006444	0.251997734	0.06238752032	0.1397040852
	-0.1637735366	-0.0655848814	-0.3153239568	-0.5703228559	0.08210135232
	0.003911930071	0.2730355022	0.2495961042	0.3690709161	0.3597926229
	0.4212471644	0.4184824057	0.4496162999	0.4503285579	0.4643435642
	0.4668191807	0.4713861207	0.4745234132	0.4744556182	0.4775603441
	0.4757402551	0.4785006022	0.4760531558	0.4786275573	0.4745990968
	0.4778150281	0.4684133825	0.4740665098	0.4517484136	0.4627878283
	0.4168492928	0.4365909691	0.3594645102	0.3883129583	0.2912744504
	0.3207861249	0.2488208151	0.2606859017	0.2674804429	0.2507781138
	0.3418868383	0.3039088103	0.4519692957	0.4014871531	0.6026078252
	0.533338227	0.7995018183	0.7182505745	0.7029018267	0.8447668503
	0.6283650379	0.4459765247	0.7353461589	0.7257434037	0.6859332834
	0.7036183583	0.6300570733	0.6465209145	0.5912544752	0.6016802004
	0.5640481208	0.5714035397	0.5383384438	0.5461352414	0.5097543539
	0.5192020219	0.4786556668	0.4894720921	0.4471160418	0.4584915209
	0.4178529244	0.4287035911	0.3941913892	0.4032058377	0.3792692446
	0.3852782185	0.3742480028	0.3768150881	0.3779604879	0.3775802231
	0.3874407058	0.385351035	0.3988402248	0.3966199996	0.4083808632
	0.4076021883	0.413015506	0.4150852777	0.4104238499	0.4166638431
	0.3985503186	0.4104759316	0.3748969943	0.3946820808	0.3356609446
	0.366906574	0.2746047911	0.323909847	0.1815334845	0.2627077735
	0.05411180956	0.1944801908	0.2414848208	0.2769547665	0.2962472935
	0.4177956242	0.3682491256	0.4048532731	0.4234263983	0.4375947654
	0.456816961	0.4651662914	0.4748960592	0.4816135218	0.4832388926
	0.4893271006	0.4859305856	0.4914638612	0.4858602493	0.4906809128
	0.4848944066	0.4889079062	0.4838364774	0.4872164691	0.4821480834
	0.4855706606	0.4773745019	0.4823434057	0.4643292462	0.4735187977
	0.4349609484	0.4519716786	0.3820816866	0.4090369614	0.3110398241
	0.3426537742	0.2539057287	0.2729443114	0.2543279006	0.2450645055
	0.3164360511	0.2829208044	0.4190713848	0.3726547575	0.5608161058
	0.495984432	0.7603386301	0.6752340155	0.7402115602	0.8414789749
	0.5847283652	0.404059541	0.7170727945	0.6975279839	0.6818385352
	0.695723016	0.6291676992	0.645546917	0.5891264184	0.6007184343
	0.5610862821	0.569181249	0.53637293	0.5442412221	0.5097904084
	0.5190386447	0.4808654706	0.4914810662	0.4512963885	0.462570708
	0.4235644614	0.4344796056	0.4006963624	0.4099979378	0.3856942
	0.3921823543	0.3799581684	0.3830637838	0.3827895532	0.3828114061
	0.3917927528	0.3897725171	0.4036234337	0.4010019428	0.4148978863
	0.4131696827	0.4228953292	0.4234044798	0.4257234551	0.4296648901
	0.4221202037	0.43070219	0.4111817529	0.4258747625	0.3924056165
	0.4151705283	0.3669406658	0.4000691175	0.3433224583	0.3869186411
	0.3585705529	0.3966614077	0.4762245744	0.468678484	0.5270934269
	0.5508912254	0.5035468226	0.5451330907	0.5004040681	0.5281091999
	0.504505042	0.5221147631	0.5069367005	0.519373263	0.5061895057
	0.5158823804	0.5031696347	0.5111117061	0.4992724228	0.5058193637
	0.4956631223	0.5009745529	0.4928820256	0.4972051502	0.4904437553
	0.4943732217	0.4862392311	0.4910466568	0.4756356063	0.4836815001
	0.450764365	0.4656173086	0.4026565411	0.4275182421	0.3313481268
	0.3636926389	0.2629633014	0.2877158698	0.2457502532	0.2436081531
	0.2951772559	0.2665647558	0.390318004	0.3475330922	0.5233928401
	0.4629278594	0.7208008105	0.6347731323	0.7652129314	0.8294308443
	0.5358261131	0.3606024117	0.693892622	0.6630668737	0.6763766222
	0.6849753118	0.6292695794	0.6446655335	0.588976698	0.6014314739
	0.5600267619	0.5689286035	0.5359995256	0.5440157301	0.5113001742
	0.5203289893	0.4845565758	0.4949130848	0.4569643606	0.4680946452
	0.4307171209	0.441691145	0.4085214533	0.4181700455	0.3932109034
	0.4003252702	0.3864265788	0.3902922545	0.3879710241	0.3886574418
	0.3960696424	0.3943686333	0.4079446208	0.405097347	0.4206425891
	0.4180087327	0.4317599213	0.4305702399	0.4397564637	0.4410254793
	0.4439637819	0.4485234622	0.4445548034	0.453104677	0.4428242175
	0.4558213163	0.4422736384	0.4593030033	0.4510106422	0.4689630708
	0.4831320477	0.4936477523	0.5422951183	0.5386793447	0.5856514511
	0.5848491022	0.5838056892	0.5995363091	0.5666726238	0.587913144
	0.5521485767	0.570860234	0.5408474735	0.5558370367	0.5310232257
	0.5430372224	0.5220583681	0.5318411123	0.5141850745	0.5221837856
	0.5078600177	0.5143479456	0.5032622666	0.5085337596	0.4998274952
	0.5044232436	0.4956455697	0.5006555936	0.4865468499	0.4940327656
	0.4650714241	0.4783970513	0.4213468957	0.4442846151	0.351293825
	0.3835135915	0.2747199998	0.3038093623	0.2410472259	0.2456895547
	0.2776987306	0.253989406	0.3650362419	0.3254151788	0.4899692129
	0.4336447437	0.6823348282	0.5972748046	0.779875658	0.8112785313
	0.4829373894	0.3176490865	0.66462876	0.6216914776	0.6683526579
	0.6700034051	0.6296210992	0.6428916597	0.5905094546	0.6033170143
	0.5608297412	0.570525974	0.5371722854	0.5454416188	0.5141618576
	0.5229884821	0.4895834854	0.4996326449	0.4640049491	0.4749376673
	0.4392635171	0.4502663942	0.4177378904	0.4277471638	0.4020369473
	0.4098720826	0.3939903917	0.3988048867	0.393891082	0.3955125767
	0.4005968278	0.399530575	0.4119340874	0.4091694412	0.4254006269
	0.4221145961	0.4388696796	0.436156415	0.4509949183	0.4497094719
	0.4613302143	0.4620335879	0.4703353272	0.4732618129	0.4794520017
	0.4843883763	0.4913247264	0.4972966449	0.5098246894	0.51465989
	0.5383815618	0.5389809576	0.5742668238	0.5695448279	0.6034720902
	0.598532779	0.6122149005	0.6142191171	0.6030750562	0.6125957029
	0.5867236042	0.5997175104	0.569744616	0.5829366258	0.5542860944
	0.5662677622	0.5408713184	0.5512687676	0.5297483343	0.5385559608
	0.5211134416	0.528445836	0.5149142206	0.5209984769	0.5104922702
	0.5157885789	0.5060457278	0.5114855956	0.497761541	0.5051373584
	0.4786484187	0.4910424671	0.4385309576	0.4599204631	0.3703846983
	0.4020429728	0.2880861437	0.3203210387	0.2395973659	0.2505081013
	0.2633780965	0.2444973797	0.3425711589	0.3056169507	0.4600906947
	0.4075966627	0.6456947118	0.5627614665	0.7859724749	0.7889320054
	0.4281280672	0.2772616512	0.6282436303	0.5731832523	0.6563277854
	0.6492869155	0.6292178763	0.6389606651	0.5932364926	0.6056314707
	0.5633955058	0.5737231428	0.5398827021	0.5485052558	0.5182983535
	0.5269834772	0.4958233651	0.5055377679	0.4723104229	0.4829844863
	0.4491538776	0.4601293418	0.4283957648	0.4387288105	0.4123663315
	0.4209490165	0.4029865597	0.4088807685	0.4009818046	0.4037847496
	0.405810479	0.4057282073	0.4159117286	0.4136451416	0.4292474194
	0.4257518544	0.4439345096	0.4401554055	0.4586819232	0.4553616031
	0.4729625902	0.4705390392	0.4869986028	0.4855599784	0.501652523
	0.5008985071	0.518231241	0.5174307166	0.5380390407	0.5360833588
	0.5613654899	0.5571855415	0.5859269021	0.5794996939	0.6062464592
	0.5995568707	0.6163870883	0.6126619479	0.6145163515	0.6157636675
	0.6036742313	0.609464243	0.5884575774	0.5969983718	0.5723773157
	0.5819245159	0.557467999	0.5668658225	0.5447968213	0.5534260397
	0.5348565169	0.5424631822	0.5276493497	0.5342516434	0.5225249801
	0.5284359753	0.5177731759	0.5237576785	0.509853451	0.5174569085
	0.4922181712	0.5042159204	0.4547568079	0.4750873154	0.3885056607
	0.4195064973	0.3022580656	0.3367148479	0.2408141596	0.2573381978
	0.251668133	0.2375168615	0.3224569597	0.2880168847	0.4332797746
	0.3842876508	0.6111808165	0.531050379	0.785104208	0.7639025849
	0.3740227807	0.2409345458	0.5840467696	0.5181324457	0.6386840889
	0.6213132206	0.6267611013	0.6313288786	0.5964143069	0.6073383309
	0.5674926959	0.5780613988	0.5441301996	0.5531402164	0.5236861714
	0.5323254098	0.5031858637	0.5125729316	0.4817774899	0.4921355031
	0.4603220738	0.4711935962	0.4404999132	0.4510769392	0.4243299646
	0.4336145043	0.413703513	0.4207262972	0.409673698	0.4138410545
	0.4122269014	0.4134609621	0.4203880245	0.4190869567	0.4325890524
	0.4294577817	0.4471878167	0.4430085521	0.4628898906	0.4583232573
	0.4789525436	0.4744160474	0.4951838647	0.4908057517	0.5117988331
	0.5074265694	0.529176772	0.5244326324	0.5475253939	0.5419341553
	0.5664582644	0.5596913317	0.5846091442	0.5768326795	0.5996257961
	0.5917647013	0.608909858	0.6024938845	0.6108921364	0.6073856953
	0.6058767193	0.6059536052	0.5957544612	0.5991019394	0.5830118914
	0.5886894304	0.5698891973	0.5768233962	0.558013778	0.5653193195
	0.5483371511	0.5554365072	0.5411303936	0.547775153	0.5358883443
	0.542184768	0.5310285019	0.5375484185	0.5232322638	0.5312815693
	0.506334697	0.5183774937	0.4704875902	0.4902674604	0.405626163
	0.4360843031	0.3165500429	0.3525260216	0.2440554911	0.2654187369
	0.242097024	0.2324484475	0.3044468375	0.2724406234	0.4090802352
	0.3632739029	0.5788175203	0.5018575675	0.7787400514	0.7372959495
	0.3233503169	0.2087831568	0.532126264	0.4583120889	0.6137759264
	0.5848306239	0.6206567346	0.6182289711	0.5989882962	0.6070743134
	0.5726724916	0.582795832	0.5498624411	0.5591429371	0.5303500269
	0.5390392587	0.5116285828	0.5207411925	0.4923156759	0.5023247202
	0.4726835545	0.4833691718	0.4540030241	0.4647173003	0.4379693554
	0.447845345	0.426330579	0.4344350071	0.420329688	0.4259439385
	0.4203723063	0.4231781635	0.4260042571	0.42611085	0.436119377
	0.4339682108	0.4493422019	0.4455329899	0.4644013164	0.4595127716
	0.4803562914	0.474819346	0.4966489877	0.49069191	0.5130186173
	0.5066766376	0.5293396571	0.5225140399	0.5454343745	0.537989889
	0.5609031094	0.5527946538	0.5750213827	0.5664275523	0.5867661059
	0.5781793049	0.5950195822	0.5872224116	0.5989230586	0.5928105837
	0.5982345221	0.59453422	0.5934951695	0.5925250891	0.5859071093
	0.5875028661	0.576996842	0.5806271082	0.5682283138	0.5732115355
	0.5606861841	0.5664020076	0.5548504208	0.5608928159	0.550397497
	0.5566848042	0.5458961442	0.5528030264	0.5382127593	0.5468110478
	0.5214942098	0.5339386714	0.4862483111	0.5059853094	0.4219501293
	0.4521504165	0.3305703232	0.3676232957	0.2488150014	0.274247226
	0.2343947717	0.2291915988	0.2884261454	0.2590955048	0.3870975613
	0.3441980999	0.5484876096	0.4748830487	0.7681869859	0.7098845193
	0.2780809853	0.178189955	0.4738003535	0.3967544386	0.5801899404
	0.5391927346	0.6090751609	0.5978164311	0.5995603852	0.6031576294
	0.5781844948	0.5868349222	0.5568848258	0.5660718773	0.5383293019
	0.5470953522	0.5211716525	0.5301002418	0.5038717855	0.5135430599
	0.4861491782	0.4965822326	0.4688148399	0.4795508846	0.4532286192
	0.4635436153	0.4409190735	0.4499688644	0.4331737273	0.4401946176
	0.4306826191	0.4351846731	0.4334144229	0.4352606901	0.4406921827
	0.4400706117	0.4514413472	0.4487537232	0.4644928325	0.4602124308
	0.4788169626	0.4733689036	0.4936332242	0.4873274524	0.5084066069
	0.5014266797	0.5227744917	0.5152091709	0.5364514038	0.5283513644
	0.5491465567	0.5405901347	0.5605147686	0.5516686018	0.570151282
	0.5613115396	0.5776346851	0.5692336431	0.5826143464	0.5751799983
	0.5849251831	0.5789930947	0.584694113	0.5806912889	0.5823895255
	0.5805307163	0.578771452	0.5790136525	0.5747311585	0.5768118407
	0.5710486311	0.5745973636	0.5681140331	0.5728015602	0.5656288457
	0.571325074	0.5622263152	0.5691775932	0.5548706843	0.5639491302
	0.537918274	0.5509801281	0.5022467985	0.5223692728	0.4374036187
	0.4676729894	0.3437570114	0.3815550834	0.25440479	0.283025851
	0.2283684209	0.2274592416	0.2744344829	0.2482765171	0.3670030727
	0.3268019588	0.5200092828	0.4498354439	0.7545010728	0.682151699
	0.2367655446	0.1336360787	0.4117211009	0.3373697587	0.5370781657
	0.4848857644	0.5901119643	0.5684442843	0.5964066303	0.5936727225
	0.5829154385	0.5887195531	0.5647531334	0.573154077	0.5476044364
	0.5563048659	0.5318934413	0.540720776	0.5164565054	0.5258556298
	0.5006508189	0.5108094776	0.4848211245	0.4954808504	0.4699702359
	0.4805625118	0.4573709149	0.4671696544	0.4482357479	0.4565055071
	0.4433985987	0.4495604268	0.4431319066	0.4468701225	0.4471267721
	0.448412226	0.4546274436	0.4536649012	0.4646552218	0.4617855697
	0.4762262675	0.471825419	0.4884982118	0.482904279	0.5008297113
	0.4943100749	0.5127724516	0.505525737	0.5240278237	0.5162078101
	0.5343960618	0.5261442876	0.5437346433	0.5352118614	0.5519330374
	0.5433432249	0.5589052729	0.5505080517	0.5645993338	0.5567075989
	0.5690204478	0.5619808796	0.5722615745	0.5664183722	0.574527569
	0.5701753233	0.5761318456	0.5734712313	0.5774409546	0.5765567781
	0.5787483427	0.5796278152	0.5800695128	0.5826690158	0.5808502239
	0.5852103073	0.5795507206	0.5859643176	0.573028461	0.5822844841
	0.5556756917	0.5693883293	0.5187057934	0.5395389844	0.4521572453
	0.4828434117	0.3559321751	0.394319455	0.2604891714	0.2915138156
	0.2240642413	0.2272257335	0.2623852753	0.239548485	0.3485722349
	0.3109256125	0.4932083913	0.426494194	0.7385394034	0.6544345349
	0.1777518629	0.06381508867	0.3499054898	0.2829506981	0.4847287254
	0.424079178	0.5620930546	0.5290766865	0.5875811639	0.5766704809
	0.5853760812	0.5866715257	0.5726771141	0.5792287349	0.5579844745
	0.5661999651	0.5438809374	0.5525951253	0.5301603882	0.5393873337
	0.5161818676	0.5261103572	0.5019189939	0.5124539093	0.4880115949
	0.4987457459	0.4754621338	0.4857988758	0.465336105	0.4746167498
	0.4584919617	0.4661262792	0.4553852722	0.4609582684	0.455992448
	0.4593171031	0.4598630732	0.460972215	0.4662691339	0.4653602002
	0.4743859629	0.4717460789	0.4834440708	0.4793823137	0.4928206894
	0.4876232656	0.5020707042	0.4959818382	0.5109150032	0.5041376233
	0.5192082364	0.5119157805	0.5269029498	0.5192548665	0.5340195841
	0.5261757852	0.5406257085	0.5327575707	0.5468240582	0.5391209526
	0.5527465305	0.5454175969	0.5585494248	0.5518208608	0.5644028429
	0.5585119197	0.5704642787	0.5656527505	0.5768230285	0.573334576
	0.5833988501	0.5814869979	0.5897740498	0.589728506	0.5949295592
	0.5971315061	0.5968432484	0.6018660169	0.5919109625	0.6006877868
	0.5742266853	0.5882867392	0.5351604164	0.5567742011	0.4655909523
	0.4969098126	0.3662160239	0.4049594322	0.2660948504	0.2985019561
	0.2211870146	0.227799591	0.2519773961	0.2324599618	0.3315874158
	0.29634727	0.4679391444	0.4046822636	0.7209496089	0.6269259462
	0.08078359973	0.01872137898	0.2924279414	0.2259732258	0.425207158
	0.3608858629	0.5240148235	0.4799047328	0.571145089	0.5505120537
	0.5837657781	0.5787417373	0.5794670772	0.5827554021	0.5689808638
	0.5759342972	0.557126739	0.5655042959	0.5451310019	0.5542485685
	0.5328281414	0.5426318482	0.5200635376	0.5305041302	0.5071739978
	0.517977868	0.4948963274	0.5055952202	0.4841208649	0.4941540707
	0.4756544139	0.4844750446	0.4700363392	0.4772033356	0.4674406225
	0.4726787909	0.4676786015	0.4708959012	0.4702882429	0.4715531055
	0.4746683652	0.4741619679	0.4802098681	0.4781723263	0.4863907914
	0.4830761966	0.4928245494	0.488471871	0.4992685212	0.4940882243
	0.5056083322	0.4997804268	0.5118325173	0.5055110094	0.5180074961
	0.5113272749	0.5242573629	0.5173412371	0.5307488039	0.5237139112
	0.5376786314	0.5306425958	0.545259132	0.5383473088	0.5536942076
	0.5470502525	0.5631364685	0.556939342	0.5736114798	0.5681024285
	0.5848899311	0.5804123575	0.5962820175	0.5933351538	0.6063246817
	0.6056284909	0.6123418982	0.6149066719	0.6099047908	0.6170959295
	0.5923433384	0.6059218562	0.5508601504	0.5728815634	0.4774035193
	0.5092812542	0.3744743828	0.4133244254	0.2712350535	0.3041851273
	0.2201055459	0.2296061341	0.2432075098	0.2270387617	0.3159441422
	0.2830413143	0.4441404915	0.3843546527	0.7022003899	0.5998247229
	0.02170778978	0.01661504903	0.2369304912	0.1262340347	0.3627121408
	0.3009468594	0.476140678	0.4231040763	0.5455346001	0.5143293509
	0.5761347987	0.5630583099	0.5835476446	0.5819009086	0.5797048203
	0.5842343864	0.5713829239	0.5788763761	0.5614788626	0.5703960659
	0.5507579351	0.56054666	0.5393075745	0.5497650861	0.5273368604
	0.5382317574	0.515372599	0.5263366747	0.5041381816	0.514708367
	0.4943592029	0.5040583827	0.4865973406	0.4950098647	0.481150808
	0.4879764931	0.478033279	0.4831123564	0.4770223114	0.4803310066
	0.4777498986	0.479373979	0.4798012172	0.4798989545	0.4827951065
	0.4815604565	0.4864339487	0.4840671385	0.4905236755	0.4872119431
	0.4949722741	0.4908799841	0.4997770453	0.4950425533	0.5050087473
	0.4997451769	0.5107970988	0.5050950206	0.5173187701	0.5112498363
	0.5247862461	0.518408002	0.533433741	0.5267969791	0.5434936079
	0.5366549573	0.5551523877	0.5481965263	0.5684686379	0.5615468172
	0.583224134	0.5766181246	0.5986677229	0.5928882942	0.6131070477
	0.6090280893	0.6233357977	0.6223385862	0.6239991841	0.6280472768
	0.6072439325	0.6187437749	0.563504426	0.5847598323	0.4856335973
	0.5174570173	0.3789648804	0.4173022017	0.274205826	0.3063898813
	0.2200180628	0.2310919288	0.2359014276	0.2229918012	0.301390918
	0.2703049568	0.4217926706	0.3654865763	0.6827492639	0.5732164196
	0.02194210171	-0.04758104514	0.1435784304	0.02869576505	0.3032362771
	0.2459201712	0.4207583483	0.3631382785	0.5099672706	0.4685634695
	0.5606153841	0.5380981456	0.5830351159	0.5746673393	0.5888109106
	0.589400527	0.5860067431	0.591667734	0.5791140385	0.5874502534
	0.5701314349	0.5799007126	0.559791665	0.5704043272	0.5484749292
	0.5595744187	0.5366481649	0.547885724	0.5249284423	0.5359107107
	0.5139727862	0.5242951086	0.504343436	0.5136420786	0.496415957
	0.5044100384	0.4903489011	0.4968623888	0.4861080948	0.4910711696
	0.4835251375	0.4869594133	0.4823660963	0.4843607456	0.4823918317
	0.48307736	0.4834006646	0.4829251634	0.4852520762	0.4837626546
	0.4878749664	0.4855051613	0.4912659135	0.4881284357	0.4954826206
	0.491665982	0.5006361465	0.4962036812	0.5068833532	0.5018737001
	0.5144188712	0.5088477733	0.5234637151	0.5173279482	0.5342448435
	0.5275304746	0.5469552466	0.5396546743	0.5616758202	0.5538217139
	0.578226811	0.569956952	0.5958986113	0.587572959	0.6129971355
	0.6053905186	0.6261571426	0.6207277671	0.6295056421	0.6286488581
	0.6141460241	0.6211386615	0.5693786131	0.5874608433	0.4884290421
	0.5184184134	0.3794261684	0.4160949217	0.2759537992	0.3063150096
	0.2222479087	0.2340755243	0.2313773941	0.2224184843	0.28814003
	0.2592272976	0.4010188763	0.3482670322	0.6626958886	0.5473845936
	-0.08555272121	-0.2351880222	0.03557248445	0.0155399356	0.2462697856
	0.158592158	0.3619004993	0.3039471309	0.4647687774	0.4151291222
	0.535589761	0.5028370033	0.5757996317	0.5589248047	0.5944593442
	0.589278115	0.5998170764	0.6022499881	0.5975352479	0.6044940037
	0.5909062231	0.600379113	0.581632456	0.5924369064	0.5706279594
	0.582070356	0.5585627641	0.5701689103	0.5460927664	0.5574668497
	0.533870691	0.5446569099	0.5224726778	0.5323650356	0.5123300017
	0.5210915776	0.5037006809	0.5111753148	0.4966818625	0.5027938958
	0.4912488908	0.4959926987	0.487303898	0.4907273465	0.4847205679
	0.4869066846	0.4833782595	0.4844281479	0.4831843214	0.4832027903
	0.4840863674	0.4831707524	0.4860772136	0.484309297	0.4891950481
	0.4866356096	0.4935208893	0.490206112	0.4991742749	0.4951133273
	0.5063067305	0.5014802164	0.5150906698	0.5094503805	0.52569879
	0.5191703706	0.5382649192	0.5307572088	0.5528106396	0.5442394412
	0.5691111218	0.5594519111	0.5864568814	0.57585143	0.603247034
	0.5922019822	0.6163378762	0.6060564672	0.6201283411	0.6129612172
	0.6057264532	0.6054858115	0.5618537093	0.5731324616	0.4811074936
	0.5060773345	0.3728717561	0.4058557346	0.2736688671	0.3005146275
	0.224593585	0.2351918931	0.229525289	0.2242654244	0.2769475596
	0.2520809601	0.3819208589	0.3327741872	0.6424473938	0.5222490121
	-0.3611401438	-0.3931784209	0.02497532562	0.0009868865341	0.1567277709
	0.05430152359	0.30104498	0.2377192049	0.4112898462	0.356142204
	0.4996358856	0.4568191629	0.5593300803	0.532201522	0.5941631576
	0.5809953144	0.6109056728	0.608172016	0.6155781835	0.6198112818
	0.6125497982	0.6209978127	0.6046687827	0.6154085664	0.5937334804
	0.6055230627	0.5809610235	0.5930138353	0.5672897098	0.5790861064
	0.5535022992	0.5646761412	0.5402412324	0.5505271068	0.5279920251
	0.5372043215	0.5170773327	0.5251004129	0.5076727728	0.5144521413
	0.4998389075	0.5053702872	0.4935592421	0.4978758289	0.4887758578
	0.4919351089	0.485417939	0.4874892783	0.4834218975	0.4844761333
	0.4827439774	0.4828445787	0.4833670122	0.4825629835	0.4853028292
	0.4836227862	0.4885911996	0.4860382866	0.4932955052	0.489842853
	0.4994943254	0.495081038	0.5072668535	0.501795068	0.5166683095
	0.5100029358	0.5276889044	0.5196634337	0.5401860628	0.5306208372
	0.5537738064	0.5425183077	0.5676439845	0.554663349	0.5802793067
	0.5658188586	0.5889976363	0.5738778261	0.5892653149	0.5753659615
	0.5738873294	0.5647658526	0.5330912875	0.5340699913	0.4589024738
	0.4743581659	0.3589474824	0.3850410612	0.2704407267	0.2924396307
	0.2308811257	0.2397239795	0.2338146724	0.2328847751	0.2698425996
	0.2533285416	0.3648478093	0.3196166131	0.6219054791	0.4983480228
	-0.5216142519	-0.4416569175	0.08767656301	-1.396312718e-15	0.06841866112
	0.02688636225	0.2358723122	0.1693319965	0.3517486659	0.2957365962
	0.4517694924	0.4010919123	0.5303206293	0.4916331995	0.584252134
	0.5602703715	0.6161887662	0.6054760522	0.631020854	0.6303491396
	0.6336365223	0.6396278033	0.6280513697	0.6379205074	0.6172644925
	0.6290157921	0.6034265727	0.6157621424	0.5880770139	0.6002036126
	0.5723305089	0.5837792075	0.5569911053	0.5674905531	0.5426187808
	0.5520182189	0.5295761448	0.5378014223	0.5180701277	0.5250979282
	0.5081921619	0.5140332003	0.4999551488	0.5046415994	0.4933247823
	0.4968998813	0.4882438858	0.4907529185	0.4846496533	0.4861320571
	0.4824845016	0.4829669342	0.4817015097	0.4811917479	0.482265327
	0.4807468574	0.4841490145	0.4815762759	0.4873267542	0.4836211795
	0.4917617185	0.4868090399	0.4973877258	0.491037427	0.5040828663
	0.4961511709	0.5116332162	0.5019118665	0.5196841374	0.5079598402
	0.5276728986	0.5137673054	0.5347312583	0.5185755856	0.5395430203
	0.5213078536	0.5401294267	0.5204464537	0.5335082093	0.5138344982
	0.5151811119	0.4983336042	0.4787370626	0.4693789389	0.4176703323
	0.4212616652	0.335840982	0.3523422343	0.2640008055	0.2803992586
	0.2368083626	0.2426291046	0.2422680177	0.2440773676	0.2673768496
	0.2579594087	0.350146729	0.3090290794	0.6007512452	0.4753533726
	-0.3851570018	-0.2462355074	0.1090193961	0.04429114449	0.02403742631
	1.580563638e-15	0.1960530595	0.1587023459	0.2979793766	0.2586501784
	0.3946511908	0.3457321031	0.4849848512	0.4365556464	0.5587746508
	0.5207913205	0.6102007584	0.5870226703	0.6396433935	0.6302065652
	0.6510903136	0.6518178916	0.6495496932	0.6566290826	0.6395721977
	0.6499794531	0.6246965015	0.6363923859	0.6074322263	0.6191846721
	0.5894619184	0.6005846933	0.5718708341	0.5820079617	0.5553317836
	0.564313897	0.5402368328	0.5479952715	0.5267882182	0.5333063855
	0.5150617056	0.5203477037	0.5050513437	0.509121919	0.4967009507
	0.4995712929	0.489925619	0.4916022695	0.4846254562	0.4851010633
	0.4806931015	0.4799425321	0.4780161784	0.4759938393	0.476475766
	0.4731139826	0.4759425568	0.4711504592	0.4762726018	0.4699351147
	0.4773012274	0.4692802995	0.4788310738	0.4689722943	0.4806154762
	0.4687601371	0.4823403376	0.468344461	0.4835984969	0.4673667944
	0.4838472396	0.4653846131	0.4823653067	0.4618349292	0.478224093
	0.4560248259	0.4702526439	0.4471359914	0.4569806507	0.4342242588
	0.4365189758	0.4162017752	0.4063654932	0.3917244599	0.3637694747
	0.3591202203	0.3100039087	0.31773064	0.2630096196	0.2753690252
	0.2514608116	0.2564539745	0.2626761445	0.2677435793	0.2726305077
	0.2735725129	0.3381997428	0.3028537129	0.5800903337	0.4534489689
	0.002981210937	0.0374445098	0.01042903756	0.009823132395	0.09523181579
	0.0754826641	0.219109555	0.193632683	0.2779525808	0.256413035
	0.3458345086	0.3163734019	0.4247814811	0.3808692407	0.5087310491
	0.4580885432	0.5815964995	0.5389018915	0.631544909	0.6044618799
	0.6569169298	0.6444399277	0.6626016107	0.6602092819	0.6551161342
	0.658466526	0.639998269	0.6460276615	0.6211522199	0.6279811633
	0.601062215	0.6076229943	0.5812067545	0.5869197032	0.5624142265
	0.566973313	0.5451097978	0.5483554063	0.5294727247	0.5313202642
	0.515533625	0.5159346335	0.5032345309	0.5021557578	0.4924662787
	0.4898785092	0.4830917415	0.4789640217	0.4749599375	0.4692569509
	0.4679144259	0.4605956979	0.4617987991	0.4528186752	0.4564605587
	0.4457687661	0.4517474321	0.439294711	0.4474869832	0.4332412421
	0.4434725728	0.4274313875	0.4394708913	0.4216657404	0.4352235646
	0.4157311866	0.4304387134	0.4094003006	0.4247961188	0.4024314804
	0.4179754378	0.3945996288	0.4096642948	0.3857232248	0.3995733436
	0.3756738879	0.3874743823	0.3644127944	0.3732314063	0.3520280883
	0.3567984442	0.33875237	0.338148148	0.324947882	0.3171605447
	0.310994302	0.2942392336	0.2972177373	0.2748149437	0.2852185407
	0.2745249784	0.2829428248	0.2895746877	0.2980011221	0.2862619437
	0.3009505558	0.3305711623	0.301083862	0.5569811759	0.4343453901
	0.02872584598	0.05096392684	0.07448841601	0.0947842547	0.1561711767
	0.1595913116	0.2253103981	0.2305827975	0.2842293152	0.2939755763
	0.3324363672	0.3399593136	0.3771329469	0.3723352515	0.4316562632
	0.4013159254	0.5011089914	0.4416244657	0.5666940971	0.4962204271
	0.6096524355	0.5458013356	0.6275959742	0.5756870647	0.6270710653
	0.5857645948	0.6153433651	0.58178571	0.5977323732	0.5693812067
	0.5775964551	0.5525645174	0.556905212	0.5338779272	0.5367520429
	0.514833971	0.5177031433	0.4962880197	0.5000139408	0.4786923257
	0.4837585407	0.462256315	0.4689063313	0.4470446725	0.4553671931
	0.4330367213	0.4430176656	0.4201620672	0.4317153801	0.4083216229
	0.4213098721	0.3974008009	0.4116569092	0.3872816823	0.4026233333
	0.377853021	0.3940801811	0.3690105775	0.3859002144	0.3606543162
	0.377959639	0.3526891062	0.3701421414	0.3450281141	0.3623445104
	0.3375986374	0.3544729962	0.3303438755	0.3464561983	0.3232261949
	0.3382657069	0.3162456433	0.3299354024	0.3094569746	0.3215875298
	0.3029899846	0.3134629023	0.2970751761	0.3059529102	0.2920717435
	0.2996281334	0.2885051534	0.2952308841	0.2870979642	0.2936107455
	0.2887674555	0.2956056898	0.2945737565	0.3022625039	0.3056242492
	0.3165329559	0.3231912307	0.3364089625	0.3474932529	0.3256355688
	0.355156168	0.3267588978	0.3193566972	0.5345319334	0.4133092607
	0.1900994715	0.2285293588	0.1933032468	0.2269034765	0.2586670104
	0.2757009502	0.3478337879	0.3750704619	0.419496833	0.4685702611
	0.4549236444	0.5154235158	0.4360214684	0.4601501407	0.359370964
	0.2488485047	0.2845590546	0.03668162361	0.2768177405	0.03988891023
	0.3160048623	0.1188825333	0.3609686706	0.193330513	0.3933298186
	0.2515012984	0.4111474909	0.291527473	0.4176926443	0.3163447375
	0.4166613073	0.330010243	0.4109358609	0.33603831	0.4025163321
	0.3370560871	0.3927212551	0.3349101731	0.3823947418	0.3308608731
	0.3720636783	0.3257538984	0.3620462985	0.3201490756	0.3525246134
	0.314411136	0.3435921204	0.3087722261	0.3352851694	0.3033745686
	0.3276036481	0.2982995816	0.3205247446	0.293587855	0.3140122323
	0.2892529818	0.3080228635	0.2852912797	0.3025105911	0.281688644
	0.2974279312	0.2784248658	0.2927385889	0.2754807623	0.2884168313
	0.27284534	0.2844516119	0.2705170934	0.2808557987	0.2685114531
	0.2776768747	0.266870028	0.2750111018	0.2656723453	0.2730222119
	0.2650513179	0.2719657766	0.2652137747	0.2722209149	0.2664678313
	0.2743315007	0.269259737	0.2790577299	0.2742253428	0.2874381618
	0.2822659948	0.3008679521	0.2946628772	0.3211846295	0.3132528674
	0.3505085078	0.3406440643	0.386392606	0.3792738698	0.3881295408
	0.4161140565	0.3454635232	0.3686199134	0.5117746846	0.4064231858
	0.2939821273	0.3710688829	0.3078163004	0.3313909185	0.3740992227
	0.2539557724	0.3662456608	0.001322840569	0.1550522984	-0.1118484033
	-0.1995507387	-0.01680823367	-0.3273012327	0.06842873563	-0.1357381007
	0.1012866368	0.02207461905	0.1310787113	0.09256637127	0.1874265864
	0.1545322285	0.2333480053	0.1777103474	0.229242528	0.1980047102
	0.2268095112	0.217042986	0.2304712463	0.2326426867	0.2359708665
	0.2443714077	0.2412901347	0.2526337318	0.245690112	0.258088846
	0.249001188	0.2613991916	0.2512968732	0.2631382533	0.2527425298
	0.2637684039	0.2535239336	0.2636472337	0.253814769	0.2630435055
	0.253763681	0.2621546379	0.2534911102	0.2611225467	0.2530907878
	0.260046911	0.2526332044	0.2589958612	0.2521696809	0.2580144434
	0.251736378	0.2571313322	0.2513580006	0.2563642826	0.2510511661
	0.2557247782	0.2508275429	0.2552223501	0.2506969509	0.254869006
	0.2506706716	0.2546842084	0.2507652654	0.2547009779	0.2510072669
	0.2549737093	0.2514391973	0.2555884267	0.2521274464	0.2566764293
	0.2531727235	0.2584326929	0.25472402	0.2611409857	0.2569973891
	0.2652088002	0.260301473	0.2712179337	0.2650726414	0.280001979
	0.2719248564	0.2927717842	0.2817265832	0.3113417607	0.2957373847
	0.3385747453	0.315892262	0.378929323	0.3454512681	0.4298093841
	0.3898733798	0.3881818917	0.4287188613	0.4779775886	0.4004782428
	0.4377751498	0.3443850378	0.3815548656	0.3146485155	0.335159274
	0.2933616877	0.3057946602	0.2797104099	0.2878438897	0.2709634949
	0.2758993147	0.2647592297	0.267556379	0.2601249274	0.2616555232
	0.25649264	0.2575077763	0.2535891233	0.254636266	0.2512441069
	0.2526606189	0.2493399986	0.2512880745	0.2477851737	0.2503062165
	0.2465048358	0.2495690797	0.2454380889	0.2489775505	0.2445360392
	0.2484637972	0.2437602842	0.2479827728	0.2430815954	0.2475079325
	0.2424787702	0.247027829	0.2419374328	0.2465424505	0.2414487603
	0.2460593669	0.2410081116	0.2455901366	0.2406136378	0.2451472852
	0.2402649442	0.2447420431	0.2399618988	0.2443829604	0.2397037184
	0.244075479	0.2394885335	0.2438223904	0.2393136026	0.2436248214
	0.2391760734	0.2434832475	0.2390737737	0.2433982428	0.2390055254
	0.2433711007	0.2389710396	0.2434046585	0.2389708638	0.243504576
	0.239006703	0.2436811935	0.2390821566	0.2439520728	0.2392038195
	0.2443453747	0.2393827444	0.2449042936	0.239636332	0.2456928305
	0.2399907459	0.246803195	0.2404839428	0.2483650464	0.2411693209
	0.2505565206	0.2421197703	0.2536163957	0.2434314661	0.2578559929
	0.2452260235	0.2636705136	0.2476489761	0.2715605685	0.2508644339
	0.2822245065	0.2550608518	0.2970951238	0.2605531905	0.3202739482
	0.2683108207	0.3730686788	0.2818893689	0.4528546593	0.3165491167
	
