5000	
	1.767973058e-06	1.767972518e-06	2.084033738e-06	2.083871375e-06	2.508452244e-06
	2.507452668e-06	3.076020047e-06	3.072621398e-06	3.831584179e-06	3.822948416e-06
	4.832441252e-06	4.813943764e-06	6.151087168e-06	6.115908116e-06	7.877999027e-06
	7.817142603e-06	1.012412762e-05	1.002699676e-05	1.302232173e-05	1.287798394e-05
	1.672538091e-05	1.652453624e-05	2.139931467e-05	2.113577982e-05	2.72108945e-05
	2.688131079e-05	3.430933134e-05	3.391050784e-05	4.280267274e-05	4.232756916e-05
	5.27295954e-05	5.21643254e-05	6.402774403e-05	6.335172081e-05	7.650193558e-05
	7.569167715e-05	8.979884512e-05	8.883461284e-05	0.0001033969183	0.0001022708215
	0.0001166196514	0.0001153431278	0.0001286769909	0.0001272843524	0.0001387344221
	0.0001372786563	0.0001460043961	0.000144543282	0.0001498498564	0.000148425657
	0.0001497786442	0.0001484776057	0.0001457344312	0.0001444774783	0.0001380886331
	0.0001368035576	0.0001274944755	0.0001260956737	0.0001148488003	0.0001132679607
	0.0001011536875	9.937709386e-05	8.734925664e-05	8.544203654e-05	7.416979792e-05
	7.226618868e-05	6.207629974e-05	6.033736022e-05	5.125779263e-05	4.983084877e-05
	4.181764284e-05	4.073150996e-05	3.376107534e-05	3.299854524e-05	2.698687973e-05
	2.649286639e-05	2.13752488e-05	2.107794165e-05	1.679920417e-05	1.663161443e-05
	1.312595964e-05	1.303673677e-05	1.022065095e-05	1.017548103e-05	7.952759839e-06
	7.930929238e-06	6.202360691e-06	6.192291785e-06	4.864220852e-06	4.859817106e-06
	3.849401485e-06	3.847603755e-06	3.084919039e-06	3.084256284e-06	2.512244235e-06
	2.512038537e-06	2.085274991e-06	2.085230535e-06	1.768207516e-06	1.768207578e-06
	2.083862152e-06	2.084020352e-06	2.397189334e-06	2.397169473e-06	2.81562909e-06
	2.815399621e-06	3.371172837e-06	3.369935589e-06	4.104941718e-06	4.100334392e-06
	5.069606299e-06	5.05698096e-06	6.332645303e-06	6.304324843e-06	7.980329558e-06
	7.925176428e-06	1.012173146e-05	1.002543618e-05	1.289110166e-05	1.273753056e-05
	1.644564009e-05	1.621945254e-05	2.095604126e-05	2.06457709e-05	2.65893126e-05
	2.618898481e-05	3.348636389e-05	3.299370363e-05	4.173843644e-05	4.114968411e-05
	5.136440026e-05	5.066870464e-05	6.228792673e-05	6.146517733e-05	7.431448892e-05
	7.333824119e-05	8.711260446e-05	8.595716627e-05	0.0001002060213	9.885603572e-05
	0.0001129811772	0.0001114420034	0.0001247106824	0.0001230167896	0.0001345938251
	0.0001328104559	0.0001418204327	0.000140033264	0.0001456649809	0.000143958112
	0.0001455048205	0.00014399995	0.0001411917474	0.0001398517955	0.0001330291486
	0.0001317982366	0.0001217312179	0.0001205171329	0.0001083772392	0.0001070804816
	9.422122327e-05	9.277671644e-05	8.041659038e-05	7.882879117e-05	6.777044704e-05
	6.61185836e-05	5.664663801e-05	5.50603817e-05	4.704211837e-05	4.565190316e-05
	3.885001152e-05	3.77160365e-05	3.187139974e-05	3.102050953e-05	2.592288607e-05
	2.53353909e-05	2.088254143e-05	2.050748793e-05	1.666843897e-05	1.64452795e-05
	1.320787391e-05	1.308289913e-05	1.041986144e-05	1.035333535e-05	8.213296923e-06
	8.179353165e-06	6.493506657e-06	6.476809812e-06	5.169994836e-06	5.162058976e-06
	4.161855942e-06	4.15822074e-06	3.40026446e-06	3.39867707e-06	2.828757555e-06
	2.828115325e-06	2.402217429e-06	2.40199587e-06	2.085274839e-06	2.08523035e-06
	2.507345341e-06	2.508324542e-06	2.815235103e-06	2.815304524e-06	3.225705336e-06
	3.225481703e-06	3.767924543e-06	3.768051057e-06	4.478952828e-06	4.47858118e-06
	5.406711267e-06	5.402194002e-06	6.613719794e-06	6.597534752e-06	8.181913499e-06
	8.141917772e-06	1.021769622e-05	1.013714881e-05	1.285501232e-05	1.271389493e-05
	1.625301687e-05	1.603096705e-05	2.0584919e-05	2.026535431e-05	2.601723008e-05
	2.559074187e-05	3.268353892e-05	3.214763153e-05	4.06601083e-05	4.001397154e-05
	4.994759796e-05	4.918462202e-05	6.045673496e-05	5.955987308e-05	7.199439066e-05
	7.093737913e-05	8.425153141e-05	8.300538593e-05	9.679741041e-05	9.534048067e-05
	0.0001090809992	0.0001074114018	0.0001204370479	0.0001185855438	0.0001300989611
	0.0001281372295	0.0001372350101	0.0001352712035	0.0001410287535	0.0001391890442
	0.0001407384014	0.0001391770872	0.0001361204303	0.000134848635	0.0001274361862
	0.000126415861	0.000115501448	0.0001146277285	0.0001016109457	0.0001007427761
	8.725394308e-05	8.62687105e-05	7.371702624e-05	7.256272117e-05	6.178145588e-05
	6.049396598e-05	5.166230582e-05	5.034780818e-05	4.321007221e-05	4.197325373e-05
	3.614327315e-05	3.506991678e-05	3.013565301e-05	2.928163281e-05	2.494898156e-05
	2.432537807e-05	2.045573404e-05	2.003600087e-05	1.66032946e-05	1.634077917e-05
	1.336468283e-05	1.321044741e-05	1.070449644e-05	1.061833187e-05	8.567805568e-06
	8.521495739e-06	6.884647323e-06	6.860460104e-06	5.579716113e-06	5.567347326e-06
	4.580764773e-06	4.574547908e-06	3.823638227e-06	3.820574367e-06	3.254282468e-06
	3.252823702e-06	2.828759343e-06	2.828121851e-06	2.512243885e-06	2.51203911e-06
	3.07194656e-06	3.075343854e-06	3.368647215e-06	3.36936883e-06	3.766913626e-06
	3.765592096e-06	4.293946749e-06	4.292808185e-06	4.982629016e-06	4.983513624e-06
	5.875498076e-06	5.877200242e-06	7.029733161e-06	7.02586405e-06	8.522712274e-06
	8.500657454e-06	1.045756051e-05	1.039853046e-05	1.296648324e-05	1.284702267e-05
	1.62082362e-05	1.60035049e-05	2.035598784e-05	2.004452846e-05	2.557438227e-05
	2.514276948e-05	3.199045219e-05	3.143457933e-05	3.966807782e-05	3.898856405e-05
	4.859287609e-05	4.778652131e-05	5.866515627e-05	5.771817748e-05	6.969440251e-05
	6.858172915e-05	8.139350468e-05	8.008424202e-05	9.337456157e-05	9.184209425e-05
	0.0001051444728	0.0001033805042	0.0001160951814	0.0001141265661	0.0001254916988
	0.0001233950105	0.0001324825252	0.0001303860619	0.0001361628409	0.0001342350721
	0.0001356965147	0.0001341172636	0.0001307477392	0.0001295746538	0.0001215723391
	0.0001207775765	0.0001091243223	0.0001085787349	9.492309529e-05	9.443699662e-05
	8.064301715e-05	8.00426182e-05	6.760974223e-05	6.680599724e-05	5.649831555e-05
	5.550755782e-05	4.736781621e-05	4.627674452e-05	3.995818625e-05	3.886219014e-05
	3.386024626e-05	3.285770263e-05	2.868387256e-05	2.78459841e-05	2.416216866e-05
	2.352027269e-05	2.016356793e-05	1.971061686e-05	1.665278629e-05	1.635593607e-05
	1.363418482e-05	1.345137238e-05	1.11073096e-05	1.100004366e-05	9.047569994e-06
	8.986744117e-06	7.40729772e-06	7.373521771e-06	6.125758887e-06	6.107190976e-06
	5.139470743e-06	5.129290898e-06	4.389240442e-06	4.383667534e-06	3.823693274e-06
	3.82067797e-06	3.400289725e-06	3.39873853e-06	3.084921757e-06	3.084271316e-06
	3.820047087e-06	3.828975432e-06	4.094624032e-06	4.097894821e-06	4.471869003e-06
	4.469066147e-06	4.979013159e-06	4.973195668e-06	5.64594659e-06	5.642246367e-06
	6.508699436e-06	6.510882022e-06	7.616826623e-06	7.622203724e-06	9.041516527e-06
	9.038156599e-06	1.088178148e-05	1.084890015e-05	1.326725924e-05	1.317775089e-05
	1.635484145e-05	1.617941647e-05	2.031559236e-05	2.002816338e-05	2.531067357e-05
	2.489366569e-05	3.146074888e-05	3.090749208e-05	3.881968229e-05	3.813075216e-05
	4.736165233e-05	4.653604667e-05	5.697982224e-05	5.600669397e-05	6.748790875e-05
	6.634400864e-05	7.861985892e-05	7.727364834e-05	9.002683452e-05	8.844822528e-05
	0.0001012673744	9.944289598e-05	0.0001117838319	0.0001097367905	0.0001208689651
	0.0001186797467	0.0001276532075	0.0001254679978	0.0001311521862	0.0001291772576
	0.0001304578391	0.000128896557	0.0001251582807	0.000124107526	0.0001155429203
	0.0001149757447	0.0001027330967	0.0001024865835	8.846045737e-05	8.829564555e-05
	7.45151353e-05	7.421968325e-05	6.217310506e-05	6.164106973e-05	5.195017036e-05
	5.119369898e-05	4.378211435e-05	4.28686848e-05	3.73016251e-05	3.633071753e-05
	3.203054062e-05	3.11018822e-05	2.755684836e-05	2.674745355e-05	2.360593699e-05
	2.295895488e-05	2.004646849e-05	1.956936099e-05	1.685323328e-05	1.652580769e-05
	1.405036813e-05	1.383865089e-05	1.166218046e-05	1.153123341e-05	9.687857813e-06
	9.609138879e-06	8.098757695e-06	8.052063627e-06	6.847524262e-06	6.819850462e-06
	5.879256819e-06	5.862737149e-06	5.13992228e-06	5.129979915e-06	4.581124413e-06
	4.575153711e-06	4.162025341e-06	4.158560208e-06	3.849436051e-06	3.847713715e-06
	4.804088028e-06	4.824244979e-06	5.037410006e-06	5.047306499e-06	5.377728161e-06
	5.374677108e-06	5.854748877e-06	5.841426098e-06	6.498551319e-06	6.482281026e-06
	7.33938411e-06	7.330831268e-06	8.414702122e-06	8.420091831e-06	9.783718809e-06
	9.795687101e-06	1.153857068e-05	1.153473447e-05	1.38061739e-05	1.375446366e-05
	1.67418209e-05	1.660738548e-05	2.051388699e-05	2.026573339e-05	2.527882706e-05
	2.48953735e-05	3.115063285e-05	3.062227898e-05	3.817496467e-05	3.750113204e-05
	4.631813219e-05	4.549872769e-05	5.546983085e-05	5.449625089e-05	6.54499231e-05
	6.430100955e-05	7.601229009e-05	7.465695183e-05	8.684251059e-05	8.524872155e-05
	9.754320658e-05	9.569379925e-05	0.0001075989864	0.0001055144536	0.0001163254374
	0.0001140892683	0.000122836464	0.0001206106645	0.0001260838723	0.0001241044878
	0.0001251062738	0.0001236012244	0.0001194452715	0.0001185395667	0.0001094626728
	0.0001091204182	9.646461715e-05	9.648316975e-05	8.236063831e-05	8.245731511e-05
	6.897594289e-05	6.891606783e-05	5.745929225e-05	5.713843708e-05	4.816123391e-05
	4.758305979e-05	4.09099987e-05	4.014264813e-05	3.52473107e-05	3.438949414e-05
	3.067508677e-05	2.982196267e-05	2.678755939e-05	2.60155453e-05	2.331873447e-05
	2.267657737e-05	2.014301453e-05	1.96484258e-05	1.724156994e-05	1.688553269e-05
	1.46494754e-05	1.440680905e-05	1.240647934e-05	1.224739249e-05	1.052859932e-05
	1.042659625e-05	9.002205455e-06	8.937250396e-06	7.791522736e-06	7.749952456e-06
	6.849714251e-06	6.822806311e-06	6.127998822e-06	6.1104036e-06	5.581286721e-06
	5.569791209e-06	5.170796628e-06	5.16348966e-06	4.864422783e-06	4.86034836e-06
	6.087591273e-06	6.128904623e-06	6.247863221e-06	6.27198025e-06	6.525122541e-06
	6.525695172e-06	6.953680855e-06	6.931979251e-06	7.567548804e-06	7.530841109e-06
	8.39579884e-06	8.360305852e-06	9.461387734e-06	9.447683104e-06	1.079941926e-05
	1.081443524e-05	1.248524528e-05	1.2508912e-05	1.464211428e-05	1.46349637e-05
	1.742697278e-05	1.734522687e-05	2.100796397e-05	2.081405003e-05	2.553715167e-05
	2.520539701e-05	3.112140992e-05	3.063948687e-05	3.779926923e-05	3.716491106e-05
	4.553226445e-05	4.474518379e-05	5.421027228e-05	5.326320904e-05	6.366126548e-05
	6.253507187e-05	7.365766617e-05	7.232252684e-05	8.391415291e-05	8.233755677e-05
	9.40689795e-05	9.22316522e-05	0.0001036399664	0.0001015606171	0.0001119599966
	0.0001097249105	0.0001181284496	0.0001159134738	0.0001210545586	0.0001191170452
	0.0001197416059	0.0001183330895	0.0001137231526	0.0001129847873	0.0001034694442
	0.0001033470757	9.047324866e-05	9.072287232e-05	7.67674056e-05	7.707339611e-05
	6.412684646e-05	6.425033156e-05	5.352206281e-05	5.336314778e-05	4.516619719e-05
	4.472903974e-05	3.876194484e-05	3.812149166e-05	3.380691901e-05	3.305555965e-05
	2.981452021e-05	2.903903608e-05	2.640504137e-05	2.567693304e-05	2.333402585e-05
	2.270329482e-05	2.048754783e-05	1.997889966e-05	1.785183894e-05	1.746610946e-05
	1.546625689e-05	1.518755597e-05	1.337755154e-05	1.318269062e-05	1.161135729e-05
	1.147741204e-05	1.016430382e-05	1.007252973e-05	9.009714833e-06	8.94643912e-06
	8.107886387e-06	8.063819608e-06	7.415221674e-06	7.384314327e-06	6.890235849e-06
	6.868633392e-06	6.496556005e-06	6.481834571e-06	6.203214799e-06	6.194309187e-06
	7.745673812e-06	7.824647678e-06	7.782394994e-06	7.833751125e-06	7.95622456e-06
	7.968359972e-06	8.307331515e-06	8.279619223e-06	8.87601391e-06	8.813613481e-06
	9.696665938e-06	9.616942419e-06	1.078356942e-05	1.072100502e-05	1.213545484e-05
	1.212508275e-05	1.3785882e-05	1.38246806e-05	1.584530768e-05	1.588591956e-05
	1.847936792e-05	1.846187642e-05	2.186424102e-05	2.173980843e-05	2.615131099e-05
	2.58889661e-05	3.144060436e-05	3.102574993e-05	3.776383596e-05	3.719265918e-05
	4.508000804e-05	4.435134421e-05	5.328229504e-05	5.23893264e-05	6.220842952e-05
	6.113365965e-05	7.164761938e-05	7.03630226e-05	8.133784299e-05	7.981167908e-05
	9.094407789e-05	8.915653871e-05	0.0001000080604	9.797729472e-05	0.0001078745492
	0.0001056897155	0.000113632752	0.0001114809912	0.0001161724853	0.000114325844
	0.00011448312	0.0001132123171	0.0001081327017	0.0001075834126	9.772897546e-05
	9.782113015e-05	8.493419801e-05	8.538542304e-05	7.183296689e-05	7.230945054e-05
	6.007019937e-05	6.034030461e-05	5.044455526e-05	5.04114299e-05	4.300618682e-05
	4.269216736e-05	3.736066365e-05	3.683992195e-05	3.299950131e-05	3.235471218e-05
	2.946935393e-05	2.877583759e-05	2.643185218e-05	2.575307742e-05	2.367517837e-05
	2.30594294e-05	2.110328057e-05	2.058005769e-05	1.8707586e-05	1.828677471e-05
	1.652650994e-05	1.620214168e-05	1.460591119e-05	1.436288863e-05	1.297341367e-05
	1.279400405e-05	1.163028124e-05	1.1498313e-05	1.055566006e-05	1.045826313e-05
	9.715551371e-06	9.643289525e-06	9.071225853e-06	9.017513565e-06	8.58498409e-06
	8.545349717e-06	8.223146999e-06	8.194627321e-06	7.955702408e-06	7.93737505e-06
	9.864708416e-06	1.000750724e-05	9.70125266e-06	9.800641532e-06	9.712443872e-06
	9.749907838e-06	9.943709282e-06	9.91705476e-06	1.044136635e-05	1.035258349e-05
	1.124960241e-05	1.111243369e-05	1.238697877e-05	1.224140152e-05	1.381927225e-05
	1.373403909e-05	1.55014403e-05	1.552038305e-05	1.749535948e-05	1.757663252e-05
	1.998088045e-05	2.003747967e-05	2.316086275e-05	2.312182231e-05	2.719646903e-05
	2.702158914e-05	3.218344502e-05	3.185586361e-05	3.814664201e-05	3.766169606e-05
	4.504364983e-05	4.439918645e-05	5.277301223e-05	5.196197162e-05	6.118310468e-05
	6.018913992e-05	7.007764796e-05	6.887472945e-05	7.921183577e-05	7.776996911e-05
	8.826853652e-05	8.656880886e-05	9.680468838e-05	9.486597426e-05	0.000104172843
	0.0001020874523	0.0001094606673	0.0001074237213	0.0001115599142	0.0001098540085
	0.0001094739248	0.0001083818543	0.0001028461895	0.0001025074844	9.243849134e-05
	9.27422649e-05	8.004439479e-05	8.06772379e-05	6.771925143e-05	6.834248459e-05
	5.694382308e-05	5.733143065e-05	4.83222887e-05	4.84034582e-05	4.173843636e-05
	4.154691722e-05	3.674480231e-05	3.634992191e-05	3.285228826e-05	3.23235692e-05
	2.965820277e-05	2.905640167e-05	2.687945551e-05	2.625724897e-05	2.434814264e-05
	2.37498577e-05	2.199306604e-05	2.145168692e-05	1.98118089e-05	1.934619508e-05
	1.783712633e-05	1.745225346e-05	1.610586729e-05	1.579641032e-05	1.463910635e-05
	1.439432548e-05	1.343609254e-05	1.324389559e-05	1.247771248e-05	1.23270983e-05
	1.173368989e-05	1.161574094e-05	1.116947343e-05	1.107744053e-05	1.075107571e-05
	1.068005755e-05	1.044760468e-05	1.039420251e-05	1.02293176e-05	1.019335365e-05
	1.254057475e-05	1.278678611e-05	1.20658882e-05	1.224438438e-05	1.183186508e-05
	1.191595791e-05	1.188491792e-05	1.187249421e-05	1.227346323e-05	1.216364135e-05
	1.305163338e-05	1.285147141e-05	1.425427736e-05	1.399805529e-05	1.583956416e-05
	1.561646283e-05	1.766681989e-05	1.759471755e-05	1.967124294e-05	1.976085526e-05
	2.202487253e-05	2.215816332e-05	2.498923352e-05	2.505165291e-05	2.875946341e-05
	2.86913554e-05	3.343483346e-05	3.321530048e-05	3.903390469e-05	3.865826945e-05
	4.551280087e-05	4.497839847e-05	5.277603559e-05	5.207527335e-05	6.068230255e-05
	5.979950595e-05	6.90468833e-05	6.795798267e-05	7.763605899e-05	7.631346039e-05
	8.61424901e-05	8.456934768e-05	9.413128551e-05	9.232836938e-05	0.0001009619071
	9.902471962e-05	0.0001057329608	0.000103861602	0.0001073583439	0.0001058428012
	0.0001048878392	0.0001040150504	9.807375322e-05	9.796823588e-05	8.783014023e-05
	8.834869405e-05	7.602566091e-05	7.683206602e-05	6.462588478e-05	6.538016086e-05
	5.491418301e-05	5.541583763e-05	4.726908195e-05	4.747417364e-05	4.144648626e-05
	4.139586573e-05	3.697512299e-05	3.672956711e-05	3.340462128e-05	3.301663745e-05
	3.039921461e-05	2.991112204e-05	2.774686989e-05	2.71970921e-05	2.533757236e-05
	2.47641081e-05	2.313364233e-05	2.257214355e-05	2.113992602e-05	2.061878924e-05
	1.937797881e-05	1.891450189e-05	1.786613632e-05	1.74666914e-05	1.660933518e-05
	1.627226454e-05	1.559743823e-05	1.531665246e-05	1.480832777e-05	1.457626994e-05
	1.421281099e-05	1.402226397e-05	1.377921758e-05	1.362410522e-05	1.347668202e-05
	1.335225288e-05	1.327674057e-05	1.317960355e-05	1.31482398e-05	1.308027755e-05
	1.587472221e-05	1.628162917e-05	1.493488925e-05	1.523608593e-05	1.43460542e-05
	1.450675644e-05	1.414485689e-05	1.416675126e-05	1.437292114e-05	1.425426326e-05
	1.508956372e-05	1.483001142e-05	1.635098072e-05	1.597089242e-05	1.813983947e-05
	1.77238722e-05	2.025633937e-05	1.998729654e-05	2.242493618e-05	2.244106519e-05
	2.470755231e-05	2.489850255e-05	2.745315419e-05	2.762966389e-05	3.094026409e-05
	3.099981886e-05	3.529143667e-05	3.520255597e-05	4.052219937e-05	4.028026411e-05
	4.658628664e-05	4.618902222e-05	5.339308155e-05	5.283255593e-05	6.080975153e-05
	6.007066863e-05	6.865943684e-05	6.771951049e-05	7.671368235e-05	7.554805236e-05
	8.466840957e-05	8.326309647e-05	9.209296785e-05	9.047140007e-05	9.835771204e-05
	9.661806113e-05	0.0001025868154	0.0001009321932	0.0001037383208	0.0001024627122
	0.0001009397462	0.0001003270712	9.407172767e-05	9.422521261e-05	8.417839552e-05
	8.492296426e-05	7.314571239e-05	7.412675387e-05	6.279703389e-05	6.368840034e-05
	5.417109193e-05	5.480761122e-05	4.743834229e-05	4.780025933e-05	4.225712565e-05
	4.239000505e-05	3.815124039e-05	3.810418289e-05	3.472392157e-05	3.452780641e-05
	3.17240363e-05	3.139661477e-05	2.903228336e-05	2.859186077e-05	2.661652291e-05
	2.609134261e-05	2.448332831e-05	2.391109221e-05	2.264426168e-05	2.206379805e-05
	2.110134358e-05	2.054380355e-05	1.984378984e-05	1.932923338e-05	1.885099862e-05
	1.8389219e-05	1.809615141e-05	1.768959594e-05	1.754893489e-05	1.719589474e-05
	1.717775972e-05	1.687480159e-05	1.695157165e-05	1.669500729e-05	1.684111332e-05
	1.662773383e-05	1.68191087e-05	1.66467413e-05	1.684946548e-05	1.672479824e-05
	1.99671403e-05	2.061422354e-05	1.835780649e-05	1.883937113e-05	1.727560181e-05
	1.755177677e-05	1.672638509e-05	1.680940941e-05	1.672956755e-05	1.662095838e-05
	1.733987768e-05	1.703356072e-05	1.863214897e-05	1.813119819e-05	2.063431927e-05
	1.99977498e-05	2.316188109e-05	2.258921411e-05	2.573282541e-05	2.552645237e-05
	2.810317079e-05	2.828176701e-05	3.066174545e-05	3.095017207e-05	3.38512856e-05
	3.405884556e-05	3.786316131e-05	3.793009428e-05	4.272084908e-05	4.263979013e-05
	4.837498178e-05	4.814490524e-05	5.473709522e-05	5.435036775e-05	6.167940579e-05
	6.112110446e-05	6.902858775e-05	6.827798994e-05	7.655644863e-05	7.559143276e-05
	8.395821469e-05	8.276791479e-05	9.08080698e-05	8.941853513e-05	9.649633615e-05
	9.50073573e-05	0.0001001897692	9.880575723e-05	0.0001009145173	9.992977294e-05
	9.789969838e-05	9.758960223e-05	9.115532738e-05	9.159813314e-05	8.181756096e-05
	8.280769044e-05	7.172944672e-05	7.290457677e-05	6.251460863e-05	6.357562243e-05
	5.495979667e-05	5.577812806e-05	4.905405796e-05	4.963408817e-05	4.437586042e-05
	4.47682721e-05	4.045082784e-05	4.069169028e-05	3.694413906e-05	3.703588137e-05
	3.371183135e-05	3.363545315e-05	3.076305147e-05	3.050563659e-05	2.817416503e-05
	2.774973088e-05	2.600647183e-05	2.545548046e-05	2.427186457e-05	2.364548051e-05
	2.294127423e-05	2.228607561e-05	2.196523064e-05	2.131646425e-05	2.129033836e-05
	2.067134085e-05	2.086717588e-05	2.029168956e-05	2.065220702e-05	2.012748221e-05
	2.060727236e-05	2.013679535e-05	2.06985793e-05	2.028402097e-05	2.089574903e-05
	2.053820267e-05	2.11701147e-05	2.087130604e-05	2.147397926e-05	2.125086818e-05
	2.490558982e-05	2.589877148e-05	2.236671909e-05	2.310096364e-05	2.06243118e-05
	2.106292287e-05	1.961769133e-05	1.979425548e-05	1.932066385e-05	1.924649871e-05
	1.976860502e-05	1.943581827e-05	2.104600801e-05	2.044135301e-05	2.323063232e-05
	2.237725573e-05	2.62172552e-05	2.527934847e-05	2.944475738e-05	2.882863472e-05
	3.221184188e-05	3.221765554e-05	3.470851091e-05	3.506538188e-05	3.761125827e-05
	3.79783207e-05	4.127253688e-05	4.152162478e-05	4.575389101e-05	4.586454463e-05
	5.100554436e-05	5.097760577e-05	5.693748611e-05	5.676446924e-05	6.342229267e-05
	6.308993203e-05	7.028560814e-05	6.977450512e-05	7.729598369e-05	7.658633406e-05
	8.414749993e-05	8.323093526e-05	9.042494901e-05	8.932889877e-05	9.555248973e-05
	9.437633776e-05	9.876007364e-05	9.770674065e-05	9.916521435e-05	9.85254733e-05
	9.611050564e-05	9.614790556e-05	8.971585568e-05	9.048408555e-05	8.115461484e-05
	8.242526507e-05	7.216207471e-05	7.357710583e-05	6.413412693e-05	6.542567444e-05
	5.762498242e-05	5.870166225e-05	5.246496432e-05	5.335889845e-05	4.815316916e-05
	4.892706034e-05	4.419985998e-05	4.48792685e-05	4.03260226e-05	4.087140179e-05
	3.653319844e-05	3.686170796e-05	3.302908494e-05	3.307662319e-05	3.004532226e-05
	2.980968532e-05	2.770005753e-05	2.723093726e-05	2.598738525e-05	2.535336266e-05
	2.483208665e-05	2.409704084e-05	2.413876363e-05	2.335345503e-05	2.381791501e-05
	2.301974321e-05	2.379482442e-05	2.301033939e-05	2.400961452e-05	2.325758459e-05
	2.441416584e-05	2.370835143e-05	2.49686121e-05	2.43199377e-05	2.56382193e-05
	2.505637675e-05	2.638927247e-05	2.588471432e-05	2.715138211e-05	2.67614496e-05
	3.07513037e-05	3.222604167e-05	2.696667188e-05	2.803990836e-05	2.437330424e-05
	2.502792869e-05	2.278890348e-05	2.30954714e-05	2.210945224e-05	2.209804349e-05
	2.233160498e-05	2.199832452e-05	2.353603318e-05	2.285547449e-05	2.584262611e-05
	2.480153443e-05	2.925427165e-05	2.795167112e-05	3.329239597e-05	3.212446759e-05
	3.688447196e-05	3.645874638e-05	3.962548599e-05	3.991995517e-05	4.232805899e-05
	4.283681738e-05	4.56495843e-05	4.610215238e-05	4.976056926e-05	5.009636423e-05
	5.462489955e-05	5.484015671e-05	6.01481702e-05	6.023805052e-05	6.619813959e-05
	6.614945687e-05	7.259518206e-05	7.23894822e-05	7.910309989e-05	7.872178054e-05
	8.541822038e-05	8.485345293e-05	9.114662951e-05	9.04240995e-05	9.576500738e-05
	9.497936282e-05	9.859061225e-05	9.793816381e-05	9.885263291e-05	9.861653022e-05
	9.600467182e-05	9.643736825e-05	9.023419506e-05	9.137356145e-05	8.268138085e-05
	8.428939572e-05	7.492385958e-05	7.66533092e-05	6.81357435e-05	6.97481069e-05
	6.267388739e-05	6.411437953e-05	5.822661191e-05	5.956512141e-05	5.4183013e-05
	5.55157049e-05	4.996582581e-05	5.132036831e-05	4.531624262e-05	4.658080908e-05
	4.047266754e-05	4.143965023e-05	3.599019684e-05	3.651384868e-05	3.23175468e-05
	3.238998733e-05	2.960510936e-05	2.930406428e-05	2.779062355e-05	2.721278474e-05
	2.673160199e-05	2.596125526e-05	2.628067833e-05	2.538329413e-05	2.631294369e-05
	2.533796499e-05	2.673052995e-05	2.571572409e-05	2.745882058e-05	2.64341204e-05
	2.844053047e-05	2.74311276e-05	2.962991567e-05	2.865871201e-05	3.098748982e-05
	3.007713761e-05	3.247265889e-05	3.164875916e-05	3.397755661e-05	3.331429034e-05
	3.752276135e-05	3.964440973e-05	3.212755707e-05	3.363793452e-05	2.847755672e-05
	2.94065341e-05	2.619111153e-05	2.666683814e-05	2.50456683e-05	2.512796417e-05
	2.49762433e-05	2.467232227e-05	2.60434703e-05	2.532193131e-05	2.839472142e-05
	2.721157316e-05	3.213983956e-05	3.05215744e-05	3.698480421e-05	3.523172338e-05
	4.178301524e-05	4.065275309e-05	4.53070755e-05	4.527556536e-05	4.80627326e-05
	4.862698306e-05	5.111853864e-05	5.177578568e-05	5.489268208e-05	5.54845563e-05
	5.940471065e-05	5.990923129e-05	6.455845636e-05	6.49713681e-05	7.021239883e-05
	7.052186802e-05	7.617820418e-05	7.636594437e-05	8.221544703e-05	8.226180421e-05
	8.802930943e-05	8.79229842e-05	9.326174726e-05	9.302049959e-05	9.746479977e-05
	9.717019642e-05	0.0001000700665	9.990286267e-05	0.0001004361848	0.0001006671853
	9.811239285e-05	9.898971265e-05	9.329135979e-05	9.485616976e-05	8.70030111e-05
	8.902500523e-05	8.063722332e-05	8.278090318e-05	7.517903076e-05	7.72236919e-05
	7.084034131e-05	7.276077041e-05	6.718264909e-05	6.910407255e-05	6.340207198e-05
	6.550819629e-05	5.864188736e-05	6.101054646e-05	5.256586091e-05	5.494631885e-05
	4.589726474e-05	4.782124463e-05	3.984175051e-05	4.10492561e-05	3.510888299e-05
	3.562624789e-05	3.179718604e-05	3.176506187e-05	2.972065008e-05	2.928070781e-05
	2.863952187e-05	2.790195037e-05	2.834650256e-05	2.739094595e-05	2.86834775e-05
	2.756774104e-05	2.953581201e-05	2.830388314e-05	3.082210858e-05	2.951008321e-05
	3.248456475e-05	3.112499603e-05	3.448070504e-05	3.310607596e-05	3.677567944e-05
	3.542168788e-05	3.933020967e-05	3.80416236e-05	4.198773116e-05	4.089701254e-05
	4.518038332e-05	4.813954367e-05	3.778041494e-05	3.983375641e-05	3.286721882e-05
	3.413150933e-05	2.9759609e-05	3.044536903e-05	2.806943558e-05	2.827836954e-05
	2.764545091e-05	2.740350081e-05	2.851118634e-05	2.778797678e-05	3.082405742e-05
	2.955360249e-05	3.478236289e-05	3.29254919e-05	4.030679596e-05	3.803588105e-05
	4.646581741e-05	4.448100858e-05	5.14334978e-05	5.070322295e-05	5.476852419e-05
	5.517940872e-05	5.777154533e-05	5.858567285e-05	6.130566196e-05	6.216998505e-05
	6.55429527e-05	6.638195426e-05	7.040401056e-05	7.120854935e-05	7.573595247e-05
	7.649553812e-05	8.133902897e-05	8.203425939e-05	8.697009034e-05	8.757647453e-05
	9.235113946e-05	9.284710042e-05	9.717619587e-05	9.756109569e-05	0.000101097801
	0.0001014259496	0.0001036921764	0.0001041135248	0.0001044678367	0.0001052326321
	0.0001030519403	0.0001044148245	9.957071969e-05	0.0001016068571	9.485886731e-05
	9.737189193e-05	9.009050622e-05	9.275256841e-05	8.610709031e-05	8.868360916e-05
	8.305410179e-05	8.551556371e-05	8.041404387e-05	8.294703349e-05	7.70793255e-05
	8.007482962e-05	7.145370124e-05	7.523672984e-05	6.284715887e-05	6.688281036e-05
	5.314995141e-05	5.640758267e-05	4.47485882e-05	4.685575939e-05	3.852867278e-05
	3.962714591e-05	3.436100935e-05	3.469875255e-05	3.184238348e-05	3.162603322e-05
	3.059786574e-05	2.997192734e-05	3.034776827e-05	2.940778223e-05	3.090058652e-05
	2.970992968e-05	3.213187561e-05	3.073467664e-05	3.396550937e-05	3.239557826e-05
	3.635976615e-05	3.464702017e-05	3.92968848e-05	3.74727174e-05	4.277349033e-05
	4.087655645e-05	4.678308251e-05	4.487045735e-05	5.113141568e-05	4.9411358e-05
	5.361530924e-05	5.761572868e-05	4.381967934e-05	4.652280669e-05	3.745394617e-05
	3.911441875e-05	3.342102334e-05	3.435848567e-05	3.111808993e-05	3.14882182e-05
	3.028380792e-05	3.013857164e-05	3.088859175e-05	3.020553384e-05	3.308264815e-05
	3.178335505e-05	3.712725878e-05	3.512116677e-05	4.314477003e-05	4.047968392e-05
	5.056414041e-05	4.775375948e-05	5.748421213e-05	5.571649421e-05	6.221405365e-05
	6.210650698e-05	6.56244052e-05	6.64542194e-05	6.913763866e-05	7.025400854e-05
	7.325530018e-05	7.445953756e-05	7.796862787e-05	7.923072939e-05	8.311715657e-05
	8.442791111e-05	8.848638715e-05	8.982446097e-05	9.383038008e-05	9.516158308e-05
	9.889379822e-05	0.0001001766901	0.0001034363943	0.0001046367153	0.0001072350708
	0.0001083583061	0.0001100445056	0.0001111840664	0.000111556102	0.0001129214619
	0.0001114770224	0.0001133336786	0.0001098043858	0.0001123017638	0.000107067293
	0.0001100909205	0.000104144213	0.0001073754399	0.0001017409397	0.0001048633453
	0.0001000455802	0.000102901444	9.869265827e-05	0.000101423539	9.635996043e-05
	9.975590765e-05	8.969488784e-05	9.508232433e-05	7.674839106e-05	8.303789253e-05
	6.237311623e-05	6.730886969e-05	5.077729628e-05	5.397085956e-05	4.263843051e-05
	4.44376276e-05	3.735721983e-05	3.815256521e-05	3.421662894e-05	3.429819398e-05
	3.266649221e-05	3.222395939e-05	3.233741758e-05	3.148725082e-05	3.299919178e-05
	3.181065591e-05	3.452067121e-05	3.303418578e-05	3.684171894e-05	3.508082353e-05
	3.995590759e-05	3.793546498e-05	4.390038363e-05	4.163338008e-05	4.874853249e-05
	4.625408268e-05	5.459162409e-05	5.191277831e-05	6.125803931e-05	5.867518851e-05
	6.264440376e-05	6.788192963e-05	5.011014676e-05	5.356149618e-05	4.213969624e-05
	4.425341594e-05	3.710151595e-05	3.833161173e-05	3.413332164e-05	3.470002174e-05
	3.284349586e-05	3.283102861e-05	3.313604572e-05	3.253592175e-05	3.513889493e-05
	3.386921968e-05	3.915091967e-05	3.708566323e-05	4.546374337e-05	4.254565186e-05
	5.388588287e-05	5.040592532e-05	6.290542808e-05	5.995881344e-05	6.99376218e-05
	6.884727878e-05	7.455438551e-05	7.511658237e-05	7.846880835e-05	7.974723539e-05
	8.274359763e-05	8.430608534e-05	8.755796331e-05	8.931717501e-05	9.276337371e-05
	9.471016138e-05	9.812382271e-05	0.0001002379017	0.0001033840513	0.0001056186233
	0.000108309472	0.0001105931361	0.0001127298746	0.0001149765478	0.0001165614155
	0.0001186992432	0.0001197691733	0.0001217949762	0.0001222781711	0.0001243147491
	0.0001239242635	0.0001262193182	0.0001245582479	0.0001273636191	0.0001242530331
	0.0001276244902	0.0001233486971	0.0001270340494	0.0001222453837	0.0001257556628
	0.0001212696123	0.0001240682677	0.000120736169	0.000122521169	0.000120251404
	0.0001218218289	0.0001137195393	0.0001195949596	9.407197415e-05	0.0001029769732
	7.337552601e-05	8.018162019e-05	5.786923842e-05	6.228896464e-05	4.74237719e-05
	5.001926237e-05	4.078895114e-05	4.210713881e-05	3.686249887e-05	3.729302066e-05
	3.488187184e-05	3.467198201e-05	3.436704302e-05	3.366165291e-05	3.503853947e-05
	3.391634621e-05	3.675589179e-05	3.525354684e-05	3.947995964e-05	3.760659626e-05
	4.325427351e-05	4.100010729e-05	4.820021938e-05	4.554230791e-05	5.452149271e-05
	5.143014498e-05	6.250076312e-05	5.895944688e-05	7.211622166e-05	6.843692203e-05
	7.201182212e-05	7.864519393e-05	5.649512772e-05	6.077309265e-05	4.682388735e-05
	4.943915316e-05	4.073227952e-05	4.229255389e-05	3.706534393e-05	3.786298675e-05
	3.528734018e-05	3.544338305e-05	3.522655505e-05	3.47512336e-05	3.697685365e-05
	3.579233173e-05	4.085266745e-05	3.881194332e-05	4.727652019e-05	4.424022456e-05
	5.639355468e-05	5.244944903e-05	6.731447628e-05	6.327532337e-05	7.730825658e-05
	7.483738667e-05	8.423557905e-05	8.408657988e-05	8.925810963e-05	9.050216418e-05
	9.412819129e-05	9.597618134e-05	9.942144184e-05	0.0001016563378	0.0001050566149
	0.0001076626132	0.0001107676232	0.0001137354981	0.0001162691351	0.0001195457954
	0.0001213285169	0.000124809132	0.0001258298511	0.0001293619171	0.0001298196203
	0.0001332249272	0.0001334832392	0.0001366118901	0.000137027183	0.0001398374898
	0.0001405132922	0.0001431382531	0.000143736493	0.0001464759132	0.0001462066062
	0.0001493874824	0.0001472550591	0.0001509454416	0.0001463672788	0.000150061357
	0.0001438331945	0.0001464585013	0.0001412694693	0.0001416838297	0.0001412294633
	0.0001387726345	0.0001404589336	0.0001404839614	0.0001134786787	0.0001246753555
	8.574176854e-05	9.445609727e-05	6.58573287e-05	7.160618301e-05	5.277325355e-05
	5.623180297e-05	4.457450357e-05	4.64518791e-05	3.972630108e-05	4.052777851e-05
	3.721893645e-05	3.72613892e-05	3.643921945e-05	3.590357537e-05	3.704504841e-05
	3.602426754e-05	3.887974243e-05	3.740941883e-05	4.192398246e-05	3.999898048e-05
	4.627766894e-05	4.385952882e-05	5.216621555e-05	4.918445427e-05	5.996992501e-05
	5.632013002e-05	7.026326706e-05	6.581683699e-05	8.335610598e-05	7.838048118e-05
	8.139605092e-05	8.951337114e-05	6.280202236e-05	6.795220585e-05	5.140570986e-05
	5.455603733e-05	4.424988346e-05	4.61707021e-05	3.987217045e-05	4.09311938e-05
	3.758737381e-05	3.79448046e-05	3.714349261e-05	3.683150437e-05	3.859227945e-05
	3.754290981e-05	4.224595991e-05	4.03032412e-05	4.861832442e-05	4.558224279e-05
	5.813486665e-05	5.393037557e-05	7.056148794e-05	6.565760216e-05	8.370235806e-05
	7.967893662e-05	9.410947612e-05	9.270369024e-05	0.0001012710286	0.0001021513669
	0.0001073496728	0.000109329713	0.000113615696	0.0001162162446	0.0001201795933
	0.0001233557868	0.0001267448813	0.0001305152702	0.000132961395	0.0001372857867
	0.0001385534482	0.0001433074992	0.0001434073207	0.0001483766572	0.0001476474242
	0.0001525337314	0.0001516345253	0.0001561028502	0.0001558447549	0.0001596089539
	0.0001606410338	0.0001635714496	0.0001659729139	0.0001682104668	0.0001710010528
	0.0001730618414	0.0001737534799	0.0001764612769	0.0001717430648	0.0001754299731
	0.0001648429119	0.0001681909736	0.0001569024432	0.0001579548918	0.0001529381671
	0.0001502465786	0.0001571551596	0.0001497526069	0.0001333847034	0.0001455367512
	9.901832229e-05	0.0001095999289	7.444465761e-05	8.157129393e-05	5.845590424e-05
	6.280111466e-05	4.853660598e-05	5.097762086e-05	4.267292991e-05	4.384127612e-05
	3.957690106e-05	3.986642083e-05	3.848245614e-05	3.811478067e-05	3.897281172e-05
	3.805892785e-05	4.086726645e-05	3.944504519e-05	4.416139856e-05	4.2214042e-05
	4.901047648e-05	4.647157997e-05	5.57514371e-05	5.249897093e-05	6.496972529e-05
	6.080892097e-05	7.761366346e-05	7.226021915e-05	9.452177756e-05	8.810742635e-05
	9.042131834e-05	0.0001000087142	6.88438097e-05	7.486698821e-05	5.578121768e-05
	5.947898515e-05	4.759176818e-05	4.989190502e-05	4.251458722e-05	4.385795629e-05
	3.971958779e-05	4.030538231e-05	3.887500657e-05	3.875887398e-05	3.998613039e-05
	3.911403937e-05	4.334939566e-05	4.156580523e-05	4.953196309e-05	4.659866586e-05
	5.918682358e-05	5.490171863e-05	7.265552388e-05	6.716208328e-05	8.867038594e-05
	8.317824723e-05	0.0001034309897	0.0001002620252	0.0001140326902	0.0001140828291
	0.0001220875559	0.0001239848598	0.0001298586744	0.0001326440429	0.0001379009082
	0.0001414365145	0.0001459107785	0.0001502600149	0.0001534267276	0.0001585921911
	0.0001600675393	0.0001659329136	0.0001656427355	0.0001719584435	0.0001702436658
	0.0001766225932	0.0001742767432	0.0001802180512	0.000178364303	0.0001833283382
	0.0001831054632	0.0001866300691	0.0001887369229	0.0001905912137	0.0001946383666
	0.000195088004	0.0001984866137	0.0001987784207	0.0001957915696	0.0001980913694
	0.0001846397676	0.0001887389109	0.0001711340005	0.0001738789058	0.0001623537398
	0.0001614701251	0.0001636612806	0.0001572857846	0.000152542126	0.0001615984803
	0.0001124947114	0.0001246898753	8.313067731e-05	9.15637288e-05	6.412984488e-05
	6.933016167e-05	5.243156438e-05	5.541725443e-05	4.551518204e-05	4.703469677e-05
	4.180246823e-05	4.232464542e-05	4.036555411e-05	4.015321707e-05	4.070647923e-05
	3.98904255e-05	4.2614661e-05	4.123768545e-05	4.609453948e-05	4.413142084e-05
	5.13509607e-05	4.871064872e-05	5.882941792e-05	5.534011315e-05	6.932923078e-05
	6.470118396e-05	8.42218099e-05	7.798899457e-05	0.0001050446577	9.71208784e-05
	9.867359419e-05	0.0001095935848	7.44182611e-05	8.126107152e-05	5.983784815e-05
	6.406861345e-05	5.068966448e-05	5.337207544e-05	4.494947801e-05	4.658926208e-05
	4.165735643e-05	4.248971919e-05	4.040744451e-05	4.051130444e-05	4.115770648e-05
	4.049535737e-05	4.417896109e-05	4.260232096e-05	5.006037832e-05	4.73122618e-05
	5.96260686e-05	5.541022882e-05	7.367407354e-05	6.786126556e-05	9.197974542e-05
	8.528618883e-05	0.0001113910699	0.0001061538703	0.0001268354482	0.0001254672748
	0.0001377685651	0.000139355935	0.0001474897572	0.0001502895718	0.0001574729387
	0.0001611159463	0.0001674702538	0.0001720815031	0.0001768575204	0.0001824953559
	0.0001850866906	0.0001916647969	0.0001917999693	0.0001990802653	0.0001969249365
	0.0002045002563	0.0002007375667	0.000208035084	0.0002038052781	0.0002101421136
	0.0002067781148	0.0002114723456	0.0002100928917	0.0002126099911	0.0002136276286
	0.0002137968793	0.0002160937711	0.000214588146	0.0002137427456	0.0002130016319
	0.0002018508868	0.0002044732155	0.0001847872905	0.0001881633332	0.0001718990883
	0.0001724394243	0.0001700023845	0.0001652876933	0.0001684430499	0.0001707655008
	0.0001249634872	0.000138194345	9.127376283e-05	0.000100807173	6.943721411e-05
	7.542400358e-05	5.602844561e-05	5.953814031e-05	4.807811077e-05	4.994231888e-05
	4.374470793e-05	4.449570213e-05	4.194704226e-05	4.188660378e-05	4.210657648e-05
	4.138603025e-05	4.397960649e-05	4.264880785e-05	4.75733317e-05	4.560191219e-05
	5.313340158e-05	5.041009775e-05	6.120303971e-05	5.75115363e-05	7.27867359e-05
	6.774607047e-05	8.969218103e-05	8.264637807e-05	0.0001142733445	0.0001048573038
	0.0001057226668	0.0001177086	7.930858885e-05	8.685853164e-05	6.345011742e-05
	6.816834087e-05	5.346428649e-05	5.651258403e-05	4.712448096e-05	4.905896861e-05
	4.336624353e-05	4.445226668e-05	4.172029734e-05	4.205808884e-05	4.209970844e-05
	4.166873662e-05	4.474325417e-05	4.340787745e-05	5.023733144e-05	4.77362933e-05
	5.951932092e-05	5.54922122e-05	7.371670424e-05	6.782920787e-05	9.357246866e-05
	8.604182654e-05	0.0001172730145	0.0001099679988	0.0001387859232	0.0001353271253
	0.00015367813	0.0001547448336	0.0001655748705	0.0001683050474	0.0001777751892
	0.0001812886275	0.0001901643112	0.0001947792423	0.0002018025107	0.0002076350834
	0.0002119636992	0.0002188873649	0.0002201120783	0.0002279070962	0.0002259308003
	0.0002342434801	0.0002294368115	0.0002377453095	0.0002309892481	0.0002386422652
	0.0002311514166	0.0002374608545	0.000230476506	0.0002348408699	0.0002293143903
	0.0002313636301	0.0002275402959	0.0002274029751	0.0002235840643	0.0002226098953
	0.0002131560396	0.0002143550614	0.0001960125421	0.0001993709868	0.0001811879093
	0.0001829321878	0.0001773611786	0.0001743687618	0.0001796654313	0.0001793859269
	0.000135227876	0.0001488599228	9.83505278e-05	0.000108705188	7.413990596e-05
	8.083722636e-05	5.918935327e-05	6.32148225e-05	5.025917337e-05	5.248183751e-05
	4.530919289e-05	4.630573309e-05	4.31304046e-05	4.323874058e-05	4.306916906e-05
	4.246204863e-05	4.484671312e-05	4.358343136e-05	4.846641245e-05	4.651508262e-05
	5.420343574e-05	5.143790053e-05	6.268149251e-05	5.884857326e-05	7.508629845e-05
	6.972378796e-05	9.363914173e-05	8.590813981e-05	0.0001215591079	0.0001107785571
	0.0001111511815	0.0001238214171	8.328814854e-05	9.137375866e-05	6.647857017e-05
	7.1604867e-05	5.582285917e-05	5.919835895e-05	4.897523506e-05	5.118636475e-05
	4.480128847e-05	4.613487846e-05	4.278364583e-05	4.335756934e-05	4.279599416e-05
	4.260628855e-05	4.504188936e-05	4.396848894e-05	5.008593166e-05	4.787491542e-05
	5.892265041e-05	5.517401665e-05	7.289457424e-05	6.714251289e-05	9.352197621e-05
	8.554949224e-05	0.0001205948346	0.0001115357828	0.0001488339608	0.0001426445169
	0.000169032776	0.0001693318918	0.0001827754605	0.0001853479899	0.0001972113134
	0.0001998661434	0.0002125638995	0.0002165267217	0.0002267629448	0.0002325815067
	0.0002388620674	0.0002459458312	0.0002484642924	0.0002564552547	0.0002550567059
	0.0002637591243	0.0002583648152	0.0002673675511	0.0002585315114	0.0002672874015
	0.000256020036	0.0002639651128	0.0002514820628	0.0002580991253	0.0002456774578
	0.0002505474652	0.0002393460741	0.0002422828607	0.0002324516124	0.000234013447
	0.0002223245977	0.0002246363459	0.0002064918738	0.0002106842225	0.000191421367
	0.0001945232704	0.000186588762	0.0001851799773	0.0001877405639	0.0001887653658
	0.0001425790518	0.0001558876009	0.000104094332	0.0001149267374	7.815353853e-05
	8.547104117e-05	6.187971268e-05	6.641722444e-05	5.20381497e-05	5.464431653e-05
	4.647433004e-05	4.774699847e-05	4.388880126e-05	4.419847071e-05	4.356025412e-05
	4.310217665e-05	4.51728435e-05	4.401856068e-05	4.871856112e-05	4.683889042e-05
	5.448845046e-05	5.174869344e-05	6.316382647e-05	5.928385903e-05	7.607363165e-05
	7.052558969e-05	9.579329895e-05	8.757718467e-05	0.0001263690941	0.0001144795072
	0.0001145891956	0.0001274813841	8.612940215e-05	9.452635968e-05	6.877162518e-05
	7.419177545e-05	5.765873619e-05	6.129793596e-05	5.042431385e-05	5.287507729e-05
	4.590581734e-05	4.746543526e-05	4.355710375e-05	4.435582842e-05	4.322085079e-05
	4.326930199e-05	4.506536787e-05	4.426043498e-05	4.962006271e-05	4.772334005e-05
	5.788112281e-05	5.448280861e-05	7.132842677e-05	6.587973159e-05	9.200231116e-05
	8.396266284e-05	0.0001211923337	0.0001109223683	0.000155765134	0.0001465359795
	0.0001826718074	0.0001818018154	0.0001954952017	0.0001973255841	0.0002105927447
	0.0002093019707	0.0002300895486	0.0002279325544	0.0002484616766	0.0002475362553
	0.0002615992756	0.0002607989209	0.0002727116699	0.0002719156822	0.000281340458
	0.0002830432439	0.00028551832	0.0002915436709	0.0002851305083	0.0002937453718
	0.0002809094156	0.000289923601	0.0002737144801	0.0002821627196	0.000264598126
	0.000271920065	0.0002548354681	0.000260644136	0.0002452935824	0.0002497050938
	0.0002343222357	0.0002388106842	0.0002185299704	0.000224080345	0.0002027091602
	0.0002067050346	0.000196024088	0.0001953124912	0.0001892956618	0.0001915109854
	0.0001464985736	0.0001583398936	0.0001083534046	0.0001191998008	8.14515387e-05
	8.924458099e-05	6.411138286e-05	6.913789406e-05	5.343850784e-05	5.644467929e-05
	4.72664455e-05	4.884395223e-05	4.42494658e-05	4.479473293e-05	4.360778338e-05
	4.333868461e-05	4.498659687e-05	4.398958481e-05	4.835838781e-05	4.661148774e-05
	5.401484885e-05	5.138196735e-05	6.266775563e-05	5.885372635e-05	7.573928109e-05
	7.017151333e-05	9.606374683e-05	8.761861367e-05	0.0001283742139	0.0001157523131
	0.0001157517471	0.0001283737928	8.761784607e-05	9.606298673e-05	7.017074314e-05
	7.573847377e-05	5.885300717e-05	6.266698735e-05	5.138130968e-05	5.401414115e-05
	4.661088796e-05	4.835774063e-05	4.398903519e-05	4.498600341e-05	4.333817687e-05
	4.360723515e-05	4.479425972e-05	4.424895476e-05	4.884350772e-05	4.726596519e-05
	5.644425822e-05	5.343805376e-05	6.913748048e-05	6.411094702e-05	8.924413161e-05
	8.145110862e-05	0.0001191991728	0.0001083529321	0.0001583387391	0.0001464978471
	0.0001915099432	0.0001892940952	0.0001953133468	0.0001960248266	0.0002067066331
	0.0002027110775	0.0002240830652	0.0002185328085	0.0002388139284	0.0002343250691
	0.000249708162	0.0002452961801	0.0002606473661	0.000254838341	0.0002719236559
	0.000264601384	0.0002821666329	0.0002737180244	0.0002899275916	0.0002809132033
	0.0002937488284	0.0002851345129	0.0002915447608	0.0002855222824	0.0002830420145
	0.0002813437914	0.0002719136477	0.0002727138985	0.0002607965103	0.0002616010166
	0.000247534308	0.0002484636568	0.0002279319062	0.0002300907628	0.0002093021623
	0.000210593495	0.0001973266393	0.0001954960692	0.000181803657	0.0001826735873
	0.0001465369628	0.0001557665084	0.000110922926	0.0001211930309	8.396308088e-05
	9.200274763e-05	6.588011936e-05	7.132879574e-05	5.448320422e-05	5.788148937e-05
	4.77237586e-05	4.962044972e-05	4.426088167e-05	4.50657807e-05	4.326978267e-05
	4.322129467e-05	4.435635042e-05	4.355758533e-05	4.746600664e-05	4.590634434e-05
	5.287570506e-05	5.042489385e-05	6.129862181e-05	5.765937364e-05	7.419250283e-05
	6.877231263e-05	9.452705422e-05	8.613009405e-05	0.000127481779	0.0001145897126
	0.0001144789169	0.000126368667	8.757636773e-05	9.57925033e-05	7.052475807e-05
	7.607277096e-05	5.928307443e-05	6.316299717e-05	5.174797051e-05	5.448767994e-05
	4.68382273e-05	4.871785202e-05	4.401795026e-05	4.517219011e-05	4.31016107e-05
	4.355964827e-05	4.419794178e-05	4.388823491e-05	4.774650098e-05	4.647379695e-05
	5.464384694e-05	5.203764712e-05	6.641677164e-05	6.187923972e-05	8.547059254e-05
	7.815311049e-05	0.0001149262256	0.00010409396	0.0001558868641	0.0001425786517
	0.0001887658961	0.0001877404333	0.0001851813655	0.0001865903621	0.0001945254581
	0.0001914236114	0.0002106869737	0.0002064941675	0.0002246388737	0.0002223263588
	0.0002340159228	0.000232453409	0.0002422858068	0.0002393483962	0.0002505508949
	0.0002456802183	0.0002581028388	0.0002514851615	0.0002639690299	0.0002560234686
	0.0002672915105	0.0002585352197	0.0002673717707	0.0002583686394	0.0002637632854
	0.0002550604747	0.0002564592043	0.0002484678993	0.0002459495472	0.0002388654711
	0.0002325848998	0.0002267660782	0.0002165294966	0.0002125665903	0.0001998682971
	0.0001972134404	0.0001853498006	0.0001827772272	0.0001693335764	0.0001690345209
	0.0001426455981	0.0001488352998	0.0001115363775	0.0001205955499	8.554988215e-05
	9.352239048e-05	6.714284826e-05	7.289489769e-05	5.517435231e-05	5.892296263e-05
	4.78752707e-05	5.008626103e-05	4.396886935e-05	4.504224169e-05	4.260669893e-05
	4.279637361e-05	4.335801591e-05	4.278405789e-05	4.613536831e-05	4.480173983e-05
	5.118690437e-05	4.897573256e-05	5.919895068e-05	5.582340723e-05	7.160549802e-05
	6.647916334e-05	9.137436644e-05	8.328874862e-05	0.0001238217684	0.000111151633
	0.0001107779726	0.0001215586931	8.590730816e-05	9.363834458e-05	6.972292476e-05
	7.508541707e-05	5.884774765e-05	6.268063022e-05	5.143713219e-05	5.42026259e-05
	4.651437249e-05	4.846566128e-05	4.358277382e-05	4.4846017e-05	4.246143621e-05
	4.306852104e-05	4.323816637e-05	4.312979754e-05	4.630519277e-05	4.530862184e-05
	5.248133151e-05	5.02586387e-05	6.321434588e-05	5.918886249e-05	8.083680201e-05
	7.413949133e-05	0.0001087048396	9.835024018e-05	0.0001488596745	0.0001352277434
	0.0001793869546	0.0001796662178	0.0001743702992	0.0001773627698	0.0001829342981
	0.0001811897724	0.0001993732364	0.0001960144057	0.0002143572849	0.0002131578206
	0.0002226123219	0.0002235860106	0.000227405734	0.000227542583	0.0002313665476
	0.0002293169958	0.000234843851	0.0002304794563	0.0002374639548	0.0002311546652
	0.0002386455299	0.0002309926303	0.0002377486795	0.0002294401595	0.0002342468311
	0.0002259340241	0.0002279103216	0.0002201151499	0.0002188904099	0.0002119665929
	0.0002076379101	0.0002018051711	0.0001947817744	0.0001901666694	0.0001812907256
	0.0001777771736	0.0001683067187	0.000165576496	0.0001547462426	0.0001536795252
	0.0001353281338	0.0001387870254	0.0001099685663	0.0001172736736	8.60421717e-05
	9.357284435e-05	6.782948953e-05	7.371698078e-05	5.549249155e-05	5.951958224e-05
	4.773658886e-05	5.023760612e-05	4.34081951e-05	4.474354928e-05	4.16690799e-05
	4.210002681e-05	4.20584626e-05	4.172064305e-05	4.445267672e-05	4.336662195e-05
	4.905942044e-05	4.712489778e-05	5.65130798e-05	5.346474548e-05	6.816887028e-05
	6.345061421e-05	8.685904285e-05	7.930909155e-05	0.0001177088974	0.000105723045
	0.0001048567561	0.0001142729583	8.264557045e-05	8.96914167e-05	6.774521122e-05
	7.278586839e-05	5.751070024e-05	6.120217512e-05	5.040930997e-05	5.313257862e-05
	4.560117739e-05	4.757256084e-05	4.264812277e-05	4.397888712e-05	4.138538886e-05
	4.210590372e-05	4.188600035e-05	4.194641056e-05	4.449513426e-05	4.374411421e-05
	4.994179217e-05	4.80775592e-05	5.953766836e-05	5.602795512e-05	7.542362585e-05
	6.943682341e-05	0.0001008069861	9.127354467e-05	0.0001381944531	0.0001249634996
	0.0001707665758	0.0001684435195	0.0001652890192	0.0001700036263	0.0001724410947
	0.0001719006491	0.0001881656233	0.000184789405	0.000204476198	0.0002018534803
	0.0002130047215	0.0002137454143	0.0002145908413	0.0002160962877	0.0002137991563
	0.0002136302686	0.0002126121228	0.000210095771	0.0002114745747	0.000206781038
	0.0002101444939	0.0002038080371	0.0002080375412	0.0002007401126	0.0002045026923
	0.0001969273227	0.0001990826154	0.0001918022468	0.0001916670319	0.0001850888594
	0.0001824974569	0.0001768595331	0.00017208343	0.0001674720484	0.0001611176095
	0.0001574744607	0.0001502909178	0.0001474909922	0.0001393570223	0.0001377695731
	0.0001254680785	0.0001268362558	0.0001061543488	0.0001113916095	8.528647587e-05
	9.198006399e-05	6.786149453e-05	7.367430138e-05	5.541045658e-05	5.962628186e-05
	4.731250374e-05	5.006060306e-05	4.260258241e-05	4.417920457e-05	4.049564035e-05
	4.115796986e-05	4.051161229e-05	4.040773033e-05	4.249005632e-05	4.165766861e-05
	4.658963271e-05	4.49498209e-05	5.337248105e-05	5.069004086e-05	6.40690453e-05
	5.983825408e-05	8.126148695e-05	7.44186699e-05	0.0001095938259	9.86738997e-05
	9.712039171e-05	0.0001050443157	7.798824681e-05	8.42211097e-05	6.470036449e-05
	6.932840967e-05	5.533929913e-05	5.882858091e-05	4.870987006e-05	5.135015048e-05
	4.413068645e-05	4.609377109e-05	4.123699514e-05	4.261393745e-05	3.988977538e-05
	4.070579827e-05	4.015260312e-05	4.036491212e-05	4.232406733e-05	4.180186389e-05
	4.703416459e-05	4.55146223e-05	5.541680056e-05	5.243107577e-05	6.932983285e-05
	6.412946802e-05	9.156362793e-05	8.313047328e-05	0.0001246900509	0.000112494678
	0.0001615991726	0.0001525419848	0.0001572867089	0.0001636621209	0.0001614715138
	0.0001623551088	0.0001738811815	0.0001711360089	0.0001887421014	0.0001846421705
	0.0001980947619	0.0001957938957	0.0001987808015	0.0001984887273	0.0001950895791
	0.0001946407255	0.0001905926913	0.0001887394032	0.0001866317265	0.0001831076275
	0.0001833300954	0.0001783660219	0.0001802197795	0.0001742781779	0.0001766242377
	0.0001702450081	0.0001719600095	0.0001656440809	0.0001659344192	0.000160068889
	0.0001585936349	0.000153428031	0.0001502613675	0.0001459119727	0.0001414377114
	0.0001379019376	0.0001326450189	0.0001298595107	0.0001239856185	0.0001220882242
	0.0001140833869	0.0001140332279	0.0001002623812	0.0001034313816	8.317846985e-05
	8.867063397e-05	6.71622632e-05	7.265570255e-05	5.490190095e-05	5.918699282e-05
	4.659886172e-05	4.953214411e-05	4.156601851e-05	4.334959452e-05	3.911427061e-05
	3.998634645e-05	3.875912505e-05	3.887524081e-05	4.03056562e-05	3.971984274e-05
	4.385825593e-05	4.251486588e-05	4.989223103e-05	4.759207227e-05	5.947932974e-05
	5.578154329e-05	7.48673164e-05	6.884413444e-05	0.0001000089025	9.042155779e-05
	8.810701273e-05	9.452149205e-05	7.225955636e-05	7.761305139e-05	6.080816982e-05
	6.496897785e-05	5.249820653e-05	5.575065397e-05	4.647083533e-05	4.900970227e-05
	4.221333006e-05	4.416065264e-05	3.944436916e-05	4.086655564e-05	3.805828648e-05
	3.897213675e-05	3.811417198e-05	3.848181546e-05	3.986584614e-05	3.957629461e-05
	4.384074721e-05	4.267236532e-05	5.097717535e-05	4.85361097e-05	6.280079912e-05
	5.84555142e-05	8.157116019e-05	7.444441095e-05	0.0001095999237	9.901818822e-05
	0.0001455367487	0.0001333844532	0.0001497533961	0.0001571560992	0.0001502479102
	0.0001529395211	0.0001579569162	0.0001569041614	0.0001681936365	0.0001648446514
	0.0001754323719	0.000171744359	0.0001764624574	0.0001737547202	0.0001730625261
	0.0001710028147	0.0001682114822	0.0001659746913	0.0001635727271	0.0001606422278
	0.0001596101515	0.0001558453951	0.000156103847	0.0001516349414	0.0001525345916
	0.0001476478584	0.0001483774754	0.0001434078562	0.0001433083311	0.0001385540812
	0.0001372866307	0.0001329620739	0.0001305160952	0.0001267455423	0.0001233565398
	0.0001201801861	0.0001162168659	0.000113616189	0.0001093301835	0.0001073500696
	0.0001021517064	0.0001012713521	9.270392144e-05	9.410972867e-05	7.96790958e-05
	8.370253323e-05	6.565773909e-05	7.056162045e-05	5.393051977e-05	5.813499741e-05
	4.558240087e-05	4.861846909e-05	4.030341463e-05	4.224612158e-05	3.75430982e-05
	3.859245621e-05	3.683170828e-05	3.714368408e-05	3.794502581e-05	3.758758123e-05
	4.093143404e-05	3.987239561e-05	4.617096117e-05	4.425012709e-05	5.455630805e-05
	5.140596792e-05	6.795245967e-05	6.280227607e-05	8.951351363e-05	8.139623418e-05
	7.8380143e-05	8.335588214e-05	6.58162717e-05	7.026275722e-05	5.631946515e-05
	5.99692725e-05	4.918375835e-05	5.216550864e-05	4.385883578e-05	4.627695151e-05
	3.999830652e-05	4.192327709e-05	3.740877052e-05	3.887905947e-05	3.602364656e-05
	3.704439172e-05	3.590298194e-05	3.643858978e-05	3.726082562e-05	3.721833474e-05
	4.052725553e-05	3.97257338e-05	4.645142879e-05	4.457399175e-05	5.62314651e-05
	5.277283049e-05	7.160597513e-05	6.585702322e-05	9.445598804e-05	8.574158216e-05
	0.0001246755409	0.0001134786542	0.0001404857729	0.000140460493	0.0001387744175
	0.0001412313255	0.0001416858974	0.0001412711309	0.0001464604351	0.000143834301
	0.0001500621869	0.0001463678149	0.0001509451973	0.0001472558252	0.0001493875182
	0.0001462079003	0.0001464766577	0.000143737542	0.0001431390387	0.00014051361
	0.0001398379066	0.0001370270261	0.0001366120387	0.0001334830045	0.0001332250258
	0.0001298194983	0.0001293620842	0.0001258298678	0.0001248093908	0.0001213286446
	0.0001195461292	0.0001162693398	0.0001137358759	0.0001107678703	0.0001076629909
	0.0001050568675	0.0001016566644	9.942166982e-05	9.597642888e-05	9.412838558e-05
	9.050234023e-05	8.925827679e-05	8.408670712e-05	8.423572068e-05	7.48374893e-05
	7.730836687e-05	6.327542438e-05	6.731456876e-05	5.244956224e-05	5.639365351e-05
	4.424035329e-05	4.727663587e-05	3.881208452e-05	4.08527989e-05	3.579248539e-05
	3.697699856e-05	3.475139933e-05	3.522671191e-05	3.544356157e-05	3.528750914e-05
	3.786317883e-05	3.706552577e-05	4.229275863e-05	4.073247414e-05	4.943936388e-05
	4.682409058e-05	6.077328617e-05	5.649532381e-05	7.864529916e-05	7.201195978e-05
	6.843665831e-05	7.211605647e-05	5.89589847e-05	6.250036056e-05	5.142957823e-05
	5.452095091e-05	4.554169443e-05	4.819960841e-05	4.099947955e-05	4.325363321e-05
	3.76059724e-05	3.947931353e-05	3.525293636e-05	3.675525273e-05	3.391575373e-05
	3.503791416e-05	3.366108084e-05	3.436643462e-05	3.467143332e-05	3.488128236e-05
	3.729250367e-05	3.686193297e-05	4.210667647e-05	4.078842311e-05	5.001888709e-05
	4.742330981e-05	6.228869516e-05	5.786887741e-05	8.018151296e-05	7.337531928e-05
	0.0001029774553	9.407213239e-05	0.0001195969914	0.0001137207487	0.0001218239677
	0.000120253139	0.0001225229194	0.0001207373951	0.0001240690334	0.00012127013
	0.0001257550971	0.0001222456099	0.0001270333047	0.000123349319	0.000127624631
	0.0001242538226	0.0001273641266	0.0001245584391	0.0001262194729	0.0001239237977
	0.0001243144815	0.0001222774831	0.0001217945592	0.0001197685704	0.0001186988855
	0.000116560972	0.0001149763186	0.0001127295702	0.000110593032	0.0001083092806
	0.0001056186195	0.0001033839536	0.0001002379698	9.812379773e-05	9.471027062e-05
	9.276339659e-05	8.931728989e-05	8.75580101e-05	8.43061788e-05	8.274365426e-05
	7.974730258e-05	7.846887043e-05	7.511663514e-05	7.455444936e-05	6.884733484e-05
	6.993768169e-05	5.995888486e-05	6.290548833e-05	5.040601383e-05	5.388595639e-05
	4.254575675e-05	4.546383571e-05	3.708577854e-05	3.915102676e-05	3.386934542e-05
	3.513901416e-05	3.253605686e-05	3.313617477e-05	3.283117302e-05	3.2843634e-05
	3.470017544e-05	3.413346884e-05	3.83317733e-05	3.710167147e-05	4.425357919e-05
	4.213985586e-05	5.356164239e-05	5.011029727e-05	6.788200602e-05	6.264450566e-05
	5.867499661e-05	6.125792477e-05	5.191242207e-05	5.45913259e-05	4.625362446e-05
	4.874810977e-05	4.163286371e-05	4.389988452e-05	3.793491847e-05	3.995536416e-05
	3.508026484e-05	3.684115244e-05	3.303362607e-05	3.452009511e-05	3.181010208e-05
	3.299861451e-05	3.148670726e-05	3.233684425e-05	3.222342972e-05	3.266592593e-05
	3.429768424e-05	3.421607314e-05	3.815209042e-05	3.73566837e-05	4.443721518e-05
	4.263793682e-05	5.397054603e-05	5.077688583e-05	6.730876969e-05	6.237286483e-05
	8.303835835e-05	7.674847427e-05	9.508362133e-05	8.969551563e-05	9.975734183e-05
	9.636081752e-05	0.0001014243313	9.869316421e-05	0.0001029010901	0.0001000456656
	0.0001048624373	0.0001017410691	0.0001073750427	0.0001041445947	0.000110091075
	0.0001070673542	0.0001123018043	0.0001098037665	0.0001133332486	0.0001114760169
	0.0001129207506	0.000111555126	0.0001111833517	0.0001100437165	0.0001083577165
	0.0001072344531	0.0001046362733	0.0001034359092	0.0001001763819	9.889342751e-05
	9.516138531e-05	9.38301139e-05	8.98243483e-05	8.84862106e-05	8.44278588e-05
	8.311704899e-05	7.923071289e-05	7.796856807e-05	7.445953559e-05	7.325527337e-05
	7.025400996e-05	6.913763666e-05	6.645422531e-05	6.562442055e-05	6.210652844e-05
	6.221407973e-05	5.571654137e-05	5.748424843e-05	4.77538285e-05	5.056419422e-05
	4.047976888e-05	4.314484338e-05	3.512126114e-05	3.712734599e-05	3.178345813e-05
	3.308274631e-05	3.020564429e-05	3.088869812e-05	3.013868875e-05	3.028392113e-05
	3.148834137e-05	3.111820929e-05	3.435861313e-05	3.342114762e-05	3.911454486e-05
	3.745407124e-05	4.652291641e-05	4.381979418e-05	5.76157835e-05	5.361538386e-05
	4.941122965e-05	5.11313414e-05	4.487020269e-05	4.678287687e-05	4.087621133e-05
	4.277318321e-05	3.747231023e-05	3.929650396e-05	3.464657145e-05	3.635933323e-05
	3.239510288e-05	3.396504025e-05	3.073418518e-05	3.213138176e-05	2.970942973e-05
	3.090007616e-05	2.940727926e-05	3.034724725e-05	2.997142542e-05	3.05973379e-05
	3.162553677e-05	3.184185175e-05	3.469827086e-05	3.436048003e-05	3.96267006e-05
	3.852816428e-05	4.685539411e-05	4.474813883e-05	5.640740609e-05	5.314962323e-05
	6.6883019e-05	6.284703165e-05	7.523734202e-05	7.145379421e-05	8.007539075e-05
	7.707945829e-05	8.294693384e-05	8.041397356e-05	8.551479982e-05	8.305394472e-05
	8.868287292e-05	8.610710351e-05	9.275229101e-05	9.009042019e-05	9.737176359e-05
	9.485822607e-05	0.000101606357	9.956954891e-05	0.0001044139337	0.0001030506705
	0.0001052316616	0.0001044667654	0.0001041126743	0.0001036913254	0.0001014252612
	0.0001010971068	9.756055871e-05	9.717562403e-05	9.284669615e-05	9.235068261e-05
	8.7576182e-05	8.696974362e-05	8.203405652e-05	8.133877968e-05	7.649540388e-05
	7.573578164e-05	7.120846424e-05	7.040389806e-05	6.638190104e-05	6.55428825e-05
	6.216995144e-05	6.130562522e-05	5.85856535e-05	5.777153395e-05	5.517940829e-05
	5.476853077e-05	5.070325077e-05	5.143351832e-05	4.448106187e-05	4.646585579e-05
	3.803594981e-05	4.030685343e-05	3.292556899e-05	3.478243339e-05	2.955368675e-05
	3.082413765e-05	2.778806692e-05	2.851127367e-05	2.74035957e-05	2.764554346e-05
	2.827846814e-05	2.806953215e-05	3.044546934e-05	2.975970799e-05	3.413160634e-05
	3.286731636e-05	3.983383813e-05	3.77805019e-05	4.813958262e-05	4.518043759e-05
	4.089693309e-05	4.198768585e-05	3.804145499e-05	3.933007719e-05	3.542144726e-05
	3.677547156e-05	3.310577813e-05	3.448043459e-05	3.112465284e-05	3.248424304e-05
	2.950970423e-05	3.082174469e-05	2.830347589e-05	2.953541317e-05	2.756731164e-05
	2.868304957e-05	2.739049933e-05	2.834605025e-05	2.790149029e-05	2.86390486e-05
	2.928023736e-05	2.972015828e-05	3.176458632e-05	3.179668019e-05	3.562578197e-05
	3.510837797e-05	4.104883618e-05	3.98412776e-05	4.782094835e-05	4.589686135e-05
	5.494624388e-05	5.256553966e-05	6.101063718e-05	5.864160754e-05	6.550810081e-05
	6.340174777e-05	6.9103489e-05	6.718227066e-05	7.275992651e-05	7.08400587e-05
	7.722304546e-05	7.517877281e-05	8.278052175e-05	8.063661867e-05	8.902446467e-05
	8.700185002e-05	9.485519995e-05	9.328991447e-05	9.898854225e-05	9.81110839e-05
	0.0001006661116	0.0001004351504	9.990197557e-05	0.0001000692286	9.716948303e-05
	9.746408905e-05	9.301993642e-05	9.326114937e-05	8.792255043e-05	8.802882635e-05
	8.226147932e-05	8.221507474e-05	7.636570829e-05	7.617793002e-05	7.052170233e-05
	7.021220503e-05	6.4971256e-05	6.455832406e-05	5.990915718e-05	5.940462337e-05
	5.548450813e-05	5.489262989e-05	5.17757559e-05	5.111851479e-05	4.86269717e-05
	4.80627296e-05	4.527557908e-05	4.530708718e-05	4.065279279e-05	4.17830417e-05
	3.52317785e-05	3.698484785e-05	3.052163678e-05	3.213989545e-05	2.721164128e-05
	2.83947858e-05	2.532200433e-05	2.604354114e-05	2.467239873e-05	2.497631829e-05
	2.51280427e-05	2.504574583e-05	2.666691662e-05	2.619118974e-05	2.940660818e-05
	2.84776321e-05	3.363799479e-05	3.212762223e-05	3.964443703e-05	3.752280076e-05
	3.331424378e-05	3.39775302e-05	3.164865443e-05	3.247257812e-05	3.007698108e-05
	3.09873574e-05	2.865850914e-05	2.962973571e-05	2.743088308e-05	2.84403067e-05
	2.643383819e-05	2.745855612e-05	2.571540744e-05	2.673022723e-05	2.533761684e-05
	2.631260482e-05	2.538291711e-05	2.628030505e-05	2.596085159e-05	2.673119568e-05
	2.721235595e-05	2.779018509e-05	2.930361263e-05	2.960464119e-05	3.238952179e-05
	3.231706044e-05	3.651339569e-05	3.598971676e-05	4.143926112e-05	4.047221341e-05
	4.65805235e-05	4.531579693e-05	5.132009767e-05	4.996534103e-05	5.551521917e-05
	5.41824803e-05	5.956434065e-05	5.822611047e-05	6.411354553e-05	6.267344637e-05
	6.974746051e-05	6.813514893e-05	7.665269746e-05	7.492282048e-05	8.428845541e-05
	8.267992426e-05	9.137229852e-05	9.023271733e-05	9.643611472e-05	9.600348346e-05
	9.861546991e-05	9.885170537e-05	9.793730081e-05	9.858982181e-05	9.497866857e-05
	9.576431523e-05	9.042355071e-05	9.114604482e-05	8.485302775e-05	8.541774865e-05
	7.872145831e-05	7.910273453e-05	7.238924464e-05	7.259491001e-05	6.614928781e-05
	6.619794504e-05	6.023793509e-05	6.014803631e-05	5.484008031e-05	5.462481062e-05
	5.009631442e-05	4.976051404e-05	4.610212133e-05	4.564955675e-05	4.283680277e-05
	4.23280524e-05	3.991996032e-05	3.962549347e-05	3.645877396e-05	3.688449019e-05
	3.212451037e-05	3.329242756e-05	2.795172048e-05	2.925431444e-05	2.480158847e-05
	2.584267634e-05	2.285553287e-05	2.353608955e-05	2.199838556e-05	2.233166487e-05
	2.209810553e-05	2.210951372e-05	2.309553228e-05	2.278896454e-05	2.50279847e-05
	2.43733618e-05	2.803995232e-05	2.696672012e-05	3.222606042e-05	3.075133242e-05
	2.676142312e-05	2.715136712e-05	2.588465216e-05	2.638922503e-05	2.50562802e-05
	2.563813868e-05	2.431980734e-05	2.496849837e-05	2.370818757e-05	2.441401868e-05
	2.32573871e-05	2.400943323e-05	2.301010766e-05	2.379460766e-05	2.301947655e-05
	2.381766114e-05	2.335315279e-05	2.413847078e-05	2.409670268e-05	2.483175299e-05
	2.5352988e-05	2.598700888e-05	2.723052573e-05	2.769963788e-05	2.980924178e-05
	3.004486718e-05	3.307616721e-05	3.302861392e-05	3.686127231e-05	3.65327227e-05
	4.087098932e-05	4.032551938e-05	4.487879072e-05	4.419929746e-05	4.892639412e-05
	4.815257067e-05	5.335806877e-05	5.246438201e-05	5.870085462e-05	5.762434872e-05
	6.542495052e-05	6.413321476e-05	7.357623114e-05	7.216074283e-05	8.242405102e-05
	8.115308025e-05	9.048274834e-05	8.971453128e-05	9.614671762e-05	9.610951929e-05
	9.852449195e-05	9.916440744e-05	9.770593915e-05	9.875934117e-05	9.43756917e-05
	9.555183874e-05	8.932838777e-05	9.042440314e-05	8.323053793e-05	8.414706151e-05
	7.658603116e-05	7.729564245e-05	6.977428098e-05	7.028535169e-05	6.308977292e-05
	6.342210821e-05	5.676436197e-05	5.693735974e-05	5.097753677e-05	5.100546197e-05
	4.586450095e-05	4.57538406e-05	4.152159786e-05	4.127251118e-05	3.797830739e-05
	3.761125163e-05	3.506538318e-05	3.470851688e-05	3.221767333e-05	3.221185551e-05
	2.882866605e-05	2.944477954e-05	2.52793863e-05	2.621728671e-05	2.237729757e-05
	2.323067043e-05	2.044139898e-05	2.104605192e-05	1.943586644e-05	1.976865205e-05
	1.924654725e-05	1.93207119e-05	1.979430222e-05	1.961773832e-05	2.106296475e-05
	2.062435514e-05	2.310099535e-05	2.236675436e-05	2.589878392e-05	2.490561086e-05
	2.125085325e-05	2.147397087e-05	2.087127019e-05	2.117008751e-05	2.053814531e-05
	2.089570156e-05	2.028394081e-05	2.069851027e-05	2.013669076e-05	2.060717989e-05
	2.012735084e-05	2.065208861e-05	2.029152835e-05	2.086702807e-05	2.067114631e-05
	2.129015699e-05	2.131623283e-05	2.196501097e-05	2.228580418e-05	2.294101136e-05
	2.364516594e-05	2.427155335e-05	2.545511945e-05	2.600610773e-05	2.774932469e-05
	2.817375153e-05	3.050519862e-05	3.076260392e-05	3.363500128e-05	3.371135798e-05
	3.703540068e-05	3.694362273e-05	4.069111289e-05	4.045025026e-05	4.476754545e-05
	4.437523653e-05	4.963326889e-05	4.905338529e-05	5.57773198e-05	5.495896322e-05
	6.357477509e-05	6.251344789e-05	7.290349259e-05	7.172798068e-05	8.280639799e-05
	8.181613612e-05	9.159689215e-05	9.115426592e-05	9.758854311e-05	9.789891836e-05
	9.992889781e-05	0.0001009138137	9.880503886e-05	0.0001001890995	9.500677542e-05
	9.649574286e-05	8.941807252e-05	9.0807578e-05	8.276755261e-05	8.395781995e-05
	7.559115515e-05	7.65561386e-05	6.827778461e-05	6.902835227e-05	6.112096025e-05
	6.167923568e-05	5.435027308e-05	5.473698009e-05	4.814484756e-05	4.837490957e-05
	4.263975646e-05	4.27208077e-05	3.79300745e-05	3.786314116e-05	3.40588359e-05
	3.385128108e-05	3.09501725e-05	3.066175142e-05	2.828177823e-05	2.810318249e-05
	2.552647379e-05	2.573284175e-05	2.258924207e-05	2.316190398e-05	1.999778155e-05
	2.063434786e-05	1.813123386e-05	1.86321826e-05	1.703359827e-05	1.733991398e-05
	1.66209959e-05	1.672960449e-05	1.680944482e-05	1.672642066e-05	1.755180765e-05
	1.727563392e-05	1.88393937e-05	1.83578319e-05	2.061423143e-05	1.996715562e-05
	1.672478985e-05	1.684946084e-05	1.664672108e-05	1.681909351e-05	1.662770074e-05
	1.684108623e-05	1.66949596e-05	1.695153114e-05	1.687473714e-05	1.717770364e-05
	1.719581043e-05	1.754886025e-05	1.768948779e-05	1.809605411e-05	1.838908215e-05
	1.885087348e-05	1.932906248e-05	1.984363063e-05	2.05435932e-05	2.110114326e-05
	2.206354246e-05	2.264401215e-05	2.39107847e-05	2.448302088e-05	2.609097996e-05
	2.661615621e-05	2.859144869e-05	2.903186783e-05	3.13961594e-05	3.172357862e-05
	3.45272903e-05	3.472341104e-05	3.810356424e-05	3.815066195e-05	4.238926906e-05
	4.225647012e-05	4.779945259e-05	4.743756519e-05	5.480676662e-05	5.4170083e-05
	6.368742901e-05	6.279571956e-05	7.41255886e-05	7.314426669e-05	8.492176086e-05
	8.417721832e-05	9.422410994e-05	9.407094637e-05	0.0001003261442	0.000100939127
	0.0001024619504	0.0001037377004	0.0001009315653	0.0001025862145	9.661754793e-05
	9.835718705e-05	9.047098784e-05	9.20925363e-05	8.326277023e-05	8.46680606e-05
	7.55478008e-05	7.671340467e-05	6.771932492e-05	6.865922354e-05	6.007054028e-05
	6.080959681e-05	5.283247475e-05	5.339297834e-05	4.618897656e-05	4.658622531e-05
	4.028024126e-05	4.052216818e-05	3.520254453e-05	3.529142404e-05	3.099981377e-05
	3.094026304e-05	2.762966491e-05	2.745316103e-05	2.489851004e-05	2.470756351e-05
	2.244107934e-05	2.242494989e-05	1.998731664e-05	2.02563568e-05	1.772389622e-05
	1.813986126e-05	1.597091982e-05	1.635100632e-05	1.483004025e-05	1.50895913e-05
	1.425429178e-05	1.4372949e-05	1.416677755e-05	1.414488324e-05	1.450677875e-05
	1.434607748e-05	1.523610167e-05	1.493490717e-05	1.628163391e-05	1.587473302e-05
	1.308027291e-05	1.314823731e-05	1.317959242e-05	1.327673237e-05	1.335223422e-05
	1.347666702e-05	1.362407745e-05	1.377919438e-05	1.40222251e-05	1.421277777e-05
	1.457621704e-05	1.480828175e-05	1.53165816e-05	1.559737559e-05	1.627217063e-05
	1.660925075e-05	1.746656832e-05	1.786602345e-05	1.891434262e-05	1.93778292e-05
	2.061858561e-05	2.113972923e-05	2.257188563e-05	2.313338642e-05	2.476378746e-05
	2.53372511e-05	2.719670535e-05	2.774648711e-05	2.991066679e-05	3.039877459e-05
	3.301610104e-05	3.340411662e-05	3.672893018e-05	3.697453526e-05	4.139512871e-05
	4.144578433e-05	4.747336035e-05	4.726820259e-05	5.54149376e-05	5.491304632e-05
	6.537911802e-05	6.462451847e-05	7.683095986e-05	7.602437353e-05	8.834758078e-05
	8.782925814e-05	9.796724491e-05	9.807319084e-05	0.000104014247	0.0001048873285
	0.0001058421495	0.0001073577964	0.0001038610616	0.0001057324338	9.902427285e-05
	0.0001009614545	9.232800521e-05	9.413091307e-05	8.45690556e-05	8.614218426e-05
	7.631323379e-05	7.76358121e-05	6.795781615e-05	6.904669168e-05	5.979939288e-05
	6.068216294e-05	5.207520492e-05	5.277594354e-05	4.497836379e-05	4.551274915e-05
	3.865825625e-05	3.903388256e-05	3.321529691e-05	3.343482837e-05	2.869135482e-05
	2.875946638e-05	2.505165493e-05	2.498924159e-05	2.215816883e-05	2.202488377e-05
	1.976086495e-05	1.967125571e-05	1.759473206e-05	1.766683438e-05	1.561648123e-05
	1.583958125e-05	1.399807624e-05	1.425429685e-05	1.285149315e-05	1.305165396e-05
	1.21636625e-05	1.22734837e-05	1.187251315e-05	1.188493685e-05	1.191597356e-05
	1.183188144e-05	1.224439499e-05	1.206590044e-05	1.278678885e-05	1.25405819e-05
	1.019335116e-05	1.022931631e-05	1.039419651e-05	1.044760038e-05	1.068004717e-05
	1.075106757e-05	1.107742458e-05	1.116946035e-05	1.161571784e-05	1.173367049e-05
	1.232706563e-05	1.247768449e-05	1.324384996e-05	1.343605278e-05	1.439426211e-05
	1.463905015e-05	1.579632284e-05	1.61057881e-05	1.745213378e-05	1.78370151e-05
	1.934603308e-05	1.981165353e-05	2.145147002e-05	2.199285234e-05	2.374957209e-05
	2.434785954e-05	2.625688267e-05	2.68791e-05	2.905594666e-05	2.965777578e-05
	3.232301912e-05	3.285178264e-05	3.634927251e-05	3.674419466e-05	4.154617294e-05
	4.173768285e-05	4.84026242e-05	4.832132675e-05	5.733048371e-05	5.69426148e-05
	6.834146493e-05	6.771793315e-05	8.067615704e-05	8.004334025e-05	9.274119627e-05
	9.243785149e-05	0.0001025065977	0.0001028457683	0.0001083811672	0.0001094734896
	0.0001098534586	0.0001115594371	0.0001074232614	0.000109460216	0.0001020870671
	0.0001041724611	9.486565459e-05	9.680436973e-05	8.656854884e-05	8.826826981e-05
	7.776976616e-05	7.921161757e-05	6.887458096e-05	7.007747722e-05	6.018904115e-05
	6.11829798e-05	5.196191482e-05	5.277293037e-05	4.439916121e-05	4.504360575e-05
	3.766169056e-05	3.814662652e-05	3.185586625e-05	3.218344585e-05	2.702159223e-05
	2.71964757e-05	2.312182516e-05	2.316087194e-05	2.003748408e-05	1.998089173e-05
	1.757663985e-05	1.749537183e-05	1.552039418e-05	1.550145321e-05	1.373405352e-05
	1.381928607e-05	1.224141762e-05	1.238699361e-05	1.111244974e-05	1.12496174e-05
	1.035259868e-05	1.044138087e-05	9.917067851e-06	9.943722305e-06	9.749918405e-06
	9.712454867e-06	9.800648362e-06	9.70126065e-06	1.000750884e-05	9.864712712e-06
	7.937373757e-06	7.955701777e-06	8.19462414e-06	8.223144802e-06	8.545344011e-06
	8.584979719e-06	9.017504526e-06	9.071218561e-06	9.643276013e-06	9.715540177e-06
	1.04582433e-05	1.055564327e-05	1.149828405e-05	1.163025631e-05	1.279396167e-05
	1.297337655e-05	1.436282648e-05	1.460585561e-05	1.620205099e-05	1.65264265e-05
	1.828664384e-05	1.870746158e-05	2.057987157e-05	2.110309904e-05	2.30591696e-05
	2.367492455e-05	2.575272588e-05	2.643151743e-05	2.877538324e-05	2.946893538e-05
	3.235415332e-05	3.299899018e-05	3.683926273e-05	3.736003299e-05	4.269141328e-05
	4.300538951e-05	5.041057686e-05	5.044354006e-05	6.033935087e-05	6.006897166e-05
	7.23084351e-05	7.183177984e-05	8.538432465e-05	8.493335642e-05	9.782012633e-05
	9.772850587e-05	0.0001075826363	0.0001081323699	0.0001132117391	0.0001144827468
	0.0001143253858	0.0001161720784	0.0001114806042	0.0001136323752	0.0001056893866
	0.0001078742322	9.797701645e-05	0.0001000077898	8.91563092e-05	9.094384693e-05
	7.981149887e-05	8.133765179e-05	7.036289134e-05	7.164746886e-05	6.113357421e-05
	6.220831902e-05	5.238927997e-05	5.328222242e-05	4.435132677e-05	4.507996941e-05
	3.719265924e-05	3.776382396e-05	3.10257565e-05	3.144060816e-05	2.588897147e-05
	2.615132e-05	2.173981162e-05	2.186425087e-05	1.846188005e-05	1.847937898e-05
	1.588592561e-05	1.584531944e-05	1.382468978e-05	1.378589356e-05	1.212509433e-05
	1.213546599e-05	1.072101743e-05	1.078358045e-05	9.616954015e-06	9.696676434e-06
	8.813624014e-06	8.876023764e-06	8.279627863e-06	8.307340019e-06	7.968366844e-06
	7.956231643e-06	7.833755286e-06	7.782400003e-06	7.824648681e-06	7.745676135e-06
	6.194308539e-06	6.20321449e-06	6.481832908e-06	6.496554891e-06	6.868630292e-06
	6.8902335e-06	7.384309313e-06	7.415217667e-06	8.063811884e-06	8.107880049e-06
	8.946427341e-06	9.009704976e-06	1.007251163e-05	1.016428847e-05	1.147738375e-05
	1.161133291e-05	1.318264604e-05	1.337751225e-05	1.518748604e-05	1.546619336e-05
	1.74660014e-05	1.78517375e-05	1.997873613e-05	2.048739086e-05	2.27030541e-05
	2.333379515e-05	2.567659359e-05	2.640472411e-05	2.903858553e-05	2.981410983e-05
	3.305499876e-05	3.380640437e-05	3.812082908e-05	3.876129768e-05	4.472828347e-05
	4.516537342e-05	5.336229482e-05	5.352102249e-05	6.424940063e-05	6.412565779e-05
	7.707235854e-05	7.676637665e-05	9.072180601e-05	9.047258568e-05	0.0001033461704
	0.0001034690959	0.0001129841249	0.0001137228856	0.0001183326118	0.0001197412919
	0.000119116669	0.0001210542202	0.0001159131529	0.0001181281437	0.0001097246331
	0.0001119597371	0.0001015603779	0.0001036397392	9.223145225e-05	9.406878207e-05
	8.233739885e-05	8.391398777e-05	7.232241231e-05	7.365753566e-05	6.2534999e-05
	6.366116951e-05	5.326317208e-05	5.421020892e-05	4.474517318e-05	4.553223044e-05
	3.716491543e-05	3.77992588e-05	3.063949575e-05	3.112141415e-05	2.520540338e-05
	2.553716119e-05	2.081405308e-05	2.100797386e-05	1.734522983e-05	1.742698327e-05
	1.463496897e-05	1.464212521e-05	1.250892006e-05	1.248525559e-05	1.081444497e-05
	1.079942846e-05	9.447692925e-06	9.461396033e-06	8.360314211e-06	8.395806111e-06
	7.53084818e-06	7.567555247e-06	6.931984596e-06	6.953686029e-06	6.525699411e-06
	6.525126809e-06	6.271982572e-06	6.247866088e-06	6.128905319e-06	6.087592307e-06
	4.860348047e-06	4.864422632e-06	5.163488808e-06	5.170796077e-06	5.569789555e-06
	5.58128545e-06	6.110400911e-06	6.127996667e-06	6.822802046e-06	6.849710764e-06
	7.749945644e-06	7.791517112e-06	8.937239167e-06	9.002196106e-06	1.042657724e-05
	1.052858324e-05	1.224736004e-05	1.240645122e-05	1.440675425e-05	1.464942642e-05
	1.688544217e-05	1.724148654e-05	1.964828066e-05	2.014287839e-05	2.267635387e-05
	2.331852549e-05	2.601522024e-05	2.678726149e-05	2.982152309e-05	3.067468985e-05
	3.438894179e-05	3.52468015e-05	4.014199524e-05	4.09093502e-05	4.758232075e-05
	4.81604066e-05	5.713761822e-05	5.745825139e-05	6.891515242e-05	6.897485974e-05
	8.245630468e-05	8.235977507e-05	9.648218717e-05	9.646410956e-05	0.0001091196324
	0.0001094624198	0.0001185390163	0.0001194450615	0.0001236008385	0.0001251060189
	0.0001241041849	0.0001260835994	0.0001206104039	0.0001228362238	0.0001140890388
	0.0001163252294	0.000105514252	0.0001075987998	9.56936285e-05	9.754304158e-05
	8.5248586e-05	8.684237131e-05	7.465685399e-05	7.601217967e-05	6.430094875e-05
	6.544984164e-05	5.449622239e-05	5.546977629e-05	4.549872261e-05	4.631810154e-05
	3.750113934e-05	3.817495366e-05	3.062228876e-05	3.115063507e-05	2.489537981e-05
	2.527883526e-05	2.026573591e-05	2.051389645e-05	1.660738767e-05	1.674183072e-05
	1.375446809e-05	1.38061837e-05	1.153474135e-05	1.153857939e-05	9.795695103e-06
	9.783725934e-06	8.420099454e-06	8.414707904e-06	7.330837287e-06	7.339388776e-06
	6.482285781e-06	6.498555327e-06	5.841429344e-06	5.854751975e-06	5.374679743e-06
	5.377730839e-06	5.047307711e-06	5.037411709e-06	4.824245476e-06	4.804088469e-06
	3.84771357e-06	3.849435954e-06	4.158559766e-06	4.162025057e-06	4.575152852e-06
	4.581123717e-06	5.129978555e-06	5.139921198e-06	5.862734929e-06	5.879255041e-06
	6.819846662e-06	6.847521241e-06	8.052056743e-06	8.098752179e-06	9.609126107e-06
	9.687847354e-06	1.153120978e-05	1.16621605e-05	1.383860803e-05	1.405033064e-05
	1.652573225e-05	1.685316547e-05	1.956923354e-05	2.004635238e-05	2.295875097e-05
	2.360575186e-05	2.674714961e-05	2.755657613e-05	3.110146503e-05	3.203016832e-05
	3.633018912e-05	3.730113815e-05	4.286806177e-05	4.378148786e-05	5.119300733e-05
	5.194936044e-05	6.164029836e-05	6.217212267e-05	7.421881325e-05	7.45141965e-05
	8.829470982e-05	8.845976915e-05	0.0001024857186	0.000102732734	0.0001149750873
	0.0001155427529	0.000124107083	0.0001251581266	0.0001288962546	0.0001304576418
	0.0001291770206	0.0001311519734	0.0001254677921	0.0001276530252	0.0001186795618
	0.0001208688038	0.0001097366249	0.000111783684	9.944275409e-05	0.0001012672415
	8.844811205e-05	9.002672132e-05	7.727356693e-05	7.861976897e-05	6.634395928e-05
	6.748784243e-05	5.600667315e-05	5.697977757e-05	4.653604668e-05	4.736162652e-05
	3.813076254e-05	3.881967203e-05	3.090750324e-05	3.146074972e-05	2.489367231e-05
	2.531068031e-05	2.002816558e-05	2.031560101e-05	1.617941793e-05	1.635485037e-05
	1.317775453e-05	1.326726778e-05	1.084890616e-05	1.088178884e-05	9.038163544e-06
	9.041522404e-06	7.622210086e-06	7.616831279e-06	6.510886829e-06	6.508703129e-06
	5.642249776e-06	5.645949498e-06	4.973197479e-06	4.979015102e-06	4.469067423e-06
	4.471870348e-06	4.097895128e-06	4.094624471e-06	3.828975823e-06	3.820046976e-06
	3.08427127e-06	3.084921735e-06	3.398738286e-06	3.400289563e-06	3.820677538e-06
	3.823692869e-06	4.383666916e-06	4.389239932e-06	5.129289834e-06	5.139469895e-06
	6.107188916e-06	6.125757309e-06	7.373517565e-06	7.407294458e-06	8.986735556e-06
	9.047563155e-06	1.100002661e-05	1.11072955e-05	1.345133946e-05	1.363415678e-05
	1.635587494e-05	1.665273318e-05	1.971050894e-05	2.016347338e-05	2.352009433e-05
	2.416201256e-05	2.784571215e-05	2.868363564e-05	3.285732335e-05	3.385991354e-05
	3.886170545e-05	3.995774354e-05	4.62761797e-05	4.736724041e-05	5.550693824e-05
	5.649755024e-05	6.680529467e-05	6.760888228e-05	8.004182444e-05	8.064225746e-05
	9.443616534e-05	9.492259652e-05	0.000108578002	0.000109124103	0.0001207770463
	0.0001215722544	0.0001295743118	0.0001307476401	0.0001341170378	0.0001356963716
	0.0001342348954	0.0001361626839	0.000130385906	0.0001324823952	0.000123394867
	0.0001254915813	0.0001141264353	0.0001160950713	0.000103380391	0.0001051443721
	9.18420039e-05	9.337447512e-05	8.008417768e-05	8.139343584e-05	6.858169148e-05
	6.969435149e-05	5.771816391e-05	5.866512089e-05	4.778652527e-05	4.859285359e-05
	3.898857605e-05	3.966806595e-05	3.143459061e-05	3.199044898e-05	2.514277561e-05
	2.55743853e-05	2.004453011e-05	2.035599434e-05	1.600350559e-05	1.62082438e-05
	1.284702518e-05	1.296649031e-05	1.039853497e-05	1.045756608e-05	8.500662584e-06
	8.522716175e-06	7.025868466e-06	7.029735772e-06	5.87720346e-06	5.875499881e-06
	4.983515926e-06	4.98263028e-06	4.292809848e-06	4.293948038e-06	3.765593545e-06
	3.766915286e-06	3.369369056e-06	3.368648282e-06	3.075344031e-06	3.071946555e-06
	2.512039094e-06	2.512243818e-06	2.828121649e-06	2.828759126e-06	3.25282358e-06
	3.254282352e-06	3.820574186e-06	3.823638113e-06	4.574547484e-06	4.580764497e-06
	5.567346276e-06	5.579715417e-06	6.860457668e-06	6.884645604e-06	8.521490345e-06
	8.567801527e-06	1.06183204e-05	1.070448741e-05	1.321042394e-05	1.336466374e-05
	1.634073333e-05	1.660325655e-05	2.003591644e-05	2.045566338e-05	2.432523378e-05
	2.494886091e-05	2.928140709e-05	3.013546535e-05	3.506959585e-05	3.614300553e-05
	4.197284116e-05	4.320971235e-05	5.03473459e-05	5.166181661e-05	6.049344453e-05
	6.178080102e-05	7.25621133e-05	7.3716354e-05	8.626802024e-05	8.725341582e-05
	0.000100742073	0.0001016106673	0.000114627139	0.0001155013822	0.0001264154591
	0.0001274361859	0.0001348483911	0.0001361203846	0.0001391769353	0.0001407383059
	0.0001391889219	0.0001410286448	0.0001352710919	0.0001372349269	0.0001281371243
	0.0001300988855	0.0001185854466	0.0001204369755	0.0001074113172	0.0001090809313
	9.534041295e-05	9.679735096e-05	8.300533781e-05	8.42514835e-05	7.093735147e-05
	7.199435496e-05	5.955986461e-05	6.045671007e-05	4.918462836e-05	4.994758167e-05
	4.001398528e-05	4.066009876e-05	3.214764492e-05	3.268353495e-05	2.559075039e-05
	2.601723062e-05	2.026535806e-05	2.058492264e-05	1.603096894e-05	1.625302191e-05
	1.271389765e-05	1.285501736e-05	1.013715293e-05	1.021770047e-05	8.141922307e-06
	8.181916702e-06	6.597538625e-06	6.61372217e-06	5.402196847e-06	5.406713254e-06
	4.478582955e-06	4.478954454e-06	3.768052373e-06	3.76792619e-06	3.225482405e-06
	3.22570635e-06	2.815303662e-06	2.815234879e-06	2.508324326e-06	2.507343863e-06
	2.085230384e-06	2.085274939e-06	2.401995837e-06	2.402217408e-06	2.828115352e-06
	2.828757552e-06	3.398677002e-06	3.400264379e-06	4.158220553e-06	4.161855824e-06
	5.162058458e-06	5.16999455e-06	6.476808522e-06	6.493505859e-06	8.179350104e-06
	8.213294852e-06	1.035332845e-05	1.04198565e-05	1.308288432e-05	1.320786296e-05
	1.644524931e-05	1.666841633e-05	2.050743021e-05	2.088249798e-05	2.533528889e-05
	2.592280969e-05	3.102034523e-05	3.187127767e-05	3.771579763e-05	3.88498326e-05
	4.565159904e-05	4.704186814e-05	5.506005907e-05	5.664625963e-05	6.611819023e-05
	6.776998941e-05	7.882830043e-05	8.04161773e-05	9.277614221e-05	9.422097367e-05
	0.0001070799064	0.0001083771957	0.0001205166747	0.0001217313016	0.0001317979481
	0.0001330292249	0.0001398516392	0.0001411917474	0.0001439998665	0.0001455047627
	0.0001439580337	0.0001456649245	0.0001400331891	0.0001418203949	0.0001328103841
	0.0001345937897	0.0001230167235	0.000124710646	0.0001114419472	0.0001129811409
	9.885599226e-05	0.0001002059881	8.595713703e-05	8.711257724e-05	7.333822636e-05
	7.431446849e-05	6.146517573e-05	6.228791211e-05	5.066871285e-05	5.136438987e-05
	4.114969661e-05	4.173842937e-05	3.299371486e-05	3.348636032e-05	2.618899192e-05
	2.658931293e-05	2.064577449e-05	2.09560448e-05	1.621945491e-05	1.644564484e-05
	1.273753341e-05	1.289110554e-05	1.002543951e-05	1.012173355e-05	7.925179296e-06
	7.98033023e-06	6.304326756e-06	6.332645303e-06	5.05698219e-06	5.069606068e-06
	4.100335151e-06	4.104941276e-06	3.369936897e-06	3.371172427e-06	2.81540141e-06
	2.815628889e-06	2.397171034e-06	2.39719099e-06	2.084019909e-06	2.083863482e-06
	1.768207506e-06	1.768207572e-06	2.085230494e-06	2.085274921e-06	2.512038568e-06
	2.512244227e-06	3.084256265e-06	3.084919007e-06	3.847603727e-06	3.849401473e-06
	4.859816949e-06	4.864220778e-06	6.192291294e-06	6.202360423e-06	7.930927938e-06
	7.95275911e-06	1.017547793e-05	1.022064921e-05	1.30367299e-05	1.312595588e-05
	1.663160009e-05	1.679919664e-05	2.107791361e-05	2.137523497e-05	2.649281558e-05
	2.698685671e-05	3.299846091e-05	3.3761041e-05	4.073138433e-05	4.181759558e-05
	4.983070105e-05	5.125771603e-05	6.033719695e-05	6.207610541e-05	7.226594562e-05
	7.416960599e-05	8.544169238e-05	8.734917702e-05	9.937667769e-05	0.0001011537873
	0.0001132675597	0.0001148490444	0.000126095383	0.0001274947378	0.0001368034026
	0.0001380887988	0.0001444774162	0.0001457344804	0.0001484775912	0.0001497786239
	0.000148425613	0.0001498498511	0.0001445432385	0.0001460043995	0.000137278616
	0.0001387344257	0.0001272843181	0.0001286769916	0.0001153431014	0.0001166196479
	0.0001022708031	0.0001033969114	8.883460138e-05	8.979883644e-05	7.569167101e-05
	7.650192632e-05	6.335171796e-05	6.40277346e-05	5.216432328e-05	5.27295861e-05
	4.232756525e-05	4.280266465e-05	3.391050089e-05	3.43093262e-05	2.688130181e-05
	2.721089357e-05	2.113577151e-05	2.139931758e-05	1.652453115e-05	1.672538569e-05
	1.287798289e-05	1.302232598e-05	1.002699858e-05	1.012412948e-05	7.817145011e-06
	7.877997642e-06	6.115909419e-06	6.151084053e-06	4.813944083e-06	4.832438782e-06
	3.822948125e-06	3.831582763e-06	3.072620702e-06	3.07601915e-06	2.507451535e-06
	2.508451269e-06	2.083871307e-06	2.08403307e-06	1.767972561e-06	1.767972664e-06
	
