4225	
	-7685.735069	-7685.141567	-7685.851183	-7687.970681	-7686.32743
	-7685.621105	-7685.873539	-7683.460798	-7685.577213	-7685.137156
	-7687.212973	-7689.216994	-7694.674984	-7690.586376	-7685.235915
	-7683.605896	-7686.227174	-7683.40239	-7676.735234	-7680.838582
	-7681.087473	-7698.897568	-7703.979749	-7692.463364	-7695.865573
	-7684.351578	-7685.587068	-7687.810253	-7690.413009	-7681.389953
	-7677.385967	-7677.926057	-7682.164476	-7672.406192	-7667.042674
	-7673.488379	-7699.974303	-7703.119169	-7711.199543	-7708.026555
	-7693.113582	-7696.33892	-7687.553004	-7689.566666	-7683.170114
	-7678.812246	-7684.752552	-7679.74841	-7668.710787	-7658.972334
	-7675.500866	-7664.795835	-7674.393322	-7662.68496	-7669.964137
	-7705.528031	-7705.530048	-7709.152042	-7711.955994	-7691.958357
	-7693.522674	-7698.765021	-7700.323382	-7682.043646	-7687.903797
	-7686.246946	-7681.011956	-7660.574687	-7661.481615	-7657.863196
	-7660.646593	-7663.377143	-7672.451527	-7676.477182	-7671.398953
	-7677.600423	-7666.445347	-7668.106941	-7702.21821	-7694.903736
	-7688.382431	-7702.359488	-7694.249992	-7692.794636	-7699.707064
	-7695.742113	-7683.019494	-7683.139256	-7688.620786	-7688.794611
	-7671.200635	-7685.318409	-7663.468725	-7668.29184	-7673.562711
	-7678.337171	-7674.019401	-7678.772662	-7662.835285	-7665.369433
	-7669.364852	-7670.43816	-7664.928094	-7665.686278	-7666.698374
	-7668.893113	-7680.674507	-7660.907294	-7637.823781	-7688.179408
	-7679.784174	-7688.002133	-7673.385627	-7682.131796	-7679.131724
	-7681.061355	-7686.513803	-7713.019116	-7710.78709	-7753.953075
	-7687.918588	-7674.018006	-7672.909225	-7676.465523	-7678.326785
	-7673.470457	-7667.902635	-7689.868805	-7675.516186	-7670.793879
	-7667.981573	-7670.379639	-7667.854994	-7667.465863	-7669.291939
	-7666.421194	-7629.752016	-7591.516343	-7544.492834	-7599.703283
	-7809.819308	-7810.253435	-7894.023534	-7755.298914	-7653.39387
	-7622.064412	-7664.772194	-7644.373132	-7672.172486	-7672.912823
	-7663.217145	-7656.555679	-7670.293682	-7665.685962	-7672.784293
	-7665.608916	-7715.817939	-7691.646176	-7714.6482	-7756.094365
	-7668.842691	-7665.13216	-7667.281584	-7665.428243	-7692.519065
	-7676.835647	-7666.395752	-7670.262736	-7677.437855	-7667.536114
	-7669.965791	-7536.248579	-7471.493049	-7390.023886	-7479.818224
	-7994.40384	-7991.599296	-8132.41787	-7892.838207	-7612.85103
	-7574.304389	-7583.728614	-7528.366226	-7756.394182	-7810.188062
	-7891.247961	-7809.2456	-7625.790276	-7635.869522	-7647.054656
	-7604.011108	-7638.317878	-7657.658491	-7646.377584	-7655.299232
	-7651.080803	-7660.155872	-7661.042535	-7654.807393	-7715.507804
	-7692.641713	-7716.205659	-7755.802176	-7658.956941	-7663.877484
	-7674.745743	-7665.231721	-7668.467706	-7691.408659	-7676.90941
	-7381.578146	-7277.33596	-7144.158982	-7285.905261	-7518.816214
	-7453.838969	-7463.523158	-7373.488382	-8285.505598	-8277.925028
	-8477.327874	-8127.215064	-7983.723316	-7888.59687	-7988.43351
	-8121.752761	-7593.628443	-7554.609356	-7509.668859	-7565.324479
	-7885.200492	-7753.993647	-7804.27326	-7807.570229	-7616.632779
	-7628.677422	-7606.198741	-7583.938678	-7631.690963	-7620.347033
	-7644.817327	-7639.082905	-7640.917401	-7651.617356	-7659.595706
	-7652.060177	-7709.669242	-7713.640843	-7688.529997	-7750.886271
	-7664.363333	-7683.79187	-7671.025111	-7135.447365	-6970.661453
	-6759.396668	-6979.488547	-7363.656128	-7259.162739	-7269.123874
	-7127.11535	-7498.792613	-7433.543576	-7354.288566	-7444.592213
	-8674.382466	-8660.909065	-8897.645029	-8466.77093	-8456.076401
	-8259.810319	-8114.350698	-8270.115314	-8106.505747	-7879.946118
	-7970.864008	-7978.471836	-7573.049462	-7544.698817	-7533.313246
	-7488.624413	-7799.920377	-7792.887963	-7745.580022	-7873.625598
	-7597.297427	-7563.384091	-7612.066186	-7587.999269	-7606.124498
	-7624.244462	-7639.475338	-7626.986851	-7666.082077	-7738.509285
	-7695.059849	-7655.636067	-7642.160983	-7676.142271	-7704.106339
	-6750.566774	-6495.172421	-6172.176269	-6503.960503	-7117.042851
	-6952.110901	-6962.244839	-6742.172909	-7343.124953	-7238.44909
	-7107.5037	-7249.697284	-7332.764095	-7477.031592	-7411.467631
	-7423.273707	-8881.114205	-9108.822176	-9089.364889	-9323.914473
	-8864.584422	-8630.108019	-8442.281686	-8647.34105	-8428.429402
	-8235.44844	-8095.942126	-8249.278234	-7962.502314	-7864.424629
	-7950.742754	-8084.748475	-7553.470808	-7523.332428	-7466.676996
	-7512.750499	-7771.960501	-7784.44297	-7853.814164	-7727.955864
	-7581.351951	-7545.838008	-7576.357722	-7602.348195	-7602.720207
	-7633.792662	-7667.736599	-7651.421571	-7626.034821	-7684.010356
	-7715.186228	-6163.685018	-5782.553625	-5315.087596	-5790.713706
	-6732.132821	-6476.992739	-6486.872759	-6155.691081	-9684.354248
	-9301.953173	-9511.755385	-9487.466595	-7096.232087	-6931.347483
	-6722.697006	-6942.564242	-7320.925607	-7216.241311	-7228.065096
	-7085.890421	-7401.040182	-7455.86355	-7390.005273	-7310.472937
	-9070.009585	-9280.188883	-9045.792087	-8843.691414	-8410.732017
	-8591.373962	-8823.048473	-8612.96458	-8392.973909	-8221.326534
	-8069.839197	-8202.916586	-7938.026071	-7920.683766	-7839.105052
	-8054.157168	-7504.728583	-7498.211519	-7540.112576	-7447.374094
	-7697.393257	-7738.023283	-7822.715799	-7757.797573	-7609.334481
	-7575.945926	-7677.008096	-7581.210335	-7649.088774	-7538.575011
	-7623.054346	-5307.561012	-4771.099057	-4140.655847	-4777.998127
	-6146.249176	-5765.986872	-5774.933794	-5300.547344	-9798.820347
	-9946.087715	-9658.532931	-9826.053649	-6711.720601	-6457.155478
	-6137.479813	-6467.791659	-9463.521695	-9633.09093	-9433.702305
	-9252.923377	-6701.807563	-7074.236356	-6909.768975	-6921.147685
	-7205.928378	-7299.580995	-7195.257124	-7064.196358	-7291.24228
	-7374.72163	-7381.540065	-7440.686293	-8992.109497	-9226.01642
	-8797.187701	-9021.832796	-8771.768836	-8569.964199	-8543.157515
	-8370.441115	-8347.949877	-8184.243517	-8160.249233	-8033.697691
	-7878.05923	-8012.446274	-7800.935338	-7902.326255	-7438.334819
	-7543.119326	-7500.076197	-7496.30604	-7649.740177	-7777.326196
	-7554.942999	-7716.437824	-7594.157808	-7619.454647	-7687.447191
	-3436.77371	-4134.590638	-3431.497518	-2643.695861	-10042.37745
	-10013.87731	-10121.40218	-9918.220728	-5292.363914	-4757.319884
	-4764.712473	-4128.979477	-6127.480967	-5748.493185	-5284.895255
	-5757.779213	-9772.064803	-9890.773378	-9738.688529	-9601.258782
	-6690.942806	-6437.465014	-6447.689181	-6118.657223	-9569.719622
	-9367.451953	-9192.44731	-9404.123626	-6900.146973	-7054.058486
	-6890.679365	-6681.944629	-7046.851831	-7284.913404	-7187.369215
	-7181.648106	-7283.276222	-7372.637468	-7442.184187	-7376.643211
	-8962.855642	-9159.558044	-8740.210554	-8926.83973	-8484.132274
	-8709.403159	-8319.800736	-8516.786176	-8291.958014	-7985.457127
	-8105.906653	-8136.205992	-7852.923974	-7746.953611	-7820.55438
	-7957.796973	-7453.622538	-7579.706805	-7535.924153	-7511.72965
	-7656.474222	-7615.713872	-7714.56341	-2639.267764	-1782.230814
	-866.176308	-1785.856821	-3426.632044	-2635.193946	-4122.510678
	-3421.087127	-10187.16314	-10158.26435	-10243.33809	-10092.73998
	-9985.784055	-10064.38152	-9950.54584	-9856.305654	-5276.588093
	-4743.367052	-4116.751638	-4750.67355	-5269.492038	-6109.36571
	-5732.184491	-5740.460039	-9822.010025	-9664.012014	-9530.277416
	-9705.451901	-6673.468473	-6102.141107	-6429.248955	-6421.895564
	-9118.920575	-9331.277156	-9491.462536	-9286.809463	-6884.372769
	-7042.290113	-6881.121091	-6668.346242	-7180.996232	-7187.333668
	-7288.377067	-7042.96406	-7388.817795	-7414.246553	-7478.399539
	-7301.53817	-8848.767778	-8671.619905	-9079.347964	-8891.646272
	-8635.097582	-8257.809154	-8413.698593	-8452.395854	-8075.996418
	-8224.355359	-7923.569082	-8038.98413	-7888.671347	-7787.444153
	-7514.751445	-7572.122681	-7629.554807	-7673.496433	-7745.294103
	-863.3672214	113.6350989	1112.134512	111.6168263	-2630.588363
	-1775.23753	-1778.912552	-860.8252145	-10294.7877	-10265.65065
	-10342.85953	-10214.35556	-3411.157435	-2626.643889	-3416.248464
	-4110.561353	-10129.5887	-10185.51648	-10093.40187	-10028.59053
	-9992.878162	-9871.224763	-9778.949179	-9915.368506	-4105.515259
	-5262.431964	-4731.447971	-4737.284233	-5257.469914	-5726.043334
	-6096.162928	-5721.478885	-9572.125707	-9443.328304	-9622.934605
	-9736.311748	-6666.826893	-6418.345848	-6093.823624	-6418.06441
	-9030.966273	-9189.939251	-9396.137652	-9243.128932	-6883.436321
	-7051.3873	-6894.023431	-6671.104197	-7202.252961	-7328.899666
	-7068.435893	-7231.593123	-7573.295953	-7451.950286	-7368.140645
	-7511.510911	-8591.047635	-8984.264115	-8757.506254	-8807.324563
	-8376.597836	-8184.19355	-8331.998259	-8548.86345	-8002.721367
	-8144.849769	-7645.650475	-7845.957739	-7958.020971	-7801.681488
	-7701.748209	1113.279342	2160.346052	3185.835705	2160.052551
	-858.0939629	117.2039998	115.412259	1114.228226	-10392.09928
	-10362.5614	-10442.19414	-10313.53736	-2622.655145	-1769.3023
	-855.950375	-1772.207108	-10236.58528	-10284.2583	-10199.74811
	-10148.98607	-4100.942874	-3403.833112	-3407.17579	-2619.679147
	-10057.23782	-10112.47462	-10011.6404	-9947.881294	-9827.285421
	-9903.100678	-9772.505787	-9683.123345	-4098.293975	-5254.370108
	-4725.967857	-4727.669279	-5724.545882	-5254.828674	-5720.54444
	-6096.022785	-9630.539775	-9338.103469	-9521.833159	-9460.11578
	-6440.280433	-6684.343242	-6424.562448	-6104.244774	-9075.616087
	-9281.538389	-8927.910165	-9138.064447	-6948.847257	-6706.584566
	-6913.587887	-7100.851643	-7145.180056	-7273.325611	-7337.619708
	-7430.242641	-7746.441466	-7505.4976	-7585.448064	-7686.556961
	-8653.308432	-8873.935763	-8498.830416	-8709.886148	-8450.873001
	-8097.985981	-7857.026588	-8050.797634	-8289.475477	-7913.416337
	-8238.309111	3185.120312	4243.182968	5238.729368	4244.86925
	1115.005189	2160.226069	2160.463671	3184.300023	-854.1419064
	119.1350296	1115.282673	118.4198058	-10498.34411	-10468.12987
	-10559.05033	-10412.31479	-10333.03908	-10382.47146	-10295.53378
	-10247.10897	-2617.542203	-1766.417329	-1767.373444	-853.2025118
	-10162.90395	-10209.92359	-10116.31177	-10066.35149	-3402.322763
	-4097.896881	-3403.1374	-2617.058172	-9846.956597	-9966.129568
	-10020.29696	-9909.037124	-9650.428785	-9565.367559	-9717.977265
	-9791.093971	-4100.598392	-5260.379284	-4734.496148	-4727.636465
	-5754.145522	-5271.485274	-5734.348145	-6122.24341	-9501.110783
	-9212.641366	-9325.176162	-9399.217835	-6505.846472	-6148.903046
	-6745.054451	-6464.908573	-9015.097364	-8942.943795	-8809.56594
	-9145.811942	-7065.961727	-6996.09679	-6794.784681	-7212.731543
	-7291.886796	-7415.183134	-7608.366259	-7518.671859	-7718.456769
	-7931.028707	-7993.041353	-7797.520737	-8338.243375	-8535.215706
	-8126.154742	-8394.231449	-8599.402438	-8188.360778	-8747.882366
	-10631.81235	-10600.45984	-10713.32912	-10528.26395	5235.880917
	6246.428515	7163.050636	6250.385549	3182.929435	4238.923623
	4241.426235	5233.061681	1114.828522	2157.869016	3181.16859
	2159.495177	-853.4510931	117.5463261	118.9993702	1113.652882
	-10437.96689	-10497.57953	-10399.58494	-10344.59784	-10257.97349
	-10306.60728	-10210.36811	-10162.854	-1767.047188	-2619.046702
	-1770.159582	-855.1065547	-10011.06128	-9962.358869	-10069.72873
	-10115.75679	-3406.834659	-2623.56913	-3415.50475	-4108.462439
	-9904.478816	-9780.865774	-9721.421927	-9852.020539	-9500.569179
	-9652.131238	-9422.030949	-9583.220802	-4767.762204	-4120.828557
	-5292.326482	-4746.426872	-5825.076109	-5320.400713	-6191.511973
	-5781.897042	-9164.31167	-9065.055359	-9344.194556	-9252.257812
	-6243.532139	-6557.310013	-6629.839366	-6866.799004	-8986.689052
	-8873.047383	-8674.42017	-8789.668516	-7396.512134	-6947.618383
	-7250.562802	-7146.736018	-7850.288333	-7628.72545	-7756.91978
	-7504.510728	-8197.883434	-8270.155404	-8395.608356	-8602.234602
	-8061.121801	-7974.929102	-8472.624838	7157.756301	8072.593529
	8875.786106	8079.164846	-10814.92999	-10781.4107	-10928.46765
	-10680.94012	-10569.2362	-10648.71269	-10529.37975	-10458.63829
	5229.290501	6237.510929	6242.550065	7152.668966	3178.257401
	4231.843746	5225.274206	4236.0386	1110.915462	2151.502437
	2155.532008	3174.801619	114.7149129	-859.4364067	109.1779732
	1106.980737	-10361.06905	-10419.44682	-10312.10241	-10258.41763
	-10210.11543	-10102.54017	-10056.37572	-10162.71623	-1775.685253
	-2633.05627	-1785.906688	-865.8719078	-9878.752573	-9996.902673
	-9831.990943	-9952.358396	-3428.258673	-4142.124816	-3449.19213
	-2645.976281	-9566.190322	-9759.522986	-9621.505252	-9709.747006
	-9317.704308	-9248.95674	-9480.665994	-9418.257089	-4168.595023
	-5362.752875	-4835.997296	-4795.357549	-5411.483983	-6314.907927
	-5944.656775	-5876.13591	-8973.077613	-9077.53154	-9155.09871
	-8892.074957	-6391.068651	-6709.40134	-7049.505989	-6807.01079
	-8514.241493	-8798.780806	-8607.126008	-8707.446447	-7473.626297
	-7356.106513	-7628.606753	-7149.849765	-8211.02887	-8104.254835
	-8422.419237	-7740.565043	-7876.767964	-8315.521511	-7996.660519
	8867.627018	9653.943124	10324.8266	9663.617297	-11069.77308
	-11031.80265	-11220.95681	-10892.88967	7146.189257	8058.361808
	8066.285168	8859.906126	-10748.00958	-10857.38916	-10705.05845
	-10607.72759	-10369.59034	-10489.28257	-10566.29364	-10438.02963
	5219.670805	6225.228827	7139.6646	6232.239225	3169.3883
	4220.319802	4227.121204	5213.752486	2146.295745	1100.101305
	2138.078646	3163.0069	101.5779407	-877.115737	1091.412925
	89.33418197	-10263.03335	-10319.49199	-10200.87392	-10149.09796
	-10087.85087	-10042.24066	-9922.219823	-9966.386658	-1799.383624
	-2666.786308	-1819.98681	-891.0982422	-9669.201743	-9805.010746
	-9712.997508	-9847.330784	-3474.650661	-4206.928334	-3510.373091
	-2691.044959	-9578.733973	-9375.104488	-9424.049565	-9533.111904
	-9217.211998	-9269.787453	-9040.460876	-9094.915357	-4939.704302
	-5475.269872	-4248.488409	-4881.49875	-6481.961528	-5539.490055
	-6098.263575	-6015.635835	-8741.835725	-8926.42483	-8684.590032
	-8868.764485	-6998.966998	-7258.747431	-6566.379034	-6900.616622
	-8503.487466	-8567.350238	-8371.512521	-8304.95717	-7577.235099
	-7674.031696	-7933.274763	-7849.799244	-8093.377283	-8173.430729
	-7351.001542	10313.25033	10953.87263	11487.25787	10967.24292
	8850.306755	9633.503189	9644.776441	10302.43286	-11402.03513
	-11355.51479	-11582.75682	-11179.02099	-10993.69285	-11136.85903
	-10944.16421	-10811.97756	7131.095894	8040.285301	8840.9447
	8050.411493	-10606.01151	-10513.37752	-10661.76968	-10765.88589
	-10386.59899	-10459.995	-10321.11927	-10256.04098	5205.472957
	6208.163561	6217.926792	7122.510125	4212.581718	3153.353863
	4201.502544	5196.512331	2128.090133	1077.884851	2113.303994
	3142.1811	1062.016408	74.38815417	-912.1984795	52.81004581
	-10192.17235	-10059.76485	-10010.76975	-10138.50054	-9753.714699
	-9933.297796	-9890.282319	-9794.972208	-1843.87458	-2724.949917
	-1876.022731	-935.7911295	-9505.82732	-9466.486979	-9659.616839
	-9620.576985	-3548.635391	-3595.467878	-2759.995729	-4300.931907
	-9314.335593	-9179.582555	-9140.166679	-9353.672276	-8971.637882
	-8786.36685	-8821.265986	-9010.01455	-4350.646871	-5612.177595
	-5059.621103	-4996.77367	-5675.065459	-6651.819572	-6244.773265
	-6172.303345	-8448.942944	-8419.716585	-8611.458876	-8643.784313
	-7079.022953	-6718.222601	-7146.871683	-7433.418598	-7998.317658
	-7794.576719	-8226.678166	-7744.664861	-8035.961601	-8259.838247
	-7489.153041	11471.74807	11963.82542	12366.0081	11981.31265
	10289.23556	10926.28567	10941.37108	11457.44149	8829.07384
	9608.916381	10276.67553	9622.503978	-11786.79854	-11726.36348
	-11974.80442	-11529.65085	-11308.39162	-11475.95045	-11246.78517
	-11082.58833	-11027.4878	-10829.69019	-10706.81022	-10894.29518
	8817.579942	7111.160121	8017.238631	8030.172974	-10549.9887
	-10646.96978	-10478.19412	-10392.13864	-10323.59538	-10171.87594
	-10111.58459	-10255.3261	6197.755967	5183.933402	6183.685127
	7099.4779	5170.180922	4188.960856	3125.987381	4171.393986
	1039.379734	2096.222078	2072.588028	3107.802282	28.70164165
	-967.5517476	1014.725155	-2.716927413	-9980.679779	-9836.239337
	-10030.3844	-9881.298074	-9579.633697	-9542.521029	-9738.460185
	-9699.110752	-1909.39023	-2802.926894	-1948.878546	-999.5510203
	-9390.084181	-9424.398311	-9214.223803	-9247.078285	-3685.470372
	-3639.440541	-2841.836001	-4404.500838	-9043.063326	-8849.790958
	-8875.806476	-9073.295772	-8667.217879	-8466.473513	-8686.843482
	-8477.599743	-5112.228936	-5159.694904	-4447.805927	-5734.115525
	-5774.987272	-6770.567122	-6336.846917	-6297.963917	-8279.645957
	-8054.205544	-8053.524226	-8275.34089	-6798.647537	-7523.489893
	-7821.960386	-7188.647492	-7533.132821	-7818.561539	-7209.067168
	12346.41458	12699.86016	12986.22614	12721.34576	11440.31882
	11928.66676	11947.72041	12328.58333	10261.20399	10894.68464
	11424.38095	10911.92939	-12173.35009	-12094.32713	-12341.76288
	-11905.36901	8802.964733	9579.543763	9595.774102	10246.65281
	-11406.78967	-11665.0084	-11835.25883	-11585.18576	-11336.91998
	-11105.15498	-10956.84664	-11185.02231	-10764.79294	-10885.25059
	-10681.30081	-10570.67292	8004.018214	7083.84269	7986.855556
	8788.447833	-10493.42819	-10314.03842	-10236.86808	-10406.02357
	-10149.26643	-9982.187788	-10087.99638	-9928.439856	6168.495074
	5151.158813	6148.054084	7067.423199	5130.560481	4151.917722
	3082.896371	4125.830971	982.6573743	2046.956773	2014.337339
	3056.386685	950.7252866	-71.65086414	-34.62854096	-1037.710425
	-9616.558945	-9656.249983	-9781.274314	-9825.550716	-9459.020097
	-9493.368789	-9278.075696	-9309.506375	-1985.045815	-2882.687888
	-2021.746731	-1071.724669	-9129.746967	-8923.539407	-8899.612268
	-9101.95761	-3722.099281	-4485.779608	-2914.041905	-3752.836806
	-8704.612482	-8494.9647	-8722.671823	-8485.771406	-8277.240715
	-8278.888491	-8044.893242	-8032.068097	-4508.975081	-5801.843743
	-5208.639883	-5190.636674	-6353.742442	-6352.309762	-5809.837638
	-6806.555066	-7810.850197	-7501.268978	-7523.868045	-6795.179614
	-7790.127788	-7188.042097	-7207.474235	12963.05834	13197.68193
	13389.18038	13222.28252	12307.68197	12657.84848	12680.39666
	12942.26386	11405.32974	11890.38064	12288.65877	11910.99574
	11387.9473	10228.80188	10859.27203	10878.5299	-12507.48351
	-12408.01187	-12636.37684	-12252.62291	-12014.61062	-11912.21454
	-11745.51751	-12163.29822	9563.5237	8769.750143	9543.457666
	10211.64145	-11655.64773	-11403.73337	-11247.75224	-11505.62745
	-11025.16961	-11157.87476	-10922.6334	-10794.04706	-10701.9329
	-10490.73788	-10395.60882	-10597.55427	7968.967448	7045.503179
	8750.710388	7945.67809	-10296.79156	-10104.86149	-10221.66268
	-10039.13858	-9697.140041	-9927.916645	-9742.409962	-9875.740946
	5103.163345	6097.52741	6126.111127	7022.470557	4098.248165
	3022.78487	5074.700803	4063.849599	1981.785735	913.5001862
	1944.478289	2989.721035	-138.9107444	880.334184	-105.1723302
	-1106.76363	-9530.072254	-9567.302138	-9373.406395	-9340.64558
	-9157.826681	-8971.045381	-9185.722639	-8946.93458	-2050.448871
	-2073.932595	-2940.4607	-1133.58131	-8741.131969	-8760.539548
	-8518.126958	-8505.333467	-3771.226138	-2955.790752	-4520.96142
	-3779.716107	-8019.893797	-8277.590473	-8011.6502	-8281.493103
	-7440.905526	-7768.001749	-7747.451751	-7471.583455	-5211.083942
	-4520.37425	-5802.198507	-5200.310471	-5782.020766	-6769.094478
	-6335.276729	-6734.314134	-7158.532698	-6305.351729	-7122.318236
	13363.71362	13504.70021	13623.63717	13530.76001	12918.44888
	13151.00758	13175.78791	13341.19033	12266.68618	12614.57756
	12897.30527	12637.5246	12247.34399	11367.47118	11850.49649
	11871.77541	-12753.52697	-12635.35565	-12835.80479	-12527.4365
	11348.55289	10840.98687	10190.40078	10818.98923	-12308.71272
	-12419.3539	-12183.0099	-12050.02628	-11937.73459	-11682.50266
	-11541.85418	-11810.76815	9523.209451	8726.142261	9497.708355
	10169.42941	-11302.26796	-11428.31506	-11173.60005	-11044.09558
	-10930.14777	-10690.85285	-10585.75524	-10820.37704	-10469.00663
	-10249.30056	-10172.80946	-10383.94007	7921.360894	6992.635325
	7890.562669	8700.981223	-9789.232856	-10047.95092	-9987.714199
	-9841.106353	-9608.133988	-9649.245024	-9441.468941	-9406.442705
	5039.354169	6068.009866	6032.004295	6962.404751	3991.928745
	5005.179361	2951.835046	4030.110751	1877.235562	1910.974335
	2918.136476	846.5434244	-165.4260427	-1156.182022	-187.5472522
	820.2304113	-9214.761371	-9019.479936	-9243.484557	-8994.991099
	-8780.514591	-8800.743894	-8547.906981	-8532.352019	-2088.182071
	-2962.96747	-1170.019731	-2095.199732	-8008.21644	-8009.294653
	-8288.27378	-8298.135901	-3778.393629	-2962.295213	-3768.714741
	-4509.296992	-7723.111885	-7732.25127	-7413.985933	-7392.637594
	-7087.707159	-6658.72556	-7056.407346	-6695.990829	-5180.465258
	-5752.32983	-5152.849921	-4491.628671	-5718.525484	-6231.54266
	-6270.167666	13597.8631	13671.11935	13737.76313	13696.313
	13316.09805	13456.95592	13481.96766	13575.44388	12873.87142
	13105.97161	13294.48443	13129.40707	12854.17268	12225.69849
	12573.40058	12594.81474	11831.32606	11326.28632	11809.50831
	12206.81017	-12710.26665	-12903.00979	-12770.7879	-12943.40044
	-12518.60161	-12586.85791	-12372.65622	-12283.58636	10797.67888
	10143.44971	10771.95468	11305.24931	-12150.29091	-11904.63484
	-11796.81918	-12059.22728	-11555.71817	-11657.85526	-11397.17015
	-11285.95469	9471.857597	8669.420818	9440.20605	10117.58548
	-11046.35338	-11145.1337	-10887.30926	-10787.74619	-10646.23535
	-10402.25374	-10323.6358	-10562.45347	-10178.48083	-9948.65831
	-9893.104802	-10115.26095	6925.756496	7859.56612	7822.84618
	8638.270252	-9694.284987	-9737.725161	-9512.832522	-9476.447673
	-9273.415969	-9302.147241	-9043.460529	-9067.196952	6891.16598
	5959.036593	4966.679336	5997.410072	3957.991023	2884.086135
	3923.927276	4932.769399	1850.52344	1827.628757	797.6706619
	2857.175361	-1177.75994	-201.8896469	782.863373	-210.5514977
	-8821.035929	-8563.801088	-8840.458935	-8579.464152	-8309.292549
	-8021.100802	-8014.136283	-8321.449722	-2095.822383	-1179.938118
	-2954.949894	-2091.228602	-7370.674419	-7378.82876	-7719.235027
	-7720.178151	-3754.472992	-4468.497445	-3736.2678	-2944.682505
	-7032.331747	-6626.937497	-6600.992743	-7015.295196	-6165.02148
	-5651.438675	-4444.5455	-6196.299457	-5093.286088	-5123.58562
	-5683.80345	13714.29452	13743.29609	13774.23719	13764.75478
	13551.34414	13626.9121	13649.65534	13694.22388	13271.77666
	13414.5815	13531.40938	13436.05603	12833.65239	13068.09124
	13087.02887	13253.91097	12817.35321	12555.6026	12186.19277
	12537.13282	-12980.54381	-12806.66606	-12970.17299	-12830.01325
	11789.72153	11280.67626	11767.43843	12168.21676	-12641.14339
	-12673.06071	-12480.51364	-12433.06547	-12283.24411	-12053.13122
	-11984.46136	-12229.7912	10746.95098	10086.5938	10717.80813
	11257.30379	-11753.06881	-11822.67525	-11566.01492	-11485.41702
	-11241.84328	-11317.05102	-11050.67162	-10971.1885	9409.405487
	8601.901228	9374.449826	10057.00714	-10800.8375	-10539.88949
	-10472.19796	-10731.3852	-10300.83028	-10051.3664	-10000.48304
	-10244.62782	-9783.528426	-9581.531723	-9823.893309	-9547.603634
	7788.593947	7751.911233	8568.672828	6853.251978	-9331.346795
	-9089.586586	-9357.466471	-9110.273072	-8858.97468	-8606.906081
	-8875.273396	-8594.167763	6820.567832	5892.465109	5925.536624
	4898.971925	2833.81983	3873.37746	4872.130419	3896.902827
	2817.711352	1812.01945	773.0805876	1801.317647	-1177.664335
	-214.2031471	-214.0782874	768.2231609	-8036.911548	-8029.273462
	-8333.044987	-8343.585787	-7728.532471	-7368.137677	-7368.335685
	-7723.491497	-2084.322953	-2075.554388	-2931.378184	-1173.868619
	-7004.855401	-6583.291309	-6571.132173	-6999.832546	-2918.802683
	-4420.679272	-3718.128068	-3700.178038	-4399.52807	-5602.223881
	-5043.358105	-5624.303711	-6140.879081	-5066.566934	-6123.090847
	13756.14254	13760.6405	13769.16237	13775.24086	13673.66926
	13707.44493	13725.4409	13740.68327	13512.00408	13592.01404
	13657.63205	13608.96627	13498.36388	13237.34414	13385.27162
	13398.83287	-12839.57634	-12976.57734	-12838.76351	-12981.64629
	13054.50122	12801.91154	13043.09614	13226.54882	12508.55864
	12522.51246	12149.40362	12790.90005	-12692.97224	-12700.26134
	-12523.75048	-12507.411	11747.44516	11231.34887	11726.30775
	12133.33038	-12346.6884	-12131.66675	-12098.18942	-12323.98792
	-11881.24844	-11919.08371	-11671.28524	-11623.81611	10690.93418
	10024.56957	11208.00902	10662.60676	-11384.4603	-11431.81923
	-11164.05766	-11111.46965	-10913.05035	-10641.6907	-10594.23429
	-10865.41253	9343.343047	8534.090728	9312.090124	9996.397052
	-10394.17698	-10130.29587	-10093.89824	-10354.07479	-9862.547717
	-9891.876987	-9635.238135	-9610.870354	-9382.000978	-9400.625875
	-9141.95674	-9128.198066	8505.462121	6789.05895	7691.768423
	7720.988361	-8617.483276	-8889.250017	-8899.380936	-8624.136914
	-8043.545471	-8351.774055	-8047.259117	-8357.241306	6764.360562
	5866.523901	4848.963054	5844.138428	2806.185446	3844.930862
	3856.914801	4832.523762	1792.624229	1795.311574	2799.476035
	766.7611269	-212.4267373	-1168.373819	-209.7127995	766.749775
	-7733.048365	-7372.475769	-7370.599827	-7736.562155	-6561.741991
	-6998.331604	-6998.070933	-6565.010693	-2067.36016	-2906.455264
	-1163.973568	-2059.844634	-6104.763171	-5586.944759	-6111.562047
	-5576.113691	-3672.287313	-3684.952096	-2896.532605	-4381.99933
	-5025.615211	-5012.535761	-4368.212574	-12968.55762	-12828.25244
	-12962.78063	-12835.04507	13761.01036	13754.76853	13759.26619
	13755.19351	13725.76793	13736.54707	13749.89823	13748.39747
	13715.10526	13643.79942	13683.71081	13694.34271	13581.67376
	13488.51434	13575.95669	13636.32046	13377.91252	13378.74757
	13219.99239	13485.87886	-12700.0187	-12695.44821	-12526.73381
	-12528.53281	13037.64055	12782.96635	13037.11407	13219.81404
	12498.88199	12118.62652	12492.41186	12779.64006	-12361.56833
	-12156.88809	-12148.99139	-12358.99829	12107.86098	11709.10033
	11185.51343	11694.35077	-11945.57803	-11958.40964	-11719.68788
	-11700.54918	-11469.1271	-11491.23108	-11226.2031	-11199.69684
	10639.58255	9969.995088	10619.63651	11168.16579	-10978.33091
	-10701.2009	-10675.48921	-10952.74465	-10449.10515	-10174.32342
	-10156.45176	-10427.57808	9287.564611	8479.960241	9266.800039
	9950.000903	-9915.162561	-9661.061921	-9928.552145	-9652.388387
	-9414.203707	-9419.968597	-9152.702075	-9151.04051	-8624.659582
	-8627.510628	-8905.105846	-8905.28839	7669.793209	7651.971703
	8460.981095	6743.970071	-8355.864031	-8044.532547	-8048.469831
	-8358.565779	-7371.541814	-7373.547493	-7734.901645	-7737.178776
	6729.619886	4820.666199	5817.310898	5828.575629	3833.718382
	3837.706223	2795.900442	4813.421668	1791.461286	767.7778596
	2794.110594	1791.249674	767.8036689	-207.7541499	-206.7248031
	-1159.960513	-6559.957234	-6997.92388	-6560.849347	-6998.588167
	-5566.772442	-5570.224167	-6101.334144	-6099.699362	-1158.210595
	-2888.717317	-2050.683433	-2054.277593	-4999.009337	-5004.07083
	-3656.889673	-3663.069844	-2883.605381	-4358.847219	-4352.514986
	13751.90456	13753.0825	13752.24778	-12960.63911	-12823.03787
	-12819.60015	-12682.0215	-12688.29056	-12511.55165	-12520.84862
	13748.70728	13740.72232	13741.46812	13747.21661	13707.76149
	13724.43777	13728.79941	13735.06116	13680.04241	13635.06302
	13707.12273	13683.40577	13491.27182	13590.91654	13578.66941
	13642.29479	13504.94133	13385.09923	13227.52342	13402.2135
	-12357.28199	-12349.56862	-12148.69386	-12156.14486	13042.99552
	12782.81272	13057.46248	13241.76974	12491.48984	12102.74004
	12497.87859	12791.1344	-11961.8036	-11958.13464	-11725.61532
	-11726.91597	11685.97059	11156.61739	11684.51556	12103.07422
	-11503.46534	-11506.19075	-11245.34767	-11240.07248	-11002.57634
	-10723.40781	-10716.08542	-10995.3407	11151.17549	10606.95997
	9935.857532	10600.59835	-10183.87988	-10469.35146	-10186.18198
	-10463.34652	-9934.603438	-9933.887731	-9663.034263	-9656.616563
	9927.433845	9253.127237	8447.518201	9244.683491	-9418.119831
	-9135.963389	-9410.000603	-9148.88876	-8886.144125	-8617.637
	-8898.554846	-8602.254689	-8022.686198	-8037.209233	-8333.687427
	-8347.119371	7640.537229	6720.228879	7633.507856	8439.092895
	-7716.419728	-7366.942975	-7356.805447	-7727.652952	-6988.28643
	-6554.249535	-6558.431871	-6994.593445	5810.858703	6714.943611
	4809.567515	5807.675772	3831.641683	2793.255129	4807.732921
	3830.645191	1790.181397	2791.534955	1787.898151	767.0184937
	763.5371693	-207.726515	-1158.110265	-210.9545918	-6096.604509
	-5565.379878	-5564.315021	-6098.589212	-4348.31565	-4996.640123
	-4349.536467	-4995.632257	-2049.510166	-2881.168362	-3652.672357
	-1160.750783	-2880.942686	-2050.69832	-3653.618932	13737.72029
	13745.77013	13739.9544	-12675.4487	-12502.6812	-12491.73598
	-12337.68302	-12325.75328	-12122.8695	-12138.28349	13732.84415
	13736.75186	13735.95422	13737.00706	13714.8471	13739.24272
	13727.09745	13738.07332	13661.42276	13732.36612	13722.75301
	13696.29955	13531.74502	13650.38417	13613.00365	13690.59206
	13427.67371	13268.33015	13467.62098	13566.82402	-11947.4787
	-11934.43548	-11704.2086	-11718.2651	13078.71098	12810.4902
	13300.87665	13112.55866	12510.86197	12113.55136	12534.71145
	12834.77854	-11500.45056	-11490.14189	-11232.84008	-11242.82919
	11689.83564	11154.53883	12128.67486	11703.96194	-11001.69143
	-10995.19995	-10716.78411	-10723.50773	-10463.31774	-10175.1616
	-10183.51633	-10468.71687	10606.54679	11161.85155	9926.000471
	10600.38115	-9917.66768	-9631.444973	-9646.926332	-9927.251504
	-9395.041031	-9119.828481	-9096.395911	-9377.956818	9927.994537
	9241.661586	8436.208031	9243.30309	-8865.96611	-8583.366382
	-8843.075767	-8556.117589	-7978.413715	-8004.689109	-8312.706003
	-8288.307818	-7343.226795	-7322.131253	-7698.420486	-7676.56577
	7630.999687	7631.82716	6713.544026	8436.476198	-6961.43583
	-6535.106363	-6547.389073	-6976.892529	-6085.380002	-5558.968311
	-5562.685559	-6092.526422	6714.095264	5806.853428	5807.276674
	4807.158843	4805.859618	3828.897529	3825.628821	2788.541323
	1782.753042	2782.005005	1774.396654	757.7452709	-1165.772945
	-217.1835576	-226.3790917	747.8365007	-4994.243357	-4348.706278
	-4349.438917	-4995.352042	-2059.893241	-2883.101214	-3655.665701
	-2886.629869	-3653.651025	-1173.506143	-2054.273139	13731.85499
	13736.44786	13733.16856	-12310.97184	-12107.97478	-12089.36079
	-11916.35291	-11898.68223	-11667.50703	-11688.48164	13753.93218
	13764.04755	13745.62784	13744.20099	13765.70572	13802.69313
	13762.05701	13781.13957	13738.25869	13810.75792	13819.24675
	13760.63305	13620.182	13765.29246	13697.62985	13795.57094
	13514.93834	13349.83994	13580.02328	13679.79639	-11473.1723
	-11455.267	-11199.78628	-11219.36699	13152.13068	12873.20397
	13206.07009	13402.28663	12563.41621	12155.08269	12602.77593
	12913.52629	-10981.59804	-10965.87175	-10689.45223	-10706.12417
	11722.01499	11177.31693	12182.41984	11747.1219	-10451.85899
	-10438.29926	-10148.84769	-10164.43765	-9889.051385	-9596.768
	-9615.957522	-9903.631298	10630.6125	11193.68524	10616.23101
	9935.926688	-9047.30985	-9073.819485	-9336.784841	-9356.727522
	-8814.647278	-8528.636563	-8787.827234	-8495.709464	9945.41384
	9248.457006	9256.903548	8441.017103	-8225.885756	-8256.943884
	-7915.439935	-7950.392148	-7266.117387	-7616.361144	-7647.242559
	-7298.042369	-6938.964195	-6519.120971	-6913.067652	-6495.545921
	7635.128207	8446.997689	6716.430459	7639.825996	-6056.911057
	-5540.712187	-5552.428912	-6073.325866	-4348.009246	-4349.668293
	-4985.534286	-4991.491198	6718.264868	4803.107257	5807.361304
	5805.814383	3818.672794	3807.358917	4796.261019	2771.973158
	1743.572062	1761.205247	734.5429428	2755.742443	-239.0637474
	-1183.650492	716.6418609	-254.3115251	-2896.506223	-2891.549473
	-3660.029557	-3658.319666	-2067.359846	-2075.632608	-1195.590955
	13743.17695	13768.75312	13769.94228	-11877.26781	-11624.11798
	-11647.76582	-11432.45814	-11411.07691	-11155.70305	-11180.06474
	13828.3495	13850.35078	13804.8476	13796.12913	13879.56755
	13935.71048	13856.19108	13888.77591	13876.85834	13984.22111
	13958.95782	13888.76649	13760.70483	13937.39867	13840.16517
	13964.01814	13648.87363	13472.02428	13734.77775	13842.79474
	-10923.51802	-10648.91924	-10671.67403	-10944.39586	13261.5184
	12966.58911	13539.79083	13328.46491	12642.4264	12218.21352
	12688.89297	13016.36725	-10419.3239	-10400.39342	-10112.09076
	-10132.63038	11772.68484	11215.76894	11802.35135	12251.37864
	-9852.761957	-9558.318981	-9579.025916	-9870.541569	-9294.689334
	-9024.342936	-8999.517785	-9314.458324	10665.33366	11237.03388
	10646.53033	9959.088407	-8733.665255	-8435.248864	-8466.494747
	-8758.654231	-8190.899349	-8160.110537	-7882.444361	-7845.9757
	9267.207094	9278.959442	9973.107252	8455.158424	-7233.690883
	-7579.641924	-7195.704629	-7545.395352	-6846.463383	-6879.962807
	-6469.041319	-6435.043556	-6033.3499	-6006.334719	-5501.279089
	-5524.822342	7644.680086	6718.897254	7648.168551	8462.987973
	-4959.196617	-4333.410099	-4343.326627	-4974.778414	-3656.48226
	-2900.812628	-2902.636491	-3660.083651	5800.574303	4785.016885
	5790.413315	6715.843035	3789.359538	3765.454443	2734.679743
	4766.162455	1693.60369	695.7152125	2706.545255	1720.248439
	-290.438686	-272.2363747	-2084.32876	-1208.697293	-1221.365936
	-2091.313808	671.8428447	13877.26706	13865.26718	13810.21429
	-11386.05064	-11107.71221	-11133.43523	-10898.45003	-10602.16919
	-10627.37432	-10875.74477	13977.952	14017.94893	13940.25691
	13918.78436	14067.39486	14148.39064	14078.16606	14026.67852
	14076.53478	14213.9304	14180.73737	14086.02929	13944.27316
	14152.51444	14035.56738	14187.28144	13817.75341	13620.53267
	13912.01286	14039.16967	-10355.37448	-10069.01969	-10092.36712
	-10376.96712	13390.89649	13073.78598	13458.89701	13692.94407
	12731.71069	12289.16517	12777.23878	13124.25723	-9831.316363
	-9811.556466	-9517.858914	-9539.436272	11830.65976	11261.71196
	11860.88915	12323.07905	-9253.686316	-8956.335431	-8978.608698
	-9272.851565	-8409.547315	-8383.491979	-8707.931667	-8686.620281
	10704.93391	11285.04728	10684.51235	9989.285942	-7783.312458
	-8102.60733	-7814.85632	-8128.463404	-7508.678401	-7477.676115
	-7124.544032	-7161.076059	9290.977866	8470.177561	9302.193804
	10004.9425	-6401.214052	-6362.754313	-6808.091134	-6773.48954
	-5972.26999	-5938.322598	-5440.406261	-5474.513057	-4909.56638
	-4936.277463	-4296.122616	-4318.713402	7648.928588	6708.315176
	8474.915742	7645.257877	-2900.81733	-3633.438453	-2892.863919
	-3647.757563	-1239.046842	-2095.828174	-2095.253704	-1232.292928
	5749.335116	6693.694601	4741.523025	5773.10956	2675.075535
	3733.939811	3698.900188	4708.359505	-322.8916845	2639.674156
	647.7292304	1633.986509	1663.227372	-308.5851544	624.9317793
	14076.52709	14048.13641	13959.5849	-10849.92616	-10579.67505
	-10554.40822	-10330.52817	-10024.00421	-10047.81205	-10308.63104
	14211.66862	14274.06648	14167.56123	14128.76245	14322.52816
	14430.61731	14348.74913	14275.08284	14318.49854	14459.2683
	14484.45488	14339.38983	14146.19639	14380.71048	14261.50998
	14438.22289	13996.29282	13771.16156	14084.09574	14239.51812
	-9768.293522	-9476.611445	-9498.395598	-9788.621941	13518.50628
	13177.43236	13837.75862	13578.76854	12817.92189	12358.97515
	12859.03822	13223.3186	-9232.384426	-9213.772906	-8917.00684
	-8937.344707	11889.3692	11310.00805	12391.44756	11918.52623
	-8362.513134	-8646.329599	-8341.358642	-8664.620338	-8056.856439
	-7758.096498	-8077.115293	-7733.614278	10745.01397	11333.77811
	10725.0785	10020.55121	-7064.488174	-7422.563995	-7094.161954
	-7446.892041	-6737.496646	-6293.274113	-6328.459242	-6707.970419
	9311.998669	8476.052481	9318.790605	10035.00168	-5368.892036
	-5900.156112	-5866.410695	-5406.681926	-4842.322729	-4875.833608
	-4269.775338	-4236.11836	-2856.631213	-3611.288079	-3584.768034
	-2879.105193	7635.918337	7620.942112	8472.546109	6673.320549
	-2088.17854	-1232.791054	-1240.179069	-2073.927939	-333.850553
	596.1608095	-332.5177937	606.8656468	5683.386782	6645.312122
	5717.753598	4672.41923	4632.991447	3660.074369	2606.329338
	2576.434955	1586.510485	3625.015151	1606.351763	14371.14558
	14205.61445	14322.91684	-10284.31265	-10003.16616	-9980.281439
	-9745.667892	-9457.429786	-9726.185042	-9436.619985	14516.31052
	14602.08806	14481.20327	14422.89115	14616.68772	14749.42436
	14675.71633	14580.22587	14568.48037	14757.86333	14757.01838
	14616.45277	14336.14667	14589.07476	14484.37488	14679.80941
	14158.64302	13904.60998	14231.44694	14416.58984	-9175.482209
	-8880.630452	-8899.441267	-9193.167264	13630.54918	13269.33637
	13680.98896	13960.78959	12896.04	12424.61617	12932.85491
	13309.76421	-8627.058795	-8610.890557	-8306.390268	-8324.05771
	11946.3599	11357.88275	11974.37341	12455.60925	-7695.910891
	-8020.76671	-7714.451412	-8036.797492	-7019.53611	-7381.387134
	-7041.288355	-7399.28675	11381.60525	10782.77163	10764.49038
	10047.40291	-6237.413535	-6657.445417	-6264.631569	-6679.397483
	-5832.024629	-5804.433588	-5302.244412	-5335.678599	9322.67327
	8464.455751	9323.042142	10058.34342	-4202.741012	-4805.035217
	-4772.476461	-4165.779387	-2794.945529	-3551.03958	-3517.505351
	-2829.533093	-1217.421691	-2021.696065	-1191.371126	-2050.434853
	7600.198163	7578.235304	6615.749725	8452.017878	607.2983815
	595.3119024	-325.355079	-306.902601	2548.700649	1578.218413
	2556.305751	1575.728822	6585.103225	4599.056531	5617.57478
	5646.948136	3578.000854	3594.977073	4572.478672	14738.33327
	14670.08014	14539.94967	-9704.972281	-9418.710655	-9399.404539
	-9156.352892	-9140.219422	-8847.504935	-8864.490505	14855.08184
	14961.28829	14849.13412	14772.43431	14907.50432	15058.83269
	15014.24048	14900.88982	14791.67873	14995.14531	15033.56438
	14876.86279	14494.68232	14758.74524	14675.98335	14883.26648
	14292.37877	14015.14052	14350.19397	14559.07353	-8579.274849
	-8276.400927	-8291.63219	-8593.648632	13725.06794	13349.78794
	14061.92523	13767.98035	12967.14307	12487.0414	13001.72022
	13386.58852	-8004.531791	-7991.374006	-7666.794971	-7681.214282
	12002.28059	11405.00244	12518.31303	12030.68794	-7351.00144
	-6987.486475	-7002.943015	-7364.231997	-6216.641046	-6197.787474
	-6621.813517	-6637.011878	11429.63281	10801.00774	10818.55541
	10066.91772	-5250.823013	-5758.86915	-5275.560991	-5778.353314
	-4739.871227	-4714.227908	-4101.772982	-4133.553639	9321.37808
	9320.64406	8439.57035	10075.6695	-3480.511585	-2722.821001
	-3448.580779	-2760.375936	-1948.823625	-1159.402616	-1985.033696
	-1119.385194	-276.221072	668.133703	-239.4992423	630.7660509
	6563.257192	7546.339637	8429.85034	7557.387186	1627.212128
	2583.387026	1596.157939	2556.704871	3576.517778	3593.469858
	5596.480113	4569.188446	5598.030534	6553.556968	4561.349954
	15130.7768	14926.90925	15045.70122	-9122.937109	-8833.111887
	-8817.820457	-8564.132584	-8551.599184	-8250.593004	-8263.64382
	15179.22735	15300.23898	15219.94881	15128.92358	15157.37619
	15320.34477	15191.68594	15317.07553	14970.03864	15181.97268
	15257.52859	15091.72993	14619.82449	14890.05398	14826.74473
	15040.6143	14399.74014	14107.24018	14447.20215	14671.38224
	-7643.436881	-7655.105365	-7977.782452	-7966.768187	13807.27089
	13423.72354	13846.74825	14148.40526	13036.13278	12550.71898
	13072.32321	13460.59783	-7338.066759	-7327.941803	-6964.452755
	-6975.625681	11454.68399	12061.20144	12093.87885	12586.11045
	-6171.451808	-6597.331728	-6183.871668	-6607.746282	-5232.480163
	-5728.758098	-5216.436583	-5741.3061	10838.36789	10861.65566
	11484.24936	10086.34498	-4673.509311	-4076.85216	-4054.450783
	-4690.602507	-3417.187391	-2690.220563	-3393.05668	-2659.00637
	8430.927311	9340.464517	10104.11027	9324.948161	-1909.388349
	-1079.533168	-1875.979186	-1037.55222	712.287237	765.1375515
	-193.5607886	-149.508249	1727.289668	2624.633026	1674.564868
	2683.094262	7573.704113	7549.699009	6563.400943	8448.161247
	3632.284508	6597.672926	4597.316423	4649.524098	5616.87196
	3685.564389	5658.672335	15396.27748	15492.94605	15312.06916
	-8538.331625	-8239.69562	-8228.23423	-7955.464876	-7946.269697
	-7624.445239	-7633.914126	15449.74254	15579.61767	15543.6087
	15443.48225	15350.66616	15519.84472	15424.24948	15556.35978
	15106.02427	15425.71279	15322.38665	15255.17028	14720.56494
	14994.31592	14943.60509	15161.00841	14490.16653	14189.69704
	14533.11955	14764.86897	-6955.704662	-7317.807201	-7309.846504
	-6947.287482	13885.84748	13499.63209	14230.51757	13927.53974
	13111.9289	12624.61193	13156.09649	13542.621	-6580.258742
	-6154.204886	-6162.339978	-6587.569027	12132.59328	12177.50124
	11518.1731	12670.94173	-5709.937046	-5205.122559	-5195.603261
	-5717.679884	-4648.732983	-4025.025604	-4038.379202	-4658.729209
	10938.19567	11563.41184	10133.30177	10894.09175	-3356.533072
	-2614.226296	-3371.496686	-2634.941176	-1001.619647	-968.470381
	-1819.953477	-1843.873799	8486.060731	9426.938504	10181.2748
	9373.623741	-102.7553803	-64.43857076	867.385539	815.899013
	1847.169852	2746.717836	1790.024231	2818.651487	4716.20508
	3832.05114	3757.940959	4801.247777	6653.464065	7623.600043
	8550.801824	7694.287542	5806.589097	5726.489934	6735.699718
	15785.59909	15682.40656	15644.4728	-7936.609415	-7616.658394
	-7608.527491	-7301.914728	-7295.585981	-6934.269964	-6940.645721
	15653.91477	15788.27883	15793.95017	15689.07213	15494.37224
	15666.62864	15596.7427	15732.13296	15212.91361	15551.74165
	15431.72532	15378.76387	14809.07251	15085.23154	15039.8836
	15259.41283	14575.46897	14274.12765	14620.86702	14852.5929
	-6573.238454	-6567.960014	-6142.66638	-6148.160629	13973.36111
	13590.87095	14025.50328	14322.18753	13209.04937	12724.30765
	13270.77962	13649.1564	-5698.408711	-5189.097332	-5183.800668
	-5703.136469	11620.22726	12792.58702	12305.30271	12235.38271
	-4635.306835	-4009.436098	-4016.186259	-4640.518252	-3336.691714
	-2599.934937	-2588.928825	-3344.30208	11002.04579	10248.21975
	11083.27417	11697.64371	-1785.880889	-943.5923509	-923.2551777
	-1799.377473	947.4669147	-28.7641212	-3.276652436	909.7701657
	9603.798035	8634.629273	9506.91634	10341.49463	1950.843244
	1905.306887	2946.823637	2883.574268	3914.609604	3985.614493
	4886.130297	4976.625835	8743.339037	5904.888997	7791.022273
	5998.517668	6828.273235	7894.712829	6936.752509	16000.69486
	15899.20029	15894.3801	-7288.983583	-6929.132987	-6923.822219
	-6562.923563	-6559.032177	-6134.874759	-6138.566238	15802.95943
	15939.44028	15974.88309	15867.81536	15605.51206	15779.43471
	15724.94973	15861.96035	15305.60926	15526.06815	15653.52133
	15479.0963	14899.25027	15177.61669	15129.78597	15350.94692
	14670.77242	14377.0291	14728.1751	14950.60242	-5694.204289
	-5691.314686	-5177.415777	-5180.246098	14088.23742	13716.96488
	14443.29708	14161.93505	13439.33398	13802.46667	13348.6469
	12872.92276	-4628.939229	-4002.749724	-4005.387875	-4631.280036
	12502.04981	11790.89109	12975.4976	12396.63297	-2578.116792
	-3328.324451	-2582.307001	-3331.161169	-1770.141361	-900.745942
	-909.9769487	-1775.676111	11190.0039	11908.74173	11307.92486
	10449.03758	995.3817364	974.4150258	30.3995296	17.63492525
	1991.459951	2019.063393	2995.934745	3038.073217	9843.555517
	9723.522213	8855.929662	10577.42969	5124.331994	4054.114565
	4105.173228	5053.084636	6175.652815	7037.55156	6096.098585
	7139.082706	8012.146516	8979.346749	8117.739911	16047.08406
	16154.85564	16082.13037	-6555.034282	-6132.020203	-6129.140844
	-5688.819612	-5687.053197	-5174.284219	-5175.591844	15916.97925
	16054.58071	16107.22365	15999.08948	15701.06288	15876.10219
	15828.0407	15966.01933	15399.59471	15621.50665	15747.61243
	15572.0986	15009.73978	15290.93892	15230.15321	15453.05313
	14797.32831	14521.11971	14879.13964	15081.18194	-4627.304576
	-4626.570753	-4001.099703	-4001.493588	14360.41268	14618.69219
	14254.18504	13901.00858	14023.43916	13553.03083	13090.91532
	13678.35232	-3326.738723	-2576.350267	-2576.187681	-3326.877192
	12035.15627	12766.16735	13229.47944	12631.43653	-894.1766527
	-1766.403569	-896.0357422	-1767.037144	42.75874169	1015.689485
	1007.976505	39.06001463	11574.78003	11444.41585	12178.04444
	10703.03657	2040.398993	3087.063864	3066.247937	2052.325788
	5219.062003	4148.363675	4176.105694	5176.348877	10081.74456
	9088.013042	9971.57538	10833.96033	6248.187816	7220.150873
	7292.074522	6299.637607	8221.514766	8302.298716	9192.117226
	16215.47551	16163.05487	16271.62715	-5685.322938	-5173.438029
	-5172.684236	-4626.344759	-4626.454407	-4002.157313	-4001.329778
	16014.45944	16152.81116	16212.80795	16104.02454	15797.5483
	15973.53715	15923.11472	16061.8157	15514.94054	15852.33733
	15738.65818	15675.7183	15165.72564	15451.43487	15364.22508
	15589.69539	14981.30974	14730.57808	15098.75608	15271.54583
	-3327.447392	-3328.661427	-2578.91281	-2577.061997	14632.47165
	14491.24902	14156.77359	14867.99142	13975.49704	14312.64114
	13826.63287	13371.31829	-894.5649894	-896.7698988	-1769.293862
	-1767.366192	12915.72452	12312.25778	13053.60348	13526.2241
	1018.496684	42.0587524	1018.026328	43.56984465	3098.159484
	2060.852702	3103.727665	2059.190476	11819.17452	11708.04639
	12447.30239	10944.87104	4195.920915	5263.723011	4205.714027
	5245.565275	6340.594595	6365.215179	7341.785072	7380.349675
	10262.73887	8419.402012	9338.990306	11047.12291	10185.13014
	8372.153999	9271.676043	16321.68205	16261.84397	16370.93782
	-4626.698399	-4003.085702	-4004.18807	-3332.240095	-3330.466585
	-2583.791995	-2581.024068	16112.57369	16251.55089	16309.72924
	16200.47743	15915.97981	16093.10511	16028.79544	16168.19145
	15992.83389	15905.39436	15814.58631	15678.71173	15790.14702
	15393.00968	15685.84343	15560.36599	15541.578	15242.39066
	15015.50329	15396.16668	-1772.195051	-1775.223866	-903.7154215
	-899.6967299	14957.68062	14796.39919	14467.71777	15185.74834
	14136.57639	13667.56096	14633.77148	14281.5184	34.73098845
	1010.816858	38.71350562	1015.433834	13190.71209	12558.7229
	13806.6413	13302.63829	2055.372291	3101.07154	3104.174683
	2059.155369	4209.727494	5271.80277	5274.1038	4208.786795
	11994.15591	11920.14614	11122.86378	12658.90452	6387.161896
	7415.825125	6380.947544	7402.461064	8474.232242	8454.666156
	9383.453906	10368.74361	9415.816582	10326.99758	11184.64688
	16419.01244	16470.47143	16361.0268	-3334.216797	-2586.318332
	-2589.096305	-1778.907133	-1782.226738	-912.2657399	-907.6381534
	16232.94485	16372.66459	16417.12332	16307.47139	16311.10012
	16170.68401	16084.86187	16263.93156	15918.49627	16150.23142
	16200.12025	16018.94755	16075.40008	16002.721	15700.27266
	15839.02017	15573.06842	15352.54451	15745.46178	15882.48613
	29.6411822	24.80429649	999.5881229	1005.806718	15282.20676
	15129.68592	14782.38282	15529.36524	14423.37398	13919.46079
	14537.62511	14926.87013	3096.12565	2049.538529	3089.037486
	2043.453679	13402.41817	12731.73417	14019.57463	13474.70289
	4198.083683	5265.747727	4204.228476	5271.700004	7418.551043
	7419.994174	6387.449391	6383.618027	12789.95586	12053.66224
	12091.39411	11224.12116	9441.308434	8487.140779	8484.820998
	9432.87541	10398.07542	10412.99983	11251.32543	16482.63199
	16526.66576	16592.39869	-1785.839242	-916.3293472	-920.750848
	19.26035085	14.39450468	987.3657999	993.8508849	16451.29017
	16405.18891	16546.25235	16561.52656	16523.01111	16333.51438
	16516.19506	16380.60872	16310.58266	16242.97595	16482.19257
	16496.67294	16059.7647	16372.77447	16190.44408	16435.18281
	16246.93232	15927.98178	15685.83644	16088.64244	2029.502645
	3081.973647	3073.631019	2036.148201	15430.31989	15042.91631
	15548.71263	15837.18529	14638.69347	14091.79973	14711.67632
	15145.46425	5249.209722	4189.810783	4181.77594	5258.526034
	13532.06729	12826.56183	14149.28822	13568.30938	6376.266375
	7413.381784	7404.925963	6368.049956	8477.583693	9437.41951
	9441.965832	8483.886058	12851.14389	12128.9888	12116.80432
	10419.33173	11269.61625	10418.6838	11264.60818	16767.63175
	16671.4246	16657.14018	9.110398807	981.7628525	975.6910929
	2022.113573	2015.733057	3057.984117	3066.193094	16660.20512
	16803.9514	16776.62302	16665.05419	16827.99579	16671.38684
	16859.91084	16681.91196	16621.7976	16870.07468	16678.9619
	16871.90105	16818.68596	16411.65348	16565.27852	16734.28456
	16244.19165	15958.13905	16368.12563	16570.79152	4164.28355
	5230.383319	5240.420838	4172.492495	15653.43111	15219.43266
	15729.13335	16065.15094	14769.6905	14185.52705	14806.76219
	15278.68619	6357.82424	7385.047489	6348.357191	7395.930693
	13592.47337	12862.75754	14210.11058	13604.14885	9430.202015
	9420.072685	8468.112983	8458.49334	11268.05597	10405.07075
	11261.66797	12130.9034	10412.95523	12866.45122	12132.98548
	16916.83927	17029.23519	16887.64528	2008.837194	3050.982879
	3043.46205	4147.721085	4155.332329	5212.169924	5221.650766
	17008.54628	17156.90889	17088.02486	16973.64417	17215.81869
	17066.73116	17262.92655	17064.15091	16991.6435	17248.937
	17071.82531	17272.48972	16697.74119	17028.07338	16897.83254
	17158.86306	16478.10175	16142.58849	16557.81404	16810.43094
	7375.161511	6328.522472	7364.160636	6337.725767	15789.94573
	15316.58626	15829.42663	16205.28438	14832.0208	14222.0978
	14844.99951	15343.13366	9398.375188	8447.109507	9410.031824
	8436.910141	14226.49145	12864.24875	13606.00602	13607.90344
	11253.37578	10384.08363	11242.4545	10394.39369	12124.07702
	12115.61108	12857.42862	17389.59583	17273.45522	17201.83907
	4139.591655	5195.72736	5204.19256	6318.629182	6310.332584
	7344.674811	7354.752858	17417.82022	17572.56281	17486.13172
	17367.1527	17631.38685	17453.26133	17657.60293	17472.98478
	17292.25692	17557.17624	17420.46356	17628.332	17411.07298
	16892.28465	17144.07553	17228.38694	16622.65596	16246.07675
	16665.31505	16959.23404	9376.769611	8416.151924	9388.039695
	8425.699088	15857.30965	15356.96525	16275.6308	15872.63325
	14849.8478	14225.10601	15363.48754	14850.24159	10372.25329
	11220.1742	11232.02241	10361.87076	12094.14172	14219.23381
	13591.45749	13599.48036	12104.56954	12849.0597	12838.14826
	17815.90066	17604.7492	17694.32586	6301.586079	7327.49504
	7336.293892	8406.004193	9357.146577	9367.237102	8397.583094
	17819.28688	17981.08142	17914.53299	17789.77162	17768.07878
	17979.56633	17836.68114	18001.62453	17497.64269	17892.91484
	17768.27617	17679.302	17343.6642	17297.68187	17003.38847
	17568.99319	16696.45926	16292.0126	16714.40415	17036.19393
	11209.8171	10341.16255	11198.66168	10350.62533	16301.2412
	15882.17912	15880.3706	15363.94639	15360.08452	14838.20104
	14844.84225	14211.74866	12827.87592	13570.88469	14201.69848
	12082.32935	13580.86953	12072.05943	12816.22232	18236.32422
	18108.67401	18039.23832	8388.783151	9348.817841	9340.123882
	10331.19543	11179.45926	11189.28967	10322.9772	18147.26297
	18315.38928	18297.45344	18166.95989	17984.05876	18200.88014
	18107.51774	18277.71949	17616.45193	17890.98534	17841.89808
	18059.54486	17378.03576	17055.16471	17652.26918	17398.36185
	17066.93563	16303.9381	16724.84018	16728.86346	12051.76399
	12806.09979	12795.19446	12061.00736	15874.73281	15354.23579
	15879.4253	16302.49746	14828.89739	13549.58019	14181.16123
	14192.16378	15345.8563	13559.49468	14819.99407	18448.21814
	18428.17776	18581.32729	10314.41002	11171.36768	11162.91979
	12042.08171	12786.06615	12034.11171	12776.50955	18583.74822
	18373.03181	18545.87578	18448.6397	18109.97943	18330.264
	18278.44054	18452.23308	17950.43978	17928.19068	18148.35564
	17673.47049	17416.90983	17071.67902	17411.12693	17687.2402
	17072.37267	16728.4181	16298.59433	16725.67525	14161.10457
	13529.87671	14171.57349	13538.85743	15337.63373	15860.04528
	15867.33583	16292.32563	15327.88404	14809.55784	14800.39523
	18819.76181	18719.3148	18682.58441	12025.77354	12768.63599
	12760.37434	13520.45568	13512.67408	14143.07309	14152.333
	18505.22305	18681.01851	18765.0924	18626.89865	18369.81471
	18545.69453	18171.30321	18393.52568	17971.86647	18186.46726
	17693.5008	17964.93433	17418.27606	17070.21233	17695.63169
	17417.00631	16714.80129	17065.90883	16285.76748	16720.32626
	14790.30964	15843.20391	15309.65057	16277.77851	15851.12302
	15319.26143	14781.80034	18959.83414	18903.90477	18820.12066
	13504.47558	14135.4194	14127.32045	14772.78009	14765.27196
	15292.83713	15301.53672	18722.4487	18862.33538	18569.94914
	18747.2388	18193.65718	18416.73274	18409.19191	18586.02314
	17694.65494	17974.31497	17973.8412	18196.4808	17413.30786
	17060.96401	17691.67609	17409.23353	15826.62901	17054.85334
	16707.70464	16701.36045	16262.31171	16270.5322	15834.2464
	18887.50225	19002.92947	19028.46025	14757.28383	15285.6062
	15277.8625	15818.41064	15811.5081	16247.62921	16255.28111
	18904.16254	18593.6703	18771.416	18763.63056	18196.03519
	18419.30973	18419.61534	18596.63919	17687.90111	17967.8025
	17971.05514	18193.54944	17042.67121	17049.14565	17399.0122
	17683.28483	16687.6984	17403.82486	16693.98049	19045.4193
	19053.19902	18911.95167	15804.05968	16241.21531	16234.24025
	16680.78767	16674.95718	17030.94548	17037.06151	18914.72613
	18596.17947	18773.71584	18774.26826	18416.67696	18190.29659
	18593.49582	18413.54576	17678.90213	17963.50575	18186.41578
	17388.63627	17674.131	17393.3631	17959.78463	18913.93147
	19055.85208	19054.79839	16668.54966	17020.07248	17025.7774
	17383.40059	17379.03239	17665.66397	17669.99967	18910.59402
	18590.12032	18767.11732	18770.66021	18182.82773	18586.14222
	18406.249	18409.56092	17955.59544	18179.26516	17952.27308
	19046.71265	18906.68491	19051.04098	17374.15114	17657.99799
	17662.00227	17948.74141	18173.59196	18176.30161	17945.96706
	18582.66817	18901.93934	18762.71532	18400.40707	18759.151
	18402.8514	18579.5011	19041.32304	19036.99341	18897.9925
	17942.97189	18169.28462	18171.43999	18894.36501	19027.36777
	18890.3147	19030.22064	18398.21847	18396.78148	18577.10559
	18575.41865	18891.97317	19028.11507	18755.71328	18753.47619
	19032.83416	19027.93497	18889.82666	18890.26922	18395.40795
	18751.26248	18574.29726	18751.87044	18751.23124	18573.56814
	
