4225	
	-2.488315688e-34	-9.953268483e-34	-0.000745235422	-1.25638969e-33	-0.0007469079818
	-0.0007464953451	-5.633806735e-34	-0.002446192823	-0.001494642794	-0.001493838839
	-0.0007424202563	-0.0007381623601	-1.564382506e-33	-7.069656337e-34	-0.001491314611
	-0.002440813751	-0.001485731238	-0.002444859048	-0.004619959867	-0.003402040934
	-0.00340023869	-8.711036568e-34	-1.899682246e-33	-0.0007306669859	-0.0007206012032
	-0.002431726442	-0.002417986088	-0.001477227061	-0.00146230887	-0.003394685388
	-0.004617549989	-0.004610232022	-0.003382248611	-0.005850253096	-0.007422258982
	-0.005847324281	-0.0007041470646	-0.0006830515942	-2.19806401e-33	-1.037364908e-33
	-0.001442200052	-0.001409385091	-0.002393692289	-0.002361066991	-0.003363346611
	-0.004593669861	-0.003329934923	-0.004568535596	-0.007418689211	-0.01107706345
	-0.005817915543	-0.009019027583	-0.005838319167	-0.009023120865	-0.007407769883
	-0.0006498903306	-0.0006085290428	-2.298407495e-33	-1.154310126e-33	-0.00230754298
	-0.002238928339	-0.001367217373	-0.001300990342	-0.004463590358	-0.003211033682
	-0.003284917898	-0.004523824213	-0.01591271147	-0.01107235759	-0.01319002914
	-0.0131848626	-0.01105779029	-0.00734457804	-0.005786766714	-0.007382795314
	-0.005731260692	-0.009006376839	-0.00897726886	-0.0005455308065	-0.0004688842073
	-1.854048426e-33	-1.102767663e-33	-0.002130751436	-0.001995873066	-0.001218274972
	-0.001092334944	-0.004364268041	-0.00423664518	-0.002966364617	-0.003116104646
	-0.0187381231	-0.02240152691	-0.01590702297	-0.01874413184	-0.007275988733
	-0.005656150109	-0.007182956125	-0.005532099298	-0.01316870842	-0.01102397648
	-0.008932418775	-0.008851579735	-0.01313077745	-0.01588911985	-0.010971555
	-6.436944501e-34	-0.0003561133296	-0.0002228615985	-2.222809868e-34	-0.001789964638
	-0.001539595749	-0.0009390205786	-0.0007134126885	-0.004034615924	-0.003782352292
	-0.00249381019	-0.002779382471	-0.02623480947	-0.02624132418	-0.03119280805
	-0.02239512398	-0.007028453913	-0.006828901325	-0.005118667666	-0.005372162138
	-0.01871897837	-0.0158467365	-0.02237453736	-0.01867285494	-0.008741300047
	-0.0107456616	-0.008557568964	-0.01087627478	-0.01296298969	-0.01577985348
	-0.01307150637	-3.501699012e-05	0.0001789783973	3.587527649e-33	6.305602027e-34
	-0.03642482692	-0.03641817271	-0.0431217571	-0.03118601786	-0.0004468827895
	-7.084672758e-05	-0.001170569369	-0.0007348888826	-0.002146267688	-0.003396071134
	-0.002926058708	-0.001633838244	-0.006511272739	-0.006113246952	-0.004801363218
	-0.00431509401	-0.02616049117	-0.02232457128	-0.02621348205	-0.03116361988
	-0.008319189714	-0.01024134421	-0.01052657385	-0.007938922007	-0.0222439691
	-0.01859941241	-0.01256064112	-0.01565623488	-0.01846225484	-0.01281319311
	-0.01548432854	0.0004652074848	0.0007776174081	1.076618461e-32	3.281895715e-33
	-0.05021732013	-0.05021084794	-0.05917799315	-0.04311489741	-0.0001198068088
	0.0005800634342	0.0003570459676	0.0009304152422	-0.03110763451	-0.03639560969
	-0.04309164061	-0.03633761027	-0.00141220678	-0.001028653831	-0.002231869919
	-0.0001739619914	-0.002846742572	-0.005501360626	-0.00475522801	-0.003722450627
	-0.006724762339	-0.007460794218	-0.009783968693	-0.009207642729	-0.02590915811
	-0.02209193006	-0.02607415514	-0.03101506242	-0.01169805266	-0.01223001662
	-0.01794106077	-0.01480784022	-0.01519220845	-0.02187682067	-0.01827002678
	0.001171403052	0.001583396683	2.232784186e-32	7.889019373e-33	0.001517566985
	0.00253895574	0.001554670618	0.002344210267	-0.06866595768	-0.06865991543
	-0.08042124543	-0.05917134259	-0.05012737048	-0.04303166595	-0.05018801493
	-0.05914823039	-0.000253673293	0.001064144963	0.002101426564	0.0007983094565
	-0.04293003812	-0.03083647894	-0.03605101345	-0.03624071312	-0.001811831169
	-0.003650403996	-0.00234457138	-0.0003487370025	-0.007227295811	-0.004492128595
	-0.008317061305	-0.005825146865	-0.009982736362	-0.01339593954	-0.01418566747
	-0.01102496301	-0.0252642754	-0.0256738535	-0.02150562565	-0.03057909937
	-0.01679730696	-0.02101102908	-0.01750554054	0.002073422489	0.002570452657
	3.875067605e-32	1.484135027e-32	0.003829023913	0.005174805901	0.00316653223
	0.004150395927	0.002830183919	0.004753002803	0.005313244796	0.003519844655
	-0.09282678103	-0.09282136414	-0.1078286309	-0.08041507061	-0.08039323776
	-0.06857758159	-0.05908692087	-0.0686378039	-0.05898087519	-0.0427296178
	-0.04981593528	-0.05002360504	-0.0004964727092	0.001315801735	0.001605920568
	0.003546822728	-0.03577566076	-0.03528803117	-0.03012765097	-0.04243571623
	-0.002914382009	-0.0006810085812	-0.00560835751	-0.003691438719	-0.0068016859
	-0.01065793479	-0.01216775192	-0.008703712445	-0.01916540861	-0.02951813324
	-0.02381163253	-0.01589424872	-0.01448590835	-0.02020163299	-0.02471524641
	0.003133638348	0.003696690722	5.980470955e-32	2.420881281e-32	0.00678096139
	0.008402432148	0.005140798518	0.006273789377	0.007181639807	0.009712856558
	0.009414080552	0.007180801424	0.009042036061	0.0044239072	0.007490328271
	0.005974582464	-0.107823209	-0.1235708934	-0.1235662749	-0.1420601937
	-0.1078038847	-0.09274502227	-0.08033414314	-0.09280104242	-0.08023051209
	-0.06825885226	-0.05876779069	-0.06847255893	-0.04950974889	-0.04191218596
	-0.04895905473	-0.05845094191	-0.0009741657865	0.001860936393	0.005267704807
	0.002118227701	-0.03352400063	-0.03462638012	-0.04119670573	-0.02850918077
	-0.004545524538	-0.001346585974	-0.005733172268	-0.008406040619	-0.01015508236
	-0.01553554147	-0.02082302068	-0.01754200814	-0.01274912816	-0.02264974742
	-0.02720579323	0.004310032293	0.004920812619	8.439051439e-32	3.567255093e-32
	0.01025026291	0.01208434499	0.00739330272	0.008630006607	-0.1831777823
	-0.1420557476	-0.161314182	-0.1613104788	0.01273413102	0.01578067265
	0.01423277246	0.01166214882	0.01136104153	0.01539156801	0.01223504006
	0.01604981877	0.00897345414	0.006263516902	0.01077118734	0.01365054467
	-0.1235487871	-0.1420399364	-0.1235006863	-0.1077511115	-0.08001951107
	-0.0924432411	-0.107657965	-0.09264616744	-0.0797028338	-0.0679399743
	-0.05787917651	-0.06735957604	-0.04820395705	-0.04693168459	-0.03999946555
	-0.05709009447	0.002296695318	0.002385670288	-0.001937097965	0.007178928775
	-0.0251480481	-0.02982915232	-0.03843972701	-0.03209499462	-0.01252937259
	-0.007069926116	-0.02259003262	-0.008950911144	-0.01855842133	-0.002686732236
	-0.01515900321	0.005562875491	0.006202542392	1.10506396e-31	4.845368322e-32
	0.01409942748	0.01608591805	0.009841509097	0.01113859144	-0.2057414438
	-0.2304308459	-0.1831743804	-0.2057442113	0.01925508997	0.02269835397
	0.01957846327	0.01677312945	-0.161296528	-0.1831624432	-0.1612586568
	-0.1419967885	0.02427560435	0.02019876212	0.02504160406	0.019888847
	0.01851530285	0.01645512046	0.02236625391	0.02431916272	0.01917554137
	0.0144763496	0.01248655941	0.008180463627	-0.123240364	-0.1419206198
	-0.1074670341	-0.1234154276	-0.1071790635	-0.09213806381	-0.09157861303
	-0.07912586558	-0.07832409242	-0.06655723549	-0.06519280192	-0.05575724386
	-0.04261511892	-0.05400833588	-0.03595870723	-0.04527070689	0.009003265873
	-0.003857670299	0.001946698093	0.002309113466	-0.01873900296	-0.03285684154
	-0.005330213638	-0.02700573573	-0.01110456113	-0.01414014004	-0.02274383787
	6.139484139e-32	0.00685454699	0.007507532882	1.356161628e-31	-0.2556794676
	-0.2556775908	-0.2822337678	-0.2304284485	0.01819766621	0.02027556101
	0.01240487847	0.01372332597	0.0264870545	0.03021428039	0.02526900419
	0.02232724911	-0.205731143	-0.2304200996	-0.2057035629	-0.1831300011
	0.03056297177	0.03602972985	0.02861053799	0.03339514983	-0.1830730822
	-0.1610547904	-0.1417643459	-0.1611916044	0.03015606014	0.02940644365
	0.03648977638	0.03681824681	0.03439761574	0.0224036219	0.02612413279
	0.03063315295	0.02542232831	0.01627482758	0.009728012282	0.01817336175
	-0.122975954	-0.1415282457	-0.1066512648	-0.1224902837	-0.08946863852
	-0.1059145926	-0.07695933129	-0.09080054598	-0.07515833196	-0.05120673073
	-0.0605139311	-0.06340090732	-0.03929029869	-0.02816358675	-0.03424098234
	-0.04768499988	0.01008301816	-0.007578585667	-9.351470163e-05	0.001256516813
	-0.01764620936	-0.0103640522	-0.022539114	0.008157387632	0.008813798332
	1.571277045e-31	7.320098642e-32	0.01501472216	0.01632870873	0.02242097011
	0.02454096547	-0.3091531473	-0.3091521075	-0.3363456599	-0.2822322717
	-0.2556706097	-0.2822269777	-0.2556519495	-0.230397467	0.03418448589
	0.03808140996	0.03113151194	0.02814191051	0.04309844401	0.04204614754
	0.04795833668	0.03808369474	-0.2303579002	-0.20555643	-0.1829564499
	-0.2056549096	0.04455729404	0.05065640052	0.04339921922	0.05253575619
	-0.1410944878	-0.1608477703	-0.182780549	-0.1604683003	0.042707667
	0.040414278	0.05023601855	0.05217610676	0.03490745804	0.03978258023
	0.02878851536	0.04617124979	0.01966139953	0.02082510267	0.009943298882
	0.0316867206	-0.1206460735	-0.1046531261	-0.1404873813	-0.1218117221
	-0.1029809373	-0.07225385421	-0.08485838482	-0.08771029084	-0.05688287929
	-0.06858392156	-0.04232773769	-0.05133175246	-0.03588134026	-0.02818348449
	0.009098385358	-0.00204969946	-0.005295686606	-0.0144907526	-0.01949488707
	0.009453309069	0.01010271702	1.727208863e-31	8.263393504e-32	0.02667883767
	0.02881036705	0.01762709558	0.01891882028	-0.3636577609	-0.3636576589
	-0.3901154643	-0.3363450415	0.04608888773	0.03704033066	0.03406125134
	0.04211403815	-0.3091480539	-0.3363425529	-0.3091367686	-0.2822124066
	-0.2821866222	-0.2555522043	-0.2302768153	-0.2556189445	0.05309058581
	0.05425855635	0.06043481982	0.04799685667	0.06536273185	0.0577659404
	0.06131083381	0.069922771	-0.2051352799	-0.1824571972	-0.2054073387
	-0.2301546577	0.06140136574	0.07242151991	0.07180616028	0.06151934907
	-0.1394436083	-0.1590214284	-0.1820038988	-0.1599361492	0.05746050849
	0.05281300795	0.06585807677	0.07028845993	0.04412566485	0.03447724271
	0.0588467653	0.04857584587	0.007044369429	0.02118452257	0.03632934587
	0.02041449339	-0.1002666596	-0.1380545583	-0.1165774653	-0.1190992847
	-0.08125357647	-0.06296663982	-0.07570308267	-0.09681954045	-0.04464824252
	-0.05617405552	0.003782790458	-0.02662055929	-0.03500760435	-0.01601246019
	-0.009560849213	0.01072011082	0.01134555811	1.807207342e-31	8.866561528e-32
	0.03091259252	0.03302302594	0.02020477938	0.02144956628	-0.416350028
	-0.4163514721	-0.4405740056	-0.3901160272	0.05010629318	0.05410270204
	0.04291434476	0.03998586284	-0.3636566793	-0.3901171145	-0.3636525308
	-0.3363349219	0.06682933938	0.07312538716	0.05808447346	0.06315852268
	-0.3091162151	-0.3363203782	-0.3090736945	-0.2821332347	-0.2554507685
	-0.2820521079	-0.2552656508	-0.2299296671	0.08048963388	0.07909500612
	0.08807481514	0.07278233074	0.09636921284	0.09261197007	0.08187339191
	0.08452120706	-0.2296139757	-0.1812227024	-0.204752478	-0.2040950871
	0.09517989103	0.08064117383	0.08291822581	0.09678356895	-0.1558049548
	-0.1801790291	-0.1357866453	-0.1578011269	0.08181788525	0.09018789545
	0.07355067671	0.06522511891	0.07035441634	0.05194869378	0.05440010104
	0.0371615264	-0.001745048606	0.03633992355	0.01824235175	0.01372142784
	-0.1083979569	-0.1328909535	-0.09150478299	-0.1133708351	-0.08503926235
	-0.04636020521	-0.009053003489	-0.03506867207	-0.06898704691	-0.02395630356
	-0.05922584743	0.01192352976	0.01250390546	1.805364032e-31	9.069764449e-32
	0.03505008216	0.03708504639	0.02269031696	0.0238530365	0.05805206141
	0.06200942984	0.048653654	0.04583161509	-0.4639958513	-0.4640006904
	-0.4842070258	-0.4405768835	-0.4163553143	-0.4405847848	-0.4163616366
	-0.3901176569	0.07949213047	0.08582053692	0.06817855195	0.0731655367
	-0.363643312	-0.3901154504	-0.363621441	-0.3362885635	0.08804741153
	0.09736823289	0.1065091393	0.09571856366	-0.2819014961	-0.3090078013
	-0.336238145	-0.308885738	-0.254553924	-0.229068294	-0.2550038857
	-0.2816887127	0.1139585047	0.1089669732	0.1212727699	0.1030912562
	0.1266011361	0.1247141509	0.1103195714	0.1110884468	-0.2283366466
	-0.1784671037	-0.2017675165	-0.2032132305	0.1188134263	0.1243140791
	0.1005266142	0.1064975458	-0.153248756	-0.1492590159	-0.1283906204
	-0.1762683907	0.09473134364	0.08864351239	0.1092037326	0.07466461347
	0.07675641888	0.05494392415	0.03308213449	0.05295221758	0.02735545724
	-0.003226134866	-0.01981159688	0.007110990292	-0.06471344082	-0.09344975632
	-0.03271176143	-0.07562215273	-0.1023386095	-0.04798234637	-0.1228762284
	-0.5025827551	-0.5025954185	-0.5164838857	-0.484215179	0.01302429622
	0.01354014032	1.728009011e-31	8.873403209e-32	0.0389799416	0.04087083088
	0.02500687331	0.02605153547	0.0658162628	0.06963267878	0.0541040961
	0.05146818169	0.09207687201	0.0983423354	0.07813676899	0.0829416573
	-0.4640148098	-0.484238437	-0.4640429369	-0.4406001768	-0.4163680249
	-0.4406193632	-0.416372653	-0.3901055978	0.1033119512	0.1157505913
	0.124930362	0.1108473303	-0.3635107269	-0.3361414556	-0.363584348
	-0.3900843864	0.1246116954	0.135408419	0.1464805677	0.1339918353
	-0.3360011652	-0.3084064644	-0.281318283	-0.3087106721	-0.2529481233
	-0.2808185033	-0.2271312069	-0.2539464986	0.159033978	0.1532265187
	0.1430404777	0.1387307062	0.1579582329	0.1599344905	0.1387028401
	0.1416220938	-0.1969745492	-0.1728250404	-0.2255730474	-0.1999019308
	0.1508904678	0.1292098952	0.1389197132	0.1171829412	-0.1685703358
	-0.1443533302	-0.1147613338	-0.1370844385	0.07618951794	0.1222417341
	0.09901584736	0.09827430723	0.01757216607	0.04811154039	0.03889034755
	0.0723268527	-0.03359559648	-0.04985201233	-0.06896192	-0.1052734147
	-0.01608927305	0.004817143799	-0.08312957962	0.01398757487	0.01442222196
	1.590514282e-31	8.333170555e-32	-0.5268864879	-0.5269156619	-0.5316590228
	-0.5165036143	-0.5026326837	-0.5165603356	-0.5027096997	-0.4842867516
	0.04257466286	0.04425749472	0.02707922337	0.02797602277	0.07318972566
	0.07673625948	0.05908934911	0.05672116788	0.1043699536	0.1104102305
	0.08773664789	0.09222330605	0.1183633407	0.1340031014	0.1430842642
	0.1256188887	-0.4640807564	-0.4843525478	-0.4641370097	-0.4406454149
	-0.440669216	-0.4163500768	-0.3900355737	-0.4163699903	0.1460976313
	0.1590964566	0.1716124897	0.1566887676	-0.3631985565	-0.3899557458
	-0.3357516573	-0.3633996396	0.1674188127	0.1755241198	0.191665064
	0.1817701818	-0.2799892914	-0.3354087823	-0.3073024461	-0.3079910753
	-0.2495999916	-0.2231158665	-0.2789096453	-0.2516492258	0.195974174
	0.1782470922	0.1978554843	0.177688701	0.1936989583	0.1623328974
	0.1847550005	0.1717733403	-0.1878962469	-0.1933375447	-0.2200517763
	-0.1622380627	0.17000213	0.1453022865	0.1242850494	0.1484361221
	-0.09218870592	-0.1547487386	-0.1166709788	-0.1285492944	0.08791296679
	0.0960140085	0.06371940193	0.1220937629	-0.03367857792	-0.01308261609
	-0.0777239586	0.0511959428	0.02625057899	-0.05341818624	0.007999523419
	0.01478240194	0.01511896534	1.412401178e-31	7.537860755e-32	-0.530779378
	-0.5308380381	-0.5237889169	-0.5317010143	0.04572108147	0.04714040016
	0.02884333627	0.02956519186	-0.5270005977	-0.5318215589	-0.5271779427
	-0.5166797713	-0.4844550358	-0.5028168347	-0.5168452089	-0.5029856975
	0.07993311142	0.08308956529	0.06345292835	0.06142007524	0.1160381925
	0.121647853	0.09668006583	0.1007092659	0.1328627809	0.1518152429
	0.1605589162	0.1396307875	0.1672551706	0.1839731785	0.1774355976
	0.1963291872	-0.4641985429	-0.4845722939	-0.4642742537	-0.4406891412
	-0.4406900689	-0.4163047704	-0.389801203	-0.4162017632	0.1959708657
	0.2079470682	0.2240602988	0.2100092216	-0.3348309556	-0.3629150618
	-0.3624324844	-0.3895750068	0.2138267642	0.2179942004	0.2376112473
	0.231824784	-0.3340680747	-0.2771934723	-0.3049567421	-0.3063969816
	-0.2470264973	-0.2750325308	-0.2154413353	-0.2431411751	0.2306035933
	0.2081727045	0.2364207053	0.2148024834	0.1740964407	0.217912222
	0.1983320074	0.1934963002	-0.1722675416	-0.2099173213	-0.144261515
	-0.1814184631	0.1393275484	0.1143863848	0.1729436439	0.146834584
	-0.1034681129	-0.1324953478	-0.08643345485	-0.05924450832	0.07543063421
	0.05639921603	0.01044520915	0.03256577237	-0.01333422533	-0.04007611645
	0.1018255216	0.0153786292	0.01560141845	1.2137288e-31	6.587278881e-32
	0.04831911804	0.04941867712	0.03023689713	0.03075736913	-0.5092162077
	-0.5093159557	-0.4895369844	-0.5238658095	-0.5310058268	-0.5240853487
	-0.5313561453	-0.5320752125	0.0858344596	0.08849691171	0.06705665066
	0.0654198765	-0.5278193918	-0.5171091587	-0.5274251695	-0.5324263082
	-0.5031844795	-0.5174210633	-0.5034610408	-0.4847303896	0.1267008365
	0.1316891645	0.1046764047	0.1081332992	0.1463552442	0.1686963287
	0.1768002131	0.152423959	0.1875986996	0.2081935221	0.2200532155
	0.1970698021	0.237450883	0.2240059589	0.2399535496	0.2557957355
	-0.4848878497	-0.4643910569	-0.4406522636	-0.4643394204	-0.389175169
	-0.4405578095	-0.4160345548	-0.4157203844	0.2496025297	0.2573601428
	0.2768308226	0.2671249006	-0.3607329166	-0.3328398968	-0.3886269652
	-0.3617838563	0.2574315797	0.2757242632	0.2785487684	0.25351898
	-0.3031270177	-0.3003368895	-0.2717462829	-0.3312737694	-0.2384475723
	-0.2020554754	-0.2317186552	-0.2677555814	0.2649062581	0.2233582376
	0.2471129694	0.2411891763	0.2225661199	0.1654263359	0.1897335389
	0.1974134791	-0.148282964	-0.117182524	-0.1619157865	-0.1930752701
	0.1265368887	0.1522452877	0.1064120777	0.08228318052	-0.01753472982
	0.004436975454	-0.06864690718	0.0335372324	-0.04755151359	-0.1010264151
	0.0585959459	0.01575115378	0.01585359903	1.012978766e-31	5.579256629e-32
	0.05026836771	0.05099694432	0.03120206039	0.0315022812	0.09070740347
	0.09277145544	0.06976139362	0.06858144846	-0.4616172985	-0.4617567604
	-0.4313680313	-0.4896547027	-0.5095959869	-0.4899885064	-0.5101772522
	-0.5245440869	-0.5251740641	-0.5326102388	-0.5329869756	-0.5318404649
	0.1142619422	0.1360225569	0.1402261279	0.1114798636	-0.5282882899
	-0.5336507744	-0.5289542679	-0.5178622884	-0.5183343953	-0.5041114877
	-0.4850661707	-0.5037521137	0.1583994306	0.1840871314	0.1912728043
	0.1635957723	0.2149333807	0.2064742014	0.2310665304	0.2420056927
	0.2709757472	0.2508541284	0.2860885625	0.2632921605	0.2845575035
	0.2960038617	0.3012343171	0.3150295949	-0.464393608	-0.4403411974
	-0.4852030073	-0.4643056176	-0.4144940817	-0.3877177548	-0.4399943269
	-0.4152675125	0.2993456325	0.2980340164	0.3199600751	0.3197899504
	-0.3593748523	-0.3865291793	-0.3288623858	-0.3572730807	0.2946282561
	0.287854035	0.3108976808	0.2712680681	-0.2969171745	-0.2619865981
	-0.2919444087	-0.325892333	-0.2239531764	-0.1811239062	-0.2552695171
	-0.2134959067	0.246349337	0.238077197	0.2705445116	0.2145901478
	0.2003773253	0.1313993365	0.1544985591	0.1760574183	-0.1682132857
	-0.1160701282	-0.08164737108	-0.1337457198	0.106074246	0.02838733031
	-0.0624249213	0.08193399116	-0.004123399262	-0.02684225107	0.0507410882
	0.01589657615	0.01589031181	8.251450662e-32	4.599528782e-32	0.05148700764
	0.05182308694	0.03170681154	0.03179322314	0.09436501503	0.09573397244
	0.07145305287	0.07077213275	-0.3939616892	-0.3941204405	-0.3578865506
	-0.4315160677	0.1437113156	0.146967583	0.1168567475	0.1188613622
	-0.4906789474	-0.4621422585	-0.4319329267	-0.4629351144	-0.4916169574
	-0.5122199075	-0.5261719886	-0.5109710255	-0.533520214	-0.5273431755
	-0.5348085526	-0.534594821	0.1686262413	0.1975000655	0.2035328347
	0.1727978629	-0.5356142648	-0.5306067936	-0.5189375222	-0.5296746522
	-0.5195169949	-0.5047671302	-0.5044393598	-0.4852877009	0.2232527542
	0.2518091945	0.2614422252	0.2304567339	0.28662794	0.2756112365
	0.3000717488	0.3138817312	0.3332058422	0.3177977304	0.3511835531
	0.3330751161	0.3593532987	0.3628261975	0.3400508916	0.3415206675
	-0.4393573681	-0.463622824	-0.464091219	-0.4852475201	-0.4134538929
	-0.4384632361	-0.3846612039	-0.4117934043	0.333550346	0.318126423
	0.3412512335	0.3558207608	-0.3823163849	-0.3507918948	-0.3215337495
	-0.3546556818	0.2939716115	0.2620194659	0.3176375995	0.2853310931
	-0.2860907261	-0.2780367331	-0.3163634748	-0.2461228291	-0.2359720744
	-0.2020452897	-0.1522799392	-0.1876843292	0.2469820993	0.1781051539
	0.2005792717	0.2233786915	0.1284272809	0.09561212506	0.1513953415
	0.07397011258	-0.09829825398	-0.07825026436	-0.0410523841	0.03962992289
	-0.1360027358	-0.02071767396	0.01725249096	0.01584696273	0.01576243665
	6.600639375e-32	3.711753993e-32	0.05196372296	0.05194453554	0.0317805724
	0.03169411771	0.09665301948	0.09728580748	0.07211532963	0.07191952797
	0.1217373295	0.1494758387	0.1516326364	0.1205820642	-0.3168220107
	-0.3169709114	-0.2801551814	-0.3580396539	-0.3945547454	-0.3954388134
	-0.4327855194	-0.3584679516	0.1766892623	0.208518204	0.2131685779
	0.1796841962	-0.4339309049	-0.4656637682	-0.4930848208	-0.4640037983
	-0.5136780995	-0.4947854991	-0.5157167161	-0.5289946736	-0.5307633594
	-0.537999797	-0.5369396439	-0.5361988253	0.2374185349	0.2697504395
	0.2431593223	0.2777616884	-0.5382522584	-0.532586569	-0.5315252269
	-0.520160337	-0.484989249	-0.5206674014	-0.5049972384	-0.5049676281
	0.3261864781	0.3381839953	0.297420127	0.306692196	0.3481173927
	0.3677265002	0.3614513707	0.3839132544	0.3784008681	0.3831107178
	0.403027783	0.3958466181	0.3865544012	0.3987358577	0.3778205901
	0.3640448308	-0.4628948557	-0.4844642011	-0.4616224099	-0.4369854363
	-0.4096720762	-0.4064751473	-0.4350585557	-0.3788161319	0.3410010129
	0.3326090013	0.3090396261	0.364127001	-0.34615864	-0.374587269
	-0.3396596987	-0.3091733467	0.2701323203	0.2939228177	0.2238553969
	0.2469841388	-0.2230375118	-0.2689707477	-0.2572376196	-0.3009831169
	-0.1552202661	-0.1727485851	-0.2093383088	-0.1172725797	0.1734630374
	0.1966273032	0.118074927	0.1399665935	0.08291600567	0.0009110581849
	0.06072790733	-0.03786984969	-0.05884835774	0.02161049308	-0.09880157572
	0.01566636086	0.01554383809	5.219252258e-32	2.951310757e-32	0.05180213862
	0.05152607415	0.03152480021	0.03133264738	0.09754822885	0.09751230275
	0.07189052721	0.07208830096	0.1228587062	0.1530732365	0.1540638282
	0.1225308578	-0.240640132	-0.2407580064	-0.2071348314	-0.2802876357
	0.1839656767	0.1822544247	0.216731619	0.2197852528	-0.3173760486
	-0.2806563742	-0.3181932858	-0.3593349297	-0.3604879834	-0.3984228508
	-0.4356994067	-0.3966163098	0.2485005192	0.2843366909	0.2904298369
	0.2525752323	-0.4675742606	-0.4377207757	-0.4702036365	-0.4971494968
	-0.4996443228	-0.5206647561	-0.5330466964	-0.5178892789	-0.5352984792
	-0.5418916065	-0.539793976	-0.5397884551	0.3156023336	0.3484431546
	0.3582336534	0.3228704947	-0.521054211	-0.5411521218	-0.5334957919
	-0.5343430503	-0.5047394244	-0.5211229567	-0.5039993842	-0.4834222403
	0.3982074335	0.3744019488	0.4119689379	0.3853918619	0.4388426566
	0.4277679136	0.4212322301	0.4128552155	0.428907507	0.4192290735
	0.4378908089	0.4079801644	0.3870044509	0.356081745	0.3793990115
	0.4088183603	-0.4598923012	-0.4571746277	-0.4819084247	-0.4321006015
	-0.4025651512	-0.4284428884	-0.3969831726	-0.3685966961	0.3177546119
	0.2710286399	0.341682625	0.2953901634	-0.2902310908	-0.3221974073
	-0.3321628247	-0.3616219939	0.2199407011	0.2445020471	0.1871257808
	0.1632863956	-0.2784380347	-0.2445783663	-0.1929132585	-0.2290959833
	-0.1375500655	-0.1175747781	-0.1759942723	-0.07836037482	0.1048827819
	0.04377564333	0.06609554935	0.1286480944	0.004923262668	-0.05800512417
	-0.01739210699	0.01543132046	0.01530819757	4.102914373e-32	2.326787814e-32
	0.05120995711	0.05080766834	0.03108692032	0.03086154224	0.09724034839
	0.09671710722	0.07106502641	0.07150539869	0.1224606716	0.1544626272
	0.1543892022	0.1228079068	0.1851337801	0.2217995165	0.2231625572
	0.1855926639	-0.207232988	-0.1722630349	-0.1723437725	-0.1436587137
	-0.2410786058	-0.2075059016	-0.2417218833	-0.2813969457	0.2560524468
	0.2950461345	0.2989543581	0.2583221546	-0.2823747988	-0.3209101242
	-0.3622466416	-0.3192714497	-0.4004729145	-0.3642327138	-0.4032535971
	-0.4404860596	0.3295766204	0.3661697532	0.373417275	0.334606007
	-0.4729605562	-0.4433576759	-0.4764173618	-0.5028128799	-0.5058882032
	-0.5265556463	-0.5379441582	-0.5233907411	-0.5403013264	-0.5456840624
	-0.5425034803	-0.5437715226	0.4235817424	0.3958270528	0.4344765145
	0.4041937302	-0.5348235471	-0.5434211023	-0.5348722483	-0.5207349575
	-0.5027497685	-0.5197904032	-0.4794266925	-0.500555971	0.4539835751
	0.4688013662	0.4542275987	0.4420518619	0.455871778	0.4479483495
	0.4661799123	0.4714782307	0.4301066551	0.4234602139	0.4016942362
	0.4494520697	0.3200263545	0.3655446369	0.3884474683	0.3447403871
	-0.4537457345	-0.4231644782	-0.4762197946	-0.4487458924	-0.3904162819
	-0.3815179208	-0.3522497368	-0.4169077927	0.2696035036	0.2951772225
	0.2125166555	0.2387057804	-0.2970611484	-0.2637509403	-0.3110984726
	-0.3416884663	0.1532401079	0.0905831567	0.1162046482	0.1796854191
	-0.2128051531	-0.1564168891	-0.1935763591	-0.2480075683	-0.1361128469
	-0.07428101474	0.05312001432	-0.09725328371	-0.01188504255	0.02776245408
	-0.03537793584	0.01520791462	0.01510944275	3.219560135e-32	1.82790786e-32
	0.05043611973	0.05002953217	0.03061414248	0.03041284169	0.09611360998
	0.09534599601	0.06998310954	0.07050233318	0.1539351438	0.1530794758
	0.1217917175	0.1210232793	0.184911466	0.1854791233	0.2236667066
	0.2234856577	-0.09104347982	-0.1437222979	-0.1144918752	-0.1145403633
	0.2598319909	0.3014648106	0.3030866611	0.2603487328	-0.1725646572
	-0.1438998509	-0.1730081517	-0.2080522484	-0.2087718323	-0.2438427337
	-0.2838530789	-0.2425658395	0.3388298021	0.3787991023	0.3832363772
	0.3414810756	-0.3227475987	-0.2855082922	-0.3252136636	-0.366910638
	-0.4061203919	-0.3696515306	-0.4096522647	-0.4469354817	0.4117814332
	0.4431433757	0.4508697798	0.4173199432	-0.4503407835	-0.4835328461
	-0.5094378706	-0.4797501078	-0.5125505585	-0.5322285632	-0.5427209952
	-0.5293714579	-0.5470808273	-0.5480383866	-0.5445179584	-0.5439168245
	0.4651015872	0.4920295838	0.4738232008	0.4809119588	-0.5342893162
	-0.5179031665	-0.543691917	-0.5327607405	-0.4975936322	-0.4931067163
	-0.5152008708	-0.471462389	0.4982814985	0.496692799	0.4861796099
	0.4819618445	0.4432294212	0.4620484272	0.4838417112	0.4679170281
	0.4311153442	0.4108055728	0.368502348	0.3917269589	0.2654874356
	0.3209008263	0.2924925293	0.3456782555	-0.4345332662	-0.4083655705
	-0.4427559423	-0.4657094276	-0.3985774228	-0.3281705376	-0.3583081627
	-0.3713885047	0.2070868181	0.1726892046	0.1439045363	0.2351742339
	-0.2817751019	-0.2290953368	-0.2631570722	-0.3132738308	0.1088049107
	0.01443573461	0.07983227956	0.04228967143	-0.02290994718	-0.1496872407
	-0.08804688085	-0.112790982	-0.1732851673	-0.05013868319	-0.2088545671
	0.01503722262	0.01497385651	2.527142876e-32	1.435211298e-32	0.04969648617
	0.04936870798	0.03021443602	0.03006895475	0.09463220793	0.09384936543
	0.06894469111	0.06941213759	0.1191298469	0.1520901206	0.1508345687
	0.120041134	-0.06742098339	-0.04860619036	-0.09107960909	-0.06739587885
	0.1838528137	0.2227518065	0.2214325486	0.1826392889	0.3031217681
	0.2600659366	0.3035664312	0.2591512515	-0.1146750408	-0.09118172182
	-0.1149475719	-0.1442566114	0.3431355767	0.3859526962	0.3875362464
	0.3435206585	-0.1447282101	-0.1744721182	-0.2098561039	-0.1735902048
	-0.2452635815	-0.2110659067	-0.2471610543	-0.2877173014	0.4218273395
	0.4564424292	0.4244785696	0.4608424315	-0.3277185482	-0.2899544631
	-0.3307651522	-0.3730064738	-0.3761408384	-0.4166835159	-0.4541768856
	-0.412986418	0.4815272388	0.5006924324	0.5081920108	0.4869667193
	-0.4574538886	-0.4900639387	-0.5156905499	-0.4868248831	-0.5343691573
	-0.5179967887	-0.5359570663	-0.5458483744	-0.5481683716	-0.5462271889
	-0.5472655854	-0.5424929283	0.5178089795	0.5087738347	0.5196637098
	0.5093157455	-0.5109692715	-0.530337498	-0.5403156315	-0.5263782701
	-0.4577564973	-0.4875921712	-0.4799237983	-0.5056845873	0.5107113934
	0.4986384458	0.478236096	0.493212538	0.4127806564	0.4327405175
	0.4503984309	0.4669541256	0.343772914	0.3698605443	0.3917468575
	0.3184653755	0.2634672495	0.2021597644	0.2317770758	0.2906183496
	-0.4250522879	-0.4126995999	-0.3858643515	-0.4485531805	-0.3257764186
	-0.3716617123	-0.3437697726	-0.2949549495	0.1388927214	0.07249393113
	0.1696201194	0.1037914468	-0.2749994387	-0.1850949146	-0.2430230812
	-0.2192349477	-0.03035324009	0.005944152447	0.03718809042	-0.06003503412
	-0.1244850286	-0.1596047389	-0.09589325745	-0.02975863924	-0.02976843774
	-0.01488424341	-0.04862336323	1.127584548e-32	1.985210277e-32	0.01493314123
	0.01490331915	0.0491267372	0.04891331638	0.02985826503	0.02994078557
	0.06814014539	0.09320332686	0.0925645392	0.0684818591	0.1181243885
	0.1496608566	0.1483716034	0.1172959668	0.2180186879	0.1810954432
	0.2199205604	0.1796586711	-0.06749269938	-0.04867289671	-0.06763973799
	-0.09138929244	0.2575516544	0.3019569365	0.300010536	0.2557437397
	0.34287853	0.3877579497	0.3868403528	0.3414532463	-0.09166633052
	-0.1158578033	-0.1454413376	-0.1153079477	0.4259350863	0.4259257128
	0.4633471861	0.4645436934	-0.1754519024	-0.1462386626	-0.1767616059
	-0.2126740991	-0.2490689057	-0.21429422	-0.251374599	-0.2926582579
	0.4911927999	0.5134396534	0.5173852142	0.4934776785	-0.2951477618
	-0.3366552119	-0.3795876352	-0.3335850552	-0.3824492269	-0.4227567759
	-0.460639119	-0.4198057056	0.5251065914	0.5280175861	0.5351066291
	0.5301339426	-0.4924123368	-0.4940339115	-0.4628644713	-0.519694171
	-0.5364955218	-0.5202265105	-0.5358134168	-0.5455072542	-0.5416658283
	-0.5365630265	-0.5452858564	-0.5436046931	0.521544469	0.5162865291
	0.5298172765	0.5053962211	-0.5316499496	-0.5141208373	-0.498260943
	-0.5213090871	-0.4593424333	-0.436535245	-0.4895906746	-0.4709989011
	0.4946138487	0.4498140141	0.4655261206	0.4822185363	0.3880789884
	0.4124285782	0.3665862707	0.4300719572	0.3169784907	0.2600774448
	0.3406446711	0.2874309613	0.2296165366	0.2003753211	0.1673014119
	0.1356140184	-0.3816687161	-0.4230593397	-0.3540345561	-0.398857593
	-0.2827701159	-0.2513549065	-0.3061038447	-0.3347332998	0.1020534574
	0.001671424369	0.03456643598	0.06943312675	-0.2259448913	-0.1936774769
	-0.1002317082	-0.06566721655	-0.03318270252	-0.1307017628	-0.1647356974
	0.01488420184	4.962925613e-33	0.01488904688	-4.962938381e-33	-0.01488908733
	-1.985214845e-32	-0.0149033622	-0.0297977416	-0.02985837148	-0.04877521181
	0.02979764445	0.04877504025	0.04867273572	0.02976834479	0.09208882339
	0.09166601397	0.06783654676	0.06763950673	0.1164710845	0.1473009108
	0.1158574038	0.146238175	0.2162410749	0.2142935881	0.1780731503
	0.1767610444	0.2513739281	0.2534774404	0.2978349509	0.2951470512
	-0.06783678965	-0.04891349875	-0.06814039689	-0.09208914991	0.3391671067
	0.3851105922	0.3824484523	0.3366544978	0.4247600355	0.4643242903
	0.4628635629	0.4227559843	-0.1164714909	-0.09256487204	-0.1172963777
	-0.147301403	0.4944591704	0.5194687221	0.5202254552	0.4940329551
	-0.1780737121	-0.148372095	-0.1796592239	-0.2162416989	-0.2180192984
	-0.2557443821	-0.2978356515	-0.2534781001	0.5358123046	0.5338837404
	0.5399934316	0.5436035092	-0.3851113808	-0.3000112234	-0.3414539599
	-0.339167818	-0.424760853	-0.3868411513	-0.4643252344	-0.4259359445
	0.5416645526	0.5368263838	0.5245994196	0.5316485771	-0.4944601604
	-0.4934787104	-0.464544661	-0.5194698067	-0.5173863173	-0.5399946513
	-0.5338848755	-0.5301351119	-0.5298186505	-0.5246008559	-0.5351078858
	-0.5368277016	0.5056694698	0.4782438506	0.4895890223	0.5141193255
	-0.5162880439	-0.478245615	-0.494615548	-0.5056710699	-0.4655280168
	-0.4300740866	-0.4063405131	-0.4462610693	0.4462590815	0.4593405901
	0.406338328	0.4230573098	0.3628581886	0.3118747326	0.3816664877
	0.3347309887	0.2577481487	0.2827678505	0.225942811	0.197267443
	0.1647338137	0.134359699	0.06765532863	0.1002298272	-0.3880813168
	-0.3118771416	-0.3406471426	-0.3628605505	-0.2296188491	-0.2577504464
	-0.1972695501	-0.2874334185	-1.096994604e-06	-0.06765736984	-0.1673035757
	0.03318063121	-0.1020555849	-0.03456860526	-0.134361702	0.04860603654
	0.02975854771	0.04862320773	-1.127587352e-32	-0.01493319083	-2.527150906e-32
	-0.0299409025	-0.01497391454	-0.03006907607	-0.04912692518	0.09138898926
	0.09118143236	0.06742077048	0.06749248116	0.1454408566	0.144727739
	0.1153075588	0.1149471959	0.2126734671	0.1744715698	0.2110652801
	0.1754513468	0.2926575388	0.2899537393	0.2490682277	0.2471603769
	0.3335843398	0.3795868655	0.3761400745	0.3307644336	-0.0684821136
	-0.04936889713	-0.06894494628	-0.09320366283	0.4198049444	0.4606382341
	0.4166827692	0.4574530281	0.4924114228	0.5196931351	0.5179957736
	0.4900630516	-0.1181247988	-0.09384970097	-0.1191302488	-0.1496613387
	0.5364944346	0.5455060934	0.5359559935	0.5462260445	-0.1810959814
	-0.1508350364	-0.1826398048	-0.2199211509	-0.2214331149	-0.259151851
	-0.3019576127	-0.2575522766	0.5403143458	0.5472643626	0.5365617048
	0.5452846138	-0.3031224295	-0.3435213829	-0.3877587734	-0.342879244
	-0.4259266044	-0.4633481962	-0.4244794984	-0.3875370824	0.5263768808
	0.5213076449	0.4982593896	0.5056831109	-0.4911938682	-0.5134408008
	-0.4608434581	-0.4869678225	-0.5178102376	-0.5280189072	-0.5251077995
	-0.5081931795	-0.5053978304	-0.5107129221	-0.5215459153	-0.5196650863
	0.4709971818	0.4485514383	0.4365333667	0.4799221871	-0.4932142532
	-0.466956064	-0.4498160435	-0.4822203581	-0.4327426837	-0.391749256
	-0.3665887303	-0.4124308495	0.4126976759	0.3988555148	0.3716596552
	0.3540323536	0.3257742869	0.3061016309	0.2749974106	0.2513528447
	0.1936756319	0.2192331506	0.1596031534	0.1307000786	-0.00167349898
	0.06566533188	0.03035134199	0.09589164597	-0.3437754587	-0.2600799385
	-0.2906209368	-0.3169810245	-0.103793748	-0.135616242	-0.2317795636
	-0.1696224612	-0.2003776409	-0.03719028008	-0.06943536612	0.06739566708
	0.09107932537	0.09104319709	-1.435216688e-32	-0.01503728528	-3.219573888e-32
	-0.03021455813	-0.0151095065	-0.03041296001	-0.04969667272	0.1442561519
	0.1438994036	0.1145400065	0.1146746778	0.2098554838	0.2087712205
	0.1735896656	0.1730076221	0.2877165761	0.243842067	0.2855075701
	0.2452629088	0.3730057106	0.3696507678	0.3277178276	0.3252129417
	0.4129856877	0.454176042	0.4503399535	0.4096515388	-0.06941239074
	-0.05002971574	-0.06998335731	-0.09463253693	0.4868240291	0.5156895539
	0.5125495782	0.483532009	0.5343681045	0.5458472441	0.5445168364
	0.5322275217	-0.1200415231	-0.0953463149	-0.1210236492	-0.152090567
	0.548167166	0.5424916721	0.5480371888	0.5436906791	-0.1838533042
	-0.153079897	-0.1849119251	-0.2227523453	-0.2234861659	-0.2603492907
	-0.3035670884	-0.2600665119	0.5151995044	0.5327594217	0.5303361514
	0.5109678583	-0.3414818195	-0.3859535602	-0.3030873069	-0.3431363075
	-0.4218282999	-0.4564434971	-0.3832372488	-0.4173209237	0.4931052592
	0.487590648	0.4657078974	0.4577548733	-0.450870856	-0.4815283771
	-0.4738243715	-0.5006936636	-0.4982828836	-0.4920308453	-0.5093170604
	-0.5087753026	-0.4986400764	-0.4782379243	-0.4966943442	-0.4838434408
	0.4250505095	0.4345316118	0.385862436	0.3985756535	-0.4620503718
	-0.4311175252	-0.4127829493	-0.4504004986	-0.3456808304	-0.3184679956
	-0.3917293485	-0.3698630288	0.3583062619	0.2949529528	0.3437677524
	0.3132719142	0.2430212775	0.2088530366	0.2631552857	0.1850933883
	0.0880455317	0.1244835695	0.06003346536	0.1496859212	-0.005946203547
	-0.07249620897	0.02290823817	-0.04229185562	-0.2351767852	-0.2021622366
	-0.2924951469	-0.263469819	-0.138895087	-0.1726916703	-0.1088072839
	0.1144915201	0.1437218565	0.1436582739	-1.827915743e-32	-4.102931642e-32
	-0.01520797671	-0.03061425807	-0.01530825841	-0.0308616547	-0.05043629878
	0.2080516449	0.2075053069	0.1723432573	0.1725641369	0.2838523605
	0.2823740853	0.2425651793	0.2417212287	0.3669098738	0.36423195
	0.3209094045	0.322746878	0.4469346605	0.4433568589	0.4061196694
	0.4032528715	0.4797492901	0.5094369055	0.5058872492	0.476416551
	-0.05080784163	-0.0710652545	-0.09611391335	-0.07050257377	0.5293704319
	0.5427198832	0.5265546288	0.5403002213	0.5470796381	0.5439156023
	0.5434198898	0.545682877	-0.1217920655	-0.0967173919	-0.1224609923
	-0.1539355353	0.5342880207	0.5179018376	0.5197891006	0.5348709663
	-0.154389561	-0.1855930617	-0.2236671913	-0.1854795503	-0.2231630144
	-0.3014654601	-0.2583226867	-0.2598325301	0.4762183959	0.5005546055
	0.4975922295	0.4714609342	-0.2989550011	-0.3346067653	-0.3787999917
	-0.3388305562	-0.4117824345	-0.3734181643	-0.4431444881	-0.404194737
	0.4427543929	0.4169062561	0.4487444214	0.4083639283	-0.480913296
	-0.4651027904	-0.4539848196	-0.4344776349	-0.4688027516	-0.4861810701
	-0.4819634923	-0.4714797729	-0.4679188729	-0.4661816528	-0.4494540114
	-0.4432314773	0.3713867425	0.3281686981	0.3416867441	0.3815162747
	-0.4234623605	-0.3884498356	-0.3685048341	-0.4108078447	-0.3447428943
	-0.2654900387	-0.2951798155	-0.3209034074	0.2817733439	0.2290937745
	0.2480059906	0.297059425	0.1732838509	0.1361117443	0.1127898293
	0.1935750503	0.01188343111	-0.01443760677	0.07427983485	0.05013723777
	-0.1162070958	-0.07983460811	-0.2070893236	-0.1439069962	-0.1796879136
	-0.238708329	-0.05312209106	0.2071342426	0.2072323977	0.1722625211
	-2.326797381e-32	-5.219273147e-32	-0.01543137992	-0.03108702939	-0.03133275147
	-0.05121012168	-0.01554389617	0.2813962365	0.2806556703	0.2407573596
	0.2410779565	0.3622458777	0.3604872192	0.3181925649	0.3192707301
	0.4404852441	0.4377199601	0.3984221176	0.4004721864	0.5028119358
	0.4996433842	0.4729597511	0.4702028295	0.5233897339	0.5379430609
	0.5352973885	0.5206637544	-0.05152622757	-0.07189072342	-0.09724061063
	-0.07150561295	0.5437703423	0.542502276	0.5411509242	0.5418904295
	0.5348222768	0.5207336765	0.52112169	0.5343417867	-0.1228081981
	-0.09751253864	-0.1228589713	-0.1544629582	0.5027484337	0.479425338
	0.4819071015	0.5039980702	-0.1540641265	-0.1839660297	-0.2217999631
	-0.1851341485	-0.2950467815	-0.2525757554	-0.2560529711	-0.2197856824
	0.4284415009	0.4571732648	0.4537443272	0.4231630276	-0.3228712556
	-0.290430482	-0.3661706483	-0.3295773874	-0.3958280697	-0.3582345463
	-0.3853928893	-0.423582898	0.3904147465	0.352248119	0.3616204802
	0.3969817207	-0.4542290589	-0.4277692468	-0.4420531462	-0.4119701144
	-0.4558734117	-0.4388441847	-0.4378925167	-0.4479501847	-0.428909421
	-0.4301086897	-0.4088204783	-0.4016964799	0.31109683	0.2637493369
	0.3221958293	0.2784364642	-0.3200288939	-0.379401287	-0.341685067
	-0.365547028	-0.2445045531	-0.2696060555	-0.295392665	-0.2125191644
	0.1759931252	0.229094593	0.1564157922	0.2128038089	0.03537664261
	0.09725221229	0.05800399617	0.1175737853	-0.1871282773	-0.004924777138
	-0.09058544159	-0.06609767691	-0.02776429048	-0.1532425975	-0.1286504888
	0.280154482	0.2802869353	0.2406394853	-2.951322277e-32	-0.01566641671
	-6.600664032e-32	-0.03152489732	-0.03169420843	-0.05180227996	-0.01576248931
	0.3593341651	0.3584671883	0.3169701883	0.3173753267	0.4356985905
	0.4339300866	0.3954380657	0.39661557	0.4971485619	0.4656629548
	0.4947845657	0.4675734515	0.5330456115	0.5307622789	0.5178882825
	0.5157157221	0.5397872823	0.5397927832	0.5382510704	0.5379986283
	-0.05194465932	-0.07211548788	-0.09754844304	-0.07208847628	0.5334945342
	0.5210529564	0.5325853161	0.5206661546	0.5047381274	0.4834209423
	0.4844629201	0.5049959534	-0.1225310909	-0.09728599079	-0.1217375505
	-0.1530735214	0.4598909738	0.4320992632	0.4616211068	0.4350572516
	-0.2167320498	-0.1516328969	-0.179684532	-0.1822547589	-0.2131690044
	-0.2843373352	-0.2485010442	-0.2431598467	0.3745859117	0.4064738135
	0.4025637684	0.3685952714	-0.306692961	-0.2777623337	-0.3484440554
	-0.3156030989	-0.374402989	-0.3614524322	-0.3982086454	-0.3381849033
	0.3321613356	0.2902295545	0.3009816524	0.3396582784	-0.3958480491
	-0.4128566064	-0.3839145077	-0.4212338183	-0.4030294369	-0.4192308699
	-0.4079821607	-0.3987377082	-0.3641292131	-0.3870066096	-0.3865564285
	-0.3560840872	0.2445769693	0.2093370116	0.2572362036	0.1929120259
	-0.3177570411	-0.2939252201	-0.2710311057	-0.3326113264	-0.2469865719
	-0.1966297681	-0.2199431907	-0.1632888462	0.09880062222	0.1552192185
	0.1375490687	0.07835938501	0.03786874052	0.01739081906	-0.04377748093
	-0.0829180847	-0.139969026	-0.02161211615	-0.1048850907	0.3578857897
	0.3168212858	0.3580388924	-3.711767142e-32	-0.01584701235	-8.251477961e-32
	-0.03178065063	-0.05196383621	-0.01589035501	-0.03179329664	0.4327846991
	0.4319321062	0.3941196811	0.3945539907	0.4930838882	0.4916160238
	0.4629342888	0.4640029794	0.528993596	0.5122189182	0.5273420995
	0.513677108	0.5369384592	0.5356130831	0.5361976612	0.5348073934
	0.5315239785	0.5201590966	0.5195157588	0.5306055498	-0.05182317656
	-0.0714531789	-0.09665319394	-0.07191965935	0.504966353	0.4849879819
	0.4852462622	0.5047658622	0.462893572	0.4369841582	0.4384619756
	0.4636215536	-0.1205822581	-0.09573411837	-0.1188615652	-0.1494761054
	0.4096707805	0.37881483	0.3823151195	0.4117921346	-0.1727982042
	-0.1469678393	-0.2085186364	-0.1766895929	-0.2304572693	-0.2035332701
	-0.2697510887	-0.2374190646	0.3507905888	0.3163621454	0.3461572843
	0.3091719522	-0.2866287254	-0.2614428794	-0.3261874032	-0.2974208977
	-0.3481184832	-0.3138826775	-0.3330762276	-0.3677277812	0.2689693651
	0.2230361562	0.2359707154	0.278035375	-0.3831124187	-0.3784023671
	-0.3511848808	-0.3593548197	-0.3558226956	-0.3778224979	-0.3628279323
	-0.3640469247	-0.3090419636	-0.3412533152	-0.3176398123	-0.3410032303
	0.1727474917	0.1360016977	0.1172716055	0.1876831544	-0.2469844823
	-0.2238578217	-0.2701347198	-0.2853334042	-0.1513977612	-0.2005817198
	-0.1180772221	-0.1734655278	0.07824930089	-0.0009124532393	0.02071643045
	0.05884736567	-0.09561428198	-0.06072977429	-0.0396315801	0.431367213
	0.4315152482	0.3939609261	-4.599542264e-32	-0.01589661683	-1.012981507e-31
	-0.03170686635	-0.01585362938	-0.03150233809	-0.05148709631	0.490678013
	0.4899875717	0.4617559242	0.462141427	0.5261709133	0.5251729887
	0.5101762651	0.5109700381	0.5345936409	0.5336495952	0.5326090902
	0.5335190601	0.5189362894	0.5183331647	0.5296734131	0.5289530335
	0.5044380979	0.4852864502	0.4852017613	0.5041102304	-0.05099700852
	-0.06976150515	-0.09436517196	-0.07077223166	0.4640899594	0.439356121
	0.4643043653	0.4399930888	0.4134526428	0.384659967	0.3865279598
	0.4144928451	-0.1168569357	-0.09277159509	-0.114262152	-0.1437115889
	0.3546544157	0.32153248	0.3572718435	0.3258911042	-0.1402264016
	-0.1635961321	-0.1975005117	-0.1686265858	-0.2518098647	-0.2149339381
	-0.1912732542	-0.2232532942	0.2919431293	0.2860894095	0.2552682196
	0.2461214876	-0.2632929796	-0.242006372	-0.3000727146	-0.2756120353
	-0.3177988849	-0.2860895577	-0.3012354837	-0.3332071902	0.2020440859
	0.1682120917	0.1522788151	0.2134946704	-0.340052469	-0.3197915368
	-0.3150309773	-0.3415224403	-0.3199618533	-0.3181285426	-0.3335523048
	-0.31089964	-0.2939738296	-0.2705467331	-0.2946303619	-0.2620218067
	0.04105125472	0.06242384602	0.11606912	0.09829731156	-0.2380795532
	-0.2003797603	-0.223381119	-0.1781075997	-0.1284296219	-0.1545009658
	-0.05074288876	-0.1060764557	-0.01725394733	0.004122067534	-0.07397208529
	0.4895360513	0.4616164587	0.4896537689	-5.57926826e-32	-0.01575118477
	-1.213731283e-31	-0.03120209655	-0.01560143756	-0.03075741681	-0.050268445
	0.5245430113	0.5240842727	0.5093149676	0.5095949999	0.5329857968
	0.5324251295	0.5318393215	0.5313550055	0.5178610593	0.517419835
	0.527818166	0.5282870601	0.4850649282	0.4848866095	0.5037508606
	0.503459791	0.4643923617	0.4403399659	0.4405565825	0.4643898146
	-0.06705676718	-0.0907075658	-0.06858154213	-0.04941873801	0.415266286
	0.3877165486	0.3886257666	0.4157191648	0.3593736365	0.3288611921
	0.3312725956	0.3607317161	-0.1114800701	-0.08849706869	-0.1081335286
	-0.1360228501	0.2619853502	0.2969159291	0.267754378	0.3003356737
	-0.1524243413	-0.1316894588	-0.1840875999	-0.1583997929	-0.231067231
	-0.1768006825	-0.1970703858	-0.2064747628	0.2239519445	0.193074034
	0.2317174339	0.181122672	-0.2200539332	-0.2709767573	-0.2374517406
	-0.2508549718	-0.2845587196	-0.2960052627	-0.2557967835	-0.2671261227
	0.08164630073	0.1010253172	0.1482818611	0.1337446752	-0.2993472585
	-0.2980358196	-0.2768322564	-0.2785504029	-0.2712702154	-0.2649082471
	-0.2878560021	-0.2757260781	-0.2471151362	-0.21459255	-0.2463515808
	-0.2225683953	-0.004438440725	0.02684105259	-0.02838895572	0.04755035635
	-0.1760598505	-0.05859785527	-0.1314016695	-0.1522476704	-0.08193605437
	-0.1897359391	-0.1064142994	0.5238647336	0.5237878413	0.5092152186
	-6.587287518e-32	-0.01537865376	-1.412403435e-31	-0.03023692995	-0.01511898123
	-0.02956524073	-0.04831919942	0.5320740335	0.5318203796	0.5308369023
	0.53100469	0.5171079309	0.5168439814	0.5274239476	0.5271767235
	0.484729151	0.5029844527	0.4845710563	0.5031832326	0.4406510397
	0.4406888471	0.4643381813	0.4642730168	0.4160333404	0.3891739763
	0.3895738174	0.4162005523	-0.08583463938	-0.06541998635	-0.04714047518
	-0.06345306003	0.3617826665	0.3328387394	0.3624313024	0.3340669248
	0.3031258259	0.2717451196	0.2750313952	0.304955569	-0.08308974269
	-0.1007095143	-0.1267011512	-0.1046766327	0.2384463694	0.2099161434
	0.2020542607	0.2431399949	-0.121648163	-0.1686968204	-0.1396311893
	-0.1463556236	-0.1605594161	-0.1774362097	-0.2081942553	-0.1875992956
	0.1324941912	0.1722664088	0.1171813904	0.161914662	-0.1963299584
	-0.2100101295	-0.2240068589	-0.2399546086	-0.2573615949	-0.2318260744
	-0.2240614145	-0.2496038085	0.01753338552	0.040074877	0.08643234782
	0.06864579798	-0.2574332389	-0.2376127426	-0.2364223925	-0.2535208177
	-0.2306054592	-0.2233604252	-0.2411911677	-0.217914248	-0.165428708
	-0.1983341983	-0.1974157528	-0.1729458955	-0.08228526099	-0.03353898096
	-0.01044679979	-0.05640112402	-0.1393298593	-0.1265392075	-0.1018277112
	0.5316578432	0.5316998347	0.5307782426	-7.53786877e-32	-0.01478242578
	-1.590516775e-31	-0.02884337846	-0.014422242	-0.02797607923	-0.04572117532
	0.5166785438	0.5165591079	0.5269144459	0.5269993808	0.4844537988
	0.4843513111	0.5028155918	0.5027084581	0.4406879207	0.4641357757
	0.4406679965	0.4641973077	0.3898000162	0.3899545604	0.4163035622
	0.4163488702	0.3629138856	0.334829812	0.3354076411	0.3631973841
	-0.06142020386	-0.0442575862	-0.05908949381	-0.07993330739	0.3063958226
	0.2771923593	0.2789085452	0.3073012981	0.2470253377	0.2154401955
	0.2200506716	0.2495988523	-0.07673644798	-0.1160385237	-0.09222356725
	-0.09668030721	0.1442603578	0.187895141	0.1547475996	0.1814173386
	-0.1104105636	-0.1256193112	-0.1518157589	-0.1328631871	-0.1430848145
	-0.1839739578	-0.1566894242	-0.1672558201	0.1034670193	0.05924331672
	0.07772280927	0.1166698991	-0.1716133325	-0.2079481979	-0.1817711662
	-0.1959718369	-0.1959755335	-0.2138281009	-0.1916662511	-0.2179957135
	-0.008001066986	-0.03256751105	0.01333278367	0.03367726336	-0.1978570265
	-0.2148041716	-0.1937006623	-0.2081745663	-0.193498308	-0.1847568679
	-0.1740985802	-0.1700041118	-0.05119782036	-0.1468367955	-0.07543270256
	-0.1484382196	-0.1143885837	-0.08791503232	-0.1220958709	0.5164826579
	0.5268852723	0.5165023865	-8.33318217e-32	-0.01398760177	-1.728012287e-31
	-0.02707927799	-0.01354016669	-0.02605159829	-0.04257476691	0.4842855152
	0.4842372006	0.5025941784	0.5026314432	0.4406441959	0.4406181445
	0.4640795233	0.4640417044	0.3900343892	0.3900832025	0.4163714483
	0.416368785	0.3357505182	0.3360000267	0.3633984702	0.3635095594
	0.3079899356	0.2799882007	0.2808174168	0.3084053306	-0.05672130524
	-0.04087092921	-0.05410424796	-0.07318993162	0.2516481033	0.2231147895
	0.2529470151	0.2255719919	0.1685692638	0.1969734835	0.1933364579
	0.1622369563	-0.0696328829	-0.08294193269	-0.1043703023	-0.08773690847
	0.1052723192	0.09218758135	0.1370834148	0.1285482396	-0.1108477893
	-0.09834271155	-0.1340036579	-0.1183637941	-0.1249309771	-0.1354091461
	-0.15909731	-0.1460983499	0.0534169848	0.06896080429	0.03359434116
	0.01308121595	-0.1532275726	-0.1755253224	-0.1464814737	-0.167419848
	-0.1776900643	-0.1590351964	-0.1782486241	-0.1599358568	-0.03889204916
	-0.02625227414	-0.06372129605	-0.004818646032	-0.1508921097	-0.1717750188
	-0.1579597542	-0.1623347059	-0.1389214859	-0.1242870363	-0.1453042276
	-0.1222435824	-0.09601602042	-0.07232870126	-0.09901773802	0.4842139426
	0.4842057894	0.5025815151	-8.873419735e-32	-0.01302432683	-1.805368227e-31
	-0.0250069325	-0.01250393424	-0.02385310259	-0.03898005089	0.4405989583
	0.4405835664	0.4639994584	0.4640135776	0.3901044142	0.390114267
	0.4163668208	0.4163604329	0.3361403176	0.3362370071	0.3636202758
	0.363583182	0.2813171993	0.2816876301	0.3087095431	0.3088846122
	0.253945402	0.2271301661	0.2283356164	0.2545528361	-0.05146833095
	-0.03708515352	-0.0486538144	-0.0658164802	0.1762673808	0.2017664833
	0.1999008825	0.1728240027	0.1492580524	0.1443523375	0.1147602751
	0.1228752055	-0.06200966641	-0.09207725288	-0.07316583943	-0.07813706752
	0.04985085345	0.06471236916	0.09344878143	0.08312854373	-0.09571907819
	-0.08582096507	-0.1157512115	-0.1033124632	-0.1065098006	-0.1139592885
	-0.1339927544	-0.1246124674	0.003224808198	0.01608795386	0.03271058479
	-0.01757367899	-0.1387317592	-0.1247152041	-0.1430416893	-0.1212736904
	-0.1243153816	-0.1416234289	-0.1266023218	-0.1387043143	-0.05295380763
	-0.07619125677	-0.04811322314	-0.02735695891	-0.1292114974	-0.1171846207
	-0.1092052556	-0.1188148603	-0.09827607099	-0.09473294342	-0.07675804842
	0.4639946194	0.4405756651	0.4405727872	-9.069784521e-32	-0.01192356212
	-1.807212191e-31	-0.02269038165	-0.01134558967	-0.02144963627	-0.03505019773
	0.3901164735	0.3901159312	0.4163502686	0.4163541107	0.3362874257
	0.3363192402	0.3636421475	0.3636513667	0.281900414	0.3090725729
	0.2820510257	0.3090066781	0.2290672698	0.2296129558	0.2550028049
	0.2552645749	0.2032122092	0.178466116	0.1801780579	0.2040940745
	-0.04583179042	-0.03302315293	-0.04291452294	-0.05805230162	0.1328900026
	0.153247816	0.1283896369	0.1558040327	0.08503831311	0.1083970796
	0.1023376904	0.07562114633	-0.07949255855	-0.06315886376	-0.05410297566
	-0.06817889481	0.04798130225	0.01981042195	0.03506763057	0.059224893
	-0.09736890215	-0.07312584339	-0.08049018758	-0.08804795957	-0.1089678913
	-0.08807547845	-0.09261274871	-0.1030920343	-0.0137226817	-0.007112307059
	0.009051838019	-0.03308355159	-0.1103205918	-0.09678456667	-0.09637010224
	-0.1110896015	-0.1064988091	-0.09518100621	-0.1005279802	-0.09018910159
	-0.05440146279	-0.08181918193	-0.07035576205	-0.03634126638	-0.05494541698
	-0.08864496487	-0.07466609389	0.4163488245	0.3901148439	0.390114281
	-8.866585342e-32	-0.01072014524	-1.727214338e-31	-0.01010275531	-0.02020485705
	-0.01891889886	-0.03091272139	0.3363337839	0.3363414147	0.3636564952
	0.3636555155	0.2821321524	0.2821855394	0.309115095	0.3091356492
	0.2555511352	0.2301536409	0.2554496967	0.2299286491	0.205134279
	0.1812217428	0.1820029472	0.2047514722	0.1590205275	0.1578002176
	0.1357857233	0.138053658	-0.03998606703	-0.02881051556	-0.03704053184
	-0.05010656425	0.09681867768	0.1133699927	0.09150388043	0.1165766464
	0.06898617258	0.04635926152	0.07570226158	0.05617319286	-0.04608917589
	-0.05309095034	-0.05808483647	-0.06682979879	0.02395528427	0.001743945901
	0.0350066872	0.01601148988	-0.06043527036	-0.0653632797	-0.07909567035
	-0.07278287584	-0.08187414345	-0.08452207736	-0.07180689768	-0.06992341243
	-0.02041558793	-0.01824354044	-0.0371627527	-0.003783846186	-0.07242235886
	-0.07028938306	-0.08291918913	-0.08064224218	-0.06585908755	-0.07355182363
	-0.06522632623	-0.0485769561	-0.05884783338	-0.05194993115	-0.03633046466
	0.3636565973	0.3363445217	0.3363439034	-8.263424228e-32	-0.00945334802
	-1.571283471e-31	-0.01762718722	-0.008813844021	-0.01632879784	-0.02667898312
	0.2822113237	0.2822258944	0.3091509891	0.3091469352	0.2556508841
	0.2556178776	0.2302757987	0.2303568836	0.1824562508	0.1827796062
	0.2055554356	0.2054063415	0.1604674072	0.1404865093	0.1394427245
	0.1599352536	0.1190984833	0.1002658278	0.1029801304	0.120645282
	-0.03406146459	-0.02454111946	-0.03113172499	-0.04211432685	0.06858316193
	0.08125280055	0.06296583389	0.08485763855	0.04464741677	0.02661969227
	0.03588055848	0.05133098654	-0.05425901053	-0.047997212	-0.04309880394
	-0.03808169002	0.009559922971	-0.007045341698	0.01949405575	0.005294826682
	-0.04795877554	-0.0506569224	-0.05776646931	-0.06131146456	-0.05217678853
	-0.06140217034	-0.06152006115	-0.05253636601	-0.009099278056	-0.02118552129
	-0.02082600549	-0.03447825008	-0.0461720658	-0.05023677758	-0.05746138268
	-0.05281395246	-0.04412664814	-0.0397834485	-0.03168761385	0.2822311883
	0.309152029	0.2822326844	-7.320136399e-32	-0.008157432084	-1.356169031e-31
	-0.01501481669	-0.007507580187	-0.01372341969	-0.02242112343	0.2556695453
	0.2303964502	0.2304190826	0.2556765269	0.2057025718	0.1829555089
	0.1830721424	0.2056539171	0.1608468784	0.1410936238	0.1415273873
	0.1610538989	0.1046523368	0.1059138167	0.1218109366	0.1224895008
	0.08946792983	0.08770956796	0.07225312605	0.07515762885	-0.02027570781
	-0.03418477082	-0.02526921405	-0.02814211567	0.0568821638	0.04232701554
	0.04768432527	0.06051324837	0.02818273852	0.01448998126	0.0225384188
	0.03424029341	-0.03339549611	-0.03808404275	-0.030214556	-0.04204658215
	0.002048908898	-0.009944108163	0.01036333925	9.279433272e-05	-0.04339972531
	-0.04455787699	-0.03681872937	-0.03603015244	-0.0364903243	-0.03439821388
	-0.04041498652	-0.04270830951	-0.01008373887	-0.01817407373	-0.01966220142
	-0.03490820942	-0.02542301355	-0.03063380413	-0.02878930664	0.2304298287
	0.255678404	0.2304274313	-6.139522652e-32	-0.006854593833	-1.105071532e-31
	-0.0124049676	-0.006202586827	-0.01113868336	-0.01819781699	0.1831290618
	0.1831615041	0.2057404541	0.2057301528	0.1612577652	0.141763491
	0.1419197671	0.1611907129	0.1066504976	0.1071783027	0.1229751717
	0.1232395812	0.09157791979	0.07695864431	0.09079984747	0.07832341784
	0.06340025087	0.05120608754	0.05400771706	0.06519216211	-0.01608606377
	-0.01957866739	-0.02648732999	-0.02232745215	0.03928965772	0.02816294532
	0.03285624389	0.04261450882	0.0176455664	0.007577934632	0.01413955069
	0.02274324297	-0.02861087584	-0.02427592512	-0.02269862358	-0.03056337385
	-0.001257159819	-0.009728654005	0.005329630458	-0.001947272692	-0.02940695221
	-0.02431958113	-0.0301565128	-0.02504198071	-0.0224042172	-0.02236672019
	-0.01917604437	-0.01447688834	-0.02612468248	-0.009003824498	-0.01627544632
	0.1831734414	0.1831768433	0.2057432217	-4.845402766e-32	-0.005562921407
	-8.439120696e-32	-0.00492085664	-0.009841597634	-0.008630096659	-0.01409957475
	0.1419959373	0.142039086	0.1613095869	0.1612956362	0.1234999014
	0.1074662771	0.1076572106	0.1234146437	0.07912519847	0.07970217204
	0.09213737348	0.09244255166	0.05575664038	0.05708950264	0.06655660855
	0.06735895674	0.04527012152	0.03595813861	0.03843918115	0.04693111484
	-0.01925534556	-0.01208449031	-0.01423296255	-0.01677333013	0.02700518148
	0.0187384573	0.02258952351	0.02982862451	0.01110403214	0.003857148163
	0.008950436161	0.01515851201	-0.01605009346	-0.01988914699	-0.02019910866
	-0.01578091163	0.002686275644	-0.008180951598	-0.002386109866	-0.00230961492
	-0.01645554769	-0.01539188425	-0.0136508956	-0.01851568562	-0.01248701661
	-0.01077157649	-0.007179343908	0.1420593438	0.1420548975	0.1613132901
	-3.567286931e-32	-5.980532746e-32	-0.00431007721	-0.007393391837	-0.003696735127
	-0.006273873884	-0.01025040055	0.1077503585	0.1078031326	0.1235654884
	0.1235480011	0.09274433229	0.08001885224	0.08022985526	0.09264547792
	0.0578785916	0.05845036188	0.0679393604	0.06825824105	0.04895850483
	0.03999893416	0.04820339955	0.04119618549	0.03209448811	0.02514756337
	0.02720532801	0.03352350761	-0.009414241934	-0.008402561291	-0.01273434883
	-0.01166232666	0.01855796242	0.01252893119	0.02082258309	0.0155351286
	0.005732806411	0.001936697125	0.01015469522	0.007069510338	-0.01223528986
	-0.009042264874	-0.01136133137	-0.009713054135	-0.00749059352	0.001346243215
	-0.002118549663	-0.002297070686	-0.008973774889	-0.006263871639	-0.00526799817
	0.1078278794	0.1235701065	0.1078224574	-2.420910401e-32	-3.875119515e-32
	-0.003133680515	-0.005140878084	-0.004150467556	-0.006781078085	-0.002570492419
	0.08033348729	0.08039258246	0.0928206731	0.09280035173	0.05876721332
	0.05898029956	0.06847194934	0.06857697254	0.04191167252	0.04981539447
	0.04243520782	0.04950920474	0.02951769041	0.03462589773	0.02850872811
	0.03528755542	0.02264932722	0.01754161449	0.01916503063	0.02381122353
	-0.007181820515	-0.005174911329	-0.00531337795	-0.00718094729	0.01448556237
	0.01065761565	0.01274876578	0.008405699927	0.006801394231	0.003691169181
	0.004545211546	0.0009738712482	-0.004424150709	-0.001606143386	0.0006807634675
	-0.005974792217	-0.001861203903	-0.004753168402	-0.003547015931	0.08042059041
	0.08041441553	0.09282608971	-1.484158006e-32	-0.002073458292	-2.232822685e-32
	-0.003166596984	-0.002344268914	-0.003829119778	-0.001583429083	0.05908634607
	0.059147656	0.06865930646	0.06863719497	0.04272911227	0.0429295346
	0.0500230666	0.05012683319	0.03012721428	0.03057866737	0.03577519014
	0.03605054602	0.02471484632	0.02020126523	0.02526388092	0.02101066945
	0.01679698337	0.01216744734	0.01589391631	0.01339564696	-0.00253904326
	-0.002830336933	-0.002101539367	-0.003519966444	0.0072270607	0.005608106438
	0.008703439408	0.009982475642	0.00291415746	-0.00106428599	0.0003485734938
	0.0004962680493	0.004491919472	-0.001315979363	0.002344383499	0.05917076833
	0.06866534862	0.05917741894	-7.88918107e-33	-0.001171432379	-1.076645398e-32
	-0.001554724061	-0.001517648068	-0.0007776441333	-0.0009304647606	0.05021031154
	0.04303116347	0.04309113875	0.05018747831	0.03083604977	0.03101463532
	0.03624024808	0.03633714656	0.02187647024	0.02567346344	0.0259087708
	0.02150527119	0.01480756193	0.0141853828	0.01750522405	0.01794074886
	0.01169780888	0.01102471258	0.008316837013	0.009207427397	0.0001738655211
	-0.0005801383149	0.0002535430736	-0.0007984136595	0.003650229081	0.004755064423
	0.005824951317	0.00672457587	0.00284660255	0.001811680732	0.001412086697
	0.04312125555	0.05021678379	0.04311439579	-3.282008701e-33	-0.0004652322372
	-3.587718301e-33	-0.000357091654	-0.0001790012296	7.080420255e-05	0.0001197372946
	0.03110720856	0.03116319468	0.03641771025	0.03639514687	0.02607376996
	0.02616010724	0.0220915821	0.022243623	0.01548405764	0.01846194884
	0.01519193427	0.01826971848	0.01222977823	0.009783759218	0.0125604062
	0.01024113947	0.006113097669	0.007938748059	0.005501204838	0.00746061541
	0.001028564613	0.002925954183	0.00163375512	0.004314969568	0.003722319815
	0.002231758104	0.0007348245182	0.03119238328	0.03642436459	0.03118559299
	-6.306405915e-34	3.499573078e-05	2.221456297e-34	0.0004468433823	0.0002228418969
	0.000713375818	0.001170509275	0.02621309899	0.02623442678	0.02232422625
	0.02237419305	0.01565596601	0.01577958615	0.01859910815	0.01867255174
	0.01052637218	0.01281296097	0.01074546239	0.01296275932	0.008319019706
	0.006511127652	0.008557401451	0.006828759614	0.001539539463	0.005118552077
	0.004801244208	0.003782257383	0.002493736378	0.003395971834	0.002146189929
	0.02239478	0.02624094164	0.02240118303	6.436374284e-34	0.0003560948861
	1.853952441e-33	0.0009389860033	0.0004688669063	0.001092302088	0.001789911186
	0.01873782099	0.01584647005	0.01588885401	0.01871867591	0.01087607713
	0.01097135853	0.01307127736	0.01313054926	0.007028314335	0.007182818248
	0.00874113451	0.008851415459	0.002966296344	0.004034523873	0.004236555431
	0.005531988197	0.001995822015	0.005372049345	0.002779312009	0.01874382987
	0.01591244599	0.01590675741	1.102726921e-33	0.000545514359	2.298338188e-33
	0.001218243583	0.0006085133247	0.00130095996	0.002130702005	0.01318463528
	0.01102378071	0.01105759498	0.01316848081	0.008932255457	0.007275851922
	0.008977106128	0.007344442058	0.00436417972	0.005656040333	0.005731151715
	0.002238880232	0.003210968336	0.003116038188	0.004463503144	0.0110721625
	0.01318980194	0.01107686842	1.154280265e-33	2.198012471e-33	0.0006498751094
	0.001367187809	0.0006830367744	0.001409356097	0.002307495744	0.009018865489
	0.007382659828	0.007407634749	0.009006214518	0.004523737628	0.005817807514
	0.00456844947	0.005786658318	0.003284853442	0.003329870919	0.002361020447
	0.007422124053	0.007418554236	0.009022958869	1.037342336e-33	1.899642944e-33
	0.0007041325248	0.001442171526	0.00146228061	0.002393646133	0.0007205869013
	0.004593584028	0.005847216686	0.005838211409	0.002417940181	0.004610146428
	0.003363282914	0.00338218511	0.005850145573	0.004619874425	0.004617464512
	8.710863142e-34	1.564352075e-33	0.0007306528099	0.00340017546	0.0007468940809
	0.00149381104	0.002446147351	0.001477198951	0.000738148244	0.002431680705
	0.001485703244	0.002444813558	0.001494615002	0.003394622052	0.002440768186
	0.003401977741	2.488269249e-34	0.0007464814258	9.953082696e-34	7.069520456e-34
	0.0007452214526	0.0007424061956	0.001491286753	5.6337009e-34	1.256365826e-33
	
