4225	
	-2.356577483e-34	-9.426320793e-34	-0.0007055449249	-1.188575957e-33	-0.0007074422375
	-0.0007069742781	-5.333147891e-34	-0.002317755172	-0.001415822142	-0.001414910678
	-0.0007023478405	-0.0006975051189	-1.475098594e-33	-6.679396481e-34	-0.001412048893
	-0.002311662842	-0.001405710243	-0.002316245295	-0.004381523057	-0.003224552516
	-0.00322251459	-8.188374538e-34	-1.776947312e-33	-0.0006889648708	-0.0006774726734
	-0.002301354212	-0.002285738998	-0.001396040901	-0.001379045924	-0.003216232471
	-0.004378805042	-0.004370539541	-0.003202135767	-0.005552436123	-0.00705228705
	-0.005549139292	-0.0006586521182	-0.0006344813839	-2.01731132e-33	-9.634059708e-34
	-0.001356089719	-0.001318556813	-0.002258072537	-0.00222083524	-0.003180668933
	-0.00435179211	-0.003142633323	-0.004323271711	-0.007048282844	-0.01055759646
	-0.005515923833	-0.00857985742	-0.005538990059	-0.008584435479	-0.007036003142
	-0.0005964472992	-0.0005489843855	-2.008577809e-33	-1.041077536e-33	-0.002159619623
	-0.002081002064	-0.001270241269	-0.001194278926	-0.004203689877	-0.003006768636
	-0.003091264188	-0.00427240222	-0.01523571699	-0.0105523551	-0.01259624376
	-0.01259051221	-0.01053606341	-0.006964549981	-0.005480613931	-0.007007822682
	-0.005417497965	-0.008565671916	-0.008532881924	-0.000476742835	-0.0003889889494
	-1.355040773e-33	-9.144526081e-34	-0.001956912305	-0.001802110828	-0.001099355865
	-0.000954922105	-0.004090112446	-0.003943869944	-0.002726209108	-0.002897995552
	-0.01798795753	-0.0215766859	-0.01522943302	-0.0179945612	-0.006886615085
	-0.005331840234	-0.00678055346	-0.00518999302	-0.01257250948	-0.01049805795
	-0.008482162536	-0.008390366332	-0.0125299559	-0.01520953494	-0.01043885248
	-3.137353728e-34	-0.000260292122	-0.0001088923805	6.586119357e-34	-0.001565932695
	-0.001279218803	-0.0007793810192	-0.0005218732299	-0.003712050179	-0.003422401088
	-0.002183949286	-0.002511568728	-0.02534959534	-0.02535668558	-0.03025473518
	-0.02156967289	-0.006603891888	-0.00637515779	-0.004715758331	-0.005006698891
	-0.01796676205	-0.01516209455	-0.02154693219	-0.01791522899	-0.008264678031
	-0.01018191401	-0.00805458752	-0.01033074112	-0.01234004149	-0.01508674374
	-0.01246310368	0.0001031765024	0.0003429321201	5.093824994e-33	1.207313175e-33
	-0.03545347129	-0.03544629491	-0.04213461567	-0.03024735576	-0.0002190424338
	0.0002055698901	-0.0008579629979	-0.0003628534244	-0.001785869701	-0.00297910737
	-0.002440578353	-0.001200784128	-0.006010481175	-0.00555312667	-0.004351308918
	-0.003793073349	-0.02526712802	-0.02149121102	-0.02532612846	-0.03022274435
	-0.007781279313	-0.009604234029	-0.009931368801	-0.007344517601	-0.02140058444
	-0.01783258821	-0.01188051537	-0.01494664153	-0.01767719617	-0.01216938635
	-0.01475080628	0.0006605739277	0.001003781145	1.315745736e-32	4.235997118e-33
	-0.04923838148	-0.04923145668	-0.05823699913	-0.04212720824	0.0003317182722
	0.001115900354	0.0006849300883	0.001321395446	-0.03016049031	-0.03542159672
	-0.04210176714	-0.03535720619	-0.000715810986	-0.0005129289596	-0.001647726019
	0.0004524078678	-0.002113249491	-0.004850334867	-0.003994694448	-0.003113777904
	-0.005949040579	-0.00679484971	-0.009078634159	-0.008415690558	-0.02498333154
	-0.02122839496	-0.02517015409	-0.0300565626	-0.01088952869	-0.01150116564
	-0.01708172386	-0.01397536143	-0.0144165891	-0.02098332242	-0.01745821901
	0.001431523398	0.001874580924	2.580523193e-32	9.339135653e-33	0.002156502989
	0.003278479282	0.002007032641	0.002865009749	-0.06778949879	-0.06778308248
	-0.07965108613	-0.05822985994	-0.04913950447	-0.04203526235	-0.04920658175
	-0.05820471236	0.0005929488399	0.002069957836	0.0029885245	0.001541887726
	-0.04192142234	-0.0298544342	-0.03503399263	-0.03524855896	-0.0009362372798
	-0.002731803363	-0.001246042294	0.00071703211	-0.006140499811	-0.003392387271
	-0.007391620895	-0.004916843946	-0.008915654054	-0.01235002893	-0.01325956883
	-0.01011481016	-0.02424631643	-0.02471527938	-0.0205583814	-0.02956127195
	-0.01576632888	-0.01999014322	-0.01658156295	0.002396139829	0.00292164411
	4.344169669e-32	1.686794372e-32	0.004680094704	0.006126918222	0.003748942707
	0.004796825141	0.004030519664	0.006142772419	0.006495234916	0.00454652509
	-0.09218979573	-0.09218409534	-0.1073753617	-0.07964451243	-0.07962097516
	-0.06769301857	-0.05813706726	-0.067759148	-0.05801892801	-0.04169502671
	-0.04878950656	-0.04902356059	0.0008429004679	0.002582936578	0.003200236483
	0.005060035843	-0.03472061946	-0.03416279738	-0.02904449088	-0.04136099469
	-0.00159649793	0.0009287475331	-0.004288017422	-0.002105042124	-0.005268919153
	-0.009200672708	-0.01093600683	-0.007446394389	-0.01786360281	-0.02834431303
	-0.02257477645	-0.01472572555	-0.0131035201	-0.01905808841	-0.02361548127
	0.003512578732	0.004101781712	6.577594461e-32	2.686014568e-32	0.007837040748
	0.009550539998	0.00584319675	0.0070332416	0.00878125574	0.0115019927
	0.0108808584	0.0085025811	0.01105935459	0.006329131771	0.009697570319
	0.007726824113	-0.1073696674	-0.1233239217	-0.1233191308	-0.1420707587
	-0.1073491512	-0.09210163132	-0.07955644722	-0.09216233194	-0.07944232757
	-0.06733786145	-0.05777964596	-0.06757660031	-0.04844243799	-0.0407631384
	-0.04781520743	-0.05742190647	0.00096832022	0.003779446873	0.007562412899
	0.004437037213	-0.03213554333	-0.03340346278	-0.03994352458	-0.02718276787
	-0.002698586129	0.0009204867608	-0.003575398086	-0.006621443908	-0.008134577465
	-0.01368569633	-0.01913081313	-0.01599314909	-0.011106514	-0.02123542973
	-0.02568105342	0.004739742043	0.005374771438	9.162403128e-32	3.896198361e-32
	0.01149059435	0.01340849102	0.008203474674	0.009491587844	-0.1837697373
	-0.1420661654	-0.1615950965	-0.1615913097	0.01471845562	0.01793699908
	0.01595552025	0.0132557318	0.01390171153	0.01823234474	0.01449059347
	0.01855178789	0.01163261939	0.009039816313	0.01399013771	0.01671185943
	-0.123300715	-0.1420497344	-0.1232496484	-0.1072925357	-0.07920832893
	-0.09177058595	-0.1071919006	-0.09199364507	-0.07885554053	-0.06697985351
	-0.056773571	-0.06632549136	-0.04695283422	-0.0454970072	-0.03856946539
	-0.05587652256	0.005007446323	0.005568859553	0.0007198484375	0.01042805402
	-0.02331187965	-0.02788549237	-0.03677855543	-0.03049107819	-0.01024150768
	-0.004618155845	-0.02037309915	-0.006163485657	-0.01652702138	0.0003412120297
	-0.01263356956	0.006038906504	0.006701878012	1.189258002e-31	5.235318142e-32
	0.01550620027	0.0175696667	0.01074939184	0.01209321737	-0.2066453863
	-0.2316692643	-0.1837662916	-0.2066481688	0.02158468475	0.02518421731
	0.02153245666	0.01861078561	-0.161576914	-0.1837541729	-0.161537674
	-0.1420045167	0.02721204037	0.02334794128	0.02846161434	0.02260617994
	0.02193680791	0.02016004665	0.02650621293	0.02811151707	0.02351277482
	0.01890905359	0.01625494945	0.01200055788	-0.1229705906	-0.1419243024
	-0.1069844193	-0.12315853	-0.106670306	-0.09143370773	-0.0908140325
	-0.07821034025	-0.07731193304	-0.06541891971	-0.06387468266	-0.0543589157
	-0.04055967054	-0.05236734044	-0.03393256062	-0.04359615725	0.01337035805
	-0.0004027892035	0.006102809404	0.005943877437	-0.01596665323	-0.03038302054
	-0.001488770841	-0.02464643168	-0.008015349549	-0.01073428605	-0.01977712254
	6.586875753e-32	0.007375875526	0.008054758996	1.451662636e-31	-0.257245724
	-0.2572438618	-0.2841349285	-0.2316668791	0.01975608489	0.02190743786
	0.01340347945	0.01476879874	0.02912831325	0.03299857537	0.02743348723
	0.02438612338	-0.2066349823	-0.2316585722	-0.206607093	-0.1837210325
	0.03425605219	0.03996788991	0.03174186556	0.03672338173	-0.1836627377
	-0.1613251205	-0.1417589631	-0.1614678678	0.03427171301	0.03399117935
	0.04146297429	0.04126185411	0.03975840666	0.02750342174	0.03096764761
	0.03632482873	0.03125196153	0.02134358904	0.01472784718	0.02397799897
	-0.122685697	-0.1415084094	-0.1060927101	-0.1221611024	-0.08847042639
	-0.1052851657	-0.07578046898	-0.08995058121	-0.07375962883	-0.04918037528
	-0.05858258099	-0.06184691581	-0.03676797929	-0.02503511001	-0.0310333591
	-0.04518439745	0.01565964959	-0.003327633374	0.005041472216	0.005887202512
	-0.01398676243	-0.005781326443	-0.01866374495	0.008730756374	0.009419680684
	1.677668405e-31	7.823253804e-32	0.01610906509	0.0174785042	0.02412746612
	0.0263291482	-0.3113859322	-0.3113848816	-0.3389166385	-0.2841334453
	-0.2572369228	-0.2841282086	-0.2572183952	-0.2316359713	0.03710907805
	0.04114209171	0.03350135738	0.03040595978	0.04678205691	0.04622837752
	0.05236346419	0.04158935475	-0.2315964224	-0.2064578155	-0.183542829
	-0.2065577513	0.04992097306	0.0556834918	0.04813379267	0.05824728871
	-0.1410468483	-0.1611084595	-0.1833616951	-0.1607107614	0.0485164978
	0.04670532721	0.05704485731	0.05843612963	0.04140705744	0.0472108758
	0.03545935103	0.05334626744	0.02613601303	0.02801199015	0.01613424279
	0.03912109427	-0.1201639949	-0.1039003141	-0.1403997907	-0.1214268087
	-0.1020646318	-0.0705033729	-0.08334928011	-0.08651652199	-0.0544877836
	-0.06639883248	-0.039130981	-0.04825155041	-0.0318893865	-0.02419474186
	0.01579153289	0.003497196196	0.0006108449942	-0.009620328245	-0.01446476842
	0.01009217988	0.01078178206	1.843149011e-31	8.818929696e-32	0.02855544332
	0.03079006819	0.01883871702	0.02019972161	-0.3665863379	-0.3665861117
	-0.3934330636	-0.3389159637	0.0494410835	0.03964612013	0.03654177096
	0.04531480227	-0.3113808031	-0.3389133256	-0.3113695342	-0.2841137974
	-0.284088322	-0.2571192851	-0.2315151741	-0.2571855856	0.05712004623
	0.05888261611	0.0652696951	0.0518484411	0.07091376621	0.06305556285
	0.06736711653	0.07629033964	-0.2060293937	-0.1830279199	-0.2063061874
	-0.2313926925	0.06872532997	0.08019698873	0.07885743146	0.06817628822
	-0.1392857697	-0.1591906537	-0.1825595167	-0.1601519891	0.06521200932
	0.06099489351	0.0746762313	0.0786105038	0.05239012211	0.04271808781
	0.06792780173	0.05771641445	0.01417811706	0.02895224077	0.04522168174
	0.02868858983	-0.09908603842	-0.1378028527	-0.1157557744	-0.1184878009
	-0.07935502432	-0.06013933324	-0.0732241613	-0.09531076235	-0.04078664784
	-0.05261115428	0.0111701731	-0.02156900192	-0.03010107815	-0.009861976695
	-0.00344877168	0.01143850775	0.01210986038	1.929800308e-31	9.464093813e-32
	0.0330032017	0.0352417516	0.02156273528	0.02288923038	-0.4201307656
	-0.4201318043	-0.4449067813	-0.3934333802	0.05362459097	0.05781261746
	0.0458168931	0.04273175017	-0.3665847576	-0.3934337544	-0.3665798669
	-0.3389054204	0.07188215047	0.07841308359	0.06230078189	0.06758592463
	-0.3113490722	-0.338890566	-0.3113069063	-0.2840355651	-0.2570184015
	-0.2839554434	-0.2568343654	-0.2311666961	0.08654723403	0.08576659869
	0.09503672869	0.07857987688	0.1049736969	0.1003562305	0.08927438191
	0.09273711315	-0.2308494581	-0.1817512197	-0.205639282	-0.2049693184
	0.1051354475	0.0900760814	0.0917311573	0.1060710249	-0.1558078835
	-0.1806706572	-0.1353813283	-0.157907182	0.09251975257	0.1005855538
	0.08330667678	0.07523111368	0.08107589261	0.06178451887	0.06481576059
	0.04661263407	0.005695453672	0.04609601741	0.0268053755	0.02233798808
	-0.1069201692	-0.1322935842	-0.08950595049	-0.1122872133	-0.0824768371
	-0.04181379531	-0.001801907368	-0.02950504071	-0.06584408967	-0.01796903483
	-0.05518891172	0.01273136344	0.01336096104	1.930666461e-31	9.691689126e-32
	0.03740014161	0.03958216373	0.02421871096	0.02547090298	0.06197036124
	0.06616627777	0.0519156609	0.04890881227	-0.4690557132	-0.469059555
	-0.4901668221	-0.4449089946	-0.4201344205	-0.4449149496	-0.4201381553
	-0.3934327861	0.08503911044	0.09166617323	0.0728430609	0.07809466932
	-0.3665696295	-0.3934284684	-0.366546236	-0.3388583987	0.09437976238
	0.1046307976	0.1140961968	0.102361271	-0.2838066422	-0.3112416642
	-0.3388077839	-0.3111210887	-0.2561261611	-0.2303003936	-0.2565738503
	-0.2835964901	0.1223629234	0.1179447655	0.1306016735	0.1111574679
	0.1374525054	0.1347988236	0.1200153812	0.1215319239	-0.229564044
	-0.1788975138	-0.2025945092	-0.2040695945	0.1306357504	0.1357068087
	0.1118619579	0.1174176221	-0.1531212742	-0.1489338125	-0.1275025417
	-0.1766213518	0.1066400163	0.1000468628	0.1211944663	0.08594807562
	0.08827312832	0.06564958329	0.04286814682	0.06363181075	0.03685216175
	0.004576017979	-0.01306341585	0.0155021997	-0.06060790483	-0.09090139777
	-0.02668158257	-0.07230033749	-0.1004068897	-0.04302364546	-0.1216524551
	-0.5097624271	-0.5097730663	-0.5251237645	-0.4901735216	0.01392751912
	0.01449489569	1.851994698e-31	9.499303175e-32	0.04162142538	0.04367082092
	0.02672072514	0.02785937822	0.07021960144	0.0743100444	0.05776949296
	0.05493124725	0.09824882892	0.1048869939	0.0833618062	0.08847900536
	-0.4690707048	-0.4901925217	-0.4690924688	-0.4449261402	-0.420140831
	-0.4449393353	-0.4201394044	-0.3934152172	0.1103056332	0.1236985678
	0.1332954455	0.1182322277	-0.3664316349	-0.3387112306	-0.3665074243
	-0.3933899441	0.1333768949	0.1445828684	0.1565700342	0.1436851847
	-0.3385717139	-0.3106484551	-0.2832304789	-0.3109482868	-0.254527435
	-0.2827367823	-0.2283501417	-0.2555212677	0.1706031758	0.1640465406
	0.1542678024	0.149174595	0.1704773515	0.1720326625	0.1509328997
	0.1533897738	-0.1977056535	-0.1730592548	-0.2267810643	-0.2006906726
	0.1635859186	0.1416091433	0.1515694774	0.1295693345	-0.1686675488
	-0.1437984252	-0.1130804714	-0.1362160866	0.08756742353	0.1346075988
	0.110763164	0.1103159389	0.02636762559	0.05841147276	0.04835544398
	0.08318077693	-0.027802399	-0.04483966619	-0.06504615246	-0.1031239639
	-0.009118869188	0.01264118402	-0.07994688944	0.01499070697	0.01547899363
	1.709619959e-31	8.943955976e-32	-0.5374407373	-0.5374666774	-0.5443217667
	-0.5251409024	-0.5098044358	-0.5251900577	-0.509868742	-0.4902316316
	0.04552684817	0.04737643977	0.02898841149	0.02998287978	0.07813753644
	0.08197949331	0.06318460221	0.06060392632	0.1113006245	0.1177688834
	0.09361445504	0.09844273581	0.1261875174	0.1428262019	0.1524304335
	0.1339051899	-0.4691211409	-0.490284277	-0.4691622661	-0.444955468
	-0.4449670257	-0.4200983828	-0.3933353177	-0.4201292788	0.1557403632
	0.1696336103	0.1826720291	0.1668539176	-0.3661155534	-0.3932491801
	-0.3383243303	-0.3663185212	0.1786483696	0.1874516273	0.2039917488
	0.1934719312	-0.2819173668	-0.3379852481	-0.3095613472	-0.3102391742
	-0.251193834	-0.2243069975	-0.2808507884	-0.2532337896	0.2086730923
	0.190995188	0.2107887979	0.1900789495	0.2066336903	0.1750879122
	0.1974608733	0.1846278923	-0.1884718723	-0.1940016042	-0.221225191
	-0.1621482103	0.1823111121	0.1577404595	0.1361277064	0.1600913609
	-0.08950256772	-0.1544738005	-0.1151226935	-0.1273615582	0.09771047833
	0.1070522705	0.07355115295	0.1329800847	-0.02864012584	-0.006609666631
	-0.07460264377	0.05972103144	0.03459886194	-0.04888451163	0.01482642176
	0.01588926238	0.01628004842	1.523517487e-31	8.116783576e-32	-0.5459967311
	-0.5460521554	-0.5414895806	-0.5443604212	0.04899869879	0.05059241051
	0.0309564838	0.03177882424	-0.5375424679	-0.5444712328	-0.537699997
	-0.5252931827	-0.4903649342	-0.5099577345	-0.5254353938	-0.5100965315
	0.08546091109	0.08892819142	0.06799840075	0.06574468039	0.1238194859
	0.1298896749	0.1032669932	0.1076545064	0.1416538665	0.161703803
	0.1710471883	0.1489261722	0.1780104372	0.1956121374	0.188809258
	0.2086305573	-0.4692049889	-0.4904551469	-0.4692525119	-0.4449686399
	-0.4449485759	-0.4200405985	-0.3930864548	-0.4199205216	0.2082255255
	0.2207441812	0.2374208078	0.2228851948	-0.3374148369	-0.3658311792
	-0.365349608	-0.3928522619	0.2268836533	0.2311352867	0.2510177244
	0.2453200178	-0.3366630264	-0.2791553153	-0.3072539675	-0.3086702353
	-0.2486327803	-0.2770216894	-0.2165939874	-0.2447707701	0.2429919728
	0.2207342071	0.249462586	0.2277783151	0.1853116687	0.2295285097
	0.2089489256	0.2055120178	-0.1726840029	-0.2110607636	-0.1437859252
	-0.1819111371	0.1479328574	0.1237474685	0.1826203934	0.1572592676
	-0.1016436593	-0.1318909161	-0.0844438186	-0.05580009434	0.08371708579
	0.06278447294	0.01551427883	0.03938066462	-0.008092179522	-0.03658010041
	0.1094263017	0.01658836697	0.01686171625	1.314100743e-31	7.119444174e-32
	0.05193459977	0.05321122703	0.03255860984	0.03317668489	-0.5295600656
	-0.5296605367	-0.5120095512	-0.541564836	-0.546211192	-0.5417794042
	-0.5465421704	-0.5447039403	0.09196937728	0.09495696001	0.07206937936
	0.07020581378	-0.5382670475	-0.5256608843	-0.5379192205	-0.5450252501
	-0.5102580728	-0.5259252752	-0.5104787488	-0.4905725883	0.1353860984
	0.1408578928	0.112008761	0.1158377031	0.156193545	0.1797761277
	0.188522049	0.1627892413	0.1996487696	0.2211834246	0.2338003401
	0.2097912053	0.2517754041	0.2375904132	0.2539541717	0.2705316308
	-0.4906831319	-0.4692909131	-0.4448814178	-0.4692850894	-0.3924433814
	-0.4447551423	-0.4197351831	-0.4193979469	0.2636403869	0.27113036
	0.2910782643	0.2817901752	-0.3636633181	-0.335454039	-0.3918879187
	-0.3647047724	0.2706168814	0.2879491614	0.2919890907	0.2657737565
	-0.3054552186	-0.3027145951	-0.273778688	-0.3339142651	-0.2401131065
	-0.2032105114	-0.233452105	-0.2698461493	0.2757728459	0.2332675818
	0.2563524994	0.2524002828	0.2303687473	0.1729610002	0.1960927093
	0.2061988037	-0.1487564167	-0.116551467	-0.1623122089	-0.1942905646
	0.133136322	0.1575237153	0.1107048731	0.08777129113	-0.01433530779
	0.006980008366	-0.0667184126	0.03804243722	-0.04600687789	-0.1005560561
	0.06206476017	0.0170536117	0.01719620179	1.100432466e-31	6.051765728e-32
	0.05422009745	0.05511369651	0.03372218686	0.03410696593	0.09747210837
	0.09986671534	0.07523974073	0.07383905846	-0.485875352	-0.4860249269
	-0.4565668712	-0.5121321267	-0.5299430101	-0.512479045	-0.5305276761
	-0.542227015	-0.5428403377	-0.5477233207	-0.5455365675	-0.5469992665
	0.1227535339	0.1456518337	0.1503603158	0.1195896894	-0.5386787998
	-0.5461393288	-0.5392591228	-0.5262952142	-0.5266851957	-0.5109737387
	-0.4907952482	-0.510705283	0.1693342519	0.1964258234	0.204281467
	0.1750758448	0.2290723736	0.2199175674	0.2455589911	0.25730031
	0.2864810722	0.265987829	0.3024324887	0.2792218373	0.2999513699
	0.3108297947	0.3173920455	0.3305356002	-0.469243225	-0.4444966164
	-0.4908594632	-0.4690883617	-0.4181225315	-0.3909730449	-0.4441066729
	-0.4189223556	0.3131722501	0.310366102	0.3325529908	0.3341153934
	-0.3623206748	-0.3897834595	-0.331545434	-0.3602468747	0.3029097637
	0.2985149731	0.3215221682	0.2799327096	-0.2993581379	-0.2641696157
	-0.2944831193	-0.3286309183	-0.2257925102	-0.1824865839	-0.2575781704
	-0.2155217728	0.2532566567	0.2421250277	0.2767042032	0.2197134528
	0.2028828785	0.1341912645	0.1557880214	0.1799558271	-0.1698345991
	-0.1172125607	-0.08160782032	-0.1344386077	0.1066691356	0.02983904018
	-0.06306862654	0.08410552643	-0.004350310669	-0.02598374477	0.05087651327
	0.01726888829	0.01728653086	8.985636973e-32	5.003654775e-32	0.05574168484
	0.05620906226	0.03439160107	0.03453760465	0.1017572269	0.1034348205
	0.07735127499	0.07647902407	-0.4193555207	-0.4195354999	-0.3827011849
	-0.4567301645	0.1543182283	0.1580875039	0.1257609958	0.1281373371
	-0.5131951458	-0.4864379708	-0.4571887799	-0.4872848311	-0.5141652126
	-0.5325747496	-0.5438090363	-0.5313248057	-0.5485764574	-0.5449416522
	-0.5497781849	-0.5469915247	0.1807008538	0.2111455108	0.2178744737
	0.185430518	-0.5479046835	-0.5406740277	-0.5271725304	-0.5398808061
	-0.5276250153	-0.5113959381	-0.511201688	-0.4908469722	0.2381422338
	0.2678714187	0.2783308285	0.2460598117	0.3042202888	0.2923922642
	0.3172388253	0.3319211086	0.3494363696	0.3347878849	0.3681979262
	0.3508770041	0.3749428148	0.3763206974	0.3549839802	0.3545056335
	-0.443416404	-0.4682473812	-0.4688040352	-0.4907048373	-0.4170589997
	-0.4424705288	-0.3879212953	-0.415374958	0.3443169042	0.3262358965
	0.349404758	0.3668882884	-0.385590909	-0.3538657474	-0.3243571739
	-0.3576681437	0.2996265907	0.2652000224	0.3230500321	0.2879549874
	-0.2887531803	-0.2808825607	-0.3192932447	-0.2486266444	-0.2387307215
	-0.2043370525	-0.1543412896	-0.1903877731	0.2474357612	0.1779365915
	0.1992564924	0.2247208982	0.1275010833	0.0927581499	0.1490507306
	0.07255840625	-0.1000803542	-0.08094346165	-0.04270674616	0.03670394332
	-0.1386470448	-0.02351173163	0.01576918646	0.01725690634	0.01717841433
	7.196694727e-32	4.045147836e-32	0.05644694774	0.05650627521	0.03457271032
	0.03451383245	0.1046115086	0.1054903602	0.0783306206	0.07799977428
	0.1317216849	0.1610563071	0.1636927048	0.130244004	-0.3402584153
	-0.3404347121	-0.3018445737	-0.3828784041	-0.4200261688	-0.4210210428
	-0.4581239891	-0.3833725269	0.1899259825	0.2235103666	0.2288657699
	0.1934635532	-0.4593753765	-0.490183555	-0.5156780622	-0.488423096
	-0.5340290581	-0.5174230609	-0.5360519501	-0.5465310948	-0.5482225917
	-0.5527216507	-0.5490794037	-0.551066739	0.253798898	0.2874212398
	0.2602649941	0.2962815713	-0.5502255694	-0.5422969004	-0.5414396419
	-0.5280983356	-0.4903169061	-0.5284267963	-0.5113069639	-0.5114558935
	0.345054832	0.3579303018	0.3158818644	0.3259720701	0.366775635
	0.385507294	0.3809149901	0.4024898173	0.3947041133	0.3971741083
	0.4177130049	0.4128452064	0.3953188831	0.410735106	0.3893155174
	0.3724308946	-0.4674313017	-0.4896614483	-0.4660531791	-0.4409328166
	-0.4132366571	-0.4100271392	-0.4389509872	-0.3821192691	0.3464182112
	0.3350297034	0.31141748	0.3697712599	-0.3493099661	-0.3779308175
	-0.3429216653	-0.3122559427	0.2700608074	0.2936835858	0.2217143082
	0.2444393944	-0.2261607294	-0.2720402783	-0.2606122407	-0.3042463323
	-0.1590820559	-0.1759583518	-0.2128871458	-0.1206993032	0.1700591154
	0.1925524002	0.1139362876	0.1349455759	0.07760397753	-0.003147362811
	0.05650737729	-0.04261518532	-0.06252955068	0.01646348238	-0.103049059
	0.01708101798	0.01695011673	5.691031781e-32	3.218270158e-32	0.05640883487
	0.05615291196	0.03435657284	0.03416186596	0.1059346596	0.1060463782
	0.07827735773	0.07841257528	0.1333787332	0.1655328211	0.1669061644
	0.1328232854	-0.2600005091	-0.2601443246	-0.2242326462	-0.3020035444
	0.1987798365	0.1965986612	0.2330605119	0.2367718826	-0.3409117388
	-0.3024441616	-0.3418691427	-0.3843684771	-0.3856860929	-0.4243529807
	-0.4612987501	-0.4223404082	0.2663915028	0.3036472305	0.3105930404
	0.2711677783	-0.492200454	-0.463484493	-0.4949586142	-0.5198357812
	-0.5223644803	-0.5409098601	-0.5503888439	-0.5381945958	-0.5525018598
	-0.556224069	-0.5515429621	-0.5543455391	0.3357686398	0.3690145992
	0.3796892767	0.3438570555	-0.5285861537	-0.5526634152	-0.5429906126
	-0.5435645447	-0.5108687821	-0.5284256717	-0.5099105134	-0.488461549
	0.4175309239	0.3947146173	0.4320658171	0.406494074	0.4547630981
	0.4461505108	0.4365302134	0.430570833	0.4386711209	0.4317836491
	0.4509985319	0.4172150085	0.3930346022	0.3587895235	0.3825742459
	0.4153433818	-0.4642216749	-0.4613865183	-0.4867943605	-0.4359327509
	-0.4061128689	-0.4322205641	-0.4005313286	-0.371999885	0.3176577792
	0.2684649056	0.341991699	0.2931351168	-0.293728891	-0.325742469
	-0.3355514547	-0.3650922887	0.2156328804	0.2403612206	0.1816262439
	0.157802771	-0.2821796189	-0.2482882862	-0.1969784574	-0.2331897632
	-0.1420621561	-0.1227139208	-0.1805452319	-0.08344806953	0.09889994595
	0.0377772885	0.05966952424	0.1224313824	-0.001292944718	-0.06372470103
	-0.02300375369	0.01682613009	0.01668693456	4.470808239e-32	2.536309311e-32
	0.05583236716	0.05540279097	0.03389930833	0.03365100881	0.1058583991
	0.1053731318	0.07747364721	0.07792013389	0.1332702202	0.1675865499
	0.1677422083	0.1335126486	0.2003984541	0.2393321203	0.2412180694
	0.2011874387	-0.2243532565	-0.1867775671	-0.186877815	-0.1559212397
	-0.2605326305	-0.2246867688	-0.2613068417	-0.303324038	0.2753762385
	0.3159709636	0.3206692452	0.2782497416	-0.3044780363	-0.3450189484
	-0.387683475	-0.343124685	-0.4266230113	-0.3899225738	-0.4296765647
	-0.46645457	0.3514486319	0.3884446707	0.3965683042	0.357263639
	-0.4978301478	-0.4695129024	-0.5013960259	-0.5255493657	-0.5286065911
	-0.5465711091	-0.5549489085	-0.5435490081	-0.5570826817	-0.559458942
	-0.5537104841	-0.5578604464	0.4443972415	0.4177742409	0.4560491472
	0.4269172598	-0.543767951	-0.5543194256	-0.5434834548	-0.527760028
	-0.5084482355	-0.5265460497	-0.4841335149	-0.5060069531	0.4736820031
	0.4858846943	0.4707280525	0.4611186629	0.4695363092	0.458242401
	0.4770076048	0.4856609409	0.4371864891	0.4278593256	0.4054468366
	0.4570925077	0.3183381721	0.366441776	0.3900430416	0.3438009559
	-0.4578457318	-0.4268798208	-0.4807543546	-0.4527134239	-0.3939659107
	-0.385056106	-0.3557948343	-0.4205574842	0.2659480141	0.292252383
	0.2073904427	0.2342491587	-0.3008804588	-0.2677464038	-0.3147912779
	-0.34528738	0.1472189082	0.08415998103	0.110181845	0.1742247088
	-0.2172269174	-0.1613884116	-0.1982294833	-0.2521839189	-0.1412908243
	-0.07996476393	0.04692489002	-0.1028053317	-0.01793645227	0.0213493469
	-0.04145511494	0.01657148824	0.01645621489	3.505057644e-32	1.990819669e-32
	0.05499323141	0.05453358607	0.03337125103	0.03313952878	0.104760368
	0.1039405281	0.07630026746	0.07687260504	0.1674163078	0.1666169764
	0.1326478414	0.1318667632	0.200922573	0.2013421509	0.2421036396
	0.2422311453	-0.09893704939	-0.156000323	-0.1243609276	-0.1244215522
	0.2803390361	0.3238324584	0.3260764529	0.2812742171	-0.1871496738
	-0.1562197498	-0.1876914733	-0.2253496312	-0.226215585	-0.2638263314
	-0.3062089254	-0.2623147722	0.3623050939	0.4027309531	0.4079736752
	0.3656262233	-0.3471263029	-0.3081294459	-0.3499255096	-0.3929156161
	-0.4327972551	-0.395947189	-0.4365951418	-0.4732850254	0.4353377341
	0.465417106	0.4738871434	0.441614155	-0.4768291912	-0.5085943103
	-0.5320865714	-0.504795652	-0.5350784003	-0.5518059326	-0.5592026596
	-0.5492076474	-0.5605301839	-0.5610932993	-0.5606818692	-0.5544412662
	0.4854625656	0.510212243	0.4947970729	0.4985355926	-0.5425759835
	-0.5243466356	-0.5538537411	-0.5406762382	-0.5028075642	-0.4980472184
	-0.5213482777	-0.4757952627	0.5134527979	0.5084959477	0.5008754775
	0.4932814187	0.4482662282	0.4677191278	0.4925510617	0.4761146378
	0.4342095671	0.4131615483	0.3684021963	0.3925196415	0.2619125567
	0.3188686892	0.2899349728	0.3446079881	-0.4381852601	-0.411920654
	-0.446587409	-0.4698387802	-0.4020037012	-0.331775782	-0.3616952512
	-0.3748859442	0.2024448067	0.1683266965	0.1386062575	0.2315248893
	-0.2856358643	-0.2333301636	-0.2669174437	-0.3167934799	0.1040269593
	0.008792087935	0.07420699231	0.03735509977	-0.027812468	-0.1541128921
	-0.09276943644	-0.1178974852	-0.1779610149	-0.05560617402	-0.2129470407
	0.01637059845	0.01629456411	2.749200733e-32	1.561808665e-32	0.05414993251
	0.05376603394	0.03290716452	0.03273467562	0.1031530999	0.1022677742
	0.07511596004	0.0756545192	0.1298113131	0.1656082994	0.1642654014
	0.1308168645	-0.07329431079	-0.05284690153	-0.09898210824	-0.07326297044
	0.1999264798	0.2416642608	0.240411641	0.1986857944	0.3269184617
	0.2813298973	0.3270050736	0.2805930517	-0.1245882994	-0.09910860473
	-0.1249230671	-0.156656969	0.3679226034	0.411354941	0.4135689864
	0.3687644413	-0.1572296079	-0.1894528938	-0.2275080561	-0.1883959727
	-0.2654917714	-0.2289348555	-0.2676892989	-0.3106650356	0.4468882436
	0.4801295862	0.4501698436	0.4852206119	-0.3527377971	-0.3132008334
	-0.3561074877	-0.3996111652	-0.4029808042	-0.4439795106	-0.4807568607
	-0.4401330056	0.5031545229	0.5193996404	0.5274578454	0.5091861948
	-0.4840368958	-0.5149241293	-0.5380114246	-0.5118350485	-0.553653194
	-0.5400581414	-0.554860568	-0.5616155905	-0.5608339711	-0.5615988655
	-0.5594890025	-0.5522393422	0.5339299591	0.5210181045	0.5323590324
	0.5249745605	-0.5167810044	-0.5379021304	-0.5496739682	-0.5335544986
	-0.4616317471	-0.4922637156	-0.4842721161	-0.5111735675	0.5203582584
	0.5078403568	0.4844713353	0.4999874569	0.4144168574	0.4351866077
	0.4542132453	0.4713987087	0.3433399383	0.3697870587	0.3925949568
	0.3169640477	0.2609140313	0.1988639557	0.2296182665	0.2891716596
	-0.4284917398	-0.415830258	-0.3890772143	-0.452144639	-0.328592073
	-0.3745692827	-0.3469532729	-0.2982343192	0.1351265053	0.06849679457
	0.1669563237	0.1008506054	-0.2778632687	-0.1887844326	-0.2464951461
	-0.2221690734	-0.03349331307	0.001854919612	0.03409521815	-0.06406661988
	-0.1283884968	-0.1626544726	-0.0990032272	-0.03235849165	-0.03237064354
	-0.01618534887	-0.05286823311	1.22639184e-32	2.158843462e-32	0.01624525673
	0.0162088239	0.05347882039	0.05322238302	0.03248076508	0.03258074818
	0.07416774764	0.1015229037	0.1007741856	0.07457351652	0.1286737589
	0.1629693152	0.161511316	0.1277186509	0.2368233282	0.1970329054
	0.2388600954	0.1954464449	-0.07338298856	-0.05292939438	-0.07356347725
	-0.09936351706	0.2790601683	0.3259390036	0.3240545715	0.2771993588
	0.3684894311	0.4142449592	0.4136868632	0.3672475688	-0.09970047628
	-0.1260228945	-0.1580863798	-0.1253612122	0.4526666616	0.452222427
	0.4883072838	0.4900613522	-0.19061355	-0.1590330698	-0.1921448237
	-0.230807694	-0.2698694257	-0.2326672876	-0.2724593228	-0.3162183758
	0.5140317706	0.5332242202	0.5377181942	0.5168458622	-0.3189447558
	-0.3624352697	-0.4066106429	-0.3591754389	-0.4095400571	-0.4500274043
	-0.4871188456	-0.4471515081	0.5417208065	0.5411362291	0.5486812749
	0.5472162047	-0.517049434	-0.5183219304	-0.4891430776	-0.5413929001
	-0.5550028584	-0.5415309109	-0.55385232	-0.5604200907	-0.5530223719
	-0.5454954808	-0.5570916139	-0.5580842065	0.5316348745	0.5239880292
	0.5403212204	0.5126382873	-0.5401889557	-0.5205211013	-0.5033760878
	-0.5281181759	-0.4629102662	-0.4397450717	-0.4943238703	-0.4750044617
	0.5001399432	0.4529485307	0.4692873899	0.4872506513	0.3895032702
	0.4141449607	0.3671210667	0.4325070625	0.3166292092	0.2590396828
	0.3412684338	0.2874825261	0.2292052232	0.1988565113	0.1666076576
	0.1337873018	-0.3838488931	-0.4258132982	-0.3564704582	-0.4015961307
	-0.2843105143	-0.2535682899	-0.308393373	-0.3365540522	0.101149791
	-0.0004327065186	0.03355119322	0.06741887965	-0.2273349144	-0.1958724484
	-0.1014084122	-0.06782682043	-0.03427840677	-0.1328762767	-0.1659842681
	0.01618529684	5.396965346e-33	0.01619127999	-5.396981207e-33	-0.0161913306
	-2.158849113e-32	-0.01620887827	-0.0324067075	-0.03248090078	-0.05305475194
	0.03240658455	0.05305453445	0.05292919144	0.03237052645	0.1002087933
	0.09970007668	0.07380255044	0.07356318509	0.1267515853	0.1602770724
	0.1260223928	0.1590324621	0.2348622791	0.2326665127	0.1936546245
	0.1921441299	0.2724585075	0.2747742154	0.3218132358	0.3189438901
	-0.0738028584	-0.05322261499	-0.0741680663	-0.1002092054	0.3650218468
	0.4121421408	0.4095390947	0.3624343968	0.4518459192	0.4902587479
	0.4891419467	0.450026411	-0.1267520947	-0.1007746047	-0.1277191644
	-0.1602776842	0.5183471343	0.540286004	0.5415296289	0.5183207437
	-0.1936553169	-0.161511925	-0.1954471234	-0.2348630426	-0.236824074
	-0.2772001416	-0.3218140934	-0.2747750171	0.5538509686	0.5514666185
	0.5540005907	0.5580827749	-0.4121431254	-0.3240554171	-0.3672484555
	-0.3650227221	-0.4518469456	-0.4136878632	-0.4902599162	-0.4526677365
	0.553020827	0.5477670423	0.532710129	0.5401872963	-0.5183483522
	-0.5168471194	-0.4900625424	-0.5402873141	-0.5377195233	-0.5540020643
	-0.5514679935	-0.5472176169	-0.540322885	-0.5327118654	-0.5486827946
	-0.5477686392	0.5116650264	0.4825116796	0.4943218834	0.5205192805
	-0.5239898607	-0.4825138036	-0.5001419916	-0.5116669547	-0.4692896763
	-0.4325096375	-0.4084826929	-0.449333931	0.4493315347	0.4629080516
	0.4084800441	0.4258108489	0.3643566448	0.312872282	0.3838461817
	0.3365512168	0.2583938767	0.2843077107	0.2273323158	0.1976510231
	0.1659818987	0.1345678025	0.06774321179	0.1014060377	-0.3895061044
	-0.3128752532	-0.3412714671	-0.3643595322	-0.2292080949	-0.2583967236
	-0.1976536642	-0.2874855617	-1.381124693e-06	-0.0677457839	-0.1666103653
	0.0342757969	-0.1011524627	-0.03355391507	-0.1345703215	0.05284670849
	0.03235837658	0.05286803774	-1.226395356e-32	-0.01624532016	-2.749211036e-32
	-0.03258089787	-0.0162946389	-0.03273483054	-0.05347905902	0.09936313544
	0.09910824205	0.07329404408	0.07338271454	0.1580857793	0.1572290191
	0.1253607235	0.1249225955	0.2308069174	0.1894522137	0.2289340842
	0.1906128619	0.3162175009	0.3131999532	0.2698686011	0.2676884737
	0.3591745703	0.4066096906	0.4029798628	0.3561066177	-0.07457383797
	-0.05376627295	-0.07511628086	-0.1015233253	0.4471505547	0.4871177393
	0.4439785777	0.4840358161	0.5170482876	0.5413916347	0.5400568928
	0.5149230082	-0.1286742697	-0.1022681934	-0.1298118104	-0.1629699095
	0.5550015298	0.5604186871	0.5548592504	0.5615974801	-0.1970335638
	-0.1642659751	-0.1986864239	-0.238860817	-0.2404123339	-0.2805937907
	-0.3259398428	-0.2790609293	0.5496724167	0.5594875234	0.5454938839
	0.5570901093	-0.326919289	-0.3687653557	-0.4142459936	-0.3684903259
	-0.4522235415	-0.4883085189	-0.4501709982	-0.4135700366	0.5335528291
	0.5281164406	0.5033742212	0.5111717958	-0.514033064	-0.5332255997
	-0.4852218608	-0.5091875248	-0.5339314759	-0.541137824	-0.5417222639
	-0.5274592512	-0.5126402305	-0.5203601079	-0.5316366261	-0.5323606961
	0.4750024008	0.4521425525	0.4397428146	0.4842701893	-0.4999895288
	-0.4714010472	-0.4529509818	-0.4872528481	-0.4351892299	-0.3925978757
	-0.367124073	-0.4141477158	0.4158279432	0.4015936153	0.3745667898
	0.3564677709	0.3285894615	0.3083906463	0.2778607601	0.2535657231
	0.1958701435	0.2221668358	0.1626524826	0.1328741487	0.0004301099799
	0.06782444957	0.03349094955	0.099001203	-0.343343052	-0.2590427667
	-0.2891748372	-0.3166323219	-0.1008534591	-0.1337900761	-0.2296213335
	-0.1669592202	-0.198859385	-0.03409794112	-0.06742167829	0.07326270523
	0.09898175349	0.09893669603	-1.561815638e-32	-0.01637067914	-3.505075456e-32
	-0.03290731955	-0.01645629651	-0.03313967798	-0.0541501669	0.1566563949
	0.1562191919	0.1244211066	0.1245878455	0.2275072915	0.2262148297
	0.1883953034	0.1876908157	0.3106641529	0.2638255169	0.308128566
	0.2654909506	0.3996102277	0.3959462536	0.3527369265	0.3499246371
	0.4401320965	0.480755801	0.4768281477	0.4365942404	-0.07565483594
	-0.05453381527	-0.07630057528	-0.1031535083	0.511833961	0.5380101923
	0.5350771804	0.50859324	0.5536518917	0.5616142202	0.5606805061
	0.5518046375	-0.1308173431	-0.1039409213	-0.1318672154	-0.1656088446
	0.5608325129	0.5522378281	0.5610918509	0.5538522514	-0.1999270776
	-0.166617489	-0.2009231339	-0.2416649239	-0.2422317745	-0.2812749188
	-0.3270059036	-0.2813306124	0.521346642	0.540674659	0.5379005147
	0.5167793099	-0.3656271694	-0.4113560252	-0.3260772748	-0.3679235324
	-0.4468894333	-0.480130882	-0.4079747669	-0.4416153643	0.4980454825
	0.4922618976	0.4698369563	0.461629807	-0.4738884468	-0.5031558922
	-0.4947984843	-0.5194011226	-0.5134544693	-0.5102137654	-0.5249761468
	-0.5210198745	-0.5078423283	-0.4844735404	-0.5084978135	-0.4925531496
	0.4284896099	0.4381832877	0.3890749078	0.4020015826	-0.4677214746
	-0.4342122023	-0.4144196386	-0.4542157409	-0.3446111262	-0.316967255
	-0.3925225426	-0.3697900851	0.3616929549	0.2982318658	0.3469508134
	0.3167911439	0.2464929127	0.2129451447	0.2669152445	0.1887825283
	0.09276778393	0.1283866812	0.06406467573	0.1541112634	-0.001857447318
	-0.06849959829	0.02781037701	-0.0373577584	-0.2315280004	-0.1988669956
	-0.2899381644	-0.2609171735	-0.1351294139	-0.1683297105	-0.1040298602
	0.1243604843	0.155999773	0.1559206919	-1.990829825e-32	-4.470830312e-32
	-0.01657156719	-0.03337139565	-0.01668701133	-0.03365114872	-0.05499345348
	0.2253488853	0.2246860336	0.1868771755	0.1871490279	0.3062080488
	0.3044771639	0.2623139642	0.2613060393	0.3929146798	0.3899216378
	0.3450180764	0.3471254311	0.4732839938	0.4695118768	0.4327963605
	0.4296756671	0.5047946029	0.5320853655	0.5286053953	0.5013949853
	-0.0554030042	-0.07747392645	-0.1047607397	-0.07687290195	0.5492063638
	0.5592013053	0.5465698315	0.5570813327	0.5605287447	0.5544397968
	0.5543179691	0.5594575063	-0.1326482645	-0.1053734779	-0.1332706091
	-0.1674167847	0.5425744348	0.5243450466	0.5265444948	0.5434819248
	-0.1677426457	-0.2011879326	-0.242104247	-0.2013426748	-0.241218649
	-0.3238332884	-0.278250424	-0.2803397223	0.4807526926	0.506005332
	0.5028058961	0.4757935308	-0.3206700703	-0.3572646013	-0.4027320636
	-0.3623060549	-0.4353389659	-0.3965694119	-0.4654184565	-0.4269184988
	0.446585568	0.4205556585	0.4527116807	0.4119186961	-0.4985372091
	-0.4854640188	-0.4736835134	-0.4560505101	-0.4858863739	-0.5008772422
	-0.4932834038	-0.4856628045	-0.4761168634	-0.4770097042	-0.4570948474
	-0.4482687068	0.3748838289	0.3317735579	0.3452853139	0.3850541426
	-0.4278619137	-0.3900459037	-0.3684052163	-0.4131642924	-0.3438039929
	-0.2619157211	-0.2922555231	-0.3188718234	0.2856337116	0.2333282393
	0.2521819878	0.3008783661	0.1779593967	0.1412894984	0.1178960913
	0.1982278814	0.01793454659	-0.008794339407	0.07996336377	0.05560442755
	-0.110184793	-0.07420980593	-0.2024478383	-0.1386092489	-0.1742277186
	-0.2342522335	-0.04692737122	0.2242319185	0.224352527	0.1867769293
	-2.53632146e-32	-5.691058144e-32	-0.01682620472	-0.03389944287	-0.03416199368
	-0.05583256823	-0.01695018904	0.3033231694	0.3024432987	0.26014353
	0.2605318334	0.3876825385	0.3856851549	0.3418682653	0.3431238114
	0.4664535473	0.463483471	0.4243520748	0.4266221114	0.5255481803
	0.5223633007	0.4978291147	0.4949575805	0.5435477388	0.5549475657
	0.5525005227	0.540908596	-0.05615309727	-0.07827759455	-0.1058587168
	-0.07792039395	0.557859015	0.553709038	0.5526619768	0.5562226401
	0.5437664367	0.5277585007	0.5284241633	0.5435630401	-0.133513001
	-0.1060466621	-0.133379057	-0.1675869579	0.5084466532	0.4841319067
	0.4867927919	0.509908958	-0.1669065362	-0.1987802873	-0.2393326928
	-0.2003989173	-0.3159717913	-0.2711684541	-0.2753769171	-0.2367724399
	0.432218922	0.4613849088	0.4578440678	0.4268781005	-0.3438580156
	-0.3105938652	-0.3884457843	-0.3514496029	-0.4177754925	-0.3796903877
	-0.4064953424	-0.4443986539	0.3939640877	0.3557929047	0.3650904917
	0.4005296107	-0.4707298244	-0.4461521394	-0.4611202267	-0.4320672634
	-0.4695382854	-0.4547649576	-0.4510005974	-0.4582446108	-0.4386734276
	-0.437188937	-0.4153459315	-0.40544954	0.3147892978	0.2677444557
	0.3257405802	0.2821777272	-0.3183412415	-0.3825769836	-0.3419946425
	-0.3664446586	-0.240364219	-0.2659510788	-0.2931381171	-0.2073934586
	0.1805438453	0.23318807	0.161387092	0.2172252697	0.04145362189
	0.1028040641	0.06372341175	0.1227127474	-0.1816292251	0.001291205716
	-0.08416270717	-0.05967202997	-0.02135150563	-0.1472218878	-0.122434229
	0.3018437161	0.3020026854	0.2599997142	-3.218284605e-32	-0.01708108718
	-7.196725447e-32	-0.03435669031	-0.03451394202	-0.05640900485	-0.01717847867
	0.3843675374	0.3833715879	0.3404338292	0.3409108585	0.461297728
	0.4593743518	0.4210201184	0.422339494	0.519834606	0.4901825176
	0.5174218877	0.4921994196	0.5503875116	0.5482212638	0.538193337
	0.5360506947	0.5543441135	0.5515415291	0.5502241414	0.5527202289
	-0.05650642158	-0.07833081131	-0.1059349198	-0.07841278464	0.542989116
	0.5285846609	0.5422954099	0.5284253136	0.5108672487	0.4884600111
	0.4896599324	0.5113054459	-0.1328235723	-0.1054905835	-0.1317219637
	-0.1655331833	0.4642201095	0.4359311681	0.4660516434	0.4389494469
	-0.2330610711	-0.1636930429	-0.1934639911	-0.1965990954	-0.2288663263
	-0.3036480502	-0.2663921824	-0.2602656686	0.3779292135	0.4100255674
	0.4061112371	0.3719981981	-0.3259730326	-0.2962823908	-0.3690157211
	-0.3357696027	-0.394715906	-0.3809163091	-0.4175324171	-0.3579314371
	0.3355496828	0.293727052	0.3042445904	0.3429199825	-0.4128469631
	-0.4305725384	-0.4024913706	-0.436532146	-0.4177150217	-0.4317858208
	-0.4172174133	-0.4107373477	-0.3697739213	-0.3930371913	-0.3953213249
	-0.3587923391	0.2482865924	0.2128855816	0.2606105353	0.1969769668
	-0.3176606863	-0.2936864566	-0.2684678495	-0.3350324865	-0.2444422811
	-0.1925553144	-0.2156358363	-0.1578056845	0.1030479599	0.1590807939
	0.1420609567	0.08344694456	0.04261393573	0.02300229075	-0.03777941099
	-0.07760638455	-0.1349484541	-0.01646533971	-0.09890266371	0.3827002483
	0.3402575297	0.3828774669	-4.045164033e-32	-0.01725696682	-8.98567039e-32
	-0.03457280241	-0.05644708331	-0.01728658213	-0.03453769265	0.4581229621
	0.4571877523	0.4195345604	0.4200252356	0.5156768901	0.5141640397
	0.4872837835	0.4884220544	0.5465297694	0.5325735023	0.5449403284
	0.5340278067	0.5490779791	0.5479032617	0.5510653217	0.549776773
	0.5414381569	0.5280968611	0.5276235461	0.5406725477	-0.05620916805
	-0.07735143157	-0.1046117272	-0.07799993188	0.5114543881	0.4903154071
	0.4907033502	0.5113944414	0.4674297898	0.4409313076	0.442469042
	0.4682458856	-0.1302442543	-0.1034350079	-0.1281376027	-0.1610566558
	0.4132351323	0.3821177317	0.385589416	0.4153734645	-0.1854309635
	-0.1580878444	-0.2235109264	-0.189926418	-0.2460604954	-0.2178750369
	-0.2874220621	-0.2537995775	0.3538642082	0.3192916728	0.3493083651
	0.3122542898	-0.3042212787	-0.2783316575	-0.3450559898	-0.3158828348
	-0.3667769969	-0.3319222998	-0.3508783925	-0.385508881	0.2720386241
	0.2261590988	0.238729096	0.2808809434	-0.3971761831	-0.3947059579
	-0.3681995781	-0.374944689	-0.3668906378	-0.3893178231	-0.3763228123
	-0.3724334203	-0.3114202681	-0.3494072613	-0.3230526807	-0.3464208635
	0.1759570259	0.1386458174	0.1206981653	0.1903863529	-0.2474385713
	-0.2217171618	-0.2700636567	-0.28795773	-0.1490535655	-0.1992593689
	-0.1139389776	-0.1700620479	0.0809423501	0.003145783813	0.02351032158
	0.06252841533	-0.09276067255	-0.05650951805	-0.03670582224	0.4565658465
	0.4567291384	0.4193545763	-5.003670897e-32	-0.01726893717	-1.100435759e-31
	-0.0343916646	-0.01719623688	-0.03410703551	-0.0557417942	0.5131939721
	0.5124778708	0.4860238692	0.486436918	0.5438077129	0.5428390142
	0.5305264351	0.5313235625	0.5469901046	0.5461379096	0.5477219205
	0.5485750513	0.5271710652	0.5266837332	0.5398793311	0.5392576527
	0.5112001987	0.4908454939	0.490857991	0.5109722546	-0.05511377764
	-0.07523988638	-0.1017574319	-0.07647915005	0.4688025526	0.4434149334
	0.4690868877	0.4441052137	0.4170575301	0.3879198363	0.3897820219
	0.4181210778	-0.1257612479	-0.09986690357	-0.122753811	-0.1543185873
	0.3576666537	0.3243556752	0.3602454196	0.328629468	-0.1503606768
	-0.1750763099	-0.2111460838	-0.1807013037	-0.2678722678	-0.2290730836
	-0.2042820434	-0.2381429222	0.2944816062	0.2887516191	0.2575766293
	0.2486250451	-0.2792228735	-0.2573011735	-0.3172400399	-0.2923932747
	-0.3347893312	-0.302433744	-0.3173935058	-0.3494380456	0.2043356033
	0.1698331691	0.1543399477	0.2155202899	-0.3549859244	-0.3341173482
	-0.3305373184	-0.3545078006	-0.332555156	-0.3262384443	-0.3443192716
	-0.3215245365	-0.2996292335	-0.2767068322	-0.3029122777	-0.2652027769
	0.04270545812	0.0630673845	0.1172113646	0.1000792466	-0.2421277929
	-0.2028857419	-0.224723757	-0.1779394547	-0.1275038268	-0.1557908493
	-0.0508786038	-0.1066717159	-0.01577083084	0.004348803738	-0.07256069889
	0.5120083786	0.4858742908	0.5121309533	-6.051779207e-32	-0.01705364925
	-1.314103727e-31	-0.03372223156	-0.01686173934	-0.03317674652	-0.0542201983
	0.542225691	0.5417780797	0.5296592971	0.5299417708	0.5455351486
	0.5450238312	0.5469978724	0.5465407807	0.5262937535	0.5259238155
	0.538265586	0.5386773343	0.4907937803	0.4906816669	0.5107038034
	0.5104772726	0.469241758	0.4444951652	0.4447536967	0.4692894506
	-0.07206953472	-0.09747232358	-0.07383918606	-0.05321131099	0.4189209139
	0.3909716231	0.3918865067	0.4193965132	0.3623192456	0.331544026
	0.3339128804	0.3636619069	-0.1195899649	-0.09495717144	-0.1158380024
	-0.1456522146	0.2641681379	0.2993566678	0.2698447254	0.3027131615
	-0.162789732	-0.1408582738	-0.1964264224	-0.1693347184	-0.2455598816
	-0.188522649	-0.2097919501	-0.219918283	0.2257910403	0.1942890852
	0.2334506508	0.1824851037	-0.2338012519	-0.2864823445	-0.2517764886
	-0.2659888969	-0.2999528889	-0.310831535	-0.2705329447	-0.2817916986
	0.08160656875	0.1005547551	0.1487550957	0.1344373623	-0.3131742452
	-0.3103683009	-0.2910800305	-0.2919910915	-0.2799352697	-0.2757752278
	-0.2985173425	-0.287951357	-0.2563550724	-0.219716277	-0.253259314
	-0.230371441	-0.006981724244	0.02598238303	-0.02984092963	0.04600554309
	-0.1799587034	-0.0620669908	-0.1341940092	-0.1575265446	-0.08410792705
	-0.1960955431	-0.1107074938	0.5415635114	0.5414882561	0.5295588255
	-7.119454473e-32	-0.01658839814	-1.52352032e-31	-0.03255865535	-0.01628007012
	-0.03177888956	-0.05193470886	0.5447025212	0.5444698132	0.5460507707
	0.546209806	0.5256594253	0.5254339351	0.5379177627	0.5376985419
	0.4905711252	0.5100950602	0.4904536851	0.5102565995	0.4448799761
	0.4449471368	0.4692836305	0.4692510553	0.4197337555	0.3924419764
	0.3928508614	0.4199190979	-0.09196961271	-0.07020596397	-0.05059251494
	-0.06799857395	0.3647033739	0.3354526738	0.3653482186	0.3366616701
	0.3054538142	0.2737773143	0.2770203478	0.3072525857	-0.08892842328
	-0.1076548268	-0.1353865035	-0.1120090577	0.2401116774	0.2110593618
	0.2032090614	0.2447693693	-0.1298900728	-0.1797767569	-0.1489266875
	-0.1561940311	-0.171047825	-0.1888100362	-0.2211843552	-0.199649528
	0.1318895282	0.172682645	0.1165501143	0.1623108625	-0.2086315273
	-0.2228863314	-0.2375915446	-0.2539554963	-0.2711321474	-0.2453216091
	-0.23742219	-0.2636419713	0.01433372916	0.03657863233	0.08444251098
	0.06671712293	-0.2706189035	-0.2510195501	-0.249464638	-0.2657759814
	-0.2429942235	-0.2332701992	-0.2524026677	-0.2295309414	-0.1729638266
	-0.2089515576	-0.2062015097	-0.1826230933	-0.08777375604	-0.03804448131
	-0.01551615858	-0.06278675007	-0.147935626	-0.1331390826	-0.1094289293
	0.5443203467	0.5443590012	0.545995347	-8.11679437e-32	-0.01588929387
	-1.709623247e-31	-0.03095654413	-0.01547902234	-0.0299829542	-0.04899882268
	0.5252917241	0.525188599	0.5374652256	0.5375410151	0.4903634731
	0.4902828164	0.509956265	0.5098672737	0.4449672024	0.4691608124
	0.4449655893	0.4692035341	0.3930850573	0.3932477846	0.4200391777
	0.4200969637	0.3658297964	0.3374134881	0.3379839023	0.3661141749
	-0.06574484947	-0.04737656077	-0.06318478969	-0.08546116441	0.30866887
	0.2791540017	0.2808494892	0.309559995	0.2486314047	0.2165926343
	0.2212238812	0.2511924832	-0.08197973604	-0.1238199114	-0.09844307185
	-0.1032673035	0.1437845347	0.1884705482	0.1544724345	0.1819097911
	-0.1177693077	-0.1339057281	-0.16170446	-0.1416543839	-0.1524311254
	-0.1956131136	-0.1668547393	-0.1780112544	0.1016423553	0.05579867701
	0.07460126665	0.1151213956	-0.1826730758	-0.2207455752	-0.1934731471
	-0.208226733	-0.2086747627	-0.2268852993	-0.2039932112	-0.2311371354
	-0.01482828451	-0.03938275093	0.008090464952	0.02863854748	-0.2107906838
	-0.2277803672	-0.2066357726	-0.2207364656	-0.2055144338	-0.1974631461
	-0.1853142632	-0.182313519	-0.05972332038	-0.1572619319	-0.08371958485
	-0.1600939159	-0.1237501265	-0.09771299437	-0.1329826454	0.5251223057
	0.5374392859	0.5251394436	-8.943972012e-32	-0.01499074282	-1.851999064e-31
	-0.02898848425	-0.01449493094	-0.02785946005	-0.04552698333	0.4902301713
	0.4901910615	0.5097715994	0.5098029685	0.4449540322	0.4449379
	0.4691196881	0.4690910165	0.3933339233	0.3933885505	0.4201379873
	0.420127861	0.3383229871	0.3385703716	0.366317146	0.3664302617
	0.3102378317	0.2819160787	0.2827354987	0.3106471197	-0.06060410345
	-0.04367094794	-0.05776968869	-0.07813780168	0.2532324594	0.2243057221
	0.2545261222	0.2267798145	0.1686662689	0.1977043777	0.194000303
	0.1621468857	-0.07431030416	-0.0884793562	-0.1113010688	-0.09361478678
	0.1031226411	0.08950121367	0.1362148494	0.1273602855	-0.1182328012
	-0.1048874659	-0.1428268979	-0.1261880869	-0.1332962103	-0.1445837663
	-0.1696346637	-0.1557412568	0.04888305663	0.06504479443	0.0278008721
	0.006607968582	-0.1640478442	-0.1874531074	-0.1565711579	-0.1786496523
	-0.1900806308	-0.1706046852	-0.1909970688	-0.1720343532	-0.04835755021
	-0.03460094903	-0.07355348217	-0.01264304149	-0.1635879395	-0.1846299445
	-0.1704792273	-0.1750901248	-0.1515716563	-0.1361301436	-0.157742825
	-0.1346098675	-0.107054736	-0.08318305929	-0.110765498	0.4901720614
	0.4901653619	0.5097609604	-9.499325348e-32	-0.01392755911	-1.93067195e-31
	-0.02672080182	-0.01336099844	-0.0254709884	-0.04162156637	0.4449247051
	0.4449135146	0.4690581032	0.4690692529	0.393413824	0.3934270754
	0.4201394144	0.420136739	0.338709889	0.3388064426	0.3665448652
	0.3665060526	0.2832291986	0.2835952108	0.3109469568	0.3111197622
	0.2555199688	0.2283489099	0.2295628242	0.256124873	-0.05493143702
	-0.03958229981	-0.05191586515	-0.07021987838	0.1766201496	0.2025932731
	0.2006894178	0.1730580177	0.1489326488	0.1437972254	0.1130791918
	0.1216512197	-0.06616657397	-0.09824930438	-0.07809504691	-0.08336218034
	0.0448382505	0.06060659244	0.09090020675	0.0799456238	-0.1023619064
	-0.09166670616	-0.1236993334	-0.1103062703	-0.1140970219	-0.1223638979
	-0.1436863232	-0.1333778561	-0.004577675895	0.009117228632	0.02668012052
	-0.02636951189	-0.1491759065	-0.134800138	-0.1542693058	-0.1306028241
	-0.1357084244	-0.1533914265	-0.1374539805	-0.1509347198	-0.06363380259
	-0.08756958657	-0.05841357147	-0.03685404325	-0.1416111173	-0.1295714045
	-0.1211963499	-0.1306375253	-0.1103181196	-0.1066419998	-0.088275156
	0.4690542615	0.4449075596	0.4449053463	-9.691715301e-32	-0.01273140537
	-1.929806599e-31	-0.02421879308	-0.01210990047	-0.02288931951	-0.03740028876
	0.3934313932	0.3934323616	0.4201303882	0.4201330043	0.3388570575
	0.3388892248	0.3665682593	0.3665784971	0.2838053636	0.3113055845
	0.2839541645	0.3112403407	0.2302991807	0.2308482498	0.2565725709
	0.256833092	0.2040683735	0.1788963388	0.180669502	0.204968109
	-0.04890903153	-0.03524191028	-0.04581711514	-0.06197066069	0.13229244
	0.1531201398	0.1275013563	0.1558067722	0.08247567299	0.1069191022
	0.1004057684	0.07229910341	-0.08503963925	-0.06758634625	-0.05781295857
	-0.07284348801	0.04302234951	0.01306194455	0.02950373847	0.05518773168
	-0.104631631	-0.07841365612	-0.08654792528	-0.09438044839	-0.1179459138
	-0.09503756249	-0.1003572074	-0.1111584437	-0.02233957408	-0.01550385761
	0.001800440249	-0.04286993298	-0.1200166526	-0.1060722673	-0.1049748075
	-0.1215333587	-0.1174191878	-0.1051368323	-0.1118636499	-0.1005870504
	-0.06481746911	-0.09252136542	-0.08107757293	-0.04609771078	-0.06565145604
	-0.1000486687	-0.08594992028	0.4201293496	0.3934319874	0.3934316708
	-9.464124087e-32	-0.01143855161	-1.843155985e-31	-0.01078182977	-0.02156283219
	-0.02019981947	-0.03300336228	0.3389040791	0.3389119842	0.3665847423
	0.3665833881	0.2840342861	0.2840870426	0.3113477519	0.3113682148
	0.25711802	0.2313914872	0.2570171331	0.2311654898	0.2060282
	0.1817500784	0.1825583848	0.2056380817	0.1591895703	0.1579060874
	0.135380221	0.1378017728	-0.04273200503	-0.03079025378	-0.0396463692
	-0.0536249262	0.09530970895	0.1122861919	0.08950484599	0.1157547843
	0.06584301428	0.04181261824	0.07322315651	0.05261008285	-0.04944144709
	-0.05712050267	-0.06230123883	-0.0718827248	0.01796775481	-0.005696848747
	0.03009993169	0.009860752394	-0.06527026345	-0.07091445517	-0.08576743302
	-0.07858056352	-0.08927532025	-0.09273819782	-0.07885835076	-0.0762911405
	-0.02868997559	-0.02680688116	-0.04661418	-0.01117151105	-0.08019803085
	-0.07861165127	-0.09173235336	-0.09007740856	-0.07467749098	-0.08330810565
	-0.07523262145	-0.05771780897	-0.06792913737	-0.06178607439	-0.04522309408
	0.3665849685	0.338915297	0.3389146222	-8.818967946e-32	-0.01009222836
	-1.677676385e-31	-0.01883883162	-0.00941973778	-0.01747861469	-0.02855562356
	0.2841125177	0.2841269286	0.3113835631	0.3113794844	0.2572171344
	0.2571843232	0.231513969	0.2315952171	0.1830267937	0.1833605733
	0.2064566308	0.206304999	0.1607096892	0.1403987463	0.1392847107
	0.1601509131	0.118486834	0.09908502609	0.1020636525	0.1201630415
	-0.03654204086	-0.0263293436	-0.03350162479	-0.04531516413	0.06639789837
	0.07935407989	0.06013833696	0.08334837542	0.04078562286	0.02156791399
	0.03188841269	0.0482506058	-0.05888318736	-0.05184888994	-0.04678250964
	-0.0411424458	0.003447600558	-0.01417934781	0.01446372269	-0.0006119313763
	-0.05236401068	-0.05568414181	-0.06305622236	-0.06736790274	-0.05843697827
	-0.06872633111	-0.06817717236	-0.05824804574	-0.01579266412	-0.02895350619
	-0.02801313275	-0.04271935843	-0.05334728969	-0.05704580497	-0.06521309984
	-0.06099607567	-0.05239135839	-0.04721196742	-0.03912222162	0.2841321652
	0.3113846139	0.2841336483	-7.823301028e-32	-0.008730811473	-1.451671803e-31
	-0.01610918537	-0.008054819258	-0.01476891665	-0.02412765874	0.2572356634
	0.2316347657	0.2316573663	0.2572426029	0.2066059129	0.1835417091
	0.183661619	0.2065565695	0.1611073894	0.141045814	0.1415073817
	0.1613240515	0.1038993585	0.1052842282	0.1214258636	0.1221601611
	0.08846957208	0.0865156487	0.07050248173	0.07375877215	-0.02190762378
	-0.03710943634	-0.02743375102	-0.03040621941	0.0544869075	0.03913008816
	0.04518356975	0.05858174956	0.02419381091	0.009619359283	0.01866287814
	0.03103250592	-0.03672381219	-0.04158978726	-0.03299891733	-0.04622891837
	-0.003498195616	-0.01613526703	0.005780429747	-0.005042381929	-0.04813442053
	-0.04992169927	-0.04126245548	-0.03996841385	-0.04146366008	-0.0397591577
	-0.04670621587	-0.04851730097	-0.01566056151	-0.02397889935	-0.02613702777
	-0.04140800264	-0.03125282637	-0.03632564826	-0.03546034962	0.2316680581
	0.2572444655	0.231665673	-6.586924925e-32	-0.007375934475	-1.18926755e-31
	-0.01340359252	-0.006701934489	-0.01209333288	-0.01975627432	0.1837199142
	0.1837530548	0.2066442082	0.2066338036	0.1615366058	0.1417579399
	0.1419232818	0.1614667993	0.1060917844	0.1066693889	0.1226847567
	0.12296965	0.09081319869	0.07577963479	0.08994974043	0.07731111627
	0.06184612039	0.04917959093	0.05236658986	0.06387390998	-0.01756984665
	-0.02153270978	-0.02912865538	-0.02438637466	0.03676719224	0.02503431658
	0.03038228735	0.0405589263	0.01398595992	0.003326815279	0.01073355073
	0.01977638566	-0.03174228411	-0.02721244046	-0.02518455105	-0.0342565535
	-0.005888014252	-0.0147286586	0.001488038161	-0.006103534198	-0.03399181876
	-0.02811204382	-0.03427228041	-0.02846208701	-0.02750417304	-0.02650680056
	-0.02351340956	-0.01890973409	-0.03096833983	-0.01337106393	-0.02134437115
	0.1837651734	0.1837686192	0.2066469909	-5.23536195e-32	-0.006038964242
	-9.16249042e-32	-0.005374825734	-0.01074950099	-0.009491699262	-0.01550638265
	0.1420034978	0.1420487165	0.1615902416	0.1615758459	0.1232487055
	0.1069835073	0.1071909921	0.1231575883	0.07820953408	0.078854742
	0.0914328777	0.09176975706	0.05435818642	0.05587580946	0.06541816458
	0.0663247466	0.04359544741	0.03393186764	0.03677789401	0.04549631907
	-0.02158500361	-0.01340867033	-0.01595575735	-0.01861103367	0.0246457509
	0.0159659774	0.02037247357	0.02788484825	0.008014689457	0.0004021335447
	0.00616289307	0.01263296092	-0.01855213456	-0.02260655691	-0.02334837807
	-0.01793729968	-0.0003417851143	-0.01200117399	-0.00556941324	-0.005944509631
	-0.02016058574	-0.01823274397	-0.01671230218	-0.02193729069	-0.01625552648
	-0.01399062844	-0.01042857765	0.1420697413	0.1420651479	0.1615940284
	-3.896237612e-32	-6.577670947e-32	-0.004739797636	-0.008203584441	-0.004101836389
	-0.007033346912	-0.01149076594	0.1072916292	0.107348246	0.1233181859
	0.1232997707	0.09210080165	0.07920753464	0.07944153617	0.09199281602
	0.05677286749	0.05742120973	0.06697911597	0.06733712748	0.04781454675
	0.03856882403	0.04695216307	0.03994289858	0.03049046368	0.02331128778
	0.02568048856	0.0321349475	-0.01088106249	-0.009550702563	-0.0147187308
	-0.01325595567	0.0165264571	0.01024096064	0.01913027829	0.01368518832
	0.003574941761	-0.0007203512744	0.00813409754	0.00461763714	-0.01449090916
	-0.01105964329	-0.01390207719	-0.01150224266	-0.009697904227	-0.0009209164991
	-0.004437442014	-0.005007918776	-0.01163302345	-0.009040263304	-0.007562782119
	0.1073744571	0.1233229764	0.1073687627	-2.686050442e-32	-4.344234313e-32
	-0.003512631261	-0.005843296881	-0.004796915811	-0.007837188393	-0.002921694136
	0.07955565727	0.07962018605	0.09218326425	0.09216150132	0.05777895287
	0.05801823731	0.06757586841	0.06769228734	0.04076252172	0.04878885818
	0.04136038479	0.04844178514	0.02834377899	0.03340288157	0.02718222034
	0.03416222524	0.02123491894	0.01599266751	0.0178631428	0.02257428108
	-0.0087814838	-0.006127051919	-0.006495403057	-0.008502765882	0.01310309648
	0.009200279575	0.01110606785	0.006621021495	0.005268557437	0.002104706032
	0.002698195755	-0.0009686892718	-0.006329437925	-0.003200516042	-0.0009290544639
	-0.007727087933	-0.00377978288	-0.00614298063	-0.005060278468	0.07965029745
	0.07964372365	0.09218896429	-1.686823286e-32	-0.002396185134	-2.580571911e-32
	-0.003749024902	-0.002865083896	-0.004680215834	-0.001874622052	0.05813637766
	0.05820402332	0.06778235128	0.06775841688	0.04169442066	0.04192081893
	0.04902291533	0.04913886069	0.0290439652	0.02956075259	0.03472005425
	0.03503343164	0.02361499808	0.01905764241	0.02424584084	0.01998970831
	0.01576593599	0.0109356336	0.01472532056	0.01234967213	-0.00327858938
	-0.004030711654	-0.002988665955	-0.004546678207	0.0061402099	0.004287706016
	0.007446057864	0.008915334315	0.001596217945	-0.002070134375	-0.0007172365639
	-0.0008431565755	0.00339212783	-0.002583159177	0.001245808095	0.05822917108
	0.06778876746	0.05823631031	-9.339340836e-33	-0.001431560478	-1.3157798e-32
	-0.002007099921	-0.002156604655	-0.001003814797	-0.001321457534	0.04923081399
	0.04203466026	0.04210116581	0.0492059388	0.02985391859	0.03005604968
	0.03524800111	0.03535665004	0.02098289989	0.02471480968	0.02498286549
	0.02055795347	0.01397502408	0.01325922281	0.01658117974	0.01708134681
	0.01088923208	0.01011450447	0.00739134566	0.008415427501	-0.0004525283144
	-0.001115993954	-0.0005931115488	-0.001542018037	0.002731586333	0.003994492542
	0.00491660269	0.005948811603	0.002113075724	0.0009360497873	0.0007156613948
	0.04213401471	0.04923773885	0.0421266072	-4.236139381e-33	-0.0006606049648
	-5.094064099e-33	-0.0006849871789	-0.0003429606532	-0.00020562293	-0.0003318050138
	0.03015997886	0.03022223385	0.03544574032	0.03542104169	0.02516969079
	0.02526666632	0.02122797571	0.0214001676	0.01475047883	0.01767682696
	0.01441625729	0.0174578468	0.01150087634	0.009078379065	0.01188023077
	0.009603985356	0.00555294406	0.007344305606	0.004850143469	0.006794631115
	0.000512817876	0.002440449237	0.00120068099	0.003792920368	0.003113616362
	0.001647587257	0.0003627733396	0.03025422522	0.03545291684	0.03024684567
	-1.207413643e-33	-0.0001032030167	-6.587807602e-34	0.0002189934321	0.0001088678845
	0.0005218275166	0.0008578884638	0.02532566786	0.02534913521	0.02149079555
	0.02154651765	0.01494631677	0.01508642099	0.01783222128	0.01791486342
	0.00993112426	0.01216910546	0.01018167276	0.01233976295	0.007781072659
	0.006010304249	0.008054384233	0.006374985429	0.00127914928	0.004715617292
	0.004351163249	0.003422284857	0.002183858475	0.002978985242	0.001785773628
	0.02156925876	0.02535622564	0.02157627191	3.13664474e-34	0.0002602692574
	1.354921786e-33	0.000779338325	0.0003889675885	0.0009548816851	0.001565866932
	0.01798759335	0.01516177295	0.01520921412	0.01796639742	0.01033050193
	0.01043861485	0.01246282692	0.01252968021	0.006603722404	0.006780386259
	0.008264477401	0.008390167384	0.002726125725	0.003711937807	0.003943760676
	0.005189858046	0.001802048268	0.005006561631	0.002511482396	0.01799419719
	0.01523539663	0.01522911255	9.144023077e-34	0.0004767226025	2.00849256e-33
	0.001099317398	0.0005489651249	0.001194241804	0.001956851918	0.01259023763
	0.01049782123	0.0105358273	0.01257223453	0.008481964859	0.006886449308
	0.008532685016	0.006964385304	0.004090005105	0.005331707046	0.005417365851
	0.00208094345	0.003006689189	0.002897914609	0.004203584027	0.01055211927
	0.01259596934	0.01055736071	1.041040949e-33	2.017248357e-33	0.0005964287027
	0.001270205241	0.0006344633243	0.001318521541	0.002159562173	0.008579661339
	0.007007658658	0.007035839578	0.008565475544	0.00427229722	0.005515792985
	0.004323167329	0.005480482596	0.003091185936	0.003142555683	0.002220778713
	0.007052123753	0.007048119486	0.008584239523	9.633784652e-34	1.776899507e-33
	0.0006586344312	0.001356055068	0.001379011626	0.002258016531	0.0006774553014
	0.004351688118	0.005549009011	0.005538859566	0.002285683325	0.004370435864
	0.003180591711	0.003202058809	0.005552305935	0.004381419578	0.004378701516
	8.188163898e-34	1.475061658e-33	0.0006889476656	0.00322243799	0.0007074253935
	0.001414876992	0.002317700082	0.001396006803	0.000697487992	0.002301298768
	0.001405676299	0.002316190179	0.001415788467	0.003216155732	0.002311607626
	0.003224475965	2.35652121e-34	0.0007069574101	9.426095644e-34	6.679231584e-34
	0.0007055279903	0.0007023307861	0.001412015128	5.333019575e-34	1.188547006e-33
	
