2048	
	4.71920347e-06	4.719203267e-06	6.160193789e-06	6.16013486e-06	8.441095092e-06
	8.440523048e-06	1.200978897e-05	1.200670479e-05	1.75114604e-05	1.749938502e-05
	2.583681849e-05	2.579822312e-05	3.814785639e-05	3.80425843e-05	5.584494601e-05
	5.559683178e-05	8.041061826e-05	7.990923278e-05	0.000113056169	0.0001121758397
	0.0001541497873	0.000152788376	0.0002024016372	0.000200532301	0.0002541322712
	0.0002517816664	0.0003031387565	0.0003003318562	0.0003414480759	0.0003382469173
	0.0003620999927	0.0003583591616	0.0003611041403	0.0003568490487	0.0003389806561
	0.0003344325035	0.0003003910556	0.0002960248761	0.0002520655984	0.0002485325433
	0.0002013626926	0.0001988310795	0.0001539866446	0.0001524327974	0.0001133267851
	0.0001125093012	8.075195885e-05	8.037857701e-05	5.609982871e-05	5.594929774e-05
	3.829366482e-05	3.823935252e-05	2.590550366e-05	2.58878602e-05	1.75391038e-05
	1.75339776e-05	1.201937652e-05	1.201808302e-05	8.44388374e-06	8.443622895e-06
	6.160797286e-06	6.160775752e-06	4.719274949e-06	4.719275064e-06	6.16013286e-06
	6.160191656e-06	7.599091451e-06	7.59908692e-06	9.873718994e-06	9.873635027e-06
	1.342405786e-05	1.342319051e-05	1.887641704e-05	1.887043747e-05	2.70817608e-05
	2.705506463e-05	3.91321389e-05	3.904187338e-05	5.633289819e-05	5.608574939e-05
	8.008685831e-05	7.952643647e-05	0.0001116055631	0.0001105352524	0.0001513441273
	0.0001495981997	0.0001981007552	0.0001956471932	0.0002481526032	0.0002450990067
	0.0002951354292	0.0002916345735	0.0003310905078	0.0003272804512	0.000349275868
	0.0003450777247	0.0003463702242	0.0003417601704	0.0003237854649	0.000318856881
	0.0002867158908	0.0002818392485	0.0002416722022	0.0002374156474	0.000194913053
	0.000191635442	0.0001509147742	0.000148760135	0.0001125319018	0.0001113250725
	8.121932479e-05	8.063548665e-05	5.71624501e-05	5.691319262e-05	3.960187265e-05
	3.950582199e-05	2.730426334e-05	2.727020026e-05	1.89681156e-05	1.89568344e-05
	1.345760143e-05	1.345408677e-05	9.884665044e-06	9.883646376e-06	7.602226758e-06
	7.601974247e-06	6.160797488e-06	6.160775708e-06	8.440492258e-06	8.441056438e-06
	9.873569177e-06	9.873591261e-06	1.213589564e-05	1.213577216e-05	1.565826749e-05
	1.565919016e-05	2.104538787e-05	2.104727744e-05	2.910400998e-05	2.909762669e-05
	4.084937724e-05	4.079690568e-05	5.748194755e-05	5.728433162e-05	8.031084495e-05
	7.977999064e-05	0.0001105291196	0.0001094077153	0.0001486621678	0.0001467231541
	0.0001935929915	0.0001907893902	0.0002415738605	0.0002380864741	0.0002861182221
	0.0002822343737	0.0003193479461	0.0003153003764	0.000334840592	0.0003306285824
	0.0003300435144	0.0003255771691	0.0003072568761	0.0003024695264	0.0002720722283
	0.000267174978	0.0002307161841	0.0002261383852	0.0001882335077	0.0001844814277
	0.0001479340968	0.0001453161611	0.000112113283	0.0001105627867	8.227218862e-05
	8.148085328e-05	5.893804993e-05	5.858082695e-05	4.16907379e-05	4.154370359e-05
	2.951672325e-05	2.945982665e-05	2.1226317e-05	2.120501708e-05	1.573217042e-05
	1.572427942e-05	1.216505422e-05	1.216214731e-05	9.884666315e-06	9.883651634e-06
	8.44388345e-06	8.443623175e-06	1.200636464e-05	1.200942333e-05	1.342238204e-05
	1.342291843e-05	1.565823605e-05	1.565634466e-05	1.913459183e-05	1.913331345e-05
	2.443322208e-05	2.443839746e-05	3.23148497e-05	3.232800582e-05	4.371618835e-05
	4.371135249e-05	5.973030395e-05	5.961107839e-05	8.156359421e-05	8.11199956e-05
	0.0001103671966	0.0001092884021	0.0001467060395	0.0001447030173	0.0001895291639
	0.0001865286955	0.0002350875582	0.0002313246981	0.0002768486973	0.0002727299166
	0.000307099791	0.0003029589503	0.0003198588331	0.0003157668602	0.0003133839402
	0.0003091855439	0.0002907520366	0.0002862362234	0.0002578028339	0.0002529910544
	0.0002203143136	0.0002155571378	0.0001821677165	0.0001780556951	0.0001456530014
	0.0001426291564	0.0001125367308	0.0001106486868	8.431983793e-05	8.33016202e-05
	6.182894971e-05	6.133992485e-05	4.497368115e-05	4.475643197e-05	3.29694743e-05
	3.287656369e-05	2.475038939e-05	2.471070167e-05	1.928633219e-05	1.92689554e-05
	1.573223997e-05	1.572442125e-05	1.345762848e-05	1.345415945e-05	1.20193791e-05
	1.201809967e-05	1.749689382e-05	1.750904662e-05	1.886475038e-05	1.886925719e-05
	2.103894365e-05	2.103313598e-05	2.443107685e-05	2.44180895e-05	2.960200907e-05
	2.959401376e-05	3.726762078e-05	3.728385034e-05	4.828548533e-05	4.832518578e-05
	6.363931981e-05	6.362320189e-05	8.442389314e-05	8.413214989e-05	0.00011172257
	0.0001107987976	0.0001461019106	0.0001441943206	0.0001865501603	0.0001835491186
	0.0002293444216	0.0002255157117	0.000268007299	0.0002638515826	0.0002950985775
	0.0002910461717	0.0003052025946	0.0003013789684	0.00029738015	0.0002935729282
	0.0002753173989	0.0002711801339	0.0002449399329	0.000240325754	0.0002113630844
	0.0002065744709	0.000177459183	0.0001731174445	0.0001446809479	0.0001413244283
	0.0001143342167	0.0001121202185	8.787759566e-05	8.660638317e-05	6.637099978e-05
	6.571279801e-05	5.001822882e-05	4.969696489e-05	3.825846147e-05	3.810379618e-05
	3.015727701e-05	3.008107812e-05	2.475129589e-05	2.47121626e-05	2.122695499e-05
	2.120616369e-05	1.896839602e-05	1.895743523e-05	1.753916286e-05	1.753417337e-05
	2.578431946e-05	2.582439596e-05	2.702427201e-05	2.704585471e-05	2.905198331e-05
	2.904392932e-05	3.22759616e-05	3.223653131e-05	3.724677781e-05	3.71894344e-05
	4.464811924e-05	4.461437743e-05	5.525895139e-05	5.529947608e-05	6.993739964e-05
	7.002490202e-05	8.964376084e-05	8.956864076e-05	0.0001153656399	0.0001147287507
	0.0001476367862	0.0001460172135	0.0001854621216	0.0001827018629	0.0002251789007
	0.0002215502237	0.0002604780503	0.0002565457516	0.0002843215701	0.000280594171
	0.0002919660662	0.0002886017629	0.0002832192634	0.0002799506808	0.000262198068
	0.0002585532288	0.0002346357393	0.0002303648695	0.0002048814538	0.0002002310108
	0.0001749800174	0.0001705600781	0.0001457574214	0.0001421576054	0.0001181639947
	0.0001156378824	9.358873363e-05	9.20241249e-05	7.324049976e-05	7.235066008e-05
	5.755217888e-05	5.706506391e-05	4.61612058e-05	4.58932362e-05	3.826476546e-05
	3.81124476e-05	3.297541618e-05	3.288541048e-05	2.952066323e-05	2.946625442e-05
	2.73062358e-05	2.727388742e-05	2.590602845e-05	2.588926399e-05	3.798001354e-05
	3.809554175e-05	3.890556562e-05	3.8982799e-05	4.059632247e-05	4.060405346e-05
	4.347344036e-05	4.339594264e-05	4.810123263e-05	4.794000403e-05	5.516945966e-05
	5.49764453e-05	6.540134084e-05	6.530476717e-05	7.948068429e-05	7.958804395e-05
	9.81460962e-05	9.831966971e-05	0.0001222421691	0.0001220349939	0.000152261797
	0.000151154358	0.0001872359247	0.0001849990007	0.0002236108161	0.000220500428
	0.0002553631503	0.0002519764548	0.0002759970921	0.0002728904786	0.000281507526
	0.0002788473533	0.0002723526114	0.0002698117612	0.0002528273669	0.0002498485478
	0.0002281913103	0.0002244574147	0.0002020186646	0.0001977126729	0.0001757137514
	0.0001713950514	0.0001497094694	0.0001459714183	0.0001247475262	0.0001219186408
	0.0001021482313	0.0001002218874	8.317486951e-05	8.19457458e-05	6.839123408e-05
	6.762439653e-05	5.757832735e-05	5.709497744e-05	5.005032432e-05	4.973778808e-05
	4.500121913e-05	4.479448815e-05	4.170993731e-05	4.157252018e-05	3.961237883e-05
	3.952358613e-05	3.829679122e-05	3.824668505e-05	5.53636736e-05	5.566113063e-05
	5.558244257e-05	5.581026241e-05	5.654858542e-05	5.663441329e-05	5.872817972e-05
	5.862871166e-05	6.273885284e-05	6.242344579e-05	6.934132785e-05	6.883747116e-05
	7.928852265e-05	7.87800391e-05	9.305880727e-05	9.289870546e-05	0.0001109282664
	0.0001112483096	0.0001334315904	0.0001337700449	0.0001610637267	0.000160717863
	0.0001929802098	0.0001915893211	0.0002258254028	0.0002236026241	0.0002539824795
	0.0002515264446	0.0002716202945	0.0002694978895	0.0002754820964	0.0002738411726
	0.0002665028788	0.0002649630959	0.0002488444408	0.0002467980916	0.0002270828275
	0.0002241655118	0.0002040421514	0.0002003607556	0.0001806842973	0.0001767020365
	0.0001573176335	0.0001535754821	0.0001346858394	0.0001315573003	0.0001140899837
	0.0001116908749	9.675111086e-05	9.500430022e-05	8.322555742e-05	8.19794685e-05
	7.334003831e-05	7.245088593e-05	6.648519695e-05	6.584582547e-05	6.193063124e-05
	6.146953425e-05	5.901303302e-05	5.868440353e-05	5.720598255e-05	5.698046144e-05
	5.611363539e-05	5.597839604e-05	7.91834327e-05	7.987295001e-05	7.796491217e-05
	7.854142387e-05	7.750943073e-05	7.782560905e-05	7.838027259e-05	7.834897764e-05
	8.129873569e-05	8.0834631e-05	8.716676577e-05	8.622708975e-05	9.690549938e-05
	9.563698885e-05	0.0001109286048	0.0001099156209	0.0001287361924	0.0001287428655
	0.000149987978	0.0001508298074	0.0001751855101	0.0001758421006	0.0002038971485
	0.0002037141019	0.0002331610116	0.0002322506088	0.0002578940794	0.000256824185
	0.0002729999963	0.0002723115412	0.0002758913059	0.0002756923136	0.0002677164585
	0.0002675845398	0.0002521861486	0.0002514891785	0.0002330183892	0.0002313567237
	0.0002123157255	0.0002096959259	0.0001908149996	0.0001875370568	0.0001690578037
	0.0001655291433	0.0001481252941	0.0001447234243	0.0001294171717	0.0001264028486
	0.0001140030281	0.0001114833528	0.000102233721	0.0001001992242	9.383055915e-05
	9.221778431e-05	8.81845065e-05	8.692109156e-05	8.461187062e-05	8.363639591e-05
	8.249930602e-05	8.176464163e-05	8.13572247e-05	8.082816859e-05	8.079741764e-05
	8.046451739e-05	0.0001102879783	0.0001117297437	0.0001064514483	0.0001077256743
	0.0001034945412	0.0001043318465	0.0001021404512	0.0001023965505	0.0001032548476
	0.000102773567	0.000107922246	0.0001065543094	0.0001173427686	0.0001150866211
	0.0001321980505	0.0001296282361	0.0001513429837	0.0001499970176	0.0001725154553
	0.0001733331865	0.0001956400951	0.0001973961693	0.0002212139575	0.0002226078756
	0.0002471128927	0.0002479886497	0.0002689493795	0.0002697948743	0.0002823470977
	0.0002836498995	0.0002851912439	0.0002870071193	0.0002785108689	0.0002803875954
	0.000265243545	0.0002665517941	0.0002480509195	0.0002483725256	0.000228290639
	0.0002274940293	0.0002067494814	0.00020484812	0.0001848017165	0.0001819292399
	0.0001644236223	0.0001609128515	0.0001472569112	0.0001435487996	0.0001340274274
	0.0001304717975	0.0001246244528	0.0001214166708	0.0001184822586	0.000115698449
	0.0001148815911	0.00011253432	0.0001131211388	0.0001111970765	0.000112599832
	0.0001110767488	0.0001128412328	0.0001116949301	0.0001134305296	0.0001126778112
	0.0001486050444	0.0001513234256	0.0001405362863	0.0001430207922	0.0001336779732
	0.0001354817038	0.0001289570471	0.0001298757141	0.0001273803395	0.0001271876808
	0.0001301933953	0.0001286252856	0.0001388867197	0.000135730637	0.0001546897511
	0.0001502168483	0.0001766748232	0.000172670816	0.000200294615	0.0001996323137
	0.0002228936285	0.0002253302003	0.0002460288913	0.0002492348671	0.0002693004087
	0.0002724206577	0.0002893234219	0.0002926479381	0.0003023426152	0.0003062832213
	0.0003064100005	0.0003109700346	0.0003020577732	0.0003067768071	0.0002910985111
	0.0002954011352	0.0002748056563	0.000278315123	0.0002536070295	0.0002559968644
	0.0002288179719	0.0002295426954	0.0002038125153	0.000202484259	0.0001822388715
	0.0001791237544	0.0001659221245	0.0001617028132	0.000154911486	0.0001502322944
	0.0001483999805	0.000143708601	0.0001453789935	0.000140949476	0.0001448986514
	0.0001408936795	0.0001461424965	0.000142660495	0.0001484429695	0.0001455429235
	0.0001512718465	0.0001489873317	0.0001541004505	0.0001525349213	0.0001925807434
	0.0001971953868	0.0001785049432	0.0001828105643	0.0001663040083	0.0001696224653
	0.0001570947719	0.0001591714617	0.0001519545061	0.0001525136008	0.0001521966419
	0.0001508846108	0.0001595060566	0.0001559106651	0.0001756970692	0.0001696527021
	0.0002009703228	0.0001937295204	0.0002302005927	0.000225890371	0.0002560250383
	0.0002575641777	0.0002789020104	0.0002836378779	0.0003012140692	0.0003068237403
	0.0003213054627	0.0003275431877	0.0003359712919	0.0003431301813	0.0003430684555
	0.0003511210143	0.0003422385359	0.0003507597535	0.0003337487317	0.00034233659
	0.0003168016959	0.000325318833	0.0002903123356	0.0002981247526	0.0002572551554
	0.0002626053173	0.0002252367453	0.0002268697811	0.0002001777494	0.0001984164079
	0.0001835291585	0.0001794192402	0.0001742575163	0.0001687736927	0.0001707199626
	0.0001645720267	0.0001713966015	0.0001650785634	0.0001750332043	0.0001689023929
	0.0001806105051	0.0001749415111	0.0001872970933	0.0001823073634	0.000194407853
	0.0001902717179	0.0002011383362	0.0001981656431	0.0002388082534	0.0002458404025
	0.0002173789256	0.0002240510131	0.0001988361229	0.0002041939306	0.0001844025676
	0.0001881525267	0.0001751096104	0.0001769539941	0.0001722111337	0.0001717515192
	0.0001774348037	0.0001741244081	0.0001930138392	0.0001862996683	0.0002205574022
	0.0002107806447	0.0002568895199	0.0002476222361	0.0002914916705	0.0002891485929
	0.0003189077483	0.0003236650553	0.0003434183832	0.00035112966	0.0003664602176
	0.0003755515148	0.0003856652738	0.0003961460081	0.0003983790419	0.0004102325435
	0.0004029837893	0.0004158830767	0.0003977149899	0.0004116686359	0.000378234099
	0.000393921164	0.0003404165845	0.0003565994756	0.000292018194	0.0003043218004
	0.0002484530086	0.0002546435934	0.0002173843274	0.0002182102409	0.0001987771103
	0.0001957898159	0.0001901340967	0.0001846525331	0.0001889345904	0.0001819004432
	0.0001931803877	0.0001852696783	0.0002013388199	0.0001930810515	0.0002121855912
	0.0002040389011	0.0002246860451	0.0002170701684	0.0002379133832	0.0002312244322
	0.0002505872845	0.0002455043774	0.0002821298174	0.0002917215288	0.0002532149433
	0.0002624994658	0.0002283122245	0.0002360313604	0.000208657451	0.0002144724386
	0.0001951482917	0.0001987514368	0.0001888866824	0.0001898707599	0.0001915120794
	0.0001892717658	0.0002054454744	0.0001991789401	0.0002334272921	0.000222647179
	0.0002753961536	0.0002619767956	0.0003226529341	0.0003135856533	0.0003621104276
	0.0003634939732	0.0003940751742	0.0004023091888	0.0004239155579	0.000434907308
	0.000451275499	0.0004641673798	0.0004729322118	0.0004877235215	0.000485719341
	0.0005021902233	0.0004855219968	0.0005043768094	0.0004612543959	0.0004855019645
	0.0004027436129	0.0004293691536	0.0003312483229	0.0003516187633	0.000272603478
	0.0002843510647	0.0002334731536	0.0002379531821	0.0002112297853	0.0002104513549
	0.0002017351748	0.0001973272133	0.0002016164983	0.0001947075415	0.0002084759493
	0.0001998557365	0.0002206040741	0.0002108917678	0.0002366775441	0.0002264369792
	0.000255545096	0.0002453472438	0.0002760743673	0.0002665348807	0.0002964017745
	0.0002886802023	0.0003164759496	0.0003281653634	0.0002817290523	0.0002933572572
	0.0002517710948	0.0002617921153	0.0002278365744	0.0002358338821	0.0002107019064
	0.000216338505	0.0002013153116	0.0002041814982	0.0002011722887	0.0002006550443
	0.0002126912352	0.0002078775765	0.0002392629622	0.0002291194516	0.0002835575996
	0.0002682370001	0.0003421495507	0.000326229113	0.0004004748342	0.0003939116427
	0.0004475876216	0.0004531214845	0.0004887407579	0.0004999842886	0.0005277383925
	0.0005413426876	0.0005615207715	0.0005772277099	0.0005850501194	0.0006026005004
	0.0005920028373	0.0006124617814	0.0005566758669	0.0005873175725	0.0004653568005
	0.0004977304265	0.0003692209949	0.000395212309	0.0002957776375	0.0003127097394
	0.0002479370748	0.0002565273248	0.0002208823732	0.0002230740894	0.0002091655297
	0.0002067617885	0.0002086749033	0.0002029463205	0.0002166765575	0.0002084777934
	0.0002313702848	0.0002213323757	0.0002514611006	0.0002401455317	0.0002758430434
	0.0002638464011	0.0003033469152	0.0002913865842	0.0003316336886	0.0003212941369
	0.0003363070785	0.0003489865775	0.000299079204	0.0003121858032	0.0002666290343
	0.0002784084968	0.0002402567178	0.000250170681	0.0002207304762	0.0002283689445
	0.0002089346853	0.0002138607602	0.0002062487016	0.0002078550816	0.0002149795283
	0.0002123361921	0.000238719068	0.0002305309044	0.0002818161892	0.0002670159512
	0.0003460053863	0.00032606158	0.0004233086276	0.0004062038824	0.0004947183656
	0.0004918499118	0.0005532085565	0.0005629678752	0.0006060581032	0.0006198636476
	0.0006530493501	0.0006680747441	0.0006845333259	0.0006972257218	0.0006798953394
	0.0006742381943	0.0006061353462	0.0006088649118	0.0005007751476	0.0005207005044
	0.0003969154688	0.0004219551189	0.0003148320626	0.0003349345014	0.0002596683327
	0.0002719848348	0.0002275240215	0.0002328936536	0.0002127000645	0.0002128039407
	0.0002106121245	0.0002067965173	0.0002182388526	0.0002114044326	0.0002337045239
	0.0002244656126	0.0002557857499	0.00024464011	0.0002835198128	0.0002709839728
	0.0003158634406	0.000302605362	0.0003502690015	0.0003380815059	0.0003380814914
	0.0003502689421	0.0003026052688	0.0003158633306	0.0002709838327	0.0002835196698
	0.0002446399436	0.0002557855807	0.0002244654359	0.0002337043406	0.000211404254
	0.0002182386657	0.0002067963387	0.0002106119432	0.0002128037631	0.0002126998908
	0.0002328934949	0.0002275238543	0.0002719846935	0.0002596681749	0.0003349341847
	0.0003148318229	0.0004219545105	0.0003969150287	0.0005206995741	0.0005007745744
	0.0006088643936	0.0006061351805	0.000674240525	0.0006798948977	0.00069722829
	0.0006845317297	0.0006680739675	0.0006530482985	0.0006198630379	0.0006060586579
	0.0005629680142	0.0005532095153	0.0004918506242	0.0004947192233	0.00040620452
	0.0004233093242	0.0003260619291	0.0003460057768	0.0002670161111	0.0002818163676
	0.0002305310241	0.000238719181	0.0002123363216	0.0002149796749	0.000207855219
	0.0002062488573	0.0002138609048	0.000208934843	0.0002283690906	0.0002207306338
	0.0002501708205	0.0002402568694	0.0002784086179	0.0002666291654	0.0003121859017
	0.0002990792935	0.0003489866314	0.0003363070933	0.0003212941224	0.00033163365
	0.0002913865037	0.0003033468176	0.0002638462816	0.0002758429049	0.0002401453869
	0.0002514609283	0.0002213322176	0.0002313700891	0.0002084776295	0.0002166763475
	0.0002029461539	0.0002086746882	0.0002067616179	0.0002091653124	0.0002230739197
	0.0002208821469	0.000256527193	0.0002479368473	0.0003127095259	0.0002957774264
	0.0003952118959	0.0003692207392	0.0004977302171	0.0004653563759	0.0005873188981
	0.0005566749985	0.0006124628394	0.000592001886	0.000602599615	0.0005850497646
	0.0005772267397	0.0005615213237	0.0005413427856	0.0005277392833	0.0004999847696
	0.0004887412187	0.0004531219671	0.0004475879281	0.0003939121023	0.0004004753526
	0.0003262294556	0.0003421499985	0.0002682372179	0.0002835578268	0.0002291195624
	0.000239263052	0.0002078776898	0.000212691341	0.0002006551594	0.0002011724034
	0.0002041816134	0.000201315427	0.0002163386174	0.0002107020205	0.0002358339872
	0.0002278366836	0.0002617922054	0.0002517711895	0.0002933573306	0.0002817291165
	0.0003281654031	0.0003164759574	0.0002886801724	0.0002964017579	0.0002665347965
	0.0002760742909	0.0002453471266	0.0002555449784	0.0002264368372	0.0002366773885
	0.0002108916102	0.0002206038898	0.0001998555708	0.0002084757443	0.0001947073749
	0.0002016162808	0.0001973270497	0.0002017349481	0.0002104511921	0.0002112295354
	0.0002379530384	0.000233472864	0.0002843509449	0.0002726032101	0.0003516187105
	0.0003312481776	0.0004293697615	0.0004027434695	0.0004855027786	0.0004612540497
	0.0005043761018	0.000485522013	0.0005021887656	0.000485720023	0.000487723247
	0.0004729333358	0.0004641679987	0.0004512762486	0.0004349077386	0.0004239156564
	0.0004023092124	0.000394075142	0.0003634940262	0.0003621107195	0.0003135859073
	0.0003226533534	0.0002619770568	0.0002753964139	0.0002226473056	0.0002334273954
	0.0001991790437	0.0002054455531	0.0001892718652	0.0001915121634	0.0001898708543
	0.0001888867664	0.0001987515243	0.0001951483732	0.0002144725164	0.0002086575269
	0.0002360314248	0.000228312289	0.0002624995149	0.0002532149867	0.0002917215561
	0.0002821298301	0.0002455043438	0.0002505872758	0.0002312243511	0.000237913328
	0.0002170700504	0.0002246859529	0.0002040387504	0.000212185458	0.0001930808759
	0.0002013386524	0.0001852694877	0.0001931801943	0.0001819002497	0.000188934381
	0.0001846523459	0.0001901338775	0.0001957896248	0.0001987768641	0.0002182100215
	0.0002173840152	0.0002546433967	0.000248452711	0.0003043219046	0.0002920181275
	0.0003566001978	0.0003404165754	0.0003939214598	0.0003782339811	0.0004116678277
	0.0003977154424	0.0004158825531	0.0004029848787	0.0004102330655	0.0003983799936
	0.0003961467753	0.0003856655106	0.0003755517527	0.0003664599454	0.0003511293895
	0.0003434181213	0.0003236648391	0.0003189078518	0.000289148749	0.000291491973
	0.0002476225117	0.0002568897484	0.0002107807894	0.0002205575172	0.0001862997484
	0.0001930138986	0.0001741244811	0.000177434868	0.0001717515883	0.0001722111991
	0.0001769540578	0.000175109673	0.0001881525823	0.0001844026242	0.0002041939759
	0.0001988361703	0.0002240510432	0.0002173789611	0.0002458404105	0.0002388082821
	0.0001981656236	0.0002011383306	0.0001902716622	0.0001944078142	0.0001823072727
	0.0001872970227	0.0001749413863	0.0001806103985	0.0001689022394	0.0001750330663
	0.0001650783906	0.0001713964398	0.0001645718454	0.0001707197855	0.0001687735092
	0.0001742573274	0.0001794190355	0.0001835289369	0.0001984161276	0.0002001774492
	0.0002268694724	0.0002252364669	0.0002626052766	0.0002572551807	0.0002981249985
	0.000290312527	0.0003253187211	0.0003168019312	0.0003423362611	0.0003337493912
	0.0003507600039	0.0003422393284	0.0003511217365	0.0003430687185	0.0003431306738
	0.0003359709925	0.000327543128	0.0003213049866	0.0003068232941	0.0003012137187
	0.0002836375238	0.0002789019989	0.0002575641966	0.0002560252261	0.0002258905885
	0.0002302007546	0.0001937296587	0.0002009704245	0.0001696527541	0.0001756971159
	0.0001559107134	0.0001595061092	0.0001508846599	0.0001521966963	0.0001525136474
	0.0001519545577	0.000159171502	0.0001570948171	0.0001696224975	0.0001663040459
	0.0001828105828	0.0001785049754	0.0001971953765	0.0001925807748	0.0001525349093
	0.0001541004449	0.0001489872945	0.0001512718173	0.0001455428632	0.0001484429185
	0.000142660414	0.0001461424257	0.000140893582	0.000144898565	0.0001409493664
	0.0001453788958	0.0001437084802	0.0001483998716	0.0001502321603	0.0001549113596
	0.0001617026495	0.0001659219564	0.0001791235123	0.0001822386154	0.000202483965
	0.0002038122831	0.0002295425392	0.0002288180928	0.0002559968173	0.0002536074796
	0.0002783150454	0.000274806212	0.000295401307	0.0002910990444	0.0003067773624
	0.0003020579253	0.0003109705268	0.0003064096177	0.0003062833166	0.0003023420548
	0.0002926476671	0.0002893230004	0.0002724201831	0.0002693001756	0.0002492345004
	0.0002460288874	0.0002253301162	0.0002228937704	0.000199632434	0.0002002947493
	0.0001726709337	0.0001766749209	0.0001502168993	0.0001546898092	0.0001357306873
	0.0001388867771	0.0001286253373	0.0001301934511	0.0001271877291	0.000127380391
	0.0001298757544	0.0001289570916	0.0001354817343	0.0001336780106	0.0001430208095
	0.0001405363188	0.0001513234105	0.000148605069	0.0001126778022	0.000113430526
	0.0001116949085	0.000112841218	0.0001110767192	0.0001125998095	0.0001111970407
	0.0001131211115	0.0001125342783	0.0001148815596	0.0001156983979	0.0001184822207
	0.0001214166041	0.0001246244014	0.0001304717139	0.0001340273546	0.0001435487007
	0.0001472568006	0.0001609126992	0.0001644234261	0.0001819290097	0.0001848015431
	0.0002048479089	0.0002067496533	0.0002274939416	0.000228291195	0.000248372681
	0.0002480514974	0.0002665522703	0.0002652437205	0.0002803880935	0.0002785104454
	0.0002870072715	0.0002851905296	0.0002836497785	0.000282346588	0.0002697946474
	0.0002689491934	0.000247988345	0.0002471128968	0.0002226075941	0.0002212140471
	0.0001973960494	0.0001956402375	0.000173333233	0.0001725155953	0.0001499971235
	0.0001513430941	0.0001296283145	0.000132198134	0.0001150866914	0.0001173428407
	0.0001065543724	0.0001079223078	0.0001027736204	0.0001032549007	0.0001023965917
	0.0001021404952	0.0001043318753	0.0001034945775	0.0001077256911	0.0001064514778
	0.0001117297326	0.0001102879932	8.046451349e-05	8.079741733e-05	8.082816285e-05
	8.13572233e-05	8.176463579e-05	8.249930482e-05	8.363638798e-05	8.461186864e-05
	8.692107806e-05	8.818450107e-05	9.221775976e-05	9.383054533e-05	0.0001001991863
	0.0001022336941	0.000111483311	0.000114002989	0.0001264028156	0.0001294171138
	0.0001447233592	0.0001481251797	0.0001655289631	0.0001690577058	0.0001875367963
	0.0001908151678	0.0002096958354	0.0002123162134	0.0002313570287	0.0002330187779
	0.0002514897139	0.0002521859504	0.000267584829	0.0002677157011	0.0002756922498
	0.0002758905841	0.0002723114375	0.0002729997351	0.0002568241398	0.0002578941581
	0.0002322505063	0.0002331612038	0.0002037139176	0.0002038973185	0.0001758419751
	0.0001751856546	0.0001508298147	0.0001499881151	0.0001287429602	0.0001287362976
	0.0001099157203	0.0001109286885	9.56370671e-05	9.690557092e-05	8.622714807e-05
	8.716682178e-05	8.083467424e-05	8.129877913e-05	7.834900751e-05	7.838030584e-05
	7.782562841e-05	7.750945652e-05	7.854143498e-05	7.796493138e-05	7.987294486e-05
	7.9183438e-05	5.59783955e-05	5.611363626e-05	5.698046213e-05	5.720598505e-05
	5.868440416e-05	5.901303594e-05	6.146953192e-05	6.193063222e-05	6.584581781e-05
	6.648519384e-05	7.245087186e-05	7.334002896e-05	8.197945333e-05	8.32255444e-05
	9.500429707e-05	9.675110123e-05	0.0001116908901	0.0001140899723	0.0001315572845
	0.0001346857948	0.0001535753168	0.0001573175836	0.0001767017422	0.0001806844231
	0.0002003606579	0.0002040424957	0.0002241658406	0.0002270829826	0.0002467985323
	0.0002488439839	0.0002649631944	0.0002665020373	0.0002738410667	0.0002754815772
	0.0002694978974	0.0002716203181	0.0002515265327	0.0002539827263	0.0002236026308
	0.0002258256655	0.0001915891915	0.000192980403	0.0001607177327	0.0001610638597
	0.0001337700308	0.0001334317076	0.0001112483887	0.0001109283432	9.289880188e-05
	9.305886117e-05	7.878010791e-05	7.928857204e-05	6.883751267e-05	6.934136609e-05
	6.242347143e-05	6.273887971e-05	5.862872677e-05	5.872819799e-05	5.663442231e-05
	5.654859825e-05	5.581026711e-05	5.558245124e-05	5.566112964e-05	5.536367298e-05
	3.824668526e-05	3.829679175e-05	3.95235867e-05	3.961238018e-05	4.157251955e-05
	4.170993775e-05	4.479448528e-05	4.500121757e-05	4.973778318e-05	5.005032051e-05
	5.709497336e-05	5.757832288e-05	6.762440042e-05	6.839123452e-05	8.194576523e-05
	8.317487968e-05	0.0001002219183	0.0001021482433	0.0001219186277	0.0001247475102
	0.0001459712451	0.0001497094323	0.000171394753	0.0001757138255	0.000197712576
	0.0002020188705	0.0002244576974	0.0002281912809	0.0002498488496	0.0002528267868
	0.0002698117533	0.0002723518537	0.0002788472898	0.0002815072891	0.0002728905562
	0.0002759973281	0.0002519766028	0.0002553634467	0.0002205004828	0.0002236110611
	0.0001849988886	0.0001872360977	0.0001511542183	0.0001522619104	0.0001220349646
	0.0001222422622	9.831973274e-05	9.814614323e-05	7.958812569e-05	7.948070815e-05
	6.530482252e-05	6.540136627e-05	5.49764726e-05	5.516948131e-05	4.794001695e-05
	4.810124674e-05	4.339594829e-05	4.347344812e-05	4.060405636e-05	4.059632666e-05
	3.89827999e-05	3.890556791e-05	3.809554249e-05	3.7980011e-05	2.588926407e-05
	2.590602857e-05	2.727388707e-05	2.730623586e-05	2.946625294e-05	2.952066203e-05
	3.288540831e-05	3.297541397e-05	3.811244619e-05	3.826476319e-05	4.589323915e-05
	4.616120626e-05	5.706507574e-05	5.755218597e-05	7.235068323e-05	7.324051527e-05
	9.202415037e-05	9.358875007e-05	0.0001156378546	0.0001181639855	0.0001421574281
	0.0001457573856	0.0001705598044	0.0001749800529	0.0002002309268	0.0002048815604
	0.0002303650891	0.0002346355988	0.0002585534133	0.0002621974638	0.0002799506272
	0.0002832186754	0.0002886016949	0.0002919661003	0.0002805942455	0.0002843219144
	0.0002565459167	0.0002604783164	0.0002215502948	0.0002251790788	0.0001827017503
	0.0001854622513	0.0001460170635	0.0001476368812	0.0001147287075	0.0001153657108
	8.956868638e-05	8.96437833e-05	7.002496567e-05	6.993740182e-05	5.529951872e-05
	5.525895949e-05	4.461439722e-05	4.464813004e-05	3.718944206e-05	3.724678563e-05
	3.223653336e-05	3.227596533e-05	2.904392983e-05	2.90519845e-05	2.704585417e-05
	2.70242723e-05	2.582439683e-05	2.578431731e-05	1.75341733e-05	1.753916276e-05
	1.89574346e-05	1.896839559e-05	2.120616252e-05	2.122695375e-05	2.471216183e-05
	2.475129476e-05	3.008107926e-05	3.015727701e-05	3.810380155e-05	3.825846446e-05
	4.969697647e-05	5.001823655e-05	6.571281652e-05	6.637101302e-05	8.660639786e-05
	8.787760808e-05	0.0001121201777	0.0001143342064	0.0001413242599	0.0001446809137
	0.0001731172126	0.0001774591993	0.0002065744041	0.0002113631361	0.0002403259152
	0.0002449397418	0.0002711802403	0.0002753168094	0.0002935728058	0.000297379773
	0.0003013788175	0.0003052028318	0.000291046208	0.0002950989732	0.0002638517551
	0.0002680075254	0.0002255157938	0.0002293445199	0.0001835490127	0.0001865502355
	0.0001441941706	0.0001461019872	0.0001107987485	0.0001117226248	8.413218479e-05
	8.442390279e-05	6.362325287e-05	6.363931381e-05	4.832521919e-05	4.828548731e-05
	3.728386616e-05	3.726762763e-05	2.959401946e-05	2.960201419e-05	2.441809013e-05
	2.443107878e-05	2.103313506e-05	2.103894318e-05	1.886925606e-05	1.886474947e-05
	1.750904719e-05	1.749689208e-05	1.201809961e-05	1.201937903e-05	1.345415894e-05
	1.345762803e-05	1.572442067e-05	1.573223915e-05	1.926895554e-05	1.928633181e-05
	2.471070334e-05	2.475038985e-05	3.287656778e-05	3.29694764e-05	4.475643976e-05
	4.497368606e-05	6.133993725e-05	6.18289586e-05	8.330162663e-05	8.43198462e-05
	0.0001106486423	0.0001125367208	0.0001426290095	0.0001456529721	0.0001780555069
	0.0001821677263	0.0002155570792	0.0002203143447	0.0002529911777	0.0002578026348
	0.0002862362655	0.0002907514885	0.0003091853074	0.0003133837792	0.0003157665956
	0.0003198591735	0.0003029588991	0.0003071001629	0.0002727300668	0.0002768488299
	0.0002313247852	0.0002350875443	0.0001865286198	0.0001895291765	0.0001447028901
	0.000146706091	0.0001092883571	0.0001103672313	8.112002173e-05	8.15635885e-05
	5.961111585e-05	5.97302878e-05	4.371137607e-05	4.371618302e-05	3.232801742e-05
	3.231485168e-05	2.443840236e-05	2.443322451e-05	1.913331538e-05	1.913459365e-05
	1.565634471e-05	1.565823697e-05	1.342291788e-05	1.342238266e-05	1.200942351e-05
	1.200636396e-05	8.443623088e-06	8.44388332e-06	9.883651211e-06	9.884665827e-06
	1.216214729e-05	1.216505406e-05	1.572427994e-05	1.573217064e-05	2.120501843e-05
	2.122631768e-05	2.945982934e-05	2.951672493e-05	4.154370915e-05	4.16907417e-05
	5.858083609e-05	5.893805633e-05	8.148085579e-05	8.227219288e-05	0.0001105627459
	0.0001121132725	0.0001453160416	0.0001479340798	0.0001844812785	0.0001882335421
	0.0002261383334	0.0002307162434	0.0002671751089	0.0002720720228	0.0003024694555
	0.0003072564609	0.0003255768266	0.0003300435979	0.0003306282499	0.0003348410586
	0.0003153002644	0.0003193483779	0.0002822345489	0.0002861183873	0.0002380865998
	0.0002415738084	0.0001907893765	0.0001935929676	0.0001467230731	0.0001486621944
	0.0001094076902	0.0001105291451	7.97800227e-05	8.031083845e-05	5.728436489e-05
	5.748193006e-05	4.0796925e-05	4.084937073e-05	2.909763568e-05	2.910401125e-05
	2.104728036e-05	2.104538988e-05	1.565919107e-05	1.565826853e-05	1.213577136e-05
	1.2135895e-05	9.87359039e-06	9.873568429e-06	8.441056298e-06	8.440490992e-06
	6.16077568e-06	6.160797346e-06	7.601974182e-06	7.602226699e-06	9.883646581e-06
	9.884665113e-06	1.345408702e-05	1.345760135e-05	1.895683499e-05	1.896811573e-05
	2.727020161e-05	2.730426403e-05	3.950582512e-05	3.960187445e-05	5.691319724e-05
	5.716245289e-05	8.063548429e-05	8.121932575e-05	0.000111325037	0.0001125318959
	0.0001487600402	0.0001509147736	0.0001916353115	0.0001949130973	0.0002374155826
	0.0002416722491	0.0002818393474	0.0002867156225	0.0003188566494	0.0003237852835
	0.0003417596936	0.0003463705112	0.0003450773004	0.0003492763609	0.0003272802154
	0.0003310908217	0.0002916346948	0.000295135288	0.0002450990913	0.0002481524974
	0.0001956471759	0.0001981007463	0.0001495981251	0.000151344175	0.0001105352186
	0.0001116055976	7.952646653e-05	8.008684314e-05	5.608577767e-05	5.633286725e-05
	3.904188773e-05	3.913212404e-05	2.705507104e-05	2.708175591e-05	1.887044002e-05
	1.88764154e-05	1.342319238e-05	1.342405737e-05	9.873636e-06	9.873718891e-06
	7.59908802e-06	7.599092776e-06	6.160191436e-06	6.160133672e-06	4.719274938e-06
	4.719275058e-06	6.160775764e-06	6.160797476e-06	8.443623009e-06	8.443883738e-06
	1.201808311e-05	1.201937642e-05	1.753397784e-05	1.753910375e-05	2.588786064e-05
	2.590550361e-05	3.823935328e-05	3.829366477e-05	5.594929809e-05	5.609982853e-05
	8.037857231e-05	8.075195851e-05	0.0001125092766	0.0001133267884	0.0001524327291
	0.0001539866758	0.0001988309624	0.0002013628019	0.0002485324805	0.0002520657621
	0.0002960248343	0.0003003908301	0.0003344321063	0.0003389807466	0.0003568485232
	0.0003611046925	0.0003583588034	0.0003621006352	0.0003382468025	0.0003414485198
	0.0003003319482	0.000303138934	0.0002517816209	0.0002541322487	0.0002005321631
	0.0002024016731	0.0001527882204	0.0001541498669	0.0001121757531	0.0001130562406
	7.990925253e-05	8.041062661e-05	5.559685327e-05	5.5844898e-05	3.804258854e-05
	3.814783289e-05	2.579822188e-05	2.583681147e-05	1.749938321e-05	1.751145911e-05
	1.200670358e-05	1.200978886e-05	8.440521915e-06	8.441094877e-06	6.160134756e-06
	6.16019357e-06	4.719203265e-06	4.719203224e-06	
