6144	
	24.29608041	11.17315008	19.26250408	24.29608233	19.32604944
	10.90497163	58.39369857	22.0282984	47.80446281	42.04464496
	49.87994771	16.18226847	89.58767254	33.95585219	71.12391613
	58.12465408	80.7641884	23.59831576	108.5049189	46.76390407
	83.33877516	68.71198925	106.2561701	34.07248927	106.9093738
	57.62676433	84.57557471	72.45676966	117.3120473	46.89064612
	77.98410509	63.42290062	77.43312545	71.08077477	103.8719748
	58.16707458	22.66821894	62.27139932	66.07925931	67.46656603
	60.96367102	64.18095671	45.14131747	54.36536002	54.1030896
	62.47879661	12.64591741	62.89888909	101.1823041	42.11625829
	42.6947362	54.5759669	73.89617466	54.68116977	124.521056
	29.21461153	31.63521643	43.10268382	115.2707826	42.19006752
	112.4801874	18.77250514	21.50718987	30.26467283	118.9825461
	29.20654097	80.22509479	11.90407199	13.59006162	19.30908931
	94.03040007	18.76807194	44.51731642	8.020888728	8.493852155
	11.8866188	59.00049092	11.91324909	11.27934779	6.155582813
	6.096887271	7.798645898	24.95900737	8.044723089	22.68152832
	5.892317013	6.47332914	6.590711151	8.608754537	6.205592386
	59.98794106	7.367587796	9.392897653	8.063174143	44.33801867
	5.96187798	96.52837637	10.82359604	14.2330598	11.36896782
	82.46986822	7.395025005	116.3976055	16.54306352	20.44042261
	15.48958036	111.8323635	10.79213845	96.53084623	24.34630805
	27.14440125	19.87935278	110.4266363	16.60943286	25.78311384
	32.42955753	33.08302266	25.32373384	59.16970141	24.67865857
	75.9432082	37.54668517	37.26971526	32.7502909	33.80862053
	32.94757936	162.6114974	37.52137948	39.66319407	40.00115545
	126.2154518	37.991378	202.3657586	32.9837172	40.37119887
	43.64210545	180.7637027	37.72315708	194.687699	26.35908965
	39.13755308	42.63033663	187.6641591	32.97041467	158.9646288
	19.87232023	35.92195475	38.2718	161.4019537	26.27278867
	115.0457545	14.63282668	31.15943768	32.30794539	121.7744573
	19.85299832	74.73789778	10.80001307	25.41244557	25.85403895
	82.47743667	14.76778849	42.76686506	8.010745816	19.1205363
	19.46004379	49.91158344	11.11954843	20.09710458	5.688893311
	12.63623411	13.5045015	25.96466772	8.485149816	6.239475849
	3.462750906	6.491451671	8.431944006	10.64671699	6.236955113
	0.2359076775	1.149899895	1.578402636	4.553395776	3.175808376
	3.930648225	1.153093419	0.820857777	1.270616381	1.23587898
	0.8208576031	1.125904497	42.38450071	16.06979204	49.94676029
	58.82844306	48.26848574	22.2897331	57.15331764	24.35369538
	60.38096036	57.14932442	61.05327186	24.74741805	68.27764216
	33.47164336	72.42278512	61.28559663	70.52715551	27.85820379
	76.40197533	45.4091219	81.06581219	65.71613913	77.39415737
	33.82726994	75.59440438	57.76354247	82.72710919	68.35751571
	82.04237946	45.92027267	58.17892578	66.2032573	77.88405967
	69.04141885	77.18855199	59.59637349	24.73855007	67.44863045
	69.6560768	69.00341551	54.99628679	68.54235596	39.06533865
	60.79021414	60.1812879	67.1974456	29.91696772	69.07197279
	82.16060921	48.47572254	49.2047622	60.73068165	59.34490901
	61.29549167	103.3632335	34.62141973	36.73205261	49.01783755
	92.97379335	48.40971096	96.1456526	22.92436323	24.79135378
	35.09610424	99.87626313	34.6063211	70.54800834	14.91349267
	15.67781268	22.93020203	81.97495327	23.06088761	39.98445095
	10.22018421	10.12906391	14.55899467	53.01651018	15.0753761
	10.55024268	7.966703028	7.879941875	10.0119904	23.11806074
	10.40544182	22.24578532	7.70777033	8.83151807	8.969502595
	9.888645892	8.248832152	56.03180708	9.502928287	12.49516083
	10.95957691	41.17307646	8.063291274	87.23573547	13.65624364
	18.07911115	14.6444494	74.00904404	9.701701942	99.69285573
	20.61902038	24.87765792	18.67416527	95.807135	13.61837383
	73.03063362	30.07739247	32.23889942	23.1291992	86.66241882
	20.84669532	10.89704165	39.57647678	39.5365563	30.49682247
	34.07607401	31.01431352	93.79438545	45.20371726	45.75126352
	41.10241666	55.54468965	40.87396563	166.3982632	44.62625894
	49.39142738	50.11959501	133.5677436	46.17032127	194.3002803
	38.82255791	49.4044484	53.16249455	175.036479	44.96068181
	180.9055288	30.72385892	45.98670605	49.96515939	174.7488617
	38.74004487	144.8088997	22.92472325	40.24523258	42.99708225
	147.0960718	30.6261666	103.3855309	16.70013628	33.35041322
	34.79210995	109.4679147	23.11783893	66.69951723	12.22272493
	26.11698213	26.85551867	73.58698738	17.32646862	38.77797786
	9.065276232	19.13512188	19.96746663	44.9629256	13.26029176
	20.29160293	6.646295494	13.05374394	14.62300289	25.1477366
	10.30288799	9.981866014	4.549914236	8.421756049	10.77994595
	13.44043452	7.757868021	4.798973171	2.602981101	4.776041523
	7.371062627	7.388757963	5.348431444	1.557807733	1.122629291
	0.2707582156	3.168169382	4.52302132	3.889997579	60.74854906
	24.30478492	83.20266137	94.20405806	74.97767344	36.24312203
	63.95768131	28.84726439	71.6709846	70.7712927	77.05390096
	36.47948952	61.05079691	34.10825108	71.56489095	61.10001592
	73.87330854	36.17267216	53.52714834	42.33029503	75.45997126
	59.79586566	63.15614008	36.19191288	48.11761463	54.53845717
	77.7877027	62.10776387	52.96080932	43.43427241	44.46587065
	65.82403447	75.98267605	65.22889601	53.43381438	57.71425339
	38.09708006	70.50409954	71.22073771	68.23159066	55.10482556
	69.84365901	42.69947069	66.03042745	64.35899269	69.07731178
	49.35603068	72.97276103	64.71744976	54.1564438	54.21622641
	64.41208458	52.90154829	66.28545942	80.71104112	39.65572126
	41.05833398	53.49184965	70.35966617	53.55713381	77.92035015
	27.07782485	28.01445918	39.4939832	78.01215163	39.51092609
	59.60951241	18.2777398	18.17826147	26.74339695	67.47147101
	27.35479635	35.12051173	12.95241952	12.42903866	17.73651607
	45.73920465	18.55341173	11.30545515	10.37687498	10.42386693
	12.89416546	21.44519972	13.24885432	21.9681666	10.20879505
	11.9580337	12.05284876	12.50898336	10.87328502	50.81300328
	12.50661785	16.42434779	14.49704707	37.76168696	10.83439695
	75.11838105	17.5801731	22.79769102	18.44857497	63.92000906
	12.80695681	78.5572973	25.91139597	30.15287927	22.32379308
	76.58916875	17.46174609	45.02584947	37.02397194	38.30945784
	27.40020396	58.78576203	26.42571104	34.06567152	47.82689855
	47.4586589	37.804183	18.22591782	38.88380586	113.0124861
	53.68275232	55.81747641	51.6138447	80.08946742	50.10799387
	168.5397172	52.08540787	59.9351856	61.32100286	141.8276468
	55.0668621	182.8910979	44.54596156	58.21422757	62.50852187
	168.1877934	52.26755406	163.6775942	34.73480728	51.92473579
	56.31307715	159.7349835	44.1894405	128.1155726	25.73685915
	43.46414555	46.52711774	130.753108	34.64101194	90.55620401
	18.94240785	34.73440712	36.46034916	95.92063452	26.32080068
	58.96540967	14.37119819	26.88151717	28.02856783	64.61911151
	20.20077423	36.23230231	11.34435153	20.69042213	22.11344026
	40.98278422	15.98014744	21.91963427	9.031960822	16.47377033
	18.54392017	25.45906303	12.80494575	13.49882458	6.812886575
	13.32478666	15.97616905	16.17442839	10.04930515	8.411726923
	4.510954189	9.826759145	13.18797674	10.70913818	7.624060048
	6.472082098	3.425135247	6.270922075	10.53952325	8.303800555
	6.08810311	76.79152789	36.66474862	116.4002918	124.8548141
	95.26826795	53.89938496	73.90109404	37.4847536	82.67866861
	85.02012902	94.60864566	54.30798294	63.4717833	38.07532751
	65.76432006	57.2190591	85.71253305	51.37907532	44.02474117
	40.15342438	65.31325715	49.07660376	65.61711385	45.21401202
	27.90400212	48.64177933	70.74313137	54.63925082	38.94483677
	42.5064631	38.977665	61.46582061	73.09643058	61.63250924
	37.61708329	52.42497103	52.14109813	70.08719344	70.89242159
	66.03887207	59.35682133	66.99126768	53.12110681	68.74198964
	65.44989526	67.47913985	66.15722676	73.55311066	52.45930772
	58.06824593	56.35335807	64.22678727	56.48383772	68.64146821
	57.92837201	43.57297157	43.83576832	55.25305799	50.95409245
	56.56506998	58.35918995	30.8025629	31.01048938	42.73202686
	54.60884353	43.03951541	47.73546533	21.77500087	21.19784912
	30.50865043	51.10537811	31.14524334	30.29006309	16.12131552
	15.51350233	21.4051556	37.60156928	22.12205366	13.63367687
	13.38982708	13.80384031	16.46780561	20.53648281	16.47987199
	21.94586601	13.47306518	15.9089129	15.83507554	15.94116833
	14.05132399	44.0598596	16.45572459	21.13607881	18.59010724
	33.99974959	14.28109384	59.49331864	22.63790924	28.20156993
	22.54894627	51.68888198	16.72407164	52.18437144	32.4679542
	36.11129732	26.2865623	53.41759477	22.40316767	16.60809735
	45.12596877	45.47534235	33.19169019	27.37271895	33.47304387
	65.31843779	56.74017341	56.9236151	47.73309454	41.2469171
	48.1419377	131.1574784	62.0329851	66.79261432	63.84771255
	104.7390489	59.9574361	167.1761786	58.6813528	69.89889692
	72.26657381	148.2252645	63.50143305	167.2403166	49.02220863
	65.17265021	69.96062636	158.2649426	58.36438842	142.8450082
	37.52522733	55.52224182	60.14137673	141.5757581	48.2673629
	109.1298449	27.68424756	44.65298632	47.91131191	112.0638273
	37.57050263	76.95045445	20.84095268	35.16184004	37.19759555
	81.29603004	28.8937941	51.684412	16.60693371	28.45412434
	30.08932824	55.79035577	22.80355523	34.40381554	13.80901342
	24.7683721	26.70978007	37.63055141	18.57842219	23.42573987
	11.36391683	22.88209591	25.40645311	25.85514551	15.24487746
	16.55008915	8.818978831	21.21095899	24.56861726	18.48171647
	12.32761067	12.91227334	6.475665509	19.66241965	24.12690549
	14.31855189	9.76788569	12.3873925	5.561359014	19.75343363
	25.1027793	13.0685001	8.030007924	90.35110109	53.88393301
	146.0298036	148.3899201	110.902877	74.14343379	86.69199876
	54.31771577	95.23183317	97.49269524	112.096977	77.4296603
	74.24215572	51.45943757	57.04321327	52.66181392	103.5893904
	74.9707253	51.1537625	45.81861387	50.42403671	34.53783904
	81.91775372	64.9187867	26.44319041	43.97574732	63.92850869
	48.93951061	48.76438574	50.2660319	40.1259587	53.22886826
	71.92021296	61.21860894	34.49405308	45.93024803	62.71211617
	65.1859311	70.00370134	64.16101702	62.9510472	59.25566895
	64.82027212	68.10356276	63.117761	62.50468717	78.30549353
	70.26164575	49.51534199	59.6297553	54.57702362	59.33560709
	66.00560274	68.1815292	37.95340112	45.71341071	44.22702609
	53.29873911	41.19683187	56.95400494	38.47514306	33.37778676
	33.33797645	43.94001387	32.17838137	44.31045896	35.68212493
	24.88228903	24.56048733	33.61211486	34.29734721	33.60447996
	26.1940742	19.49169978	19.33938223	25.23206472	29.65340209
	25.2706892	17.0400382	16.98413048	18.03939981	20.58725046
	20.87326358	19.87707311	22.26936961	17.60733069	20.70851203
	20.20837759	19.56661997	17.72656893	35.72578537	21.55823742
	26.5928493	23.04037028	29.91078755	18.43033161	40.05805761
	29.10547002	34.20616187	26.71973759	37.18134661	21.62383582
	20.34581155	40.43269756	42.79154084	30.90311714	26.30403959
	28.83474873	32.22125845	54.03632019	53.92780613	41.55867269
	17.48148751	42.21802841	96.02133348	65.2489023	67.53104495
	60.29764496	73.9961294	58.26050295	144.2372849	68.6033285
	77.17532364	76.34549646	125.1815166	69.02137638	159.5660669
	62.60148775	77.08952125	80.6454403	148.6602395	69.63495393
	146.1769388	50.68252497	68.09288829	73.17439546	142.8562342
	61.51675884	118.2311456	37.96946308	55.1580657	59.69522703
	119.4514412	49.64222243	88.1378683	28.0688251	43.19013777
	46.43600107	91.16078318	38.52878026	62.89348346	21.91534934
	35.26630998	37.56048073	66.0391555	30.26879362	44.74848066
	18.36099556	32.1379735	34.2442774	47.28827797	24.70068509
	32.78424996	15.7627644	32.11325048	34.59474819	34.67466006
	20.69087307	25.08906211	13.19088227	33.03604355	36.25071698
	26.52223339	17.34730211	20.55059116	10.65151685	34.28065074
	38.48765291	21.57324293	14.4039895	18.53643006	8.573280219
	36.56084468	41.70117931	19.06785123	11.8419867	18.10610124
	7.615361967	40.49936616	46.24739098	18.21362849	10.01619805
	102.5903603	74.10328109	167.2743633	161.0472055	123.6726771
	95.15181825	101.9639198	77.42948117	106.2403121	103.9045415
	129.1797943	103.0263463	92.2337041	74.95015587	49.52283333
	48.0212502	125.0644412	103.8735301	71.18588984	64.79452302
	34.15701251	21.15288313	106.6940394	93.61887315	44.45823741
	49.86814192	61.7277873	49.9595664	73.40213247	71.09172094
	43.86031306	44.53885564	75.68026156	66.33692801	43.76891511
	46.03332231	67.27544586	55.95071914	71.08691746	64.82220753
	61.98781124	47.39441835	73.68913883	64.35080307	58.40981246
	55.59216177	84.00693351	63.69615012	55.30491013	59.38809255
	48.68679104	50.00811615	76.01646782	66.19004529	28.37755444
	46.24927343	41.85246415	47.4040165	44.92107436	55.59508661
	20.534944	34.40411417	34.62655354	42.56298789	17.03101073
	43.16724971	24.81970198	27.10447774	27.93657976	35.42557042
	19.27623259	34.13001161	23.4403516	22.77244676	23.67758305
	28.73234549	23.24254634	27.49963295	20.59302895	21.07952482
	22.98837888	24.90478861	22.09209657	23.16296646	23.13121149
	22.67283843	26.22604213	24.84991998	22.8504773	21.78427979
	27.33260237	27.9347026	32.59039284	27.48562288	26.51150972
	23.28944761	20.51335319	36.9914169	40.57794038	30.86329434
	23.96480189	27.68549588	17.22964248	49.36072229	50.12510991
	37.11254862	15.37822786	36.96060304	68.05288923	62.54864341
	63.43700266	53.091783	52.35423989	52.23286362	120.1085372
	71.38019774	77.84591042	73.99884944	102.7952265	67.73603661
	146.9713929	71.11876132	84.41542054	86.14040602	135.3551168
	75.00321235	142.7803883	61.83402777	78.75051428	83.29320104
	138.8165988	71.16005406	119.0037981	48.10088108	64.75503339
	69.67542898	120.3273408	60.0050035	90.30353351	35.25888172
	49.66416853	53.67295059	93.57727077	47.3548074	66.02737274
	26.52975875	39.56075592	42.48013578	69.05480862	37.15601051
	49.29626068	21.945785	36.99474691	39.36731919	51.33113225
	30.36606875	38.97330477	19.42890109	39.67279334	42.16131824
	40.20472273	25.90500959	32.58405177	17.26116653	44.08716444
	47.12504069	33.40847164	22.4702516	28.52431934	14.97037842
	48.84980357	52.6437376	29.12435157	19.4438661	26.02089204
	12.8159447	54.12469152	58.60833525	26.4187528	16.73761573
	24.29545625	10.99255421	60.22661545	65.09658652	24.51599991
	14.3177652	22.80689539	9.790078762	66.90205082	71.9937349
	22.91844825	12.40851359	114.8303952	95.17564259	174.8797571
	159.172437	134.6493021	114.8983677	119.5436926	103.2142379
	110.3101953	100.4199637	145.6886008	128.0754643	115.4540754
	104.1433557	44.23508155	40.83353452	147.9885394	133.9717054
	98.74946949	93.79108197	25.27637125	19.65151546	135.4232873
	126.576615	70.55541884	70.85257086	66.68539221	58.25981115
	103.988193	101.1975848	50.50424454	44.49438977	84.37703773
	75.44417921	61.98180898	60.6990151	64.87740314	43.8623093
	75.40942155	68.27921498	55.7996094	34.87789466	77.56116921
	58.73533356	53.45493094	48.86537063	82.37318413	55.18952145
	64.5690813	59.28405444	39.72636522	37.83743124	83.49114622
	65.1137945	34.87542084	46.77701101	37.20035069	38.61410744
	55.63510194	55.1090878	12.03787332	34.30488661	34.66129599
	38.7014158	21.22151113	40.88898247	16.8826142	28.19445058
	30.76294201	35.42304518	9.81734305	32.76626941	21.77940493
	25.67497552	27.99246693	31.22023158	18.85544545	28.49628216
	23.53929685	25.50360441	28.206307	28.76015704	23.04778076
	26.04888823	25.56174276	28.55947958	32.02564146	29.14935263
	25.84717021	26.03392171	26.34027113	35.35213678	38.63085912
	31.51033932	27.85485818	28.77606096	28.39891303	45.5728824
	46.83970446	35.41866057	29.50866777	34.86941369	54.53401325
	57.67775131	57.69766511	45.99285108	47.1643782	46.24366614
	97.8464809	68.27372385	72.61849526	66.38223982	85.10833901
	61.79700627	129.8885569	72.594783	85.08649824	85.05789419
	118.7895875	73.81231037	134.8142103	67.70394396	85.53695072
	89.19966108	129.4661365	75.16396691	116.1858753	55.53758424
	72.80192061	77.5195069	116.9563988	66.38969233	87.46018265
	41.42558759	54.15281209	58.31283802	92.18091426	53.61485133
	61.504211	30.35070373	39.63180942	42.62814002	66.92039095
	42.4978929	45.58248017	24.46715727	36.96221596	39.05253434
	49.20544244	35.20219858	39.21024512	22.2662726	43.69449192
	45.7330009	40.77759082	30.91537236	37.08365736	21.03767326
	52.98707203	55.51019682	37.70769932	27.94707709	35.66312391
	19.53392477	62.18468786	65.32981814	36.07905911	25.29360798
	33.97262693	17.70655421	71.08626561	74.71270704	34.39530825
	22.6750593	31.8308367	15.82047329	79.8822463	83.66747856
	32.28691073	20.10290307	29.16163373	13.9473037	88.43099236
	92.09193884	29.6418261	17.57241716	26.19793999	12.34986989
	96.28887099	99.89509041	26.67469935	15.3012524	127.203651
	114.9738459	165.018546	140.9905037	143.838191	131.4796229
	138.190828	128.3614231	102.9332634	85.01978714	160.5873341
	149.8324316	141.0052648	134.3829519	37.61708299	28.44678824
	169.8737783	161.4632208	129.8880025	126.9484495	30.67234192
	30.47685537	164.293446	158.9743043	101.4516719	101.3242952
	75.71332195	69.19258752	136.5596809	134.7372015	64.3771634
	60.2075322	94.12123071	84.50651876	87.10912617	86.64277802
	56.78897337	32.6188795	81.03950341	72.1973129	48.89016902
	31.72497838	75.4559969	52.40479018	49.81307082	43.71431498
	73.51544756	45.66418438	72.98024478	61.30697335	29.67985406
	25.52515874	87.27751261	66.46547105	47.41423467	49.70242565
	31.54208274	29.23007435	66.71978077	58.24662038	19.24518532
	34.55152451	33.25500679	33.03611649	32.7454029	40.12470925
	12.21509012	28.35172377	32.17083563	33.19418588	10.00582169
	30.48741519	19.89560186	27.92479512	31.31958416	31.82350048
	15.00275948	28.29425792	25.84468765	29.82266505	32.75173382
	31.16817138	23.06589806	28.24174998	31.58605397	34.61070968
	37.13411049	32.27767617	29.97858058	30.07137566	39.64684666
	42.59716806	43.69082064	34.94420341	38.06616083	34.39025477
	56.43994381	52.6739474	52.01747914	41.23512603	52.44419492
	42.23517861	84.89711944	62.33550693	64.02513553	56.51124322
	77.69033068	54.53964392	111.3097363	68.32924301	78.50624233
	76.83297925	104.045397	67.55892388	119.7476639	67.53635754
	86.08413025	88.34787206	114.8719936	73.32521614	108.5940875
	59.05377724	79.37112171	83.10101961	106.7498721	68.14368983
	85.22292826	46.13491259	60.33520875	64.22132441	87.84770349
	56.4329797	58.49895006	34.49909107	38.20924044	41.55132573
	66.02448981	45.9697398	38.79301117	28.08021704	29.26883212
	30.90988626	48.11131758	40.35011922	33.87487439	26.24074806
	40.71540264	41.33536676	40.05704435	37.71215503	37.46666504
	25.92571547	57.09335978	58.14084428	40.24243627	35.72198579
	40.65682654	25.26152301	72.30983695	74.09371008	42.10137804
	33.48316868	41.31884404	23.88587894	85.90409302	88.26535866
	42.459022	30.86558479	39.79512541	21.99510334	98.16488566
	100.763521	40.92751578	27.94992217	36.75920279	19.83331245
	109.158058	111.6705728	37.91754486	24.8664365	32.80899026
	17.51328723	118.7139219	121.0103316	33.95480086	21.71318944
	28.58811195	15.33405813	126.6435955	128.9038806	29.64897212
	18.73698098	138.576806	131.5767917	137.6848651	108.4568365
	150.6196317	143.5674795	155.5935835	150.103634	82.62789676
	58.6038903	172.3406393	166.3168454	165.4153124	161.8300157
	26.25433826	12.47312561	188.0980234	183.4558193	160.7629142
	159.3072084	41.88285559	44.7265574	189.7876215	186.8810839
	134.5537933	134.9052517	84.29589306	79.50902758	167.6857393
	166.7907608	87.29703535	86.55697212	100.9678842	90.97458832
	116.4014739	116.9541373	48.78026344	31.15452906	84.75168478
	74.24101363	51.97889709	45.97675666	67.40796071	44.93495761
	47.08935556	39.99401614	58.59819596	34.58668435	78.6422935
	65.2304667	20.58920638	17.00631408	87.13642011	68.79875588
	59.42851436	55.97801024	26.29366904	22.48331543	76.01732812
	64.94712881	29.0218817	36.79789033	30.06952581	26.42592679
	43.18924388	42.90853207	10.23328061	28.07124066	31.04664635
	28.40695623	14.78561199	28.80803118	17.66538975	29.08141133
	32.29880565	29.68448528	11.47755457	27.12408851	28.87047686
	32.98444997	35.12048501	31.12947324	23.77329476	29.27626665
	41.48761771	39.0365521	39.9168225	33.57388302	36.9079156
	32.94651928	58.19709099	46.84098386	46.11306139	37.90163064
	53.06439826	38.590673	79.5259675	54.5522783	54.34414824
	47.50864697	73.86352136	47.12581198	98.17149039	59.96353303
	66.23542164	63.76323252	94.27374513	57.92032754	102.5163978
	61.66363972	77.5723504	78.24661262	101.8900372	65.90127277
	92.48951108	58.28312937	79.91505937	81.29020835	91.90904185
	65.32385813	78.00937596	49.56912819	69.65909952	71.24113483
	75.49873248	56.3350979	61.74026373	39.2968437	48.26255242
	51.16281561	62.77303596	46.20394384	44.14161979	33.73169397
	22.9401337	27.70709092	53.44070311	43.66451823	34.01938017
	33.58551106	25.28099508	25.92631674	47.68466933	46.55463203
	36.95978573	34.46772674	50.6958868	49.32947615	47.20068056
	48.04628213	43.53755048	34.22893971	74.74289024	73.83006019
	49.62824339	46.67975228	47.28567057	32.8090473	95.35091558
	95.35805461	51.26480329	43.56288367	47.4648366	30.58560464
	112.9350476	113.7283327	50.57213467	39.67314475	44.95499406
	27.86628813	127.9141503	129.2140545	47.67329986	35.48138815
	40.80526168	24.87822879	140.484463	142.0814021	43.2712985
	31.2212434	35.86245665	21.7675453	150.7629243	152.5939997
	38.09050517	27.02496365	30.83149771	18.80885121	158.9232916
	161.0787435	32.77760216	23.09017684	147.3843636	143.6664106
	97.35942162	66.74607777	154.3848959	150.7232407	169.3802722
	166.5260875	51.70860463	24.76101019	179.7617619	176.6958535
	185.5047461	183.713591	15.94280791	21.60473916	200.7291988
	198.4131019	187.6912847	187.0949377	54.28389763	61.14389428
	209.2183371	207.803173	166.2971668	166.8666621	91.07979799
	89.26753138	194.1406711	193.7979989	116.0010712	116.8344219
	103.9959317	95.2858315	145.9899099	146.7636996	51.9329371
	45.67460182	85.29407256	74.3856127	69.81163843	69.6895871
	54.33245913	34.63877547	44.4511308	37.40059627	40.00946494
	21.16536352	81.03130957	68.66007364	15.00402212	17.36399659
	83.07219652	68.96563552	70.1757857	64.26232721	23.20463916
	22.09198688	83.44120927	72.66419095	39.33705033	41.56510052
	25.38761557	20.73983319	53.31087394	48.89588203	14.99691188
	27.7997853	26.69076489	21.54552698	23.06615461	28.93731106
	18.50416167	28.27388787	29.69834728	24.79311165	14.66108846
	25.0867881	33.3752975	33.01987786	33.6755535	28.44808556
	27.58495493	28.24262592	50.68812699	38.7532396	38.53831827
	32.90288713	44.34769597	32.8272519	69.90463821	44.16906962
	44.14605145	39.49565559	63.40769377	38.47346525	85.94732662
	47.76898104	51.71384991	49.93544304	81.52620526	45.56223889
	89.10883457	49.68637616	61.18892674	61.46329988	89.88845583
	52.71764926	76.31683366	50.70797647	68.12851651	67.66688001
	81.13868114	56.16490899	60.97119782	49.07334741	69.67915542
	67.22360876	61.88509876	53.30431858	55.25413062	43.38273915
	64.17880591	61.75785262	48.66770783	45.08382432	51.78776608
	37.99575416	47.3960245	48.74949925	47.97081383	39.6348444
	46.03527394	39.7720552	21.43511465	29.15050825	53.42754539
	47.40093302	44.24337451	45.04297016	27.59374412	29.19232842
	59.23500517	59.06009962	48.5159837	47.52169864	61.03173136
	57.3905062	63.08218669	64.34889004	53.47694705	46.53122604
	92.28796001	88.25673572	64.61720965	62.98277573	55.50227966
	43.54944345	118.8885054	115.9554163	63.77921903	58.07071726
	54.1957435	39.71230358	141.0996271	139.6052949	60.68124493
	51.98672391	50.4432031	35.5467437	159.5091858	159.375363
	55.82315936	45.79475145	45.29790615	31.3017721	174.6298765
	175.6756307	49.90718483	39.85191644	39.58330999	27.11526211
	186.9025281	188.9588739	43.56760159	34.25558712	33.91978049
	23.18905953	196.7482739	199.6893506	37.32626071	29.11191317
	152.5745762	150.8184518	50.20529476	21.32393493	154.837486
	153.213636	178.1246752	176.852429	15.52809211	14.51703951
	182.3634136	181.0825826	199.2877736	198.5919167	30.70396129
	49.03556524	207.0071578	206.1205431	208.0046236	207.9450646
	68.93243104	80.12626703	221.2491265	220.7921568	193.2260541
	193.8340386	97.70440912	100.041102	213.6769972	213.705297
	145.5279041	146.6261318	105.2651746	99.69588485	172.2165245
	172.8551268	69.97378615	69.29115718	84.217434	74.65162917
	95.07752656	96.1468019	38.35108193	20.72833951	42.65533461
	36.54399491	24.32816055	12.73303841	79.8222193	69.00074205
	16.41219772	23.74615106	74.9641899	64.52842024	79.8283792
	72.49059209	24.7326592	27.96837883	88.91244943	78.86428087
	51.14429313	48.34557016	22.26614354	20.61743112	64.1902442
	56.62646458	25.49019997	28.13485881	20.56752419	16.29451109
	34.45323482	31.47771759	23.426046	24.59607515	23.82127716
	19.46570187	23.42047963	22.33752883	36.1009805	27.81002791
	28.1079934	24.42156356	31.72462148	24.03702634	51.80087612
	31.03710426	32.66654177	30.1719089	45.92678986	27.63326001
	65.91959148	32.50419562	37.70620153	37.02656751	60.52712757
	31.28200844	71.48743767	32.80359101	43.46819884	44.03921793
	69.72571145	35.28184997	63.24275224	35.15365239	48.20431367
	47.94314113	67.17625494	39.46866577	47.63588751	39.63007956
	51.95968976	48.58419299	54.28584407	42.90656042	40.52870685
	41.88545378	58.8733536	51.65935892	42.1679349	43.69374767
	43.60528429	39.45088895	64.61284636	56.61239078	36.43344005
	38.50121512	47.80225914	38.2325805	57.700318	54.19888567
	38.70333661	34.1319974	52.14706072	47.41329201	36.16231235
	41.00133996	53.99636126	50.19827155	58.19167775	59.18276222
	32.45518985	36.40077177	71.80262645	72.34950668	64.04954752
	64.48081185	67.26557625	62.15600033	82.15252674	84.08143109
	67.20540394	63.11414778	105.6639009	97.90214958	84.27033934
	84.23812191	66.87198013	58.18418611	139.5833126	132.4414416
	81.0782231	77.73150427	63.55905529	52.08472328	168.214711
	162.9869913	75.0792263	68.95470725	58.23820772	45.88938407
	192.0768685	189.0473308	67.70675191	60.09563096	51.85150133
	39.95278764	211.8475341	210.851498	59.78104862	51.85972597
	45.10785356	34.36734139	228.1212058	228.8587796	51.81646802
	44.3493207	38.5327417	29.23576643	241.422373	243.5896769
	44.20558595	37.58493014	153.8643406	153.3102626	4.445544004
	29.28016456	151.7989029	151.4143011	181.4805065	181.212944
	28.83309613	54.55536581	180.1592003	179.9858427	206.2110555
	206.2669115	58.7152382	80.04507246	207.0082677	207.0524711
	220.5373465	220.9227312	86.86414432	101.5921949	225.6839869
	225.9240417	213.0657892	213.7745131	106.2658792	112.8685133
	225.2983242	225.6992248	171.7800596	172.8029502	107.5595171
	106.0276487	192.5817889	193.1772706	95.09655384	95.87243561
	84.1129056	77.06967238	120.9091646	121.8729311	25.69101628
	11.05870743	43.1614775	37.89191904	29.69763986	28.60743092
	74.1942931	64.50634732	21.91511014	29.67280102	62.46537511
	54.54485218	87.30372074	78.8614868	30.20629367	35.35529972
	91.28762388	81.8110713	63.20004444	56.38779864	25.15123577
	26.65154442	74.73137998	64.81692193	36.14336284	30.46471439
	18.33092319	18.10615947	45.72269422	36.57566547	27.29300565
	19.16548904	18.51155508	17.57625029	30.17318756	20.21898579
	32.67837507	17.76963848	21.58877745	20.78183094	30.91127409
	16.95781315	41.03366891	17.20356203	25.67594958	25.1385265
	37.56441665	17.49733401	45.95805414	15.95950226	30.24226459
	29.42363216	43.22659324	18.13225793	42.91124643	18.32115539
	33.23760031	31.52921081	43.19220657	20.385338	34.83527108
	26.16458221	32.87788719	30.16857672	37.55814954	26.42352507
	34.56136995	34.66990713	35.09076385	30.26961653	36.59662576
	35.4553222	41.09581644	39.48792242	48.0424567	38.88557978
	43.49061701	42.98757052	43.73917982	37.28442134	63.87741213
	51.50443137	44.17895742	41.00978881	45.50540684	34.83848296
	67.5804197	57.12740687	36.67147914	29.19978253	56.34538304
	50.67526956	52.28161737	49.6824642	50.21331741	45.45476577
	72.01212879	72.44433175	39.29584293	42.34465928	80.45590419
	80.71806103	82.700442	84.1631032	68.14866564	63.04899085
	101.4554572	103.6900746	85.82144265	84.38997226	111.9957364
	101.3095426	107.8192458	109.1179312	83.27068469	77.90746177
	153.7328912	141.8146326	103.9884266	102.7768249	77.39886119
	69.11449594	190.2184483	179.4453955	95.23872878	91.53283739
	69.80801419	60.23316788	221.276991	212.5706921	84.7453347
	79.47215757	61.49209108	51.98651182	247.3496626	240.8401344
	73.96495757	68.18228129	53.08095171	44.47721981	268.9609053
	264.4728098	63.52436038	58.0157447	45.03342152	37.71977769
	286.6636746	283.9418763	53.77736009	48.98833707	151.290213
	151.519223	54.03920395	80.80982116	145.302427	145.7096589
	179.7008058	180.1091246	71.97451129	97.80336966	173.3871673
	173.92709	206.5843064	207.1909344	90.95762977	113.6478131
	201.1099293	201.7814135	225.2776496	226.0647507	107.93627
	125.3018001	222.8659692	223.6344505	224.8992227	225.8160906
	117.5085889	127.7288953	228.8520885	229.6387263	192.2041713
	193.2256667	112.1822057	114.46797	205.7343352	206.473237
	120.7094863	121.767331	86.27890552	81.94828124	143.5256168
	144.3474753	31.22277701	27.82386355	45.9659536	40.84709774
	51.43890568	52.41476619	63.12407054	54.36928425	26.18950873
	32.38360219	45.40269959	39.4126589	90.56469041	81.83859917
	35.26286694	40.36085964	88.75232626	80.26624998	73.32396741
	64.77519273	31.29208551	32.79041222	82.7237132	72.2038274
	44.43343639	36.01990993	22.28249222	22.47099706	54.74392118
	43.80953877	27.80843389	17.4449926	18.25534785	18.03145428
	32.97208537	21.47963916	24.04309697	9.938319448	18.8767738
	17.71701591	24.91124159	11.39817579	23.72410083	7.972411623
	22.10214326	19.19262329	23.32046425	8.273741699	20.87171607
	11.79544346	26.02674931	20.95513205	21.17110569	8.798381454
	16.71958558	20.29303704	27.83045264	21.71910321	16.74546371
	14.81179422	24.51246159	30.11808634	26.86666311	22.31213056
	20.19182064	25.1859809	40.50860399	39.43185567	28.52921457
	26.0495166	36.54576558	37.99269939	52.19845683	45.878577
	40.21278443	34.95367761	53.57959385	50.35034675	52.6101628
	43.30575963	58.85268822	47.59415061	59.19683022	53.50293253
	45.23897206	31.32307255	70.02437154	55.62834898	45.38975778
	36.66674651	54.99938008	45.61751138	61.23424433	50.44911079
	42.15911691	33.17517655	81.79089328	80.22580751	44.02094203
	41.27520364	81.69914175	80.13612874	101.9434507	103.3126626
	64.5072822	59.62620447	117.0048957	118.5194011	108.5787048
	108.9992954	111.041056	99.52477258	132.1416591	133.9882475
	105.1436906	102.8371603	158.8545637	143.5756687	130.6772517
	131.0802555	96.53606469	91.66247491	202.1329098	185.7558667
	120.2968348	118.7776719	85.90338107	79.60645395	239.7034356
	223.8121997	106.560252	103.6184601	74.79968892	68.30258792
	271.4870239	256.8593226	92.25944341	88.73593007	63.96289645
	58.12662639	297.7751374	284.755505	78.55781755	75.17858572
	53.8277934	49.09995521	319.1002336	307.812437	65.94965281
	63.16944878	145.0765567	145.8214513	109.0949696	134.6344166
	135.6300088	136.5334301	173.1964797	174.0476653	117.4618563
	142.8275822	162.4897071	163.4609392	200.9317681	201.9142547
	125.5540769	148.8585343	189.9064713	190.9591176	222.6766968
	223.7769037	131.309424	150.4431047	213.4037145	214.5222631
	228.6315407	229.776875	130.8803911	143.8197672	224.6147106
	225.7188733	205.4656571	206.5729901	118.6487217	124.0103946
	211.0258115	211.9833462	143.2387277	144.3279102	89.98711549
	87.97073418	160.6728856	161.4803631	51.67892118	51.93010439
	49.47115258	44.11166829	75.47113721	76.58089185	46.3127047
	38.77893606	27.0825057	31.481105	24.98406889	21.53113139
	87.9511213	80.1794628	36.74600429	41.86780832	80.00107347
	73.44896287	80.29394336	72.25273998	35.24696407	36.01200416
	86.49617832	77.30168727	51.14894865	43.959423	25.94282393
	24.19861787	61.76754301	52.08166381	27.99319446	21.86831166
	19.39675499	17.0197135	34.97552752	26.49187573	17.44248299
	12.81815536	18.0394756	14.90832114	19.78092263	12.88884927
	13.69923373	12.88714336	19.90227813	15.28436182	14.35890993
	10.00338862	12.36925362	17.25831968	22.63186315	16.77211361
	13.12143459	12.39390096	16.95751824	23.86443709	24.67227622
	19.12872475	15.20517181	17.77368093	29.25196856	32.0466761
	26.12245297	22.80556914	23.88925035	26.19282514	44.63594229
	41.9817121	28.11528154	27.44035979	39.05684847	38.4076444
	57.74214367	52.25670263	34.75931026	33.82462916	57.14387076
	54.09690309	60.39579282	54.5364554	50.88283692	44.41550803
	68.30743793	64.72957964	46.61152547	37.6754005	65.2997608
	52.32302767	56.94373049	52.8015671	44.94676656	33.06670703
	60.82122673	46.09540066	32.35748675	22.53473656	82.82445888
	79.3086038	41.61829757	33.07236505	73.35858565	70.27991968
	117.2989418	117.7419787	57.4881	53.33314781	125.018977
	125.3725081	132.3302019	133.463564	105.7454623	95.86765886
	152.9634515	154.5735625	130.920974	130.8020727	156.3725199
	140.8169337	157.3963503	158.6512016	120.4956289	118.6631733
	202.507085	183.2957786	147.408289	147.5444918	106.5908495
	103.5901369	242.6611627	221.6809931	131.1289857	130.2307324
	92.06122141	88.7479834	276.5009875	255.1923268	113.2511322
	111.8365406	78.13565625	75.21163654	304.1725264	283.5557416
	95.93309152	94.5507339	65.34905779	63.2183928	326.1946085
	306.9511876	80.05473296	79.08784846	135.5996451	136.6406128
	162.3358146	186.1859584	123.4201756	124.5635269	162.4850614
	163.572021	161.9478128	186.1704288	148.2667841	149.4128036
	189.9005591	191.079771	160.0070536	183.0255464	174.3263001
	175.5180189	213.3713595	214.6540743	155.1840647	175.0621207
	198.2300083	199.4937812	224.5395419	225.8532209	144.9909154
	159.6347639	213.2287115	214.5140011	210.8929049	212.0896219
	125.5962599	133.1932645	208.2914662	209.4279203	160.4582245
	161.4739161	93.53340201	93.38789532	170.8092782	171.6258012
	75.25924326	76.15241816	51.77562829	46.39142452	97.12310136
	97.89949736	25.27567586	19.37046419	24.4673868	28.09024948
	13.16731886	15.09387129	78.87128008	73.12069969	34.78873707
	41.60644549	65.01499071	61.25223856	83.62192554	77.28769654
	36.17144262	38.0036588	85.09741082	78.47433342	57.81047837
	52.35232437	26.89672876	24.60597689	67.28654784	59.6933302
	31.04738261	27.52356656	18.32927412	14.72195662	39.29764714
	32.91287523	16.74233318	15.54138704	15.23181562	12.33515233
	20.10837859	16.23105582	13.46749449	13.46949849	15.31109528
	12.90893518	13.30563514	11.98221264	14.7891637	14.66882775
	15.96816712	13.65390147	13.76827764	12.60059495	18.2018993
	17.50113052	16.79603305	15.03041127	16.54910185	14.55474875
	25.5648805	23.48210379	18.36404779	17.34062594	21.43535669
	19.03792558	38.53868621	34.81622773	20.26048377	20.16155204
	32.26493225	29.62717083	54.96788915	50.95372934	25.44835846
	25.91768002	51.30741802	48.5471214	65.09508302	62.38437242
	41.19494505	37.91580992	69.95920071	67.70723141	53.29504007
	51.08648444	57.23037856	47.10936757	67.52040918	66.03676796
	29.56618268	20.61357099	54.79357358	40.01068688	31.28819002
	27.82343665	73.1298219	69.48070718	33.73025076	23.24364316
	55.98962385	53.13639793	124.8970301	124.6283289	50.40583929
	49.5085587	123.8243616	123.5773986	152.8432758	153.9294449
	100.7635934	94.33889855	167.0785277	168.2135855	157.2289308
	158.1660564	150.9957638	137.703491	180.5572991	182.0115455
	147.0917697	147.2166641	195.2386255	176.6082478	173.3481328
	174.3889929	130.6232768	130.0294302	232.7366761	210.734895
	155.8617935	156.319807	112.594244	111.7254141	263.6023232
	240.0490284	134.9688085	135.0623735	95.20032488	94.49777632
	288.2110313	264.5761849	114.1748284	114.2312192	79.32113917
	79.06842873	307.1920298	284.5681054	94.99473532	95.27565511
	123.5384552	124.6556671	209.6681914	232.1185677	109.4669364
	110.5856322	148.404801	149.5103511	201.8178339	224.9649723
	131.6779642	132.7203787	174.450954	175.6294758	191.2397747
	213.7249561	155.476198	156.5318893	198.3120949	199.624
	177.0888386	197.1617197	178.5035166	179.669757	213.2586661
	214.6569139	157.9265864	173.5429837	195.660374	196.9536478
	208.2796911	209.5532141	131.4592806	140.6068229	197.840127
	199.0805509	170.7543344	171.647345	95.44194252	96.8754627
	172.9949641	173.8146773	97.01625112	97.55246668	51.83134819
	47.12145285	113.7574787	113.9817668	12.89202331	10.78230124
	19.80135217	25.07378066	32.0742746	32.69127996	63.93175613
	60.64339949	32.62675765	42.93767201	45.51544801	44.55360541
	82.63311577	78.34876016	37.14568626	42.0783629	78.0177704
	74.3383742	63.99210535	59.65314268	27.56265152	27.10732479
	70.1561357	64.6517045	36.21122238	32.71110665	15.94127995
	12.94286758	44.83675349	39.18103523	17.205576	15.01345186
	10.01269745	8.026291442	22.96091962	18.56782154	9.116984204
	8.065464792	7.847246723	7.984628984	10.92982136	9.109617957
	7.319247931	5.825822908	6.04500784	6.695143094	6.359538612
	6.473046091	8.818972398	5.835944341	5.77761827	5.869920394
	6.798838731	5.60769713	14.97311335	11.07745998	6.89302023
	7.141112728	10.85661486	8.013427241	28.75073849	24.21515565
	8.341139716	9.283854346	21.61137857	18.42421103	49.82132143
	45.23463124	15.5827831	16.92251619	42.76942433	39.43833833
	68.93362789	65.56533158	32.66997805	30.95670715	68.11257791
	64.98678868	65.9212588	64.57029707	48.95395415	41.03037296
	76.8039306	74.51285201	27.73166878	26.64420825	47.77799133
	34.36613583	45.5783486	44.07181747	54.8237488	52.87952314
	26.65315578	17.76641725	32.9686093	31.53826739	123.473395
	123.2138605	47.38932159	50.17587553	113.9444919	113.89655
	166.8863867	167.7829367	98.52202727	95.20872962	173.0902467
	173.9679195	180.3753244	181.6147427	146.0019228	135.2246405
	197.921096	199.2959172	173.0592268	174.0752836	185.1568387
	168.3368535	195.7931206	197.1556826	155.4276739	156.0986857
	216.388403	195.5486853	178.722542	179.8309986	134.4328019
	134.9199612	240.7817445	217.8866289	155.7635763	156.651809
	113.6141127	114.1431688	259.2955187	235.9864595	131.9847911
	132.8100735	94.47884178	95.21658754	272.8198699	250.3490143
	109.7467605	110.6625211	109.7465272	110.6621938	250.3433495
	272.8279175	94.47964475	95.21735101	131.9864229	132.8115746
	235.9830208	259.303633	113.6150447	114.1439113	155.7653914
	156.65353	217.8843587	240.7855949	134.4345125	134.9214529
	178.7255848	179.834119	195.5440087	216.392256	155.431169
	156.1021098	195.7976768	197.1606347	168.3253751	185.1582055
	173.0657365	174.0821154	197.9285103	199.3043319	135.202884
	145.9961287	180.3876028	181.6282325	173.1008032	173.9801708
	95.1787282	98.49718889	166.9067301	167.8061004	113.9529561
	113.9056624	50.14892482	47.34064292	123.4962004	123.2410337
	32.97681512	31.53014754	17.76964344	26.66536032	54.82824447
	52.8857818	45.64166456	44.11696142	34.37704783	47.81027593
	27.78184661	26.67647736	76.8622301	74.56378792	41.03344296
	48.96115393	66.00251996	64.63793802	68.14237398	65.01714871
	30.96122408	32.6660066	68.99796099	65.61997961	42.75983158
	39.44320856	16.93270988	15.58919774	49.83841756	45.24925626
	21.5547627	18.40278573	9.241762342	8.297564805	28.72027475
	24.18186785	10.77726913	7.969302624	7.048737231	6.795946982
	14.95704125	11.03597518	6.776503498	5.574439546	5.818610499
	5.714341919	8.857662548	5.844624715	6.417129441	6.479989137
	6.719007095	6.048687902	7.342223119	5.839511306	10.98647599
	9.140754053	8.016109166	7.860843686	9.103974381	8.058748561
	22.98375668	18.59052521	8.034564486	10.01312681	17.19293231
	15.01080609	44.82278718	39.17813927	12.9418897	15.93912012
	36.20397289	32.71349042	70.11418835	64.62199346	27.10621354
	27.55405672	63.97739306	59.64605218	77.95600313	74.28702523
	42.06778149	37.11798398	82.60272148	78.32434412	45.45523107
	44.50706505	42.91450614	32.58899218	63.89504922	60.61247808
	32.06589376	32.69762738	25.05860876	19.78214911	12.87556994
	10.79204905	113.7470813	113.9739436	47.15587243	51.84467667
	97.0171771	97.55538569	172.9836188	173.8038464	96.89877742
	95.45782599	170.7510807	171.6443756	197.8326744	199.0730877
	140.6172099	131.4701609	208.276466	209.5499517	195.65605
	196.9492012	173.5481811	157.9301885	213.2561259	214.6542971
	178.5007413	179.6668853	197.1651323	177.0873303	198.3100138
	199.6218409	155.4746044	156.5302893	213.7282216	191.2377314
	174.4495475	175.6280349	131.6764857	132.7189232	224.9630683
	201.8185712	148.4035019	149.5090575	109.4672532	110.5859571
	232.1170041	209.6743386	123.5392072	124.6564679	94.99561732
	95.27639571	284.559247	307.201391	79.32154542	79.06875541
	114.1759236	114.2320064	264.5694689	288.2179556	95.20052448
	94.49752527	134.9707806	135.0640108	240.0428955	263.6077661
	112.59588	111.7264375	155.8656884	156.3235414	210.7263615
	232.7429555	130.626873	130.0324457	173.355249	174.396475
	176.5928514	195.2453543	147.0990023	147.2238057	180.5703967
	182.0263816	137.6753686	150.9989872	157.2425391	158.1812259
	167.0995211	168.2391661	94.29692014	100.7482635	152.8664162
	153.9584326	123.8462687	123.6077753	49.46803784	50.35647117
	124.9250004	124.6703919	55.99129755	53.14372107	23.23839507
	33.73132284	73.12997751	69.50595815	31.34434812	27.84750199
	39.99484087	54.83707136	29.51605956	20.56557498	67.6064287
	66.10042309	47.08958667	57.25384709	53.3535046	51.12810727
	70.01578507	67.75726117	37.91959624	41.20529755	65.16163272
	62.43364037	51.29941643	48.55159661	25.90337098	25.43317369
	54.98017598	50.9542398	32.18727601	29.58266516	20.09704239
	20.20205257	38.52062011	34.77517361	21.38179072	18.99217701
	17.27432271	18.31434635	25.58043123	23.45680707	16.59353377
	14.54496217	15.01438614	16.78512318	18.25003231	17.50777033
	13.83644431	12.60807416	13.66266861	15.95885407	14.79425628
	14.66024237	13.3229671	11.98447445	12.90247023	15.28120331
	13.42615262	13.4426124	20.09808464	16.23121272	12.31592578
	15.20126805	16.70529008	15.52412181	39.28789233	32.91481599
	14.71124904	18.3193667	31.03351439	27.52483443	67.26977829
	59.6853515	24.59784426	26.88917083	57.80349773	52.35583207
	85.06486959	78.44958379	37.9920266	36.1485929	83.60425503
	77.27728121	64.97646281	61.22241278	41.58884194	34.75864456
	78.84689977	73.10017454	13.14281691	15.10159068	28.07126021
	24.44250759	25.26517667	19.36133972	97.12231703	97.90228372
	46.40742141	51.77303608	75.26373535	76.15761078	170.8051457
	171.6230097	93.40276175	93.53766024	160.4570154	161.4731696
	208.2878461	209.424799	133.2021886	125.5999292	210.8908324
	212.0878228	213.2259962	214.5114115	159.64217	144.9907912
	224.5375338	225.8513357	198.227832	199.4916092	175.0691684
	155.1811619	213.369519	214.6522451	174.3248395	175.5165786
	183.0315717	160.0055879	189.89913	191.0783234	148.265474
	149.4115167	186.1701814	161.9506667	162.4841245	163.5710901
	123.4209613	124.5643042	186.1824156	162.3473518	135.599785
	136.6408224	80.05495051	79.08811445	306.9456789	326.1918273
	65.34576017	63.21508219	95.9327243	94.5504154	283.5535359
	304.1680679	78.13587197	75.21197427	113.2519034	111.8374077
	255.1903757	276.4988016	92.06168711	88.74859918	131.1316039
	130.233473	221.6781985	242.662041	106.59219	103.5915405
	147.4148001	147.5513222	183.288321	202.5132959	120.4987594
	118.6661812	157.4100732	158.6663204	140.7979768	156.3818055
	130.9279193	130.8092355	152.9881058	154.6032269	95.82925955
	105.7434576	132.3454567	133.4819877	125.0489365	125.4159731
	53.28190318	57.44858702	117.3242651	117.7791839	73.35618588
	70.30433986	33.05862214	41.594253	82.83490399	79.34663651
	32.30496214	22.47801597	46.089711	60.85872048	44.89018923
	33.03291527	57.00719646	52.83982321	52.31253225	65.33101659
	46.60791126	37.66112828	68.37763234	64.77552247	44.40977098
	50.88430708	60.42195211	54.5487633	57.14724285	54.09257021
	33.79403627	34.72483667	57.71275989	52.23038439	39.02140874
	38.36804684	27.40393423	28.0905751	44.57234666	41.94039884
	23.92402229	26.17425735	22.80679014	26.14483143	29.21943921
	32.03980805	15.32569956	17.79621462	19.15061335	24.68808674
	16.95859413	23.87272871	13.15844807	12.40728436	16.75602881
	22.59181175	12.33463281	17.23984341	14.32580229	9.978403696
	15.23650557	19.83987205	13.64482606	12.85471901	19.76155313
	12.86350679	14.8745921	18.00318235	17.39872835	12.79943402
	34.97916814	26.48918756	17.02599687	19.40290059	27.97417187
	21.86805485	61.77294179	52.08388968	24.21473783	25.95610446
	51.14417607	43.96227878	86.48534457	77.29164454	36.00920334
	35.23731163	80.27789152	72.24007341	79.97795667	73.43007586
	41.84866125	36.72353871	87.9243646	80.15492604	24.96609871
	21.52442816	31.45281944	27.0490116	46.29655811	38.76291013
	75.47357267	76.58495314	44.11402285	49.45435772	51.68417593
	51.93482012	160.6712099	161.4790967	87.97794348	89.98453343
	143.2368145	144.3257959	211.0235811	211.9812488	124.0148332
	118.6500884	205.4630436	206.5703124	224.6126117	225.7167714
	143.8246818	130.8804221	228.6292158	229.774502	213.4018108
	214.5203021	150.448733	131.3078765	222.6745603	223.7746745
	189.9050215	190.9576233	148.862735	125.5546218	200.9299664
	201.912345	162.4888085	163.4599986	142.8241636	117.4682911
	173.1956416	174.0467724	135.6302318	136.5335851	134.6242985
	109.1120941	145.0757262	145.8206889	65.94621473	63.16610587
	307.8170156	319.0915693	53.82039742	49.09212381	78.55723831
	75.17884069	284.7618269	297.7669066	63.96464972	58.12983633
	92.25861344	88.73628362	256.86471	271.4806445	74.79873685
	68.30351005	106.5598819	103.6193414	223.8178393	239.7002476
	85.90185636	79.60704889	120.2980313	118.7798108	185.7602809
	202.1351366	96.53235354	91.66014692	130.6824385	131.0861033
	143.5744618	158.8607632	105.1387356	102.8321115	132.1563085
	134.0047339	99.50470673	111.0404849	108.5785136	108.9978679
	117.031603	118.553225	59.57211249	64.47094231	101.9599756
	103.328722	81.70847394	80.16492342	41.22662872	43.96454865
	81.82233688	80.25953366	42.07984043	33.11281486	50.44145911
	61.24644532	55.00593237	45.61810358	45.37149981	36.64365431
	55.63419839	70.04412645	45.24129938	31.2877962	59.22352157
	53.5225037	47.59681788	58.8348398	52.62597237	43.30264848
	53.56493288	50.33313807	34.94045467	40.17835399	52.14348592
	45.84301951	36.5206383	37.9611019	26.07130174	28.56672792
	40.39167553	39.37883448	20.21315076	25.20228319	22.36060795
	26.93078688	24.43379604	30.08573691	16.69898256	14.86269191
	21.68054697	27.78832512	16.74787352	20.26284034	21.07720936
	8.788980394	20.85105151	25.91872967	20.89085442	11.75464755
	23.26330957	8.226041511	19.11616807	22.02673142	23.70543611
	7.941202494	24.89609503	11.37989073	17.70732695	18.86911132
	24.01561425	9.933250112	32.98299029	21.48276257	18.07460351
	18.29576083	27.80103293	17.45422667	54.75916583	43.8143833
	22.51256306	22.3161207	44.43620191	36.02184871	82.71788098
	72.19247121	32.78951142	31.28647815	73.30378447	64.75279855
	88.72844835	80.24277795	40.32944982	35.23687799	90.52326102
	81.79880409	45.38307211	39.39620576	32.33739473	26.13913111
	63.09076284	54.33932582	51.44190834	52.41708099	40.8382913
	45.93817968	31.22718458	27.83370771	143.5236812	144.3447267
	81.95151695	86.27458739	120.7086074	121.7661093	205.731882
	206.4703046	114.4688151	112.1837094	192.2019327	193.2230028
	228.8498814	229.6361901	127.7306576	117.5082867	224.8970887
	225.8136214	222.8639353	223.6321233	125.3055859	107.9337424
	225.2753203	226.0620924	201.1082662	201.7794757	113.650486
	90.95705962	206.5821582	207.1884308	173.3865113	173.9261984
	97.79676103	71.98282797	179.6998703	180.1079353	145.3017694
	145.7088203	80.79292236	54.06018481	151.2885036	151.5175153
	53.77018424	48.98053473	283.9498971	286.6603039	45.02682334
	37.71186418	63.52648304	58.01899894	264.4807305	268.958952
	53.08516069	44.48350736	73.96452132	68.18324824	240.8471843
	247.346501	61.49172868	51.98822791	84.74433044	79.47280497
	212.5783111	221.275568	69.80707381	60.23494999	95.23516638
	91.53051786	179.4541227	190.2186859	77.39290602	69.11057615
	103.9827296	102.7715704	141.8226118	153.7334763	83.25935507
	77.89699219	107.8175191	109.1157478	101.3034389	111.9892713
	85.80950865	84.37756266	101.4708608	103.7039849	63.00120037
	68.1109337	82.70401757	84.163819	80.4850804	80.74454089
	42.26334021	39.21070195	72.04726106	72.46980493	50.20119595
	45.43463877	49.64693184	52.2640931	56.38874946	50.69247417
	36.63994698	29.15050654	57.13403352	67.58872751	45.54259465
	34.82363009	44.18655319	41.01750245	51.53026665	63.85799806
	43.79907954	37.31252574	43.45352004	42.95192176	38.9053345
	48.020464	41.08784091	39.48875628	36.52220005	35.38397582
	30.28215309	35.11304667	34.48514348	34.584982	37.47810882
	26.36541919	30.08988692	32.81452245	34.84600982	26.01235929
	43.12691554	20.31741339	31.35486449	33.05874341	42.95846727
	18.17368513	43.20385531	18.06521419	29.27676587	30.09060658
	45.96366646	15.88531336	37.56867959	17.46935876	25.08541856
	25.61713654	41.0134229	17.17141661	30.91833851	16.95937038
	20.80106006	21.5975368	32.66752426	17.76363576	30.18834287
	20.22952359	17.63031125	18.54970096	27.31052678	19.18027138
	45.74004496	36.57669178	18.14915653	18.35750178	36.16267589
	30.46932924	74.72022972	64.79382189	26.64347862	25.1397374
	63.17840126	56.35745237	91.25069247	81.77099829	35.31105212
	30.1759146	87.24530137	78.8032461	62.43288516	54.51401061
	29.60720507	21.8464715	74.13867702	64.45593626	29.70215232
	28.61419625	37.87233269	43.12503629	25.68533764	11.08832837
	120.9084836	121.8716607	77.07097792	84.10704976	95.1043744
	95.88141473	192.5796586	193.1747799	106.0272642	107.5582043
	171.7824214	172.80524	225.2962399	225.696819	112.8695926
	106.2600836	213.0661806	213.7746696	225.6817586	225.9213754
	101.5975339	86.85518184	220.5358337	220.9208153	207.0063561
	207.0499737	80.04930691	58.70861639	206.2090849	206.2642807
	180.1586134	179.984683	54.54839403	28.83970989	181.4789726
	181.2107958	151.7975013	151.4125009	29.25245076	4.381222718
	153.8623322	153.3080605	44.19889832	37.57705891	243.5927154
	241.421226	38.53106926	29.23344444	51.82154692	44.35564399
	228.8625272	228.122361	45.11120388	34.37221708	59.78196041
	51.86153974	210.8562869	211.8460931	51.85034441	39.95224829
	67.7074167	60.09758039	189.0530141	192.0765039	58.23604144
	45.88835168	75.07466477	68.95105069	162.9939812	168.2134177
	63.55148758	52.07776582	81.06759931	77.72136421	132.4478587
	139.5806871	66.8594719	58.17247419	84.25852539	84.22611261
	97.89795191	105.6556083	67.19125464	63.10178764	82.15669722
	84.08274949	62.11877937	67.23617422	64.04719218	64.48044876
	71.83776331	72.37495757	36.3166754	32.37502397	58.22379737
	59.20998642	54.02845269	50.21351384	40.95217437	36.13074322
	52.20134145	47.44812814	38.71710707	34.12870154	54.20587022
	57.71142659	47.83612055	38.23610868	36.49000775	38.54750481
	56.66107536	64.62147839	43.63060846	39.47928022	42.14404595
	43.68383921	51.69109652	58.87230746	40.51809577	41.89087101
	54.19421758	42.80454237	48.52265414	51.90068761	47.62801859
	39.51921166	67.14562129	39.32918865	47.77248652	48.02984963
	63.25145775	34.98362769	69.79186355	35.16686825	43.86237237
	43.28513351	71.44525476	32.68998186	60.6319296	31.22883204
	36.94204867	37.61339241	65.84044075	32.43944429	46.0020452
	27.62105701	30.1653239	32.63893606	51.74162275	30.99706121
	31.76175011	24.03742712	24.43720158	28.10181752	36.08310622
	27.79425128	23.45175903	22.34186134	19.47751747	23.81362123
	23.45055654	24.60058229	34.47757845	31.47258092	16.29473487
	20.54821536	25.5291092	28.14157496	64.17615716	56.59172264
	20.59679582	22.23617881	51.13363165	48.31652937	88.86242697
	78.80436124	27.92120238	24.69824755	79.76656392	72.42072969
	74.91591895	64.4774235	23.66447491	16.32680757	79.74963017
	68.92727121	24.33166457	12.75948671	36.51457075	42.61345303
	38.32939783	20.71744305	95.08550786	96.15683257	74.65029316
	84.20470047	70.00125681	69.32286655	172.2183619	172.8581112
	99.69555947	105.2540922	145.5409066	146.6402821	213.6769628
	213.7056879	100.0435224	97.68689097	193.2323586	193.8409008
	221.2474802	220.7902458	80.13581836	68.91311729	208.0055629
	207.9459292	207.0054151	206.1179119	49.04297018	30.68806533
	199.2869725	198.5902257	182.3624249	181.0805025	14.50932644
	15.52223859	178.1212216	176.8478182	154.8359933	153.2113526
	21.35888561	50.16259241	152.57466	150.8179595	37.32424208
	29.10964378	199.6900877	196.746013	33.92116762	23.19147362
	43.57113021	34.26046906	188.9619166	186.9020989	39.58060375
	27.11168885	49.90579573	39.85146027	175.6802559	174.6267506
	45.29170213	31.29411412	55.82042258	45.79382531	159.3800509
	159.5063436	50.43420897	35.53686719	60.67259239	51.97990182
	139.6091879	141.0956136	54.18310401	39.69969439	63.76582806
	58.05910635	115.956712	118.8847036	55.48848213	43.53761275
	64.60361626	62.9705469	88.25012095	92.28248778	53.46465432
	46.52286576	63.08319064	64.34911794	57.36344592	61.0167556
	48.51416508	47.524553	59.27186072	59.08880119	29.13255293
	27.55743307	44.27962082	45.07461939	53.4760628	47.43824676
	29.12337297	21.43891948	46.10744742	39.82624722	47.97568995
	39.64841782	48.76215606	47.42007563	51.81724005	38.00297057
	48.63664092	45.11793186	61.78507744	64.1871201	55.2094185
	43.33872676	61.77413113	53.29900691	67.19906578	69.63377014
	60.91070716	48.99512361	81.04270036	56.07344759	67.54675617
	67.99730469	76.29009593	50.5987232	89.93412525	52.5995522
	61.31312221	61.03614187	89.04351157	49.60386023	81.67759247
	45.49270752	49.85620409	51.6371037	85.8150452	47.71914335
	63.54056751	38.45190253	39.48943677	44.12447999	69.77576854
	44.12256204	44.40939827	32.81607048	32.90379671	38.52069997
	50.61434544	38.71690595	27.61003765	28.23155695	28.42883531
	33.64728911	33.34502677	32.99773484	14.70030478	25.08116327
	24.7532986	29.6543207	18.50015723	28.26484261	23.10040751
	28.93169041	21.49309862	26.6341524	15.04418415	27.80579093
	53.30259046	48.86029954	20.69344028	25.33274968	39.35107142
	41.54975473	83.38897299	72.59155606	22.04413545	23.15889919
	70.13051075	64.19478065	83.01152509	68.89157644	17.26610011
	14.92127002	80.95125139	68.56485395	39.99857748	21.15811751
	37.36009709	44.40637086	54.28572898	34.57636515	69.83849555
	69.72322723	74.37637224	85.26704288	51.97324316	45.72563129
	146.0014084	146.7785213	95.28246625	103.9687661	116.0276693
	116.8633412	194.1461774	193.8047567	89.26852489	91.0484792
	166.311869	166.8827376	209.2191958	207.8037342	61.1542249
	54.25605738	187.6963207	187.1000614	200.7288378	198.4112686
	21.60912492	15.92433222	185.5065486	183.7140149	179.7592204
	176.6913391	24.75181825	51.70299408	169.3732087	166.5169291
	154.3857216	150.7227474	66.8041363	97.32029174	147.3920357
	143.673106	32.77861889	23.09265595	161.0841706	158.9186001
	30.83090444	18.80923144	38.08625032	27.02148779	152.6006035
	150.7581568	35.85320075	21.75512244	43.26212985	31.21383802
	142.0861572	140.4789315	40.7945894	24.86711789	47.66083388
	35.47186738	129.216114	127.9095932	44.94234393	27.85549022
	50.55660546	39.66095594	113.7273835	112.9320844	47.45349566
	30.57941486	51.2503874	43.55138377	95.35523053	95.35072022
	47.27813567	32.8080952	49.61808925	46.67152934	73.82373358
	74.74344549	43.53396205	34.23052328	47.2041113	48.04879637
	49.31198818	50.69343916	36.96411395	34.47403654	47.72874309
	46.58364567	25.90381425	25.29248487	34.06494268	33.61650321
	53.5097298	43.70849014	27.73064829	23.00901639	44.22893864
	33.78856253	62.76280503	46.20226308	51.16824946	48.2805124
	61.77679665	39.28388601	75.36153475	56.29627889	71.19141584
	69.5977937	77.95391052	49.4485016	91.7277077	65.26380777
	81.17407336	79.77797542	92.39931483	58.14064142	101.8202754
	65.82400495	78.11024969	77.42602733	102.4229476	61.58611451
	94.36333709	57.86779326	63.69361915	66.17276198	98.04108591
	59.95327417	73.98797542	47.10960389	47.51454838	54.34670453
	79.37848504	54.54109322	53.10152282	38.57235214	37.89956093
	46.09954374	58.09105794	46.80816748	36.87941116	32.9188543
	33.54040957	39.88171548	41.4304743	39.00414585	23.74143918
	29.25182917	31.08133214	35.07565552	28.83144234	32.95831884
	11.4644061	27.10945809	29.62061414	32.2390531	17.6145248
	29.0616737	14.81229745	28.80529327	28.32975101	30.97321238
	10.22712554	28.07240894	43.19348791	42.88593958	26.3555474
	29.99884065	29.06220379	36.80219752	75.97600115	64.87591283
	22.42865171	26.23906547	59.41256908	55.92669935	87.06655853
	68.70267629	16.91549656	20.5340665	78.5610023	65.11721285
	58.55561405	34.52729196	39.93813711	47.04131406	67.32237363
	44.80865736	52.01130462	46.03002002	74.21474651	84.70589256
	48.77670996	31.15556684	116.4247356	116.9826823	90.96090261
	100.9240529	87.32883364	86.59252734	167.6998613	166.8057221
	79.50184077	84.2559053	134.5763136	134.9290421	189.7934955
	186.8853409	44.72838846	41.85344632	160.7731312	159.3163851
	188.101019	183.4559612	12.45879212	26.24955411	165.4213732
	161.8332367	172.3349811	166.307868	58.59318569	82.61765897
	155.5823825	150.0887313	150.6278987	143.5743503	108.5272122
	137.6561169	138.598918	131.5984039	29.64773249	18.73744535
	128.9137209	126.6349376	28.58354948	15.32875408	33.94251137
	21.70116372	121.0173691	118.7052586	32.79884164	17.50298364
	37.90364081	24.85599214	111.6716784	109.1542107	36.75130658
	19.83279121	40.91364592	27.93979789	100.7610258	98.1651553
	39.79036635	22.00103723	42.45010158	30.85946176	88.26149668
	85.90803657	41.32114824	23.90003691	42.0998558	33.48117523
	74.09134878	72.31548714	40.6653432	25.27705375	40.24546864
	35.72121313	58.13728781	57.09752299	37.47683385	25.93558555
	40.0667862	37.71339406	41.32523108	40.71904924	33.88705678
	26.24611433	48.15303884	40.36646056	30.91362589	29.30159817
	38.83580863	28.10051331	66.08860645	45.99549776	41.58116973
	38.26625646	58.57553819	34.53045293	87.83635292	56.40844914
	64.1987588	60.31734762	85.26270253	46.09473874	106.6110258
	68.05284507	82.9836382	79.23751851	108.539334	58.91345307
	114.7200321	73.22166953	88.18431849	85.90374307	119.6188247
	67.40020128	104.0268211	67.50048919	76.72944441	78.40531284
	111.1578311	68.29081815	77.77587473	54.53963619	56.51329059
	64.03192827	84.75894713	62.35573968	52.46065547	42.23271731
	41.24311915	52.01876551	56.34223082	52.67042716	37.96981675
	34.35106403	34.8933323	43.64329976	39.58033622	42.56601343
	29.877816	30.02880925	32.21844302	37.08153927	31.5385871
	34.58065865	22.99696856	28.20994542	31.11534218	32.70489208
	25.80245584	29.79699677	14.94716176	28.27120259	31.7595621
	31.26210465	19.8288246	27.89899566	10.00261718	30.48154456
	33.11437979	32.09886852	12.14236839	28.34322021	32.77032688
	40.11878653	32.95930032	33.18581176	19.30334856	34.56748997
	66.69856406	58.18919689	29.17417437	31.49175986	47.43470659
	49.67383585	87.19865228	66.35022638	25.45627122	29.63626068
	72.90452397	61.18254499	73.42398205	45.54071774	43.63781823
	49.75628308	75.32896936	52.21687773	48.86377538	31.7278582
	72.14669509	80.97666881	56.70602139	32.48603548	87.13461588
	86.67662269	84.47869466	94.06851868	64.3875347	60.22467317
	136.5822802	134.759267	69.17684564	75.67693653	101.4770034
	101.3504785	164.3054331	158.9827027	30.46856126	30.65321721
	129.9028389	126.9604911	169.8812235	161.4665822	28.44794059
	37.61923038	141.0159397	134.3892958	160.5770346	149.8180218
	85.00748401	102.9185259	138.176492	128.3421016	143.8592829
	131.5016433	141.0546824	165.0150583	127.2427018	115.0161793
	26.67010214	15.29611004	99.90161951	96.28156628	26.19286041
	12.34281724	29.63104589	17.56295379	92.0950844	88.42398672
	29.1588982	13.95244415	32.28190406	20.10269011	83.66500777
	79.88542332	31.83497076	15.84004982	34.39758365	22.67937565
	74.70952619	71.09389363	33.98475446	17.73234444	36.09167106
	25.30304096	65.32822922	62.19285143	35.68152102	19.55900761
	37.7260008	27.95567261	55.50976219	52.99228928	37.10074089
	21.05206721	40.79376321	30.91760955	45.72955823	43.69569728
	39.21907562	22.26770504	49.2192707	35.1984839	39.04781549
	36.96781911	45.58866234	24.46260946	66.94691141	42.49993958
	42.63964443	39.66171339	61.5312003	30.35535774	92.21851071
	53.6219162	58.32948876	54.18412981	87.51486416	41.43159054
	116.9471411	66.35514678	77.47450291	72.75445461	116.2144744
	55.48963128	129.3768042	75.061422	89.06141612	85.38392438
	134.7467501	67.58755019	118.7085655	73.70275718	84.90633022
	84.9311407	129.7302388	72.49702217	85.1291274	61.76041871
	66.3300972	72.57631409	97.67916394	68.26060137	47.21094994
	46.26422934	46.0164775	57.71763025	54.436137	57.69830883
	29.40423376	34.85291567	35.37859734	46.80256174	28.33975483
	45.56190562	27.70966102	28.72102616	31.42838415	38.55935216
	26.25582897	35.32089381	25.74644415	25.98982026	29.09080046
	31.97310467	25.50376574	28.53457726	22.97665258	26.01731855
	28.71794074	28.1688463	23.50223811	25.48233785	18.79264182
	28.46730562	31.16917321	27.94786432	21.72613771	25.64770935
	9.794620369	32.7512536	35.35684692	30.70688322	16.81260297
	28.17557493	21.29099568	40.89041537	38.63641877	34.61015434
	12.10838173	34.3179536	55.64013508	55.07084401	38.56500001
	37.16278791	34.94224652	46.76667703	83.40257138	64.9884607
	37.77335198	39.67916623	64.50813632	59.16320077	82.2276085
	55.00963856	48.77012449	53.38487711	77.40312359	58.51623848
	55.68303239	34.75564007	68.20566261	75.33829074	64.72882291
	43.66057304	61.98479258	60.71454054	75.40657761	84.32830153
	50.46105792	44.4549994	104.0153099	101.2227712	58.2458793
	66.6665452	70.57500029	70.87191586	135.4390883	126.5888808
	19.6524002	25.28267892	98.76463812	93.80352197	147.9981308
	133.9790545	40.84947938	44.24450244	115.4659984	104.1526735
	145.6719699	128.0569498	100.4077478	110.2924144	119.5265462
	103.1940691	134.683039	114.9411847	159.2101804	174.9118501
	114.8802076	95.23954326	22.91484011	12.4013349	71.99203118
	66.90363383	22.8066543	9.788187875	24.51808466	14.32254216
	65.09734678	60.22492668	24.30523213	11.01556099	26.43275492
	16.75292263	58.60637952	54.133657	26.03933462	12.84702325
	29.14730154	19.46126034	52.64375431	48.85815143	28.54718606
	14.99624773	33.43570686	22.48525122	47.1254718	44.09134611
	32.60087528	17.27247572	40.22771765	25.91174229	42.15980008
	39.6723559	38.97724242	19.42465161	51.34745235	30.36380434
	39.36500475	36.99507002	49.29186913	21.93395978	69.06726527
	37.14949475	42.48369602	39.57139472	66.02684965	26.52002623
	93.59165338	47.35294611	53.68734242	49.68919847	90.32140923
	35.25790505	120.3425505	60.00514272	69.68152653	64.76805321
	119.0434374	48.09769906	138.8101951	71.12532823	83.23965497
	78.69244277	142.796089	61.79251705	135.3184811	74.91071426
	86.01528425	84.28320155	146.8921528	71.03580351	102.7741212
	67.64399034	73.88833558	77.74273262	119.9407699	71.31907986
	52.3859127	52.21494646	53.07931273	63.43164062	67.90293288
	62.54666563	15.38380433	36.97967005	37.11816506	50.12668678
	17.18686106	49.37196088	23.89522493	27.65412874	30.79005918
	40.51550219	20.41011253	36.97459556	26.44241334	23.23499148
	27.40561874	32.5196209	27.2157544	27.90781274	22.78586051
	21.74869368	24.8054377	26.18503046	23.0681899	22.65523707
	22.03110899	23.13700232	24.87685617	22.96357163	20.57230843
	21.06443824	23.18461299	27.4698114	28.69815541	23.64942297
	23.42152767	22.74835107	19.25645434	34.10655345	35.38066321
	27.90394193	24.7966037	27.08022946	17.14503467	43.16545806
	42.51875984	34.60098018	20.58117692	34.40714317	44.96029631
	55.57246939	47.36415328	41.82756297	28.49058642	46.24725455
	75.92708967	66.07191755	49.94285127	48.63211064	55.27517662
	59.28800186	83.82417775	63.49261686	55.49260923	58.33137857
	73.52685388	64.14364943	61.80718954	47.21264853	64.74490265
	71.02334627	67.09129369	55.74419637	43.71695423	45.9975191
	66.30601594	75.64860487	43.76068755	44.44677383	73.42682606
	71.11116483	49.96088611	61.72885977	44.46313402	49.8673934
	106.7085664	93.63166062	21.16784021	34.16756361	71.19235458
	64.79996167	125.0716108	103.8836839	48.04265004	49.52781571
	92.23959235	74.95883066	129.1560101	103.006503	103.89703
	106.2139915	101.9411799	77.4094847	123.7119613	95.21586173
	161.0537991	167.3403167	102.6398331	74.18586403	18.21645226
	10.01268657	46.24063199	40.51244322	18.11604631	7.627425803
	19.08705617	11.86046331	41.70485046	36.56370864	18.55686774
	8.601603765	21.60197824	14.42537766	38.48952622	34.28936515
	20.5739164	10.67526654	26.5508487	17.36475704	36.25284885
	33.03804698	25.10236055	13.19808555	34.69620093	20.69899689
	34.59454973	32.11169121	32.78117635	15.75425082	47.30142858
	24.69888319	34.24416196	32.13835303	44.7365891	18.3453708
	66.04826817	30.26192288	37.56508848	35.27473228	62.88489334
	21.90195414	91.16804625	38.52233809	46.44680767	43.20723276
	88.13830108	28.06147141	119.4550742	49.6399742	59.70890268
	55.17889761	118.2462448	37.96804037	142.8547494	61.51330214
	73.17174375	68.09325741	146.2069474	50.67594642	148.6590454
	69.60290173	80.5923309	77.03232162	159.5688158	62.56832505
	125.1889298	68.94735617	76.24796143	77.07755453	144.1470145
	68.54882213	74.0102551	58.19427168	60.23124622	67.47598383
	95.85539715	65.2148151	17.49063578	42.2121697	41.56425281
	53.93555324	32.11135508	54.0382887	26.34173942	28.84391829
	30.88319834	42.77344052	20.36140487	40.43567685	37.21826854
	21.58732871	26.6423982	34.14020426	39.95215247	29.08772751
	29.9151011	18.38576891	22.9766058	26.53514339	35.61179694
	21.53756419	19.53228539	17.70121676	20.17840787	20.67999304
	22.20462853	17.59567704	20.81744748	19.8578537	20.5708291
	18.02470648	17.02833537	16.97416434	29.59313351	25.24385385
	25.21235568	19.32561892	26.20271373	19.47327168	34.26210943
	33.5763532	33.58703083	24.5501957	35.70165853	24.85880799
	32.22991269	44.30156412	43.91583026	33.33506477	38.52695135
	33.37136528	41.26132534	56.94215078	53.26993823	44.21143877
	38.05244048	45.71081132	65.92188654	68.09055578	59.27745565
	54.52084797	49.50940991	59.55791286	78.09586155	70.07827686
	62.42329327	63.04683119	64.65573538	67.94102528	62.72551432
	59.0749557	64.10956682	69.97027093	62.50034578	65.01426373
	34.37215839	45.85331846	61.21468217	71.92534977	39.9808398
	53.13581416	48.78097113	50.26824975	48.95488964	63.94660122
	26.4282809	43.95891568	81.92454526	64.92331659	34.53415784
	50.41958398	51.1393926	45.80896747	103.5861108	74.97844083
	52.67048518	57.0263062	74.22182853	51.45245838	112.0618152
	77.40834239	97.48514316	95.18296747	86.64984216	54.28691388
	110.9349656	74.22583603	148.3612501	146.1143502	90.38673089
	53.97889912	13.08175807	8.037950362	25.09920259	19.77432334
	12.40710758	5.582525226	14.34713879	9.78956365	24.13282229
	19.66454282	12.9308233	6.49207495	18.51027667	12.34381281
	24.56954094	21.21505136	16.56145105	8.823618715	25.87353271
	15.25209651	25.40593008	22.87810458	23.41670212	11.35041959
	37.63938314	18.57377332	26.7099636	24.76949139	34.38637567
	13.7892014	55.7943133	22.79305618	30.09561671	28.46381204
	51.67225903	16.58932859	81.299029	28.88469283	37.2097759
	35.17803026	76.94816923	20.8297024	112.0641487	37.56586608
	47.92643022	44.67202789	109.1365494	27.6792983	141.5679606
	48.26744072	60.15361687	55.53786787	142.8664152	37.52454824
	158.2564252	58.36237735	69.95406376	65.16604769	167.2737102
	49.01705688	148.244308	63.47703679	72.22242716	69.85226688
	167.1734071	58.66107506	104.7930888	59.90501424	63.78228627
	66.73193629	131.0571656	62.00410923	41.27282758	48.10029189
	47.70229584	56.90266499	65.15411922	56.72498682	27.35104615
	33.473989	33.19993372	45.48255457	16.6637147	45.12845957
	53.48681483	22.40597707	26.25533012	36.08470263	52.1655147
	32.46740743	51.76906713	16.69391966	22.48558964	28.14696718
	59.38704889	22.62553404	34.03952434	14.25105073	18.54595636
	21.09580045	43.96055105	16.44411452	15.93106345	14.03626753
	15.81750124	15.89235343	21.89597321	13.46813681	20.4883071
	16.46714227	16.45917513	13.79759504	13.65323899	13.38553336
	37.53753894	22.10001849	21.39459458	15.5100025	30.3320332
	16.11005403	51.04268134	31.11688323	30.49685125	21.20171112
	47.80207185	21.75685372	54.59401147	43.02349158	42.72093795
	31.01988883	58.45130568	30.79090405	50.98482305	56.55425105
	55.22966134	43.82338006	58.03701434	43.5644625	56.41385322
	68.57435765	64.16966936	56.2965589	52.52363714	58.01779295
	65.95737338	73.40167882	67.40801099	65.38684168	53.05028489
	68.62584413	59.14902769	66.82586818	66.01316434	70.88186152
	51.9992858	69.95213192	37.51239086	52.33243992	61.66723111
	73.1310318	38.87276457	61.37506308	38.95101008	42.49069643
	54.6849321	70.77635495	27.88490695	48.61003116	65.61324752
	45.20727065	49.07354711	65.30770262	44.00274503	40.140897
	85.70250938	51.37322221	57.18801331	65.71171702	63.42803324
	38.0482183	94.57533522	54.27445134	85.00847268	82.57550013
	73.84665931	37.43231519	95.29383097	53.99552796	124.8216594
	116.4793693	76.81131713	36.7434044	8.322400666	6.105861727
	10.5394639	6.278588998	6.488264563	3.449639178	10.74039552
	7.639075966	13.20286004	9.840690849	8.422971165	4.509678595
	16.18718483	10.05787382	15.97860754	13.32205337	13.48454908
	6.802231779	25.46175899	12.80303432	18.55056399	16.47774404
	21.89555241	9.014205009	40.97913169	15.97211491	22.12752514
	20.70598565	36.21845053	11.33273974	64.61263663	20.195038
	28.04778228	26.90234748	58.96567057	14.36739683	95.91115091
	26.3183355	36.47814616	34.75514644	90.5669973	18.94449221
	130.7379823	34.63838582	46.53952616	43.48201295	128.1362368
	25.74013408	159.716945	44.18540378	56.3158838	51.93281639
	163.7083168	34.73427214	168.1883877	52.25968424	62.4945536
	58.20023162	182.9119695	44.53774841	141.8783661	55.04660356
	61.28659832	59.89739644	168.4987288	52.06987267	80.17623608
	50.07539998	51.57711095	55.78383381	112.8783629	53.66781254
	18.16955385	38.86077486	37.79430803	47.45569926	33.91127736
	47.82152145	58.79710074	26.42413984	27.3988347	38.31094365
	45.09265012	37.02411439	76.68671982	17.45421374	22.2881104
	30.12330344	78.49887209	25.9048979	64.01657138	12.78059649
	18.3996986	22.75338301	74.99626907	17.56656299	37.81001194
	10.81267365	14.46640326	16.39444998	50.7130697	12.49576376
	12.50618658	10.86360569	12.04224555	11.94606755	21.91179026
	10.20362655	21.39528154	13.24383737	12.89303117	10.42064178
	11.30982944	10.3741417	45.66019376	18.54568148	17.73932501
	12.43291679	35.15918724	12.94991172	67.36424691	27.34158181
	26.74753672	18.19296351	59.69310885	18.27525186	77.92280075
	39.49902939	39.49255983	28.0309547	78.04989004	27.07655911
	70.32248267	53.54723821	53.47105142	41.04613666	80.84847149
	39.6475405	52.79840836	66.24901366	64.36800298	54.16074498
	64.79218477	54.12063656	49.05961791	72.89073136	69.04795296
	64.31380485	42.61962968	65.96408804	54.84583224	69.75502415
	68.27027122	71.25493802	37.92162674	70.43994032	53.34579943
	57.67333156	65.32353186	76.07771268	44.38555616	65.79813615
	52.99695764	43.44175877	62.18895102	77.87355287	48.13039599
	54.55451902	63.17728162	36.18650023	59.82608978	75.50438693
	53.53052563	42.35588573	73.83502159	36.12518296	61.04465134
	71.51994122	60.96088858	34.08767631	76.96285495	36.40382959
	70.70873902	71.51174624	63.78033504	28.76841618	74.91481735
	36.32837765	94.01997104	83.16620395	60.59941983	24.18535112
	4.537389915	3.915285607	3.173552797	0.2384634881	1.58883797
	1.153831275	7.391591271	5.34889751	7.366367076	4.782005753
	4.775271584	2.591194081	13.44268463	7.744311421	10.77512221
	8.428769001	9.952703298	4.528748617	25.14488138	10.28137233
	14.63220502	13.06873632	20.27508429	6.622172823	44.95341522
	13.23985552	19.97876938	19.15154297	38.77562327	9.049928658
	73.57258227	17.30884399	26.86206308	26.12871661	66.70640802
	12.21140737	109.449956	23.10207775	34.79276225	33.35582182
	103.3986396	16.68849893	147.0783728	30.61592273	42.99645042
	40.24547077	144.8285848	22.91165591	174.7436513	38.74049642
	49.96664891	45.98241826	180.9281774	30.71399992	175.0683484
	44.9674251	53.16151747	49.39573492	194.3046796	38.82145334
	133.6604069	46.16805183	50.10764635	49.38128049	166.3473411
	44.63234176	55.6696497	40.85675649	41.08532153	45.74684351
	93.683499	45.20800002	34.007377	31.00053546	30.49291114
	39.53728705	10.96803402	39.57323299	86.71392755	20.85270072
	23.13179112	32.23344925	73.06112095	30.07225792	95.94026265
	13.62946511	18.66213775	24.86309312	99.60188063	20.6215523
	74.12588989	9.701956496	14.62546281	18.06537982	87.10181442
	13.66652506	41.23225255	8.060491657	10.94882345	12.48986537
	55.9366365	9.513409844	9.905518001	8.247209068	8.967026547
	8.833021098	22.20965896	7.714356947	23.0839746	10.39814176
	10.00617593	7.881858329	10.59754292	7.968811873	52.95780866
	15.05639427	14.54392526	10.12592465	40.02580784	10.21453453
	81.89180685	23.03749269	22.91394531	15.66849293	70.61571059
	14.89730331	99.81010412	34.5983968	35.09042834	24.7769426
	96.230163	22.90523413	92.97591581	48.42026305	49.01517676
	36.71081033	103.4167651	34.61286274	59.36607483	61.28504218
	60.70370545	49.1769571	82.14944263	48.47578316	29.68885844
	68.99480555	67.14204553	60.16446178	39.07905632	60.77555595
	54.8370663	68.40704544	68.96026463	69.66590214	25.00328449
	67.3962362	77.12629661	59.45924474	69.04166186	77.90284899
	58.2935949	66.11425032	81.99742159	45.83838177	68.38722297
	82.73289886	75.64964603	57.6647354	77.33686525	33.84228528
	65.76860531	81.08098173	76.47591116	45.33967315	70.47649392
	27.92858556	61.2685666	72.42076451	68.37637972	33.47052133
	61.07484002	24.76743934	57.10323068	60.30582523	57.21704931
	24.45580194	48.35799288	22.19533119	58.83493325	49.72447418
	42.36551267	15.96659741	1.15704991	1.28075911	0.8235777516
	0.8235774083	1.231437404	1.12468114	3.146827292	3.917899471
	4.56094782	1.549175917	0.254601143	1.121428263	10.61007501
	6.243398413	8.459327755	6.502714194	6.274990513	3.461350904
	25.93289346	8.498796688	13.53862976	12.66726575	20.15121629
	5.712477053	49.88678895	11.13254262	19.48509811	19.14841262
	42.81605855	8.038671078	82.46289628	14.78129479	25.8723602
	25.43151829	74.77615242	10.8204587	121.7703851	19.8689751
	32.32329827	31.17294884	115.0725587	14.64920524	161.409128
	26.28679017	38.28409571	35.93446771	158.9834783	19.88896243
	187.6920439	32.97316832	42.63289102	39.14796515	194.6937047
	26.37286432	180.8324543	37.71117779	43.62977502	40.37097705
	202.3326232	32.98595493	126.3357706	37.97812098	39.98612639
	39.64814188	162.5027984	37.50946465	33.91839649	32.95424794
	32.75791625	37.25776825	75.76707016	37.53548213	59.12898368
	24.69924578	25.34684376	33.09604506	25.88854752	32.4399834
	110.5299937	16.60204502	19.87193983	27.16465609	96.52516729
	24.36856406	111.9970509	10.74143739	15.44835258	20.4280459
	116.2640714	16.53406887	82.59026811	7.342233419	11.32879952
	14.18803596	96.3652745	10.77338433	44.38648867	5.937123517
	8.042167809	9.349988804	59.87994541	7.318247758	8.607901541
	6.202276082	6.587529616	6.452154921	22.63267276	5.870239258
	24.94367573	8.062687928	7.817736996	6.094679831	11.28681041
	6.153320244	58.98470491	11.96680291	11.94087632	8.511662506
	44.53356923	8.039440361	94.03965147	18.85323661	19.39143665
	13.63768764	80.24250222	11.9582155	119.091007	29.27730542
	30.32882846	21.57920433	112.4558372	18.85737538	115.5544011
	42.20113265	43.10504779	31.69089719	124.3779077	29.28279482
	74.32146724	54.66629709	54.55610473	42.69311803	100.858247
	42.12398907	12.72121672	62.95942215	62.55393983	54.09456937
	44.67471376	54.35328426	60.67041582	64.38218585	67.69696582
	66.17770481	23.22100836	62.34757168	103.8188469	58.47851815
	71.38019894	77.65387456	78.39791793	63.64853909	117.4227668
	47.2110996	72.68971843	84.822707	107.1597806	57.9575301
	106.3936869	34.2456608	68.80075477	83.51684608	108.6058498
	47.0893622	80.74979602	23.37630666	57.97284706	71.14074944
	89.47019746	34.12698578	49.49130205	15.80044371	41.88715846
	47.67039787	58.12287228	21.80756612	18.55677942	10.55669676
	23.50462882	18.51677463	23.50462808	10.63377895	
