6144	
	29.3440953	13.4069692	23.52129655	29.34409772	23.60883089
	13.08260215	68.7612678	26.22800271	57.15307892	49.72463411
	59.05623448	19.16171837	103.2551961	40.42552991	83.70070331
	67.90328147	93.68897536	27.88505245	121.8423528	55.39106231
	96.62616231	79.39680479	120.6368173	40.51697863	115.3752896
	67.52929912	96.60837418	82.97212198	129.3459784	55.60217835
	77.27493019	73.22038622	87.23263047	80.98530215	108.9052643
	68.22946157	11.02502556	70.56992459	73.66524191	76.70587262
	55.72239025	74.11300848	64.93436274	60.27981917	59.85576433
	70.59454665	25.54273338	71.24799997	122.4463611	45.60932448
	46.74745775	60.70760636	94.89340948	60.58387182	140.8783203
	30.97359479	34.08544561	46.86692838	133.9950021	45.66349552
	122.0173573	19.65929101	22.7948205	32.17144909	131.2336888
	30.96098296	85.24247091	12.47044123	14.30300407	20.251815
	100.6549697	19.65620348	47.88887043	8.443109076	8.977289077
	12.47852703	62.9893627	12.47923785	14.02270635	6.416239884
	6.357918613	8.209390265	28.1402143	8.467267093	21.39547353
	5.969763511	6.502826807	6.789629132	6.49634638	6.474432779
	62.22272316	7.373946994	9.504859919	8.241942913	44.67355404
	6.066312294	104.9239753	10.97616626	14.79003513	11.88000766
	87.8597872	7.435035985	132.5897	17.16449843	21.78500712
	16.55896924	124.6820737	10.94803754	118.1977835	25.97168627
	29.58521409	21.50733655	130.4563729	17.20917174	44.89472847
	35.61461657	36.74670933	27.47670086	80.29218992	26.31565727
	69.22558268	42.29458677	41.93213234	35.88949969	22.19562113
	36.20337969	172.183992	43.06547895	44.92216175	44.63546556
	129.7316084	42.82997091	223.6555575	38.29973126	45.89681355
	49.45872284	197.5013693	43.32866642	219.5886147	30.76942149
	44.63902505	48.75896093	210.3459893	38.3033508	181.2928336
	23.20246561	41.09144422	43.95472521	183.3362854	30.67245245
	132.1356901	17.02516036	35.74060198	37.16698699	139.4311072
	23.16982234	86.38027729	12.49599627	29.2432975	29.78509488
	95.02098036	17.16246927	49.82873226	9.224925842	22.10922977
	22.47218676	57.89523209	12.84416516	23.73300104	6.546123753
	14.72606623	15.64850237	30.41198265	9.757429331	7.610512407
	4.011385511	7.67411944	9.809108559	12.67094751	7.176001241
	0.4162838103	1.347891348	1.941333099	5.333978413	3.848248728
	4.560781174	1.352540696	1.058849882	1.461393112	1.422820358
	1.05884974	1.320766314	50.19482057	19.0409069	59.17981485
	69.37709709	57.82903144	26.62475549	66.05612623	28.56705902
	70.39478048	66.05057852	71.27863809	29.09727923	77.20173693
	39.27045613	83.68902689	70.05418581	80.38269753	32.36904063
	84.35841783	53.29003591	92.81296589	74.67782442	86.18114988
	39.59770686	80.63544298	67.3311872	93.75154081	77.48764056
	89.28560146	54.08576383	57.91497847	76.18966405	87.49211294
	78.38227909	81.30112931	69.65833227	22.55532477	76.298081
	77.79345903	78.4577547	54.73020858	78.88308291	53.79764984
	67.36511057	66.72975499	75.88485326	36.18628809	77.97492759
	98.90459971	52.54860953	53.78545437	67.42750567	75.03446976
	67.77138751	116.8407816	36.80642984	39.37228718	53.22036466
	108.0667854	52.44090209	104.4974475	24.08894058	26.13935093
	37.31782938	110.4550664	36.82283965	75.25633563	15.64459569
	16.45953826	24.08393669	88.10641936	24.24508999	43.20914948
	10.73852657	10.67294573	15.27533769	56.82135982	15.80133006
	12.93276523	8.287460208	8.157537855	10.48349258	26.00709692
	10.92431007	21.38312988	7.834631218	8.923431504	9.244550731
	8.618712811	8.60434399	58.61615474	9.562629088	12.79001227
	11.34182531	41.93911375	8.290961945	95.61338125	13.8785113
	18.95731158	15.50377783	79.52211456	9.884184491	114.8349849
	21.40592619	26.64069714	20.11494171	107.843271	13.86035567
	91.84633737	32.11395507	35.113184	24.90792026	104.0778343
	21.57928475	19.28456177	43.50028028	43.69434506	32.74882555
	50.3039138	33.10762937	91.80775723	50.92806698	51.20666852
	44.8898187	49.36483422	45.00124645	178.4600185	51.19205215
	55.83174518	55.9689249	140.3216512	52.11065157	215.4499676
	45.03422832	56.22020373	60.33617947	192.2535751	51.64313975
	204.0072166	35.82136713	52.53024538	57.21281555	195.9514218
	44.96477648	164.8747021	26.73111654	46.06368926	49.4068078
	166.8342414	35.69565923	118.4660371	19.39978502	38.23167626
	40.01019181	125.048518	26.91512312	76.85139592	14.11458647
	30.00595889	30.88668032	84.52360294	20.06999379	44.94202285
	10.41794172	22.05697604	22.96800182	51.9121591	15.26293304
	23.66130829	7.635736818	15.10954648	16.82700995	29.1766956
	11.82049607	11.6980038	5.254502374	9.802610601	12.44391334
	15.64694868	8.921099558	5.667656493	3.036938344	5.638922117
	8.599726248	8.623786925	6.186947225	1.918283461	1.316015038
	0.4482009925	3.836813314	5.295796594	4.510806355	71.30513793
	28.82075561	96.85521314	109.2108092	88.79185875	43.48119497
	73.36702563	33.5951894	81.81172144	80.28966646	89.60743715
	43.19771212	67.93089328	39.33811291	80.95668208	68.13986252
	83.73026336	42.02416314	57.35162441	48.95536665	85.16344144
	66.67077847	68.9007519	41.63890377	50.61586214	63.12931809
	87.51453834	69.80415722	56.06906956	50.50315917	47.39157288
	75.53133548	85.14754865	73.83601247	58.0211203	67.12328099
	42.90862718	79.61737603	79.51842997	77.37419157	61.03884977
	80.09753779	52.29749654	73.05046723	71.26999611	77.71500703
	56.09694139	82.04586506	76.48683712	58.62446643	59.05554605
	71.26395974	62.7017009	73.01884807	90.97667735	42.16788462
	43.82086468	57.97824561	81.08571287	57.93997299	84.90231911
	28.52278605	29.45434102	42.01315694	86.45823144	42.10961371
	63.90384317	19.20685605	19.0601393	28.12183519	72.8826802
	28.8295815	38.100105	13.58423167	13.03625501	18.5869584
	49.23898088	19.45423301	13.09571113	10.769463	10.73525887
	13.44353341	23.91062023	13.87911374	21.67864461	10.41162587
	12.15956546	12.45196866	12.0829191	11.33886589	53.7976134
	12.68230513	16.97392751	15.14511265	39.09046339	11.22584111
	83.34944691	17.99293738	24.09862183	19.71214823	69.57915147
	13.19315108	92.17182367	27.03094902	32.43025995	24.13050201
	87.59142319	17.87771143	59.95360669	39.64835231	41.67838088
	29.28157647	72.93881187	27.4379963	27.99400672	52.64514107
	52.23459742	40.38313025	23.1185487	41.65350518	116.2746887
	60.48674707	62.29841453	56.46116126	79.56689704	55.32071372
	183.0710893	59.69125273	67.70902311	68.63499925	152.1563126
	62.220327	203.4381836	51.58307088	66.26645701	71.01657927
	185.8384667	60.00032316	184.3949567	40.39507291	59.30486901
	64.46617675	179.1685883	51.18424197	145.4308433	29.89871301
	49.67698139	53.38868495	147.9429221	40.23649418	103.3303784
	21.88878423	39.6952943	41.80612134	109.1485817	30.49454103
	67.55229886	16.49093564	30.7230529	32.06431431	73.83202916
	23.26230115	41.6286068	12.9579762	23.65681699	25.23637144
	46.95973212	18.29642584	25.229601	10.31826423	18.87284535
	21.1741462	29.21903767	14.63366348	15.58112203	7.815226803
	15.36346501	18.34874107	18.59243481	11.50608618	9.789917703
	5.205621805	11.50001249	15.32728083	12.35657057	8.751850502
	7.646230698	3.965287252	7.639969785	12.52474574	9.647039059
	6.988549797	89.67968829	43.89299791	133.4798211	142.4603072
	112.0190065	64.69774155	84.77154273	44.18287748	92.5493395
	94.77486876	109.9228766	64.70645559	70.69952269	43.96558859
	72.31120892	61.73390534	97.66421894	60.33162164	46.32235036
	45.7989576	72.68829929	53.61620051	72.09861168	51.97198578
	29.43585922	55.70877069	79.52312636	61.61231602	40.36978284
	48.45357563	46.33425197	70.26541259	81.94862679	69.87599319
	44.28369752	60.41376107	60.70694031	79.00104279	78.86856314
	74.41644888	69.75897505	76.57644725	60.20669345	75.86082304
	72.03766543	75.25399877	74.79072695	82.38268258	59.10444968
	62.65761498	61.05644466	70.61643266	62.07965789	75.22050249
	64.68562123	46.25124992	46.66077027	59.75755546	56.70250377
	60.95005044	63.81775159	32.48840893	32.60770179	45.50086508
	60.55068746	45.85086941	51.49494146	22.91088749	22.2162565
	32.12063245	55.59982776	32.87455975	32.89778543	16.87584838
	16.18861491	22.39580411	40.65775378	23.20098833	14.88516947
	13.87012142	14.1839044	17.11870844	22.47083093	17.2312588
	22.37185158	13.79281055	16.28885718	16.41694669	16.24135335
	14.6500851	47.48023441	16.82367009	22.02473561	19.5705804
	36.00434204	14.87444897	67.35698643	23.36232467	29.99909272
	24.23530181	57.44490226	17.35800099	63.58809465	34.09564251
	38.93338866	28.34495804	62.99529455	23.06833203	24.26612118
	48.54088925	49.38654635	35.14099417	37.00118879	34.94834948
	63.497104	62.58598938	62.51876932	51.07052048	38.15420281
	51.84332336	139.6200145	69.88193114	74.50258207	70.19534094
	109.886145	66.40580316	183.6253501	67.10866914	78.93932365
	81.10485564	161.7611474	71.78429595	186.4337169	56.56317709
	74.10178102	79.46513513	175.7749393	66.85720005	160.5118979
	43.42267183	63.24985282	68.67508644	158.6623203	55.66812734
	123.2271435	31.94088605	50.8047765	54.73054579	126.2492824
	43.37030067	87.17987803	23.87223809	39.90131206	42.35861033
	91.90295066	33.22010419	58.68164175	18.88454093	32.21392944
	34.10917953	63.21185676	26.05465168	39.11805296	15.65304049
	28.05304029	30.23306137	42.69679432	21.13248065	26.69960968
	12.89800322	26.04380767	28.87018564	29.38890353	17.32527459
	18.96836653	10.05161938	24.35629079	28.13185717	21.08974805
	14.03189637	14.93030818	7.421878141	22.86366196	27.89520997
	16.44641585	11.14552872	14.40054246	6.385999513	23.26522465
	29.29365262	15.09747218	9.186062777	105.3412352	64.66824409
	164.9459674	166.5365847	129.88862	88.72137451	99.93592599
	64.68904374	104.6439431	106.5970992	130.3339224	92.23676004
	83.989758	60.36359448	60.03173641	54.31892303	118.9801749
	88.45781093	55.96284806	52.47700482	55.86296538	37.44868491
	92.01299555	75.19007144	29.8941372	49.61922412	73.105568
	56.97980549	52.87658534	56.55465829	49.90612267	60.42284234
	81.17170358	69.97121214	42.26216186	51.73332477	73.36906455
	73.42075731	77.33682349	71.53163779	75.36254389	67.56846193
	71.87379802	75.07896341	68.60167061	68.58843471	88.69925645
	78.66459309	52.43798251	64.11542607	58.66594376	64.59163556
	70.66404412	74.37815994	40.89380482	48.31612868	47.02214414
	57.48054367	42.35185293	60.94624247	42.33354419	35.16186044
	35.12663639	46.81735721	35.32234882	47.03216214	38.79940764
	26.18280964	25.72854068	35.40287562	37.77840196	35.46876235
	28.30305829	20.36579152	20.09258749	26.3496195	32.1250203
	26.49824415	18.04630932	17.57117252	18.54130169	21.37115864
	22.30687418	20.75018083	23.45406229	18.0937445	21.35071452
	21.03725404	20.49958928	18.47745176	39.54206679	22.2144791
	27.90751732	24.39614453	32.60397664	19.2497157	47.2096541
	30.31334445	36.54986931	28.75652481	42.85659778	22.53404875
	28.72621876	42.82129574	46.16231609	33.00564662	33.89953068
	29.88102618	27.85619261	58.4651643	58.48267194	43.80117783
	13.95280463	44.46543991	100.0853016	72.13582809	74.19477521
	65.01075336	75.71197824	63.16698612	156.9616709	77.1910749
	86.1365957	84.46452938	135.3024971	76.67401808	176.6249952
	71.29259573	86.96212992	90.66605415	164.0679742	78.63601588
	162.9177677	58.09425506	77.14290011	82.90059348	159.0149827
	70.13816321	132.1162591	43.54587647	62.43265522	67.74028447
	133.3780448	56.81264153	98.60918296	32.01189891	48.67069301
	52.53779281	101.8973816	44.02836822	70.44154762	24.78460618
	39.54871787	42.26712324	73.86895791	34.41620182	50.20930998
	20.65736179	36.02545342	38.44562271	52.96627075	27.946551
	36.92374477	17.73361785	36.18144238	38.97424235	38.95966412
	23.36145441	28.44181994	14.8933361	37.50659427	41.09903856
	29.96954528	19.60474042	23.48516863	12.09718293	39.24191301
	43.92529363	24.55872458	16.32784038	21.30058868	9.799682702
	42.1582113	47.85316602	21.8396192	13.48505709	20.81956064
	8.727736857	46.91407595	53.25883415	20.90398464	11.46164359
	119.7318133	88.68932821	185.7852749	177.3278286	144.5501534
	113.2919184	118.3355015	92.26922576	114.4541158	110.9352469
	150.3912111	122.2588481	106.0265139	88.47408159	48.91529399
	46.73477986	144.5317737	122.3785386	80.58362569	75.0489355
	39.9395183	25.93543069	121.5756978	108.6848645	50.399264
	55.91914623	73.21252093	60.77832276	81.59561028	80.08808377
	53.3057946	49.59746458	86.26694486	76.32582777	50.16782327
	49.76037027	78.58531496	63.14406314	77.7824189	71.23970413
	74.14455286	53.82833346	81.76357047	71.30636884	62.11014165
	59.37061853	95.6184395	71.9784167	57.8015598	63.8671181
	51.73468036	53.60858686	81.79641907	72.30159112	28.00378407
	48.59920014	44.5418985	50.97112367	44.88108879	59.00569981
	22.75387465	36.06924316	36.58457565	45.34706191	16.67746536
	45.45037044	27.21810918	28.47969532	29.23557224	37.28700816
	21.76036498	35.94845209	25.02123258	23.75322431	24.53120928
	29.95272649	25.04816487	28.81735462	21.64155667	21.80264436
	23.68663949	25.86223459	23.25484151	24.15098241	24.9447419
	23.39790201	27.22786763	25.98250929	24.31298135	22.70405779
	31.29467503	29.01259247	34.40696641	29.1999465	29.64618409
	24.35180727	26.27548426	38.90219365	43.46867392	33.05129664
	28.96087577	28.91698707	14.88278641	52.759559	54.01177274
	39.13347633	16.9243744	38.61016108	69.36192762	68.07186008
	68.78995329	56.22725503	52.62368494	55.60174771	129.4381965
	79.01455014	85.69624106	80.57347824	110.0071064	73.94616192
	161.8450085	79.76088694	94.25648981	95.77903059	148.5330447
	83.45056426	158.4233972	69.91150716	88.5746844	93.57773857
	153.8113821	80.06032045	132.0490478	54.55112561	72.83125647
	78.4347201	133.5752787	67.83992407	99.83427785	39.87544763
	55.50756256	60.1495333	103.6311734	53.54340763	72.72801889
	29.76350571	43.8483683	47.24733486	76.18614157	41.87091307
	54.33888526	24.46850682	40.99470564	43.71608335	56.58208968
	34.09086219	43.26320998	21.67269767	44.29919999	47.09723532
	44.55013691	29.05050887	36.54834788	19.34613675	49.63480331
	53.00984298	37.37592793	25.24618862	32.30329838	16.89010575
	55.36920684	59.54845752	32.90080219	21.93169027	29.64355439
	14.56309099	61.65615421	66.55036246	30.04430393	18.97534616
	27.72423208	12.5668121	68.8203096	74.08050364	27.9561201
	16.32164441	25.99088637	11.22469292	76.55227718	82.00861197
	26.12179824	14.20905599	134.2602117	113.3367801	190.310906
	171.1299018	157.1393808	135.977637	139.4611674	122.5054569
	115.9655305	103.7976845	169.6880525	151.1470505	133.9685453
	122.7203564	40.70948232	36.5576873	171.5198081	157.153728
	113.3182488	108.9028703	35.38271335	29.88743412	155.2641762
	146.6562131	79.55486532	79.79785706	81.06137106	71.66716422
	116.5680413	114.2680429	57.90006738	47.80930731	96.51981957
	86.54694803	67.42218524	64.60442439	75.42325137	49.65112891
	81.63224691	73.87722664	65.56390218	38.33692811	86.87998582
	66.27453046	55.03413878	50.17402587	94.6351853	64.10626794
	68.83525339	64.39503879	41.53737321	39.64979607	91.13788815
	72.05877539	34.76437522	48.98535062	39.77594595	41.48070695
	57.10002122	58.2530663	12.0909413	35.6365741	36.68216878
	41.18164663	19.75004254	42.49467491	18.49976339	29.52812266
	32.14138553	37.22092271	11.09149195	34.34393686	22.98851305
	26.75043358	28.98263795	32.51840719	20.08932477	29.83378427
	24.77598938	26.40953378	29.18708331	29.92938121	24.19352916
	27.14576633	27.68288954	29.62191363	33.4739539	30.60091998
	27.65042823	27.14013491	29.63816692	37.01327075	40.97610193
	33.46389034	30.80871596	30.10120666	30.76838868	48.3777904
	50.19226445	37.51146913	32.50782823	36.51516377	56.57866604
	62.13992115	62.04786963	48.24701562	49.40265627	48.76089923
	104.8719396	74.58945531	78.84531586	71.04556457	91.01635814
	66.44964816	142.1211456	80.26552207	93.83477828	93.32791445
	129.7170868	80.97867272	148.7877772	75.49603308	95.42503639
	99.34010432	142.6072053	83.52337414	128.4287621	62.18547188
	81.51205259	86.77244	129.0703866	74.15354436	96.21683574
	46.37046435	60.21930516	64.93583514	101.5631859	59.89596347
	66.87220989	33.82008452	43.28476592	46.69083557	73.30526262
	47.42920978	49.13951263	27.13390048	40.21963047	42.51636414
	53.53961124	39.28632978	42.72362921	24.73247211	48.28031117
	50.47098656	44.58396428	34.56279902	41.12908323	23.50866639
	59.21881317	61.93873583	41.81310629	31.35056402	40.05046749
	21.97858887	69.96172819	73.35473585	40.48804545	28.49683152
	38.40438872	20.05185024	80.29458234	84.18492604	38.86865528
	25.66470066	36.07271478	18.01368535	90.42673026	94.44198835
	36.59709522	22.85290895	33.04798912	15.94800836	100.1912238
	104.0156125	33.61677682	20.05299991	29.64658024	14.15691981
	109.0926853	112.8159211	30.21925097	17.50771791	148.8031027
	136.0758232	174.909497	146.7684791	167.518285	154.5877058
	161.4848708	151.4831847	104.5440788	83.54093228	186.80588
	175.7250588	164.0808891	157.6190312	32.07246133	21.68851304
	196.830727	188.3719673	149.6016158	147.0596791	44.18348884
	43.70068907	188.5884581	183.5011326	114.3179416	114.3877953
	91.96595768	84.13129171	153.5820735	152.1603088	70.25103092
	64.02978911	107.1625458	96.04191059	93.68423823	92.93242773
	65.0209156	35.89570537	86.77366579	76.96530338	54.00912398
	30.47438693	85.86887688	61.23310769	49.41658511	42.98516021
	85.91542885	55.82059971	79.57058071	67.9480121	30.4203633
	26.06565206	96.92290363	75.17982215	48.988524	52.24774719
	34.04729078	31.5773928	70.01261186	61.8640831	18.5667016
	35.46320822	35.1382123	35.01694857	32.21455142	41.10533428
	12.94606584	29.54038177	33.55552938	34.80449807	9.600997721
	31.67333126	20.94496204	29.09719797	32.48273082	33.17696762
	15.89322721	29.60091065	27.25802918	30.97138731	34.07681519
	32.55347942	24.28948184	29.45401017	33.77852592	36.10788705
	39.04850882	33.97915642	31.90527198	31.38223136	42.64421679
	44.93608218	46.47066219	36.94419135	40.84261935	36.00217179
	60.47748086	56.31398142	55.62721278	43.2649478	56.2092525
	44.39228349	91.82258161	67.43142569	68.7225536	59.63912739
	83.94994084	57.99111775	121.7603626	74.62706817	85.3165049
	82.96661032	113.9192922	73.13008353	131.3494567	74.38938368
	94.90486604	97.14451779	126.2563931	80.53347537	119.0548184
	65.48274138	88.41911236	92.35584368	116.8242339	75.38112505
	93.682026	51.32669215	67.51372359	71.73468526	96.00797327
	62.4356457	64.32439476	38.43337888	42.05041128	45.87802961
	72.55358581	50.8602649	42.04276969	31.40863729	30.72438612
	32.61803221	53.12711554	45.02597135	36.54384872	29.47658531
	44.03273543	44.49790102	44.26792827	42.46902168	41.19788805
	29.19918402	63.1402998	64.04815622	44.70882828	40.39835788
	45.31268582	28.52570534	80.73489272	82.48483506	47.10955944
	37.93501535	46.36382888	27.05387768	96.35627536	98.76889411
	47.74457052	35.02407962	44.7947497	24.99029032	110.3663641
	113.0548353	46.14660498	31.77535464	41.43150887	22.59940513
	122.8551324	125.4580076	42.80794338	28.32934652	36.99436273
	20.00815195	133.647204	136.0208148	38.35431518	24.790597
	32.23087764	17.55044405	142.5529403	144.8916679	33.48949484
	21.42814248	161.8324296	154.7029912	140.6912747	107.4982885
	174.928494	167.7310439	181.5131185	176.0252915	79.27328117
	51.94829075	199.928632	193.8573402	192.2035482	188.760811
	20.93096265	13.30594669	217.4109913	212.8289814	185.0221866
	183.8325048	56.99502902	60.07184399	217.5358701	214.8039821
	151.6747719	152.2984423	101.2275572	95.24647795	188.7811611
	188.1701213	94.01729011	92.804516	114.0358636	102.3800344
	125.7623419	126.5136575	52.84737163	29.90314857	89.82774925
	78.14608033	51.92734116	42.9345055	78.55827105	55.22041984
	45.22185685	38.10604569	70.53801074	45.72430907	87.51186062
	73.9292422	20.94962151	18.07940534	98.65430651	79.56057004
	62.53469956	59.40260671	28.77932846	24.69019126	80.96063172
	69.65989048	28.56064462	37.41219908	31.55763862	27.70513493
	43.31821179	43.6264463	9.884105945	29.03756448	32.34601522
	29.72090751	13.78593733	29.51965408	18.63802432	30.35314454
	33.6287081	31.05000676	12.15100804	28.37686445	30.39155005
	34.39924072	36.75283957	32.65695991	25.03115546	30.61319796
	43.97334002	40.94813964	42.15359261	35.36867097	38.9718816
	34.45051435	62.33101204	49.65643518	49.03501264	39.86221026
	56.51289358	40.44683092	86.35923053	58.42452485	57.88545851
	49.88361572	79.71521433	49.67703803	107.9638311	64.66469305
	70.94216863	67.86607875	103.3281823	61.8199337	112.898531
	66.94580081	84.09685339	84.6448871	112.6097542	71.36499822
	100.6239777	63.9115653	87.71419621	88.89664621	100.7966255
	71.50935034	84.50618563	54.9658955	77.71165709	78.93205215
	81.40966359	61.99413836	68.17170276	43.87411484	55.16089456
	57.98536602	67.93807834	50.68382399	49.98965512	37.84710798
	26.25466589	31.85917199	59.34784441	48.13066188	38.54273525
	38.03741998	25.38729537	26.65915352	54.04163969	52.32547795
	41.14405152	39.2297847	54.54465607	52.72956856	53.52569058
	54.6788183	48.43121441	38.9618977	82.31583962	80.86645478
	55.97494148	53.31006282	52.79891016	37.31256918	106.035443
	105.6525297	57.69723258	49.72883267	53.16247365	34.78038047
	126.1859315	126.7745549	56.9253525	45.24987251	50.4628343
	31.71555859	143.2884556	144.5488288	53.7139325	40.47156598
	45.88726238	28.35732949	157.6059254	159.3009886	48.81897794
	35.65078535	40.39710045	24.85727704	169.3014955	171.3454483
	43.04142876	30.9137432	34.78419103	21.51110424	178.594418
	181.0582548	37.09755704	26.46141777	171.5430606	167.8422326
	93.69388772	59.87502086	178.7527562	175.1215979	196.8739225
	194.0794166	43.55503805	14.05762838	207.8391891	204.8344722
	214.7723881	213.089813	22.32882343	36.16653756	231.2405666
	229.0158632	215.4349995	215.0017796	70.72578101	78.39720745
	239.214334	237.9212695	187.4265668	188.2057658	108.109378
	105.6361179	218.5463838	218.3708957	125.4320957	126.328805
	116.6514167	106.5244493	158.7811714	159.7713872	51.55474756
	42.53218356	89.73870542	77.65390023	68.74397123	68.20669179
	65.59527973	45.82192019	41.80721361	35.33121318	50.36574727
	31.83787549	92.00920593	79.42147538	16.59446993	20.8697289
	96.1894867	81.48909752	74.7991005	68.91471007	25.87245946
	24.62639104	90.03385993	78.79125717	39.34143945	42.14784031
	26.28528807	21.21948866	54.16529104	49.80678052	14.28344162
	28.44682807	27.77571228	22.44887732	22.29660717	29.16298797
	19.37683912	29.5763402	31.08056701	26.07254618	15.19087762
	26.2326389	34.99239155	34.57367595	35.39037116	29.94963487
	28.87434339	29.65876186	53.64293654	40.75494835	40.71970883
	34.61829738	46.6524667	34.39696249	75.10932017	46.75407791
	46.75872074	41.49676068	67.5663519	40.29691298	93.89755027
	50.71623768	54.8370533	52.74988321	88.31106665	47.91414375
	98.45293843	52.79061589	65.25992319	65.59573581	98.8183317
	55.96767972	83.86903369	54.33912773	73.05231503	72.51796342
	89.71376757	60.30644835	65.28353403	53.5049088	75.47819191
	72.31632154	67.62179765	58.00518931	59.10792165	48.13643379
	71.6436239	67.95614123	51.78056247	49.60372042	57.17618309
	42.32830997	55.86436165	56.18734797	51.01452613	42.92273059
	52.27009169	44.37714665	27.87828711	35.64406611	58.52778691
	51.45638517	50.39507444	50.93633719	27.67931047	31.00171074
	66.63475832	66.00148477	54.67327108	54.22541213	64.8235867
	60.69878321	71.6888223	73.24675379	59.97112279	53.203387
	100.7691255	95.72603867	73.40338107	72.18669478	62.23271736
	49.74014529	131.4751509	127.6112475	72.26257949	66.60327922
	60.85304897	45.3047922	157.0975662	154.9669452	68.65872941
	59.56275701	56.74846598	40.54930665	178.332298	177.8955775
	63.17512964	52.44547474	51.07260078	35.74320291	195.8054285
	196.8498214	56.55673111	45.6757945	44.73554384	31.01673531
	210.0409149	212.3436458	49.47341312	39.33134436	38.42361796
	26.57465683	221.5231204	224.901298	42.48513372	33.50104676
	176.9066253	175.224852	41.09138193	11.61633544	178.7564521
	177.2276551	206.1819105	204.9966338	8.958867294	29.58449284
	210.157827	208.9822169	229.7903376	229.1937579	45.87300072
	66.87228609	237.7278342	236.9494091	237.9972407	238.0516785
	86.71242791	99.06015569	252.3582392	252.0051216	217.6339406
	218.380378	114.8868453	117.1882011	240.4519879	240.5821493
	158.3462576	159.5829943	117.6735966	111.1746656	188.3467172
	189.1150911	68.99074162	67.67871517	88.43162809	77.82960493
	96.2379724	97.41382403	48.4290303	31.49192327	40.06024253
	34.95411532	29.39270892	15.87560278	92.60915442	81.51507238
	19.99271147	28.82938378	89.24271482	78.28968281	86.12578458
	78.5944892	28.00514139	31.2269794	97.29671985	86.60932802
	51.91308301	49.2139509	22.78342159	20.92405417	66.0904195
	58.17651875	25.10941583	28.3210862	21.25765862	16.72618565
	34.16220883	31.31539012	24.19251929	25.7034193	24.98819882
	20.46924723	23.95867979	23.18386389	37.64527502	29.16509879
	29.49446127	25.64586124	32.96952788	25.36350222	54.64593013
	32.49993018	34.32356907	31.62129811	48.07237186	28.9742682
	70.63292367	33.88047042	39.7509515	38.93890391	64.20545171
	32.52527834	77.71201928	33.80522929	46.10003636	46.68295073
	75.03038412	36.54109987	69.22005846	36.27903695	51.07719744
	50.85824967	72.99022812	41.06230814	51.73120216	41.81951308
	54.2513284	50.75161249	59.16345683	45.31690879	43.50712876
	45.34954487	61.89510004	53.76788642	46.55450465	47.53425653
	46.96125377	43.4707475	70.85611831	60.90617756	40.70445688
	43.14545006	52.06393488	41.58504984	67.06975851	61.27319841
	40.97498356	36.36321506	57.83430613	51.66487243	45.1940454
	48.63442922	57.1563502	52.44639836	65.49077678	66.2125941
	34.45114788	40.13085393	79.11841437	79.35873878	72.44672717
	73.42102437	70.34929315	65.19161305	92.75202164	95.00581499
	76.00383545	72.35113342	114.0350599	104.9651521	96.01036279
	96.49012147	75.56890486	66.74298263	153.2143747	144.4811752
	92.50433306	89.43017877	71.83719143	59.67928046	186.4496444
	179.826089	85.60414398	79.36180805	65.89799209	52.55396357
	214.2414876	210.1801422	77.18372733	69.14540535	58.77552871
	45.7897988	237.3526717	235.6957022	68.20409245	59.69986525
	51.23684734	39.45791653	256.4527011	256.8480744	59.20945085
	51.13036624	43.85761971	33.64199401	272.1280405	274.2083753
	50.61006255	43.42546388	177.7787489	177.3309524	15.38503736
	45.35015405	174.8089296	174.5503115	209.2726861	209.1164723
	44.8841661	73.05043109	207.0720095	207.0298826	236.9281057
	237.0967434	76.83357175	100.1964272	237.1321006	237.3052544
	251.6381387	252.1329744	105.901083	121.9689162	256.9382312
	257.2927836	239.8260805	240.6428215	123.8532998	130.8939803
	253.5013906	253.9915564	187.9010841	189.0412489	120.1588086
	118.1728721	211.5825597	212.2560155	96.34594666	97.06896399
	88.68312321	80.77938014	125.3006174	126.3843869	30.7650452
	14.29054339	41.24654085	36.82768735	24.16946901	21.13979317
	88.26588741	78.27088239	26.29792218	35.41512499	77.23602999
	68.86905933	95.40520852	86.6032136	34.34599821	39.50878158
	101.5445768	91.31791709	64.92545547	57.92225154	26.17692531
	27.72403565	77.98785183	67.48631151	35.91103905	30.18834832
	18.61904915	18.42135307	45.75571764	36.29571889	27.74751922
	19.69980005	19.06976116	18.04214059	30.40560452	20.40017695
	33.7010842	18.59410189	22.24026403	21.37887145	31.71897049
	17.90359353	42.76596221	17.71152789	26.66236359	25.9852705
	38.81486058	18.34662482	48.4440612	15.89090188	32.05611295
	30.79210285	45.07203966	18.4329103	45.38136104	18.4275091
	35.95023834	33.43841644	45.22100559	20.35081958	36.50337152
	27.58573871	35.36970361	31.90147896	38.90379028	27.028094
	37.27831272	37.5360704	35.87981926	31.03785933	38.42513478
	37.65422859	46.28536672	43.78383129	48.92215559	39.71374068
	48.55626004	47.64610392	49.76567933	42.13051822	68.10746468
	54.41814089	52.12156405	48.00067488	50.02807927	37.17630597
	76.08339814	62.97897701	42.53781369	33.73527695	60.8856749
	52.91496779	62.17055708	56.71575018	51.5143022	44.58979667
	79.67674552	79.35259133	43.81648004	46.48024175	86.37540783
	85.89199849	93.25156555	95.0139454	70.33280513	65.50466503
	113.131784	115.4489646	97.5157938	96.62387306	119.27517
	107.4272994	122.4464203	124.1964107	94.77242527	89.62304307
	167.1500442	153.2663216	118.9300812	118.1176535	88.08935279
	79.54816479	209.3963103	196.4273892	109.1292079	105.5476632
	79.47382474	69.3065026	245.5605562	234.7491274	97.14478523
	91.72203059	70.07458818	59.84543029	276.045403	267.6529283
	84.83199564	78.74062728	60.5756981	51.27456976	301.3906376
	295.2786987	72.93101803	67.07586893	51.47347821	43.57644352
	322.1952804	318.1064102	61.82475205	56.73382187	174.3011855
	174.6624494	72.28314212	101.1798255	166.9851865	167.5413269
	206.6138321	207.1576397	91.45896425	119.4666438	198.8693147
	199.5618925	236.7053302	237.4465389	111.2810722	135.9515697
	229.9387921	230.7607721	256.5232316	257.4355784	128.1195641
	146.9815622	253.41694	254.3214156	253.0841073	254.1097132
	135.6112137	146.5857802	257.5823252	258.4729323	211.1776732
	212.3009891	125.257001	127.4333449	226.9563722	227.7637723
	125.1165345	126.2502659	91.63391558	86.57523656	151.3029264
	152.2123872	26.6922969	19.82384834	44.879233	40.05896284
	45.16239312	46.13404385	77.72816186	68.71497369	30.43178635
	38.12347645	59.7100128	53.38756756	100.5051563	91.3514236
	40.22267761	45.3299569	100.7748107	91.52831861	76.20574184
	67.44530005	33.37842538	34.80981541	87.64350007	76.50540371
	44.10761613	35.65321939	22.74818187	23.11203886	55.02919475
	43.87565629	27.53533166	17.16724833	18.14150564	18.06226193
	32.3594677	20.87720311	24.27278915	10.20196688	18.69582621
	17.46689968	24.7951165	11.509694	24.23428505	8.326052083
	22.52687366	19.1176628	23.59162067	8.655403008	21.30309892
	12.69014015	27.67732097	21.48045109	21.63415566	8.895355951
	16.5172843	22.25006962	30.72891008	23.05629429	16.7879532
	15.28462112	25.55978407	33.19757693	30.323028	24.44115352
	20.27569638	26.67123388	44.21835883	43.68482599	31.22358704
	28.66499838	38.71650637	40.89824711	58.7358002	51.85170428
	41.66819965	37.54696999	59.04350236	55.73177761	60.95658408
	51.01082331	61.82262228	51.07688461	68.47781492	62.49786692
	51.48945464	36.3862621	76.89351202	61.23847825	55.34378821
	46.79431132	57.56736707	44.86856995	70.27437554	56.66815723
	43.07287236	31.12669729	88.19599153	85.20921339	49.10131032
	43.94508886	84.84484527	81.99489169	113.6779162	114.8820936
	65.59416279	60.62453957	128.2597721	129.4521696	123.139617
	123.9543978	116.8982315	104.7107776	148.7674346	150.8228182
	120.022085	118.1200548	171.2005083	154.2679503	148.9528492
	149.7308747	110.3879926	105.6602164	220.7860683	202.0417514
	137.8257992	136.5892121	98.27030218	91.85692496	264.0709634
	245.4271107	122.32756	119.4940743	85.6180574	78.86662028
	300.832453	283.3278837	106.0190581	102.474768	73.29326841
	67.19357064	331.3049918	315.4666425	90.36466173	86.91979119
	61.77117441	56.85356115	356.0386079	342.1064813	75.9527932
	73.13073934	166.7626142	167.660536	131.6226562	159.1425269
	155.6172045	156.6850669	198.6812423	199.686738	140.1332669
	167.567981	186.0756944	187.2130896	229.7605819	230.8958393
	147.937279	173.2015535	216.845724	218.063346	253.2229715
	254.4654034	152.5650064	173.2981649	242.5039219	243.7762942
	257.3488535	258.6128947	149.4705128	163.3807939	253.0114857
	254.238628	226.6600881	227.8637399	132.222986	137.7263119
	233.7033411	234.7368857	150.9859625	152.1769932	96.23703386
	93.59191874	171.6045002	172.4780346	45.67463949	45.44764705
	49.09735768	43.46088742	71.89084217	73.20479543	60.47165401
	52.8571119	30.57131641	36.75052536	37.21787715	33.40559076
	99.6441211	91.46143139	42.32589213	47.50846967	93.43166722
	86.20036004	84.72157749	76.58063125	38.4833857	38.94734996
	93.41128309	83.67541245	50.91367699	44.06991225	27.17912065
	25.44844627	62.72101939	53.09816423	26.81314608	21.27397944
	19.32192517	17.27051712	33.47478398	25.63064734	17.0773062
	12.83333836	17.45485492	14.45118023	18.47798255	12.38290295
	14.70691096	13.37365005	19.75023616	14.80248318	14.51797514
	10.12866075	14.60521481	18.11744893	23.35062715	16.87015088
	15.09923511	12.73244441	19.23040283	25.20215595	26.27938037
	20.00268849	17.98802426	18.27843296	31.43200176	33.96162982
	28.51208894	24.50889591	26.10804136	27.02002155	47.68945795
	44.82666789	30.79736479	29.78922898	41.16473573	39.94937213
	62.94062498	57.27187758	36.46389157	36.28127362	61.06596577
	57.84646944	68.60390105	63.04549471	53.15658675	47.95471252
	76.33635516	72.95867532	55.01032282	47.25189819	70.9998511
	58.3011522	68.26869203	64.93080963	45.33359167	30.77001154
	68.67988279	52.48862083	36.1343444	26.93849544	86.05028825
	80.99055586	45.56012917	34.21887909	72.69511392	68.38539243
	128.5473815	128.5054579	57.05748775	52.93095247	134.3770775
	134.2295579	148.8923392	150.1458618	110.7854733	100.9892247
	170.2871198	171.8622445	149.1058096	149.3364701	168.0349005
	151.6761248	178.1926207	179.6773437	137.9101115	136.398007
	220.27405	199.3674089	168.2230547	168.6497316	122.2229164
	119.4212772	265.8068612	242.4660187	150.2011979	149.539846
	105.6750025	102.4643729	304.2410661	280.1936119	129.9742768
	128.7253298	89.79916591	86.94355821	335.6870904	312.2130828
	110.2534724	108.9969742	75.22289998	73.17717889	360.6830928
	338.6627765	92.12968222	91.28664717	155.5912018	156.7971113
	188.335659	213.7381868	141.4905973	142.8023018	186.0732029
	187.3254692	187.2207336	213.1350508	169.6629273	170.9789266
	216.8389826	218.182093	184.0816396	208.7941821	198.9681094
	200.3311529	242.4680683	243.9038798	177.3174385	198.6873826
	225.3071202	226.7355822	252.9293624	254.3674431	163.9593952
	179.6341881	240.5383601	241.9602007	233.5526172	234.8351711
	139.5589137	147.4643666	231.6095291	232.8267441	171.3505739
	172.4487345	100.5480419	99.88120283	184.3907874	185.244868
	71.66601528	72.63639075	51.93390594	45.85076179	96.90204368
	97.83255428	37.41651034	31.84957505	26.85395079	32.61118538
	14.21755394	15.46814707	92.00715984	85.92351647	40.86244824
	47.84576592	79.19834935	74.90869768	90.08419501	83.71385987
	40.5641918	41.88392707	94.16696417	87.082752	58.42936793
	53.5008487	29.35111843	26.68201878	69.70868838	62.23265976
	29.51601309	27.01591309	19.33607156	15.97980492	37.86316561
	32.34033627	15.9968231	15.55733674	15.2393185	13.04345351
	18.20918653	15.7661787	14.68617858	13.78921282	15.12125499
	13.21363425	13.21600025	12.39986301	17.12732889	14.79129535
	16.03417547	13.90775881	15.39628762	12.88546242	20.25962872
	17.13045265	17.01735343	15.52438741	18.74402161	14.37394798
	26.45961023	22.7436259	18.67780971	17.93368639	22.75963065
	18.16350774	39.16951402	34.70173647	20.64697828	20.55395753
	32.32226321	28.57603646	57.6891153	53.46276989	25.48502713
	26.41815971	52.58288155	49.55023738	72.31059887	69.77242775
	42.89285905	40.62676784	75.90322872	73.74112592	63.99676478
	62.57757725	62.57432337	53.02853245	78.85934692	77.74324771
	31.90468637	24.11872487	62.16130486	46.70073256	41.43634794
	39.4139044	72.08571298	67.39138452	36.76169368	23.58946639
	51.229043	47.62417924	134.1436035	133.4234451	49.17633777
	49.21634319	130.3302942	129.7143896	170.1102708	171.1517812
	106.2985026	100.6158255	183.9539423	184.9729438	177.9856592
	179.1240024	163.274343	149.899062	202.9393101	204.4961333
	167.8578899	168.2647721	213.107402	193.6252725	196.8368076
	198.0921267	149.6283083	149.2992915	255.1247178	231.704137
	177.8924815	178.5848729	129.2402273	128.5921311	289.6114947
	264.3132236	154.4768585	154.7836933	109.4486047	108.9337596
	317.0464969	291.562118	130.9198604	131.1654297	91.34100474
	91.26215477	338.1393606	313.7386824	109.0970541	109.5545592
	141.6072215	142.8946212	237.4639032	260.8980457	125.5630309
	126.8483653	169.7940231	171.0728357	228.3909094	252.6886501
	150.7790004	151.9944626	199.0815035	200.4347149	216.090397
	239.800224	177.6232813	178.8597823	225.377183	226.8536609
	199.5287447	220.746704	203.2023094	204.5490834	240.559931
	242.086907	176.9352918	193.3950245	221.308215	222.7551178
	231.5907592	232.9299945	145.5508112	154.9683455	221.0390546
	222.3622135	184.3138042	185.2265059	102.9373135	103.8645401
	188.5635478	189.3725302	96.74266659	97.35547222	52.27640484
	46.6163019	116.9489453	117.1704194	13.55837308	10.27949303
	20.87600535	28.74228244	23.7466963	25.16261744	77.84352391
	74.37655096	39.12796277	49.70414074	59.3764724	58.15521658
	91.34049471	86.98766709	42.50147165	46.83402478	88.93207859
	84.87435922	66.27050449	62.2370646	30.91333232	29.62330949
	74.57669262	68.97166288	35.00803977	32.23710756	17.99015323
	14.50285324	44.45694495	39.17127213	15.66466835	14.56426173
	11.30146563	9.841377502	20.98313144	17.63790523	9.031134345
	8.326642377	8.262553382	9.573763706	9.584909891	9.551140937
	8.419569664	5.814536349	6.090790594	7.406562912	6.402786421
	7.142992827	9.375221574	4.902174067	6.460628885	6.012267371
	7.274676932	5.3346422	13.79486119	9.086020154	7.467631183
	7.628530162	10.15614434	6.498461466	27.32325134	22.55260227
	7.933555371	9.594544638	19.75258061	16.42198084	50.7675859
	46.02482371	15.37132002	17.67819934	42.28878671	39.0163159
	75.0719812	71.5056754	34.74243686	33.96466206	72.2480474
	69.13796837	77.62010945	76.19077236	54.21152619	46.8159949
	87.31244359	84.98802975	38.52884398	38.23582225	54.92233853
	41.05325013	59.00279429	57.70212342	49.59800082	47.37157665
	29.69062953	17.8271581	24.86141756	23.10953831	129.8812118
	129.3932598	46.56358593	50.50887278	117.1459185	116.9778477
	183.7229869	184.5605053	105.1599506	102.5623312	188.667488
	189.4785972	202.7535409	204.1021908	159.6019605	148.7945378
	221.1171355	222.549108	196.5603385	197.7755918	204.0922653
	186.6688132	221.4223201	222.9370601	177.4704873	178.3611537
	239.2244769	217.4414783	203.3951639	204.695482	153.9470588
	154.6408157	266.4646225	242.4908014	177.8860116	178.9692589
	130.3619254	131.0781125	287.0369101	262.6707516	151.0668956
	152.0775621	108.5848911	109.4953088	301.9991216	278.6037386
	125.8308479	126.9227547	125.8305296	126.9223481	278.5986045
	302.0071393	108.5859699	109.4963529	151.0689238	152.079476
	262.6678954	287.0457204	130.363202	131.0792247	177.8881424
	178.9713185	242.488964	266.4685611	153.9491692	154.6427462
	203.3986253	204.6990483	217.4364664	239.2285057	177.4747156
	178.3653666	221.4273005	222.9424632	186.655767	204.093015
	196.56815	197.7837887	221.1248897	222.5578638	148.7703928
	159.5936948	202.76808	204.1179757	188.677759	189.4903577
	102.5308282	105.1300265	183.7461817	184.5863188	117.1524874
	116.9839336	50.48301393	46.51029745	129.9049081	129.4202113
	24.88102854	23.10075507	17.83925185	29.71768757	49.60061297
	47.37137564	59.07090405	57.75564495	41.06436434	54.95051024
	38.59963962	38.28865607	87.37088776	85.04066982	46.81461176
	54.20875819	77.71376753	76.27117381	72.27439766	69.16479359
	33.96367221	34.73027143	75.13960438	71.56369834	42.27361867
	39.01555923	17.6876645	15.37630099	50.78023011	46.0357722
	19.68220347	16.39463248	9.541803475	7.868593605	27.28114658
	22.50717312	10.06407767	6.449115962	7.516186015	7.339491242
	13.78405347	9.040303135	7.255014238	5.30086188	5.944423659
	6.373736033	9.428378413	4.934237578	6.462675814	7.146370495
	7.430579216	6.083312382	8.43985831	5.831479114	9.650375283
	9.580824779	9.605720591	8.273801734	9.005512472	8.317773782
	21.01224836	17.66885923	9.852022487	11.30286511	15.6435669
	14.56458418	44.44540903	39.17575485	14.50833077	17.99391594
	35.00058412	32.24551639	74.5353146	68.94628809	29.62844134
	30.91198308	66.25901828	62.23625468	88.86733453	84.82164031
	46.82957231	42.47654916	91.31272534	86.96740366	59.30977503
	58.10074808	49.68534379	39.0870057	77.80634412	74.34482085
	23.72829394	25.16799102	28.71968202	20.84608802	13.52378665
	10.26420679	116.9401293	117.1654031	46.65097124	52.28846607
	96.74523635	97.36053856	188.5521267	189.3621637	103.8903046
	102.9529214	184.3112906	185.2245662	221.0310754	222.3544336
	154.9805293	145.5616516	231.5877297	232.9270691	221.3033974
	222.750235	193.4014533	176.9385293	240.5573078	242.0842659
	203.1990949	204.5457673	220.7513109	199.5263484	225.3748813
	226.8512922	177.6213659	178.857842	239.8048443	216.087391
	199.0798891	200.4330549	150.7771235	151.9925939	252.687759
	228.3909654	169.7924597	171.071265	125.5634309	126.8487736
	260.8977635	237.4702294	141.6081255	142.8955705	109.0982469
	109.5555843	313.7291305	338.1516145	91.34219631	91.26325556
	130.9213891	131.166602	291.5543785	317.0561588	109.4488886
	108.9335222	154.4793641	154.785817	264.3057419	289.6189998
	129.2423725	128.5935764	177.8972665	178.5894997	231.6930702
	255.1328861	149.6329907	149.3033474	196.8453615	198.1011709
	193.6053612	213.1149643	167.8673418	168.2742677	202.9546709
	204.5136003	149.864287	163.2759179	178.0033122	179.1437954
	183.9774029	185.0016237	100.5678251	106.2767813	170.1392262
	171.1879331	130.3521093	129.7448397	49.17651829	49.11821475
	134.1753604	133.4713981	51.22906844	47.62397471	23.58636567
	36.78216307	72.07756759	67.40985652	41.51586374	39.45866203
	46.6726376	62.20686229	31.87033787	24.0820582	78.95639197
	77.81944086	52.99930839	62.59081404	64.0796955	62.6401525
	75.95809328	73.79420189	40.63150972	42.90000976	72.38842348
	69.83189845	52.56087092	49.54977196	26.40051861	25.46579838
	57.7012089	53.4596204	32.21702389	28.51889969	20.46432959
	20.56642661	39.15072278	34.64868302	22.69832335	18.11161629
	17.83678825	18.6018093	26.4894267	22.71572369	18.79615669
	14.36614202	15.49305572	16.99239868	20.31710161	17.14000225
	15.47052573	12.89403772	13.91434628	16.01853872	17.12630054
	14.77603917	13.23407239	12.40242788	13.20608231	15.08600613
	14.63557561	13.75554859	18.19527247	15.76917122	13.02144959
	15.20435129	15.95287165	15.53920687	37.85388844	32.34721797
	15.96882595	19.32631153	29.50066267	27.01904294	69.69529045
	62.2301747	26.67694216	29.34704512	58.42502013	53.50901106
	94.13725928	87.06157692	41.87572149	40.54332612	90.06995345
	83.70811829	79.15911122	74.8779152	47.83245586	40.83287446
	91.98344934	85.90428752	14.17514421	15.46112071	32.59085622
	26.82664569	37.40301727	31.83627405	96.90276649	97.83743724
	45.86482493	51.92851631	71.6716936	72.64247636	184.3873155
	185.2430055	99.89648941	100.5506043	171.3495887	172.4482789
	231.6060438	232.8238903	147.4739494	139.5615751	233.5505236
	234.8334244	240.5355191	241.9575402	179.6424002	163.9585775
	252.9272252	254.3654701	225.3046871	226.7331712	198.6954739
	177.3139545	242.4660236	243.9018612	198.9664081	200.3294794
	208.8011834	184.0799992	216.8373494	218.1804451	169.6613307
	170.9773575	213.1353267	187.2239265	186.0720616	187.3243387
	141.4915284	142.8032244	213.7344723	188.3487136	155.5913689
	156.7973582	92.13067403	91.28767929	338.6555869	360.6815428
	75.22040597	73.17470989	110.2531998	108.9966731	312.2093737
	335.6833381	89.79917449	86.94356051	129.9755966	128.7266449
	280.1900633	304.240123	105.6759284	102.465271	150.2050053
	149.5436966	242.460717	265.8094164	122.2252026	119.4234066
	168.2320138	168.6590901	199.3552971	220.2823499	137.9153711
	136.4030463	178.2107949	179.6974981	151.6488082	168.0453184
	149.1167344	149.348086	170.3180205	171.8998871	100.9398945
	110.7796751	148.9138459	150.1726157	134.4105251	134.2800851
	52.87568194	57.00760283	128.5779311	128.5531674	72.68264195
	68.40367264	34.21470214	45.55159253	86.05131554	81.02869724
	36.10255074	26.89374245	52.47209354	68.7280742	45.25116149
	30.70479003	68.3593231	64.98850646	58.28070019	71.03128614
	55.02339371	47.25184348	76.41601106	73.0113551	47.94514218
	53.15528936	68.63725717	63.06204952	61.05914561	57.83420666
	36.23839677	36.41826027	62.90642645	57.23726444	41.11557277
	39.89622259	29.73295069	30.75721217	47.62419795	44.77788429
	26.1562272	26.99662504	24.49543842	28.52595913	31.40946469
	33.95628099	18.12820603	18.30289162	20.02121373	26.2891797
	19.23247322	25.20851141	15.14273276	12.7411754	16.85177943
	23.29980688	14.55516418	18.08701735	14.47872711	10.09518005
	14.7470184	19.67610005	14.63961279	13.33094658	18.45442143
	12.35301345	14.4085964	17.40990992	17.0248778	12.81128625
	33.47981589	25.62810367	17.27473023	19.326971	26.78908016
	21.27327032	62.73157213	53.10445747	25.47043337	27.19745251
	50.91068077	44.07604698	93.40583056	83.66980448	38.95089029
	38.47792188	84.70935248	76.57178546	93.41056555	86.18278247
	47.49357338	42.30610223	99.61786416	91.43727393	37.19945271
	33.39505946	36.7223539	30.53959113	60.45342485	52.83882966
	71.89402258	73.20963814	43.46057946	49.07621453	45.68098235
	45.45279659	171.6030536	172.4769375	93.59942385	96.23204762
	150.9835499	152.174257	233.7011197	234.7347622	137.7308286
	132.2234564	226.6569252	227.8604598	253.0092727	254.2363944
	163.3857555	149.4704119	257.3461422	258.6101052	242.5018155
	243.7741222	173.3039502	152.5635923	253.2205269	254.4628473
	216.844066	218.061643	173.2058537	147.9382804	229.7585112
	230.8936541	186.0745903	187.2119446	167.5640811	140.140679
	198.6802002	199.6856449	155.6174615	156.6852505	159.131156
	131.6418782	166.7617091	167.6597137	75.95006261	73.12822372
	342.1113215	356.027853	61.76363423	56.84574727	90.36362055
	86.91967468	315.4734816	331.2946047	73.29464357	67.19653209
	106.0183009	102.4753141	283.3335918	300.825186	85.61695441
	78.86760319	122.3276814	119.4955193	245.4327901	264.0677959
	98.26845268	91.85729468	137.8287403	136.5931501	202.045084
	220.7898647	110.3842737	105.6577863	148.9619464	149.7409162
	154.2626567	171.208974	120.0181023	118.1157245	148.7888786
	150.847412	104.6813239	116.8969084	123.1430173	123.9567075
	128.292548	129.4961377	60.55990195	65.54797228	113.701072
	114.9066379	84.84340131	82.02186094	43.90462375	49.05188695
	88.22839356	85.24875309	42.96299229	31.02709391	56.66410595
	70.29982569	57.55785638	44.85297709	55.3467194	46.78953556
	61.24241184	76.91448665	51.49020673	36.34934735	68.51451932
	62.52274645	51.07385484	61.7970823	60.96395658	51.00255423
	59.02630947	55.70802889	37.52537438	41.62922452	58.65409586
	51.80060499	38.69787129	40.86352019	28.68872188	31.27253255
	44.07592902	43.62663911	20.33235223	26.6983571	24.4964747
	30.39342009	25.4704557	33.17179212	16.74506225	15.34694973
	23.01088586	30.67463974	16.54394395	22.22158536	21.52324122
	8.873298297	21.36135565	27.55135283	21.31185007	12.64352465
	23.52641165	8.595970072	19.03215275	22.44155803	24.20357193
	8.288940416	24.77941117	11.48951199	17.45629425	18.68743773
	24.23485726	10.19539998	32.37152181	20.88107717	18.11121991
	18.18803853	27.52210538	17.17773279	55.04977274	43.88432094
	23.16510509	22.79197636	44.11251618	35.65855112	87.6433969
	76.49807103	34.81712541	33.37868137	76.18923204	67.42560501
	100.7524232	91.50534221	45.30104981	40.19885342	100.4627093
	91.31000338	59.68909455	53.36916064	38.07532669	30.38386203
	77.69102769	68.68098315	45.16558534	46.13587138	40.04462643
	44.84433594	26.69301509	19.83284636	151.3005407	152.2088283
	86.5792928	91.62757616	125.1145977	126.2478051	226.9534463
	227.7601744	127.4343219	125.2588283	211.1743524	212.2970883
	257.5797803	258.4699599	146.5871683	135.6117828	253.0812895
	254.1064576	253.4146237	254.318757	146.9849067	128.1176614
	256.5204447	257.4324009	229.9368754	230.7585583	135.9539609
	111.2809524	236.702799	237.4436217	198.8684668	199.5607973
	119.4589144	91.46841502	206.612718	207.1562632	166.9844667
	167.5404179	101.1614075	72.30706335	174.2993024	174.6605867
	61.81748357	56.72603876	318.1168338	322.190779	51.46591419
	43.56753316	72.93270121	67.07887148	295.2887207	301.3875279
	60.58003492	51.28131216	84.83128271	78.74162779	267.661629
	276.0415722	70.07394095	59.84736056	97.14322067	91.72239269
	234.7584708	245.5588756	79.47205813	69.30792819	109.1252561
	105.5451126	196.437911	209.3971376	88.08175875	79.54285442
	118.9248388	118.1128426	153.2751045	167.1514921	94.75884925
	89.61015216	122.4478902	124.1973915	107.4168946	119.2671817
	97.50311573	96.60997538	113.1538113	115.4700169	65.4429971
	70.28375363	93.2599326	95.01777388	86.4042419	85.9203878
	46.39370121	43.7256488	79.72083212	79.38364334	51.47675648
	44.54369904	56.68592954	62.16366583	60.93096924	52.92534532
	42.50144711	33.68447747	62.99139807	76.091801	50.07249619
	37.15702142	52.12185027	48.00458606	54.44358602	68.07598598
	49.8288147	42.15968067	48.50104062	47.59405367	39.73172549
	48.89783124	46.2491871	43.76519819	38.33924644	37.57734373
	31.0589539	35.92075705	37.17353057	37.42808963	38.80644954
	26.97976603	31.80731128	35.29287174	36.52513596	27.41684436
	45.13332364	20.28105506	33.23007201	35.73635841	45.44178177
	18.2710656	45.03589872	18.35733409	30.62349806	31.8821093
	48.44929653	15.81845863	38.81320922	18.31759043	25.92864894
	26.59845339	42.74055656	17.68030218	31.7215309	17.90741454
	21.40196094	22.25151611	33.6862549	18.58907345	30.41762355
	20.41320677	18.1026985	19.11343558	27.76418653	19.71682602
	45.77682122	36.30008604	18.4754378	18.65474731	35.93471063
	30.19648614	77.98146729	67.46582123	27.72199616	26.16940442
	64.90720849	57.89350356	101.5070924	91.27618979	39.46453294
	34.3159945	95.34391892	86.54144635	77.19965574	68.8342177
	35.34589435	26.23327169	88.2029654	78.21349892	24.16962836
	21.14277059	36.79817553	41.19902147	30.7453529	14.29092007
	125.2990245	126.3816608	80.78164636	88.67594788	96.35328104
	97.07758504	211.5794575	212.2522635	118.172726	120.1592879
	187.9024639	189.0423635	253.4986818	253.9883764	130.8945655
	123.84894	239.8258497	240.6422051	256.9355762	257.2896083
	121.9738268	105.8924116	251.6361925	252.130528	237.1298313
	237.3023467	100.2006713	76.82657578	236.9256872	237.0935977
	207.0712682	207.0285332	73.04221598	44.89178367	209.271066
	209.1142018	174.8073756	174.5483407	45.32029608	15.39137002
	177.7762367	177.3282639	50.60250488	43.4166022	274.2130248
	272.1273235	43.8552959	33.63874813	59.21490707	51.13716172
	256.8531762	256.4542809	51.24113583	39.46407664	68.20511179
	59.70192332	235.701706	237.351448	58.77468352	45.7898894
	77.18401623	69.14705796	210.1872451	214.2414525	65.89591342
	52.55336156	85.59831809	79.35685244	179.8350013	186.4487044
	71.82866282	59.67153423	92.49156217	89.4177279	144.4894559
	153.2117038	75.55420564	66.72910554	95.99757928	96.47672618
	104.9592753	114.0245728	75.98752292	72.33658465	92.76056027
	95.01020869	65.14252769	70.30974379	72.44658868	73.42214537
	79.16087135	79.38874333	40.03190523	34.35153311	65.53198906
	66.24578503	57.18414216	52.45248479	48.58590284	45.16849691
	57.8934339	51.69750442	40.99203408	36.35904786	61.28891106
	67.08301887	52.10363513	41.58661369	40.76678958	43.19394334
	60.96487889	70.86010264	47.00464607	43.51716808	46.51101403
	47.4999914	53.80094888	61.89336458	43.49721047	45.3511821
	59.05821003	45.18555697	50.67154814	54.17977078	51.72618476
	41.67151936	72.9603212	40.90041488	50.64615101	50.8595031
	69.23424788	36.07055232	75.10790684	36.41242687	46.47059704
	45.87952303	77.66171812	33.67747173	64.32056816	32.47017287
	38.84274682	39.64348307	70.540681	33.80980362	48.14829806
	28.96382578	31.61532925	34.29206365	54.58058001	32.45717724
	33.00052334	25.36459199	25.66244117	29.48763675	37.6278585
	29.14968821	23.98423206	23.18827355	20.48140266	24.98088564
	24.21953768	25.70864755	34.18945889	31.31156132	16.72872331
	21.23945589	25.15456276	28.32982471	66.08011088	58.14262033
	20.90439513	22.75226798	51.90632383	49.18632111	97.24449332
	86.54563419	31.17888598	27.96938438	86.06105757	78.52068818
	89.18750322	78.23160684	28.74465275	19.9129135	92.52664204
	81.43228906	29.38267919	15.87520514	34.91156378	40.00505093
	48.39293616	31.46238807	96.24589206	97.423482	77.82903599
	88.41805543	69.0213376	67.71492961	188.3476377	189.1170139
	111.1748065	117.6647242	158.3599144	159.5977272	240.4513161
	240.5818532	117.1905161	114.8696701	217.6405311	218.3874549
	252.3561352	252.0027158	99.07019075	86.69149707	237.9982192
	238.0525354	237.7256541	236.9462688	66.88091359	45.85498255
	229.7892471	229.1916937	210.1567968	208.9800139	29.57786276
	8.953040338	206.1784605	204.9919398	178.7545116	177.2248601
	11.63934132	41.03675356	176.9057607	175.2233824	42.48241093
	33.49785581	224.9019493	221.5211383	38.42520512	26.57725
	49.47808996	39.33750727	212.3468542	210.0410848	44.73348747
	31.01400415	56.55597495	45.67596942	196.8550132	195.802475
	51.06636907	35.73538241	63.17287316	52.44498602	177.9011572
	178.3296772	56.73915615	40.53892309	68.64947124	59.55516196
	154.9720698	157.0934713	60.83921228	45.29064871	72.24727273
	66.58952326	127.6134917	131.4709058	62.21704244	49.72624539
	73.38793834	72.17233869	95.71790133	100.7619882	59.95703783
	53.19350552	71.69252052	73.24871986	60.66351724	64.80277693
	54.67323911	54.23032506	66.68001439	66.03662318	30.92643656
	27.62744113	50.4416078	50.97645357	58.57581482	51.49282824
	35.61378431	27.88068281	52.34938867	44.43549927	51.01900059
	42.94009687	56.20681476	55.89185688	57.20146542	42.33020133
	51.76165103	49.65596345	67.99710519	71.65670441	59.05879182
	48.09902184	67.5000776	57.99215166	72.28999413	75.42912136
	65.22780653	53.42343746	89.6179009	60.18626385	72.37075276
	72.89459265	83.84907427	54.20676861	98.89147732	55.82413339
	65.41301109	65.07467104	98.37319161	52.68953899	88.4973571
	47.83615508	52.65689685	54.74577218	93.73562924	50.6541871
	67.71740959	40.27608214	41.49065061	46.73124347	74.95869964
	46.69732791	46.71566644	34.38599022	34.61881682	40.69842495
	53.56257519	40.71460271	28.89613003	29.64686124	29.92893014
	35.36048419	34.96324976	34.55108093	15.22711202	26.22571023
	26.03116886	31.03506948	19.37371682	29.56646462	22.33501086
	29.15727608	22.39331154	27.71604648	14.3360847	28.45293221
	54.1605866	49.77150707	21.16770642	26.2243323	39.36164495
	42.13528905	89.97972598	78.71414588	24.57663439	25.82199289
	74.75455858	68.84544452	96.12055256	81.40547264	20.76983682
	16.50673878	91.92072918	79.31731695	50.34350509	31.81086896
	35.27680692	41.75077436	65.5360553	45.74843505	68.7752812
	68.24535479	77.64453485	89.71036269	51.60088104	42.59499621
	158.7932564	159.7871657	106.5217745	116.6245464	125.4628401
	126.3620184	218.5519596	218.3780571	105.6378308	108.0752842
	187.4434031	188.2242051	239.2150619	237.9218737	78.40968364
	70.69336393	215.4410246	215.008092	231.2398669	229.0136482
	36.17509752	22.30065039	214.7743735	213.0904078	207.8367261
	204.8298755	14.03758712	43.54974873	196.8667028	194.0699535
	178.7527657	175.1200989	59.94193479	93.64500202	171.5495613
	167.8475778	37.09873549	26.46408275	181.0634885	178.5898392
	34.78402992	21.51217282	43.03786562	30.91110207	171.3524284
	169.2969856	40.38712062	24.84359006	48.80965318	35.64321804
	159.3064584	157.5999673	45.87530681	28.34414108	53.70082502
	40.46153701	144.5516056	143.2832648	50.44833516	31.70218837
	56.90812296	45.23615132	126.7741225	126.1821618	53.1488428
	34.77148357	57.68052537	49.71527092	105.6497469	106.0346753
	52.78910045	37.30939993	55.9630029	53.30035955	80.85864651
	82.31568736	48.42569198	38.96208528	53.53175824	54.6835642
	52.70701139	54.54040348	41.14948478	39.23772493	54.09682891
	52.36330588	26.63109008	25.40113943	38.60068316	38.07813671
	59.42103178	48.17966964	31.88325672	26.32875183	50.08899144
	37.91356294	67.9108709	50.67985593	57.99084312	55.17815943
	68.20192994	43.84972875	81.2455501	61.96135178	78.88083593
	77.64446287	84.43563537	54.82655602	100.594288	71.44646544
	88.76678513	87.56034169	100.5296776	63.75570075	112.5502351
	71.27209339	84.48752282	83.92994243	112.798431	66.86285845
	103.4532011	61.75611748	67.78721694	70.87260118	107.8060676
	64.65179637	79.86539133	49.65745954	49.89117027	57.88620911
	86.17937479	58.40348433	56.55129003	40.4243872	39.85647968
	49.0145149	62.20713468	49.6135655	38.93853979	34.41986227
	35.33101978	42.11420804	43.91163748	40.91206383	24.99943451
	30.58791601	32.60797628	36.70739434	30.35384314	34.37261873
	12.13937974	28.36106274	30.98501909	33.567786	18.58681502
	30.331998	13.81398518	29.51623618	29.63830284	32.26731242
	9.868360334	29.03694672	43.32579699	43.60536106	27.62439171
	31.47670415	28.60918343	37.42070235	80.92028117	69.58608338
	24.62783977	28.71414026	62.5263613	59.35456935	98.57875907
	79.45508901	17.97934952	20.88348276	87.42831253	73.81105709
	70.4880397	45.65336694	38.03759289	45.16651574	78.46233754
	55.08484863	51.96662828	43.0010927	78.11723227	89.77838817
	52.83944827	29.89638512	125.7892192	126.5470022	102.3658845
	113.987578	94.05585525	92.84740954	188.7969713	188.187525
	95.23963383	101.1804326	151.7015379	152.3270409	217.5425415
	214.8093237	60.07643176	56.95860519	185.0346316	183.8443091
	217.4142111	212.8291813	13.29366324	20.91630596	192.2106576
	188.7650135	199.9230583	193.8480422	51.93263508	79.26333418
	181.5012996	176.0093986	174.9358811	167.7365513	107.5835966
	140.6528566	161.8545518	154.7240974	33.48859449	21.42929862
	144.9025804	142.5436909	32.22609184	17.54505849	38.340824
	24.77729938	136.0288925	133.6377829	36.98236464	19.99508207
	42.79189541	28.31684795	125.4595852	122.8503255	41.42166931
	22.59672425	46.12997401	31.76274208	113.0523309	110.3658472
	44.78789557	24.99452057	47.73272664	35.01543143	98.76474569
	96.35996772	46.36456068	27.06751954	47.10564531	37.9310671
	82.48224092	80.74087473	45.32038473	28.54146051	44.71014838
	40.39642907	64.0436958	63.144843	41.20773226	29.20925774
	44.27969937	42.47168923	44.48513607	44.03728917	36.55814051
	29.48355419	53.18184847	45.04993576	32.62504549	30.76801844
	42.09882779	31.43748059	72.62815999	50.89158181	45.913001
	42.11713689	64.41625547	38.47221058	95.97710801	62.40145524
	71.70264372	67.48523779	93.71987866	51.26952509	116.644987
	75.27687796	92.21656241	88.25938743	118.9830374	65.31180428
	126.0834376	80.42085725	96.95838203	94.69992261	131.2020289
	74.23832965	113.917246	73.068149	82.85517337	85.2103201
	121.5879562	74.59365469	84.05901277	57.99182565	59.64729429
	68.73521398	91.65914625	67.45464393	56.21742494	44.38233248
	43.26610017	55.62019505	60.35881353	56.30118992	40.72514917
	35.95131692	36.87887527	46.41030428	42.56465251	44.8955849
	31.79734225	31.33523663	33.91497605	38.9916867	33.72766089
	36.07500453	24.22229399	29.42205657	32.5014368	34.03090698
	27.21866722	30.9458366	15.83906405	29.57669547	33.11242904
	32.42479135	20.87910141	29.06995799	9.587091093	31.66543542
	34.71790227	33.47704627	12.85977809	29.52792332	32.24295938
	41.10181864	34.92661963	35.05610614	18.62791975	35.48200723
	69.99775462	61.80847425	31.50901756	33.9838395	49.02440995
	52.22827177	96.84437773	75.05864617	25.99069167	30.37034561
	79.50126534	67.82450966	85.81838999	55.68708705	42.89772285
	49.35565765	85.7324045	61.03193328	53.97736854	30.47180874
	76.90717356	86.70321516	64.92344537	35.72994281	93.71420908
	92.97380576	96.00974196	107.0994015	70.26211673	64.04923702
	153.6082691	152.1868413	84.11294696	91.91872074	114.3483775
	114.4199645	188.6028193	183.5117803	43.69276774	44.15595559
	149.6199694	147.0753944	196.839667	188.376102	21.68437241
	32.07443994	164.0939385	157.6271387	186.795507	175.7096656
	83.52415889	104.5281828	161.4694499	151.4618288	167.5397998
	154.6092625	146.8511067	174.8985679	148.8455093	136.1206248
	30.21430537	17.50250449	112.8239708	109.0840753	29.64063255
	14.14882488	33.60349538	20.04085584	104.0194807	100.182914
	33.04375527	15.95184693	36.58965562	22.85073387	94.43925113
	90.42964121	36.07604507	18.03424847	38.86902666	25.66756183
	84.1812684	80.30272858	38.41657002	20.07982436	40.50008214
	28.50584801	73.35288019	69.97092674	40.07017711	22.0067234
	41.83191941	31.35918685	61.93831869	59.22497502	41.14810253
	23.52542535	44.60060206	34.56464964	50.46693693	48.28200358
	42.73396754	24.73481422	53.55507052	39.28247918	42.51078363
	40.22731794	49.1481541	27.13010568	73.33971742	47.43445214
	46.7064335	43.3235668	66.90856339	33.82898317	101.6086254
	59.90479455	64.95451239	60.25515344	96.28442931	46.37777997
	129.0480617	74.10619369	86.71126398	81.44618106	128.4563634
	62.12021772	142.4887292	83.39895138	99.17151997	95.23833734
	148.6983502	75.35284793	129.6257936	80.85688054	93.155932
	93.66023714	141.9323899	80.15806624	91.05443391	66.41717671
	70.99740915	78.80947157	104.6807685	74.58411902	49.44857376
	48.78457877	48.27354195	62.06876124	56.46822804	62.16218288
	32.36401075	36.4832825	37.44825099	50.13597174	30.68903811
	48.35682409	30.64331013	30.03143688	33.36469788	40.88983553
	29.53626526	36.9739249	27.54546579	27.09249423	30.53933223
	33.41870983	27.6224899	29.59539732	24.1237291	27.11469333
	29.88895982	29.15160231	24.74356346	26.38899161	20.02641635
	29.80347287	32.46715657	28.93819476	22.93801352	26.72195969
	11.05625247	34.32502799	37.14821525	32.07930882	18.42121498
	29.50378003	19.82986113	42.49674915	41.10348705	36.61916789
	12.14307976	35.64864883	57.1198529	58.22088531	41.42012522
	39.72876468	34.85679416	48.98666913	91.05638874	71.93203236
	39.58307156	41.48796149	68.79062793	64.27947653	94.48188192
	63.91134194	50.06756127	54.95848282	86.7131984	66.03550781
	65.42993959	38.18404573	73.78879184	81.54833219	75.25071458
	49.40677446	67.42036526	64.62192288	86.49896271	96.45622907
	57.84107184	47.75170176	116.5998303	114.2986507	71.64678375
	81.03094516	79.57751386	79.82163987	155.2841697	146.6718372
	29.8831922	35.3813354	113.338004	108.9195018	171.5324515
	157.162828	36.57619123	40.72414446	133.9842344	122.7321733
	169.6707833	151.1266594	103.7812319	115.9454339	139.442578
	122.4823773	157.1764596	136.0230519	171.1842753	190.3420549
	134.3177556	113.4080143	26.11742645	14.20086738	82.00732213
	76.55325522	25.9899762	11.22168475	27.95685003	16.32531054
	74.08140243	68.81786374	27.7344139	12.59219844	30.05861011
	18.99159914	66.54806452	61.66618934	29.66374208	14.59857639
	32.92557215	21.95064219	59.54843541	55.37904198	32.32901942
	16.92018913	37.40622727	25.26291346	53.01034168	49.6399955
	36.56800204	19.3600885	44.57605802	29.05809315	47.09553451
	44.29894434	43.26865216	21.66892251	56.60038516	34.08824632
	43.71321357	40.9951008	54.33480245	24.45590745	76.2002665
	41.86364019	47.25142235	43.86137162	72.72877158	29.75332947
	103.6491578	53.54249884	60.1671405	55.53844847	99.85841232
	39.87586219	133.5940791	67.83964946	78.43974224	72.84410941
	132.098167	54.54635242	153.7989207	80.01316725	93.50653599
	88.496903	158.4358666	69.8562444	148.4830313	83.33649172
	95.62636181	94.09600668	161.7394714	79.65955952	109.9842557
	73.84336423	80.45078724	85.58430846	129.2361193	78.9486874
	52.66834813	55.5908007	56.22344148	68.79300743	69.19474674
	68.07603609	16.90236309	38.62879221	39.1290437	54.00427897
	14.83647968	52.76952461	28.87720815	28.86641765	32.9505204
	43.38376367	26.14300242	38.87577803	29.56905333	24.28460522
	29.10647442	34.32413101	31.15982758	28.97962701	24.2458269
	22.66660114	25.93702707	27.18592386	24.88095921	23.37974961
	23.19470542	24.12596668	25.83633752	23.66409387	21.62672861
	21.7885614	24.9888891	28.78641485	29.91880146	24.50374216
	25.00671374	23.72843268	21.73122934	35.92002968	37.23739556
	29.19903009	27.19262327	28.4500041	16.80017851	45.44609362
	45.29321651	36.55178401	22.78565268	36.06803815	44.94671855
	58.98993689	50.92395911	44.51391527	28.14899948	48.60661955
	81.72017537	72.1853102	53.54092053	51.67953852	57.79921914
	63.77402951	95.42466374	71.75422086	59.25751654	62.02139389
	81.59602431	71.07736163	73.93621975	53.60715956	71.14100134
	77.70144439	78.37154635	62.89149052	50.09110641	49.70737096
	76.28019708	86.21969551	53.17779402	49.47093153	81.6242694
	80.11176811	60.77316264	73.20595348	50.40149579	55.91679443
	121.5956116	108.7019059	25.95090313	39.95298432	80.59491934
	75.05817518	144.5426983	122.3914882	46.76303049	48.92697315
	106.0365684	88.4858605	150.365464	122.2363654	110.9238755
	114.4241313	118.3104521	92.24584026	144.5958677	113.3634381
	177.3453598	185.8590112	119.7921905	88.78515716	20.90656773
	11.45692328	53.25126333	46.92835409	20.83026373	8.740589372
	21.86052843	13.50560037	47.8573123	42.16124988	21.32372337
	9.832886628	24.59120876	16.35238406	43.92753277	39.25227165
	23.51204246	12.12545259	30.00230229	19.62474653	41.10150193
	37.50938921	28.45772886	14.90253349	38.98469243	23.37093572
	38.97388112	36.17973741	36.92107521	17.72462901	52.98188761
	27.94481786	38.44515984	36.02563932	50.19652419	20.64015744
	73.879983	34.40869248	42.27188467	39.55797554	70.43223256
	24.76980554	101.9060721	44.02127915	52.55000941	48.69049963
	98.61019901	32.00395064	133.3824957	56.81068612	67.75619379
	62.45719459	132.1356625	43.54478014	159.0140196	70.13334866
	82.89495921	77.14035834	162.9541275	58.08527824	164.0664861
	78.59331401	90.59721568	86.88804182	176.6215673	71.24965611
	135.308635	76.58265373	84.34699968	86.02038414	156.8429757
	77.12553518	75.7249604	63.09346877	64.94020421	74.13889284
	99.8873096	72.10000671	13.96689044	44.4659582	43.81287391
	58.49502724	27.74899876	58.47067793	33.94462032	29.88569182
	32.9678543	46.12987949	28.71783306	42.82123088	42.89812317
	22.47989764	28.6565274	36.46458348	47.07323495	30.28774818
	32.60649245	19.19624342	24.32374613	27.84169446	39.41182153
	22.18981805	20.46279732	18.45152963	21.00753267	21.32239607
	23.38915685	18.08214843	22.25230167	20.73213115	21.35656718
	18.52860958	18.04033749	17.56217505	32.06240841	26.47081327
	26.33043907	20.07974234	28.31460651	20.34718493	37.73345344
	35.43565307	35.37508312	25.71674889	38.81985343	26.15507093
	35.36677589	47.01811882	46.78780294	35.1221119	42.38325893
	35.15005269	42.44555229	60.9388541	57.4486943	47.00916294
	41.0100062	48.3185233	70.60028528	74.29114233	64.53103155
	58.60937267	52.4654851	64.04965814	88.47635289	78.46149312
	68.49282885	68.51681551	71.70684133	74.89866183	75.09899908
	67.34728459	71.45841633	77.28551628	73.12234607	73.20934227
	42.09782816	51.62644558	69.95385821	81.16685563	49.72231638
	60.29625527	52.89381573	56.55613868	56.99337238	73.12355078
	29.86516456	49.59405094	92.02539779	75.19853607	37.44964925
	55.86343001	55.95193374	52.46864748	118.9795769	88.46886053
	54.33379954	60.01832293	83.9702626	60.35816743	130.2942412
	92.21213343	106.5852532	104.5880669	99.88796912	64.65311864
	129.9282437	88.81702641	166.5112526	165.0455026	105.3883457
	64.78344316	15.11204548	9.19428826	29.28931311	23.28904883
	14.42274941	6.40958305	16.47933467	11.17096991	27.90209984
	22.86608796	14.95214758	7.442192325	21.12318465	14.05095557
	28.1330711	24.36145855	18.98207175	10.05761336	29.41055406
	17.33380484	28.86938603	26.03920548	26.68972309	12.88283018
	42.70767345	21.12755393	30.23295642	28.05406392	39.09855935
	15.63064033	63.21735717	26.04328704	34.11600701	32.2246298
	58.66814147	18.86480454	91.90738402	33.21037352	42.37225151
	39.91950556	87.17723585	23.85973464	126.2499787	43.36553106
	54.74789357	50.82677559	123.2350071	31.93569385	158.6529559
	55.66872007	68.68896054	63.26777316	160.5383387	43.42222781
	175.7665168	66.85395865	79.45507701	74.0914245	186.4731746
	56.55621503	161.7871006	71.75180493	81.04878482	78.88064547
	183.6145137	67.08272155	109.9481549	66.34123752	70.11812098
	74.432668	139.489634	69.84758612	38.16440424	51.79773469
	51.04077894	62.50054936	63.30416113	62.57048412	36.99299484
	34.95393651	35.15040023	49.39395175	24.35828373	48.54492888
	63.08517931	23.06538143	28.29643063	38.89299002	63.54563571
	34.09229216	57.53740839	17.31459417	24.15613311	29.93065901
	67.2230285	23.3449135	36.04493605	14.8388894	19.52140149
	21.97965102	47.3675875	16.80991184	16.22765057	14.63508872
	16.40004858	16.27295204	22.322193	13.78813332	22.42460763
	17.21951932	17.11127183	14.17907064	14.90876102	13.86648125
	40.59153441	23.17856224	22.38538418	16.18568496	32.94016263
	16.86455448	55.52700977	32.84177315	32.10723684	22.22001872
	51.56495611	22.8898906	60.52450609	45.82851525	45.4877221
	32.61945217	63.91807291	32.47204285	56.74281623	60.94032976
	59.7343078	46.65423638	64.81084891	46.24387017	62.03220227
	75.15719536	70.55651075	60.9985978	59.19842068	62.61052712
	74.57956598	82.2157999	75.16749138	71.95904313	60.14723703
	75.73270322	69.51019694	76.37486153	74.37086719	78.84210802
	60.54123407	78.8365035	44.1342273	60.28912827	69.90413434
	81.98053612	46.19393124	70.14578294	40.37216271	48.42907754
	61.66569894	79.56211604	29.39927708	55.66347471	72.09770164
	51.9661573	53.61922431	72.68569672	46.29912129	45.78338709
	97.65495719	60.32716539	61.70155933	72.25437189	70.65045645
	43.93472563	109.8840549	64.66728349	94.75698756	92.42839366
	84.70779541	44.11964048	112.0525712	64.81394047	142.4282247
	133.5769472	89.71066057	43.99828708	9.667945642	7.008244388
	12.52485133	7.648986889	7.665120075	3.994318018	12.39363135
	8.770073711	15.34446278	11.51628384	9.803496953	5.204874034
	18.60781807	11.5162051	18.35146907	15.36031388	15.56470085
	7.802810793	29.22275075	14.63171618	21.1815701	18.87725075
	25.20210605	10.29788372	46.95631021	18.28775668	25.25237532
	23.67446873	41.61314633	12.94496181	73.82538028	23.25634808
	32.08594118	30.7465257	67.5527762	16.48692285	109.1381684
	30.491896	41.82601679	39.71880796	103.3427196	21.89129246
	147.9253063	40.23334257	53.40247279	49.69739587	145.4551195
	29.90229525	179.147803	51.17960929	64.46877959	59.31341393
	184.4314299	40.39395392	185.8423046	59.99073226	70.99888088
	66.24808709	203.4602018	51.57280262	152.2210403	62.19472716
	68.59314801	67.6635632	183.0138215	59.67261059	79.66505784
	55.28108518	56.41946999	62.26201896	116.1073324	60.46985015
	23.01890562	41.6282376	40.37530549	52.2348919	27.83362923
	52.63999523	72.96848973	27.43750517	29.27657103	41.67698128
	60.01774196	39.64813075	87.71398194	17.86400594	24.08129078
	32.38904946	92.08595891	27.02106904	69.68897787	13.15800886
	19.65332447	24.04477189	83.20169441	17.97551319	39.13956228
	11.20126564	15.1119554	16.94125543	53.68727334	12.67018686
	12.0749598	11.32969251	12.44225448	12.14839195	21.62298354
	10.40684697	23.86474705	13.87510914	13.44336482	10.73302411
	13.10330058	10.76729508	49.15891264	19.44710254	18.59051432
	13.04060997	38.13695533	13.58202398	72.76299671	28.81479404
	28.1268654	19.07620396	63.98986433	19.20380546	86.34636772
	42.09375048	42.01314336	29.47601867	85.04589638	28.52064469
	81.03519076	57.92871591	57.95843572	43.81565088	91.14313976
	42.16071248	62.61458502	72.98349724	71.21493173	58.99681216
	76.59854711	58.58827513	55.78219539	81.95493228	77.67189797
	71.20696249	52.23986972	72.97424647	60.70961602	79.9871397
	77.40357454	79.54071094	42.68897222	79.53480889	57.88040058
	67.06323696	73.93986568	85.25242072	47.25955616	75.49016436
	56.10453226	50.50661127	69.9037421	87.61986538	50.61593891
	63.14203407	68.93286597	41.63475545	66.71208612	85.22183386
	57.35868975	48.98593511	83.69068686	41.97094578	68.07850725
	80.90809157	67.82924921	39.3165543	89.50125896	43.10802034
	80.21254979	81.62148053	73.15613255	33.49738458	88.72284915
	43.59345954	108.9991317	96.82095253	71.13410639	28.69537275
	5.312450622	4.540440537	3.843945409	0.4292682098	1.954860322
	1.352619911	8.62820593	6.18777474	8.593934819	5.645632084
	5.640356524	3.022766788	15.65029542	8.905401145	12.43867918
	9.810974952	11.6643861	5.229527382	29.17382847	11.79613839
	16.83775429	15.12678788	23.64234847	7.608020925	51.90158241
	15.24007874	22.98071331	22.07553279	44.93936585	10.40071882
	84.50724564	20.05026368	30.89365408	30.01893567	76.85913416
	14.10187746	125.027802	26.89759306	40.01077422	38.23761177
	118.4812573	19.38655249	166.8138801	35.68502374	49.40663533
	46.06403501	164.8983131	26.71647968	195.9467932	44.96662876
	57.21522759	52.52551777	204.0342635	35.81100287	192.2951765
	51.65074129	60.33444096	56.21017221	215.4528841	45.03409639
	140.4363384	52.10547419	55.95326828	55.82013192	178.3940855
	51.19917378	49.50766644	44.97901915	44.87001628	51.20228019
	91.67469182	50.93173427	50.23383786	33.09305594	32.74677708
	43.69517675	19.43844637	43.49518551	104.1547397	21.58911451
	24.90995875	35.10515407	91.86513887	32.10829736	108.0055989
	13.87196679	20.09716325	26.62199631	114.7143526	21.41049381
	79.65286495	9.881262643	15.47992736	18.94100109	95.45508097
	13.89143882	41.99883671	8.286450797	11.3295652	12.78431712
	58.51236842	9.574292573	8.629301995	8.60245427	9.24209468
	8.925189306	21.3485709	7.841086692	25.97581963	10.91693272
	10.47741278	8.159226451	12.97184523	8.289151935	56.7611773
	15.78080877	15.2586046	10.66933872	43.24696268	10.73244126
	88.0113724	24.21649327	24.06364902	16.44937744	75.32706807
	15.62664311	110.364932	36.80827716	37.30854287	26.12367608
	104.5978349	24.06535365	108.0459737	52.45108747	53.21851932
	39.34908619	116.9210207	36.79314968	75.05654087	67.76761053
	67.40179591	53.75232766	98.91497699	52.54770031	35.97365332
	77.89736852	75.82139826	66.70443067	53.80277354	67.35200893
	54.51663439	78.72892019	78.39966906	77.80024895	22.88845268
	76.24312111	81.22027344	69.49037987	78.37541941	87.51631244
	58.06349743	76.08880229	89.2354286	53.97632499	77.52276129
	93.76349766	80.70090465	67.2126448	86.115916	39.60261544
	74.74543817	92.83470924	84.43950739	53.19999953	80.32192159
	32.44719153	70.0417005	83.69108863	77.31325669	39.25914882
	71.30079937	29.11388801	65.98988307	70.30070293	66.12507177
	28.67794928	57.93916992	26.52942024	69.38485879	58.91770079
	50.16800031	18.91420191	1.357296222	1.47347163	1.061075633
	1.061075319	1.41834847	1.319746516	3.813261107	4.546564292
	5.343355938	1.908353385	0.4321475185	1.315026735	12.62887879
	7.183844314	9.841256342	7.687940654	7.652039459	4.010618173
	30.37624264	9.773163934	15.68771406	14.76222034	23.79542684
	6.573968401	57.86770391	12.85894011	22.5005274	22.14092715
	49.88448229	9.25683797	95.00527986	17.17799127	29.80585637
	29.2647663	86.4232444	12.51896557	139.4272667	23.18796134
	37.1844595	35.75599859	132.1659488	17.04374996	183.3455611
	30.68752491	43.96826839	41.1058564	181.3145397	23.22127287
	210.38043	38.30482105	48.76052306	44.65043624	219.5946903
	30.78419556	197.5855702	43.31407649	49.44357581	45.89495644
	223.6124183	38.30060621	129.8761133	42.81693442	44.62047267
	44.90417618	172.0489355	43.05110907	22.29936741	36.21543976
	35.90356685	41.92176039	69.01324241	42.28431673	80.26256392
	26.33972121	27.50349261	36.76646099	45.01957674	35.63127509
	130.5929961	17.19286271	21.49201875	29.60736921	118.1726642
	25.99726676	124.8771339	10.88161042	16.5075409	21.76370656
	132.4204544	17.14610762	87.99154686	7.374536837	11.83535353
	14.73354729	104.7348858	10.91110486	44.72047498	6.042285294
	8.22139144	9.456857683	62.10729493	7.317981818	6.486774117
	6.472773061	6.788032145	6.482577567	21.34916606	5.948753517
	28.1287955	8.4857657	8.228934819	6.357313001	14.02964246
	6.415552787	62.97268884	12.53521765	12.53511502	8.995399469
	47.90450446	8.462101262	100.6550184	19.75251297	20.34526202
	14.35276442	85.26542231	12.52706923	131.3292044	31.05221041
	32.25554262	22.87630557	122.0058844	19.7556174	134.2844407
	45.68910465	46.88257942	34.15861595	140.7461865	31.0623935
	95.37088132	60.56331041	60.67932888	46.75656471	122.1095066
	45.63081219	25.90143122	71.29502023	70.65419123	59.83641775
	64.40899772	60.26072882	55.33039909	74.32217946	76.95131084
	73.75380637	11.76665528	70.63327809	108.8094373	68.58551114
	81.34088985	87.47655101	77.79810026	73.45862692	129.4658116
	55.99515426	83.27196912	96.90633526	115.7087647	67.91110177
	120.8083039	40.76006885	79.53054321	96.85734444	121.9955343
	55.79275511	93.69260829	27.65552429	67.74093603	83.74609707
	103.1439161	40.66601875	58.60972369	18.70437893	49.54049096
	57.01489835	68.45556264	25.9997628	22.69232175	12.67499121
	28.40736609	22.63625349	28.40736512	12.76955832	
