6144	
	12.6977503	6.009934709	9.722211277	12.69775116	9.74090178
	5.874734253	33.22595124	12.22713178	25.94015606	23.62116273
	27.88724897	9.093186013	54.506872	18.83717884	40.64472633
	34.02682246	48.18666274	13.45527576	71.28257185	26.2462337
	49.9495206	41.74062634	67.6595543	19.03440392	78.28569189
	33.33546478	53.17134228	45.46488047	81.22828988	26.2483942
	69.71005496	38.35506939	50.98467253	45.58245658	82.06125128
	33.52722739	42.4049035	39.8313883	45.19219956	43.65510767
	64.20569763	38.74974202	0.2529518724	37.17987886	38.00009873
	40.93417267	27.54097201	40.26124994	44.32522919	31.03269959
	30.82182788	37.14483769	21.55478287	37.47726348	74.14305407
	23.15565637	23.85529974	31.3132297	60.90464017	31.15311066
	78.75061849	15.71207388	17.11138269	23.68759553	78.02053121
	23.17016201	61.27330304	10.18902349	11.25061449	16.01679443
	69.41983277	15.70453556	33.49964122	6.908720871	7.162482397
	10.10127578	44.92128167	10.19244051	4.665197267	5.512297045
	5.482209864	6.748543793	16.0836891	6.923394852	23.31504935
	5.635977225	6.25239366	6.027636163	12.50579795	5.531951309
	49.27299208	7.121088524	8.67588703	7.301329335	39.42322812
	5.643544709	68.39147909	9.960643677	12.12220407	9.592440363
	62.42056026	7.10053574	69.27096251	14.11293411	16.1068768
	12.27389433	72.27190476	9.954085506	40.41246154	19.00268867
	19.97137953	15.28687308	56.05238224	14.2226312	17.23809436
	23.14824426	23.04265042	19.17476573	9.248552286	19.26887683
	82.50706904	24.84790561	25.09026638	23.78736765	54.79334817
	23.46873297	128.7857424	23.5077498	26.23340408	27.44611814
	107.6509226	25.07469726	142.7755637	19.99348199	26.37666377
	28.62470323	131.8208863	23.57880862	129.5163244	15.75774086
	25.27476512	27.23856578	127.2505007	19.95589662	102.2402367
	11.89753088	22.9518234	24.15530432	105.145382	15.70478038
	72.2888155	8.873837495	19.70441015	20.26320955	77.32420219
	11.90903996	45.92442572	6.670115387	15.87091543	16.11066975
	51.26130558	8.994412466	25.51206454	5.014714227	11.72778355
	12.01075858	30.2637841	6.906137455	11.3970358	3.55870184
	7.532542143	8.230515891	15.18981633	5.33339749	3.099170799
	2.112464019	3.673386954	5.068456572	5.865562258	3.899239875
	0.2820273767	0.6740962779	0.7855174839	2.669681224	1.652500884
	2.382573291	0.6742768443	0.3037650788	0.810784719	0.7871872912
	0.3037647693	0.65848761	23.72334698	9.017605919	27.86711008
	33.3389188	26.04494668	12.27141199	34.54647216	14.11980182
	35.54914483	34.54768215	35.80771289	14.26519083	44.09375872
	19.4444671	43.92871731	38.43089858	44.49671572	16.69829062
	52.89719378	26.29956921	50.69592617	42.17662246	52.32423988
	19.92984063	57.58948211	34.03704757	53.53055837	44.51683754
	59.42677141	26.35363506	52.69984739	40.4799967	52.01023232
	45.03695309	61.52053349	34.74960833	34.29388693	43.43297881
	47.54376407	44.70355422	52.20723652	41.787482	11.10306078
	41.70496157	41.86626605	43.96885833	29.71600797	44.67849004
	36.94911299	35.6816607	35.47797511	41.48514494	21.76958137
	42.36340846	61.73147329	27.27321074	28.04547834	35.80681732
	49.18539659	35.78439905	66.93488461	19.00073924	20.09599601
	27.52866097	64.86394999	27.22115333	53.22693127	12.67503833
	13.18267939	18.99007639	59.68824622	19.05433613	29.62656095
	8.807472146	8.675751533	12.39533648	39.80312978	12.81215688
	5.161011547	7.131033135	7.173843706	8.747885653	15.06712808
	8.962851917	21.94405132	7.28208698	8.333374955	8.09522101
	12.19056616	7.292706216	44.79723521	9.065851502	11.18786368
	9.562377478	35.49576453	7.398426043	59.96670693	12.50197926
	15.05261854	11.94737058	54.42744027	9.067952876	56.51896863
	17.54927875	19.43455036	14.63641338	59.63671542	12.51125339
	25.45709658	23.40929171	23.90226527	18.2100189	40.31992345
	17.86741033	31.72337468	28.19280223	28.03983012	23.72534052
	10.32406915	24.10762828	89.93671481	29.91770788	31.25604119
	30.04560234	64.39867726	28.95263374	127.9849863	28.0139745
	32.76974022	34.26702522	108.6631311	30.38332182	136.0858128
	23.60617051	32.12562876	34.69153234	126.1437997	28.11211579
	120.5191938	18.43427774	29.54161	31.79754433	118.4992978
	23.52225464	93.62719499	13.78226472	25.66085331	27.08526646
	96.30112046	18.40966965	65.43603116	10.17967632	21.12017987
	21.8437179	70.01463652	13.98339128	41.40371007	7.594488982
	16.38803277	16.8282469	46.18182705	10.66992683	23.5698823
	5.707426006	11.85675671	12.48761952	27.70449924	8.324668215
	12.06348155	4.173346927	7.96586541	9.119708068	15.2254633
	6.513298177	5.824985638	2.798847558	5.033863789	6.638822827
	8.037065191	4.8507833	2.717586535	1.542225449	2.706541684
	4.369731478	4.375425573	3.272765141	0.7720434104	0.6582705868
	0.2889502503	1.652057149	2.655373368	2.361918198	35.09598818
	13.72198757	49.17034786	56.4188315	42.11843302	19.67611675
	39.68571634	17.17039083	45.03113435	45.27570643	45.91725428
	20.64874709	41.38047054	20.90593984	46.41590049	41.26019116
	47.58508489	21.72326551	40.34872866	25.76790876	49.58941643
	40.90906091	45.31942595	22.45191699	39.20438417	32.98986513
	51.82359815	41.94222671	42.00013891	26.09782429	37.30369592
	40.70523101	51.38949061	43.1693286	41.90910099	34.27498168
	30.63939557	45.66077616	48.69147346	44.5040678	41.84666306
	43.03871093	22.78301424	45.51540918	44.7831696	45.58800051
	35.47692472	47.75429466	32.55102886	40.04718623	39.36782448
	44.45094401	29.31522603	46.36077049	48.87326326	31.2896037
	31.7598614	39.36273061	39.20920952	39.85896699	53.86224878
	22.33397118	23.00098726	31.03148298	50.36980172	31.01244596
	44.25869501	15.42428183	15.42552442	22.11186858	48.2750464
	22.43728123	25.67113029	11.15509566	10.78345842	15.13423022
	33.77795433	15.70038266	7.429125524	9.280282232	9.523566012
	11.32346287	14.54311578	11.42056029	20.40469584	9.508635029
	11.03142602	10.7190517	12.7411156	9.548036021	39.05943493
	11.67952213	14.31500682	12.30117758	31.05643357	9.696071054
	49.27209579	15.8060624	18.5923534	14.71311625	44.91038101
	11.65659876	40.82725026	21.79188005	23.38314202	17.50417618
	44.61953658	15.83628331	10.96511635	28.61598152	28.63812363
	22.12443453	22.67361142	22.45473831	48.04948901	33.97604005
	34.11755686	29.70158818	27.42453303	29.93633594	97.57859121
	35.54915111	38.40948087	37.51903105	75.59306479	35.24783639
	125.7662592	32.7990719	39.77626114	41.65177501	109.8264029
	36.15155768	127.2356729	27.22894992	37.77788878	40.66256452
	119.5263406	32.75719958	109.479936	21.00666609	33.35467236
	35.85217696	108.385217	27.01127045	83.61638059	15.66189961
	27.83030567	29.43000216	86.26970051	21.05852727	58.07382513
	11.74632338	22.20837166	23.1081896	62.09699165	16.17855372
	37.29240914	9.107323728	17.15302902	17.87530442	41.24584661
	12.67205044	22.68141022	7.273553419	13.16633624	14.18939661
	25.89689918	10.18907842	13.62933464	5.768552402	10.40057862
	11.85312748	15.99192744	8.185983578	8.305547792	4.283679713
	8.224109739	10.00191404	10.09948297	6.370010755	5.029267908
	2.780595108	5.757141553	7.923725661	6.603128643	4.78953966
	3.668225655	2.093230806	3.126344213	5.830017276	5.009876965
	3.830094775	45.25514027	20.08970181	72.13284884	78.59799406
	54.90708407	29.10888383	46.11812158	21.62408399	55.02831522
	57.2814261	56.74696092	30.07345848	43.25249942	23.37547151
	46.42129467	42.35416302	54.68779885	29.82834662	35.09902061
	25.55747983	45.43175717	36.40116108	46.6476546	28.01063388
	25.35819221	30.57227318	47.89838208	37.37239283	33.39547193
	27.09394837	25.05680506	38.60001716	49.52613563	40.62508845
	26.27603392	32.23993779	31.61144109	45.6833723	48.79465443
	43.59436075	35.28195563	41.78722133	33.58259757	47.70604542
	46.21295369	45.58149519	42.50180311	48.66170405	32.93174695
	43.34110344	41.5923427	45.2475722	39.18015441	48.73287592
	36.87946795	34.64351939	34.31373011	41.09713226	33.7229929
	42.68621309	39.98710605	25.38998132	25.57951953	33.60101575
	35.60284419	33.94265094	34.68320928	18.28054775	18.03047621
	25.15201763	35.63187198	25.46065364	22.033638	13.87991193
	13.5743749	18.29249974	27.27233573	18.66792602	10.46735374
	11.94988801	12.56002098	14.47306607	14.90636556	14.21485087
	18.77434454	12.35294343	14.35018793	13.86767107	14.0546537
	12.27021676	31.84717044	15.00483099	18.00116429	15.43856227
	26.04574208	12.54654039	35.88448903	19.90455045	22.64435006
	17.7831883	33.55338149	14.90557007	22.00612435	26.85068899
	27.93379126	20.94446503	26.91487629	19.99839948	19.11014493
	34.51491449	34.26939788	27.34948657	10.86286289	28.00808444
	65.18574517	40.14762559	41.18131222	37.193928	46.72564666
	36.56518411	104.2746181	41.15689182	46.02438109	45.78416781
	86.87215357	41.8613545	121.3261045	37.20285114	46.4081834
	48.75540332	109.8547121	41.69074705	115.8702769	30.28778251
	42.41563786	45.56011344	111.0815378	36.84130169	96.38070249
	23.04269218	35.93190908	38.57785589	96.44238036	29.90294499
	72.39422017	17.21475091	28.98986528	30.72506729	74.94944579
	23.28370087	50.45473742	13.28267516	22.98627426	24.09888549
	53.70618229	18.18491981	33.63474378	10.81698192	18.71355933
	19.75793018	36.56324452	14.64267016	22.27746593	9.06009625
	16.24727625	17.588619	24.54064088	12.07417575	15.04633976
	7.408940943	14.76111355	16.49570753	16.76002274	9.912491984
	10.43639989	5.668606645	13.28118337	15.54117734	11.83126577
	7.96683981	7.902029193	4.092850558	11.78192961	14.75248192
	8.97487781	6.267210776	7.433073421	3.498660015	11.28335243
	14.83574178	8.031362865	5.120268879	53.73788487	29.14055127
	94.79841043	98.23215993	64.8913294	40.34065807	53.60876829
	30.18152678	66.82587699	69.40475899	67.28706628	42.75540793
	48.8649538	30.05609283	45.21785818	43.55225183	64.76286507
	42.67171739	37.71013619	28.77448264	37.41336758	28.70805988
	55.03026447	39.08217565	21.56032534	28.90346312	41.96947843
	31.18499476	37.33282115	32.90673965	19.14774574	34.38581774
	47.51195859	38.76697011	20.78102711	30.44037791	34.79257936
	42.75986789	48.63800811	43.05001679	32.65819786	37.63165862
	42.55367807	47.43769895	46.05477227	44.10742278	48.32787765
	46.63330759	37.51713294	44.93027495	41.44710582	43.29362436
	48.32071018	48.95936949	28.39459707	36.84105824	35.0183445
	40.24748548	34.6961874	43.84765915	26.1676601	27.71581837
	27.45838202	34.61111556	23.06899861	35.47280185	25.12881575
	20.88695772	20.86872222	27.67887664	22.79820018	27.56484954
	19.33178005	16.79645203	16.99346275	21.60340637	21.23477728
	21.32284947	13.72950446	15.11195757	16.26329329	18.04225717
	16.18060652	17.15902288	17.34814526	15.89156558	18.28055943
	17.43283562	15.76659779	15.41731291	23.28914845	19.17963339
	22.21397221	18.86231917	20.71786592	16.00547067	19.74409772
	24.92923862	27.18750937	21.15778243	20.50100594	18.97634283
	4.474005859	32.70193795	33.14952265	25.33821656	7.472261199
	25.1976746	40.22213407	40.76417403	40.81882536	34.28721865
	27.22283195	34.49639543	81.14252576	45.98242126	48.79736062
	45.93691338	65.75682732	43.50851726	108.0782044	45.75653926
	53.09646627	53.85464381	95.79067211	47.88920176	113.4649654
	40.21264057	51.35832021	54.21298519	106.7764521	45.9460983
	101.5034641	31.93867908	44.78845162	48.05566861	99.72117412
	39.42108341	81.17679717	23.95532634	36.38652462	39.02356825
	82.33314658	31.49339474	60.12744785	18.08369231	28.87491371
	30.66671611	62.44722718	24.62187253	42.70288375	14.51299015
	23.91892341	25.24415357	45.05551975	19.68958162	30.20891995
	12.34379259	21.81417454	23.17288174	32.10998183	16.31932781
	21.88530832	10.58377459	21.44226467	23.13180874	23.32662129
	13.74442182	16.4147412	8.752822022	21.50840983	23.72426076
	17.53933478	11.48079313	13.09604689	6.939685335	21.69633584
	24.61319265	13.93605676	9.443559713	11.58413397	5.477263178
	22.54334841	26.14703746	12.06536828	7.659635411	11.27780941
	4.83001617	24.54882868	28.61382154	11.43389822	6.385829178
	61.00956262	40.2986865	114.2045308	112.7714536	72.95266375
	52.53501583	61.9508843	42.71200854	78.78495311	78.95992358
	77.32624369	57.47728537	57.99194492	42.60412265	45.18219508
	45.0711008	76.7405188	59.22883066	47.31191735	39.02409203
	26.40710093	19.58740622	68.44893695	55.74090227	30.60034341
	32.99671729	35.75363138	26.02869239	50.91539308	46.05664302
	22.05246831	30.59714152	47.42076685	39.69674162	29.43448917
	33.67192056	37.08678602	36.99676152	49.85377515	44.3929278
	32.00328979	31.57122448	48.37873511	44.37886399	45.06168649
	42.09250181	50.87350275	41.49197669	43.57959316	44.68018575
	38.74455428	38.64607736	54.98770407	47.19970268	27.01676939
	37.81197098	33.4524887	36.48345736	40.20960994	43.6194177
	14.77007336	29.06585427	28.352249	33.64136042	18.35316835
	35.51470841	16.76889549	22.90051805	23.70184516	29.22937034
	11.61470312	28.34128806	17.85772885	19.6578489	20.8073865
	24.64141985	16.75503897	23.26842884	16.61635774	18.66501158
	20.455225	21.68799507	17.65381446	20.00787955	16.81088303
	20.12659312	22.67312202	21.13792301	17.52273434	18.88522987
	15.55076253	24.22843096	26.79816057	22.3836866	16.85890185
	20.08484521	7.2902823	30.78596791	32.10510303	24.96934306
	11.30356	23.9659982	25.24061537	38.9474148	38.98769723
	31.19529166	18.31518636	31.42159881	61.35228582	46.52667408
	47.9486779	42.87716959	49.38959417	41.46535635	92.77527547
	50.25348724	55.92288504	54.84551669	81.21512548	49.73467753
	106.3525131	47.98830496	58.03993392	59.9759537	99.06684137
	51.94792401	100.8099383	40.62721537	52.95962007	56.19085542
	98.42649202	47.58046368	83.7933616	31.31055448	43.55123423
	46.69292293	84.63678231	39.48810263	64.06197909	23.21801183
	34.04070658	36.45027907	66.13565023	31.17693484	47.18872712
	17.9668287	27.79969136	29.52883161	49.21400171	24.76944775
	35.11333073	15.16553161	26.04639678	27.54076101	36.61336594
	20.51587386	27.22225987	13.41259612	27.3130395	28.99251701
	28.25144681	17.57725308	22.07815867	11.74646433	29.554871
	31.68172341	22.83185006	15.16449462	18.7445669	9.979672465
	31.99362285	34.71407865	19.30882933	12.96643783	16.75042363
	8.350231968	34.81232776	38.10913193	17.12266362	10.98590082
	15.53576675	7.023024052	38.28465178	41.96931531	15.72941321
	9.231654345	14.64019993	6.200580987	42.29082012	46.22158759
	14.71705622	7.881021603	67.94671521	52.51718779	126.6951121
	119.3012963	79.84759672	64.63706313	71.38302501	57.5282462
	87.40509861	83.00443414	87.03218174	72.66680599	70.19045644
	59.31459982	46.34385311	44.94614927	89.79680382	77.38282851
	62.08580418	55.78085773	15.05121047	11.4555032	84.82929926
	75.7658905	46.60929693	45.9258996	32.7633758	26.02389327
	69.36603943	65.09455515	31.51316099	33.07767547	50.73770375
	44.20039314	45.23700712	45.53733507	37.08318731	29.98954722
	53.54214442	48.07634446	32.52975156	27.62591869	50.08251782
	38.83731815	44.49577939	40.65978293	48.90621368	33.67793935
	48.81321698	43.22510028	34.06492453	32.11345523	58.25765686
	44.36289919	32.24999678	38.29129687	29.771929	30.22410312
	46.89492703	43.25829258	12.76512471	29.73603588	28.17277777
	30.74173521	23.58417887	34.88584719	11.34493828	24.15201358
	26.10516329	29.38586702	7.089437401	27.85170898	16.98798378
	22.19443018	24.50431294	26.78163311	13.90723927	24.23845687
	18.77059414	22.40571784	24.69938475	24.80893046	18.37027038
	22.48870769	18.73989315	24.89185185	27.14964096	24.51625547
	19.62908487	22.48961547	17.93966986	29.87842333	31.40569393
	25.82985466	19.54024554	24.68099064	24.7122506	36.88589103
	37.11489154	29.56528858	23.24053994	29.71845712	48.42721287
	44.53150641	45.05084224	38.64993747	41.32153163	38.12570325
	77.44286782	50.33303122	54.5837899	51.92211822	68.1085524
	47.72315045	96.04709371	51.41029675	60.79483079	61.69574816
	88.66682045	53.56615174	96.69530329	46.58973266	58.99282025
	61.844937	93.55760057	52.41094591	82.84349494	37.67267686
	49.73073892	52.96880288	83.6858161	45.49301589	63.3344015
	28.14464058	37.83014754	40.53430308	66.29548075	36.66299053
	46.03183752	21.00899733	29.12902652	31.05442465	49.07435683
	29.20223081	34.78803028	17.26885334	27.44635205	28.90306946
	36.77170862	24.28906668	29.0407747	15.66089647	31.12065175
	32.63504693	30.0113945	21.2677303	26.09156494	14.51528166
	36.427058	38.31982304	26.5950203	19.02892966	24.10602996
	13.1714131	41.78713614	44.16983441	24.47524433	16.97651385
	22.44076651	11.6755665	47.08361423	49.89346996	22.76908987
	14.97979526	20.83287855	10.23492068	52.4682179	55.50767577
	21.1336563	13.07879152	19.08149687	8.892429273	57.86438312
	60.93744554	19.35990213	11.27745953	17.23089883	7.810836291
	62.96971753	66.09300999	17.48790912	9.726443489	75.02278313
	64.65693838	128.7760939	115.3957398	85.82660638	75.54209668
	81.78384333	72.81142213	89.06766202	79.18414145	96.17525053
	86.73796928	84.46012964	77.61849856	45.85831023	40.69952815
	102.9043857	94.92927377	80.02607476	76.00141951	8.329379083
	7.561496878	102.1830749	96.37986525	66.23077759	65.19436709
	35.09824374	31.27517733	89.81838989	86.84734516	45.73100802
	45.27172737	56.42613674	50.45075603	64.37275037	63.90193427
	35.96988187	26.3271317	58.74420056	52.65282108	36.79042087
	32.45578457	47.20767993	31.53940067	44.93677936	40.11072533
	42.29386349	24.22042934	51.85295731	41.63737296	28.56552143
	25.08474772	57.83185415	41.51978472	39.65021608	39.6353018
	24.74901124	22.72906399	52.74553854	44.37346431	19.72651806
	30.68742239	26.93805664	26.45340653	31.66452155	35.23983863
	9.658550218	24.78567087	27.37469691	27.77606382	11.31021483
	26.84447214	15.5201346	24.12058849	27.20783483	27.22575524
	11.16099293	24.21641311	20.52054839	25.90062819	28.17934557
	26.57791917	18.15920687	24.30199463	24.60527979	29.58465301
	30.96158809	26.98719425	23.45357301	25.84622643	31.31293732
	35.17134653	35.34619622	29.12959328	29.89078578	29.30553948
	45.44812759	41.75637616	41.5103211	35.04056352	41.90088842
	35.38389496	65.99616493	47.59740796	50.13523496	46.40286268
	60.37846945	43.78819622	83.1714064	50.47720347	58.77779748
	58.61282394	77.58971407	51.22399957	87.93638561	48.46776391
	61.49956573	63.64201567	84.29080238	53.14822998	79.1528209
	41.51292246	54.95288244	57.90341953	78.51279831	48.32516046
	61.76961141	32.16427457	41.57245843	44.38646987	64.48977595
	39.97677475	43.06380631	24.04593784	28.14088819	30.28096163
	48.1008743	32.53039562	30.21084724	19.49142504	24.03511497
	25.18563114	35.16765114	27.97712055	26.38380167	18.03136862
	30.81143511	31.63716455	29.28876214	25.55846563	27.26909083
	17.5916567	40.53008838	41.69656583	28.56780701	23.8790966
	28.2133645	16.90530114	49.81141332	51.47388639	28.94468349
	22.17698755	27.97793211	15.76370386	58.26891883	60.33402775
	28.60200359	20.26834995	26.64340049	14.33028206	66.04810252
	68.29853911	27.28031069	18.19442627	24.50809467	12.78156181
	73.17326095	75.38661208	25.16123454	16.05231495	21.86508195
	11.18320297	79.50358727	81.5826903	22.50932998	13.90873021
	19.08840091	9.73318912	84.86838266	86.93774592	19.68446314
	11.93708897	81.98002301	75.58836759	118.5462982	100.4123555
	90.66008978	84.28988564	92.26421711	86.91215748	81.45548225
	66.62885382	104.0228003	98.32590456	99.14298974	95.19764806
	40.61072961	30.87522062	114.6666911	109.9570617	98.91165877
	96.66364913	11.09245149	11.28275388	118.4364985	115.0506775
	87.57887519	87.04421486	40.45904768	38.39916683	109.9648258
	108.2208498	63.93923721	63.90762071	61.87513083	56.14945173
	85.07022587	84.88885795	38.201133	32.05570144	63.12026047
	56.16554025	47.63564884	46.23755733	40.19559893	23.16783145
	45.5319051	39.70005105	32.6654491	15.40655862	52.15630478
	40.34602847	23.28344471	19.13463496	53.91813544	38.7187275
	46.56695095	42.65762519	19.38979124	16.03872663	57.05113577
	47.29544153	27.72756011	32.96472146	24.52677371	21.56801767
	39.26377077	37.80429772	10.99018074	25.17347584	26.56853955
	24.09291559	16.87658361	26.45874364	13.81061288	25.03425404
	27.75989704	25.23706334	8.961258733	23.36084741	23.27368543
	28.25963102	29.7231762	26.25424513	18.95801583	25.01516131
	33.36021277	32.81537885	32.95599193	28.11459077	29.86907722
	28.13515802	45.80137382	38.13885123	37.47904866	32.07240781
	42.31960708	32.68290957	60.35788832	43.0612142	43.89682675
	40.06754323	56.83425474	39.01283151	72.17003659	46.19369258
	52.16408444	51.18656982	69.54501442	45.93589271	75.35068226
	46.29974013	58.4526236	59.46984957	73.84840302	49.8903303
	69.69659765	42.3862517	57.5685035	59.29763498	68.28519658
	47.83904008	58.5148386	35.00697255	47.71429326	49.75659232
	57.96418253	40.78439519	43.92121828	27.32129592	31.4029852
	33.92168586	47.02088634	33.77568371	29.82306753	23.02543819
	17.10996213	19.52994657	37.30779472	31.1542932	23.61106622
	22.26904596	23.02904184	23.17016694	31.77897134	31.37910347
	26.41341271	22.54392048	38.71288349	38.42574784	31.59327247
	31.31866067	30.5972968	22.34465464	53.54624874	53.70667325
	33.53635434	30.13381232	32.63950099	21.40546447	66.43812341
	67.15597151	34.63013061	28.10937413	32.3846299	19.90041767
	77.60413079	78.72715895	34.02906814	25.60317431	30.44941725
	18.04492621	87.24651863	88.56602735	31.94472061	22.85010958
	27.49725572	16.01724044	95.43215391	96.80285401	28.87913177
	20.02049347	24.06477459	13.92846784	102.1830226	103.5811557
	25.32108857	17.2319052	20.61787452	11.98014339	107.5661826
	109.1007715	21.7126993	14.64681112	88.01149816	84.35000071
	96.78893671	75.97663605	93.90393602	90.28057492	101.4606287
	98.48397314	64.47742273	46.30239127	109.7020398	106.5401709
	112.29163	110.1818013	29.32152961	15.87016548	123.6951494
	121.1430292	116.3929468	115.2807583	17.33231821	20.34759893
	131.6785783	129.8842114	108.4737379	108.380848	46.19606581
	45.91593379	127.6123337	126.7273342	84.43402452	84.91765036
	65.48489972	60.58633236	105.2833464	105.3725524	47.9548268
	46.11653745	65.14958847	57.94794809	63.87999558	64.13622874
	31.00331815	15.16134331	45.21444165	38.89193771	25.26207059
	15.23533131	49.7368039	38.51021251	18.98986702	16.04048711
	46.98177769	34.69688223	52.4025329	46.75035831	14.97560872
	13.50417443	59.70032959	50.58391039	35.88290245	36.8424677
	21.07699092	17.55256577	46.47898646	42.23794176	16.54225038
	25.71023204	23.10806331	18.78002061	24.1268429	27.53325096
	15.41960476	24.30588727	25.2534513	20.93125548	13.19771746
	21.84984425	27.54880279	27.9979227	28.2351774	23.87921883
	22.87646639	23.91618273	41.00316166	32.39520318	31.92776002
	27.7718148	36.49924032	27.91655342	54.21581797	36.22933795
	36.47560075	33.50229917	50.37623331	32.65365894	63.6336204
	38.74114645	42.47120098	41.48414105	61.7194206	37.95780788
	64.37327778	39.84596363	49.03550266	49.2779099	65.3306851
	42.40859672	56.78323138	39.30156274	52.94976491	52.96275389
	58.57951421	43.41792414	48.32453529	36.02118979	51.45131277
	50.93389743	46.99378303	39.58284247	42.47942073	30.38672602
	42.74096861	43.01357195	39.31483736	32.93211793	35.81402674
	26.40611426	26.41535302	29.22620321	37.18455302	30.22026329
	29.46255272	27.2113055	10.70120641	15.95781957	37.59481026
	34.74439787	28.88572559	29.63814083	26.21207817	25.65485336
	39.16624352	39.89988258	33.00144038	30.60708135	48.1387025
	46.17888927	41.20340207	41.52945688	36.72818192	29.85739204
	67.62942451	65.93715495	42.55716552	40.0352468	37.98244212
	28.01491048	84.17918184	83.20016874	42.32002204	36.88744529
	36.85496679	25.58990054	98.07213171	97.82183432	40.35112962
	33.09786339	34.07268623	22.87648848	109.6179894	109.9887439
	37.04502352	29.15400631	30.38418538	20.06689134	119.0734118
	119.9635732	32.96177031	25.28593299	26.36137405	17.28852439
	126.6812857	128.0332223	28.59343534	21.61112046	22.43673891
	14.70948855	132.6986145	134.5025476	24.329926	18.24571836
	92.26661437	90.34817662	66.38394264	44.839754	95.1669099
	93.32793188	108.1649653	106.6721588	40.02011783	20.22186015
	112.5876935	111.0459269	122.294187	121.3157478	14.09774989
	8.931987912	129.0475503	127.8654608	130.4633044	130.0543713
	26.380389	33.46907369	140.5910975	139.8191359	126.6634334
	126.8395405	52.14885253	54.39201619	141.0245171	140.7130786
	104.7307056	105.3744007	67.70051647	64.68060313	122.8830928
	123.0978879	63.87436739	63.99948308	65.26449475	58.94528535
	82.12288263	82.76654897	24.93000329	14.92719502	44.22659863
	38.25243567	29.10691491	27.05782752	44.80256447	34.73735399
	17.15920513	16.96746684	37.54001261	28.0560451	57.05233744
	50.46808124	14.10129374	16.91385555	60.47700239	52.32243663
	44.71384309	41.82724392	18.50253714	17.40402891	53.66627762
	47.30286231	25.61831849	26.91019017	18.31154613	14.9098291
	33.4367613	30.33014913	20.84160943	21.48211361	20.30874978
	16.6468853	21.7150027	20.12381471	30.58953023	23.62989167
	23.84479523	20.84030918	27.28239253	20.27284425	42.43730126
	26.46052345	27.70589485	25.84914675	38.5652888	23.64167509
	51.55102076	28.08549513	31.82318877	31.37251595	48.82309951
	27.26482666	53.57483535	28.98288322	36.21118592	36.50926581
	53.78701062	30.75469286	46.66495301	30.49821324	40.17292235
	39.67960326	50.19202584	33.53653005	36.50371385	32.0282874
	43.68775997	41.14959134	40.02096841	34.48577255	32.47963546
	31.23718347	46.45274109	42.43006848	30.54838736	32.18766557
	33.75832171	28.18692203	44.06883397	41.21147865	27.4660229
	27.16184585	34.60691529	28.3217264	32.09897096	33.40647176
	32.26652199	28.41958521	35.58866232	34.17303434	16.7961459
	22.66626157	41.69458555	40.11356757	38.7597838	39.75134386
	29.66825228	29.48557995	49.87456273	50.85525372	42.66107555
	41.52904152	55.56402112	51.77333214	54.07831745	54.93057388
	44.94632755	40.08124182	79.91780964	75.64581932	54.62049588
	53.33383775	44.7634316	36.94237381	100.8213014	97.33150748
	52.55733392	48.79315553	42.43539581	33.15509071	118.2978594
	116.0064577	48.77148907	43.27937824	38.6876644	29.21543903
	132.7438707	131.6823076	43.95460908	37.72294338	34.22296026
	25.35311869	144.5826612	144.6325176	38.66662549	32.46681938
	29.56449633	21.68449612	154.1999059	155.2071996	33.32691307
	27.61823328	25.08700958	18.32546443	161.9483688	163.7690897
	28.24860435	23.2449153	94.21982622	93.40281256	30.1888313
	9.31909988	94.19311566	93.48932011	111.7114954	111.1618624
	11.0930366	10.7161336	112.3642786	111.8538788	128.2489859
	128.0092848	16.7603472	30.92205287	130.327749	130.0329645
	139.8800731	139.9642873	39.55563782	50.12006803	144.5813362
	144.5054416	140.4243935	140.8211087	59.55088086	64.74558559
	149.1977552	149.328731	122.4500097	123.1237075	70.15523725
	69.77859377	136.2197533	136.5634346	81.99316241	82.66588135
	65.15138795	60.63598965	99.36048258	99.96923313	29.6861067
	26.72661819	43.84501186	38.73971574	42.92179452	43.22321016
	37.36333199	28.03515803	18.86047238	20.14166083	26.27094787
	18.57145218	59.64930294	52.33904657	17.55005478	22.24946068
	58.54168365	51.09754901	53.22378507	47.12263122	19.86642307
	21.40947681	59.81779647	51.77138725	34.97898972	29.61761136
	16.73001882	16.50032375	42.6951409	34.67206821	25.60025771
	17.89281579	16.6832604	16.01142513	28.88738445	19.60081717
	28.95264106	15.56014531	19.39359454	18.85645486	27.94749254
	14.6445541	35.11467698	15.79262817	22.55276072	22.36716519
	33.05634227	15.3850723	37.96019201	15.999932	25.2886949
	25.2521104	36.96127246	17.17231932	34.87157534	17.97939517
	26.83285951	26.35000287	36.27119904	19.7687027	28.41505708
	22.50713116	27.9915198	26.08337756	31.68683082	23.77121882
	25.91652809	26.94232789	32.92644002	28.26725846	28.6626231
	28.18768899	27.97437658	28.20067499	41.96745719	34.76519396
	28.27721802	29.50688157	30.211484	26.12188225	47.48078415
	40.39376519	25.52824007	24.6277654	34.16247852	28.87768075
	41.92831803	38.82567474	27.74943812	24.39877496	41.76588896
	40.48187056	27.97441264	30.94231463	43.47481413	42.46217326
	49.83433737	51.03723246	32.22894994	33.16398933	59.80207965
	61.04901116	54.90508565	55.06827488	58.98867983	54.15064399
	68.58005232	70.05629612	56.18382218	53.46058736	87.96690171
	81.0148827	69.86232371	69.8396666	54.38254226	48.90277448
	113.9489942	107.1600058	66.42902401	64.33811459	50.51031075
	43.37131737	136.1422001	130.5491063	60.65087546	56.90965901
	45.44493596	37.80493194	154.7550622	150.6583014	53.90902695
	49.31307939	39.86000033	32.54747833	170.1927793	167.5415465
	46.94055745	42.20743221	34.22846818	27.70293619	182.8647159
	181.4908093	40.15896886	35.76374153	28.88519462	23.3353365
	193.1662898	192.8839632	33.8360899	30.0263514	93.67334539
	93.57381954	10.77780929	31.56380424	90.83277053	90.86396936
	111.8933105	111.965249	24.94681589	44.62321708	108.9814504
	109.1359612	129.897566	130.1673689	40.82334033	57.90644432
	127.5481682	127.8372455	144.182924	144.6497024	56.62460586
	69.7251597	143.5826879	143.9983306	148.8290873	149.4581946
	69.28539398	77.2612027	151.7689136	152.272246	135.8966049
	136.6420646	74.11701632	76.49445406	144.2993086	144.8385059
	99.15657669	99.94954536	66.12827226	63.70249976	113.5067161
	114.0993359	43.24933297	43.0060083	44.76614378	40.47212504
	59.53190711	60.22744295	27.45337511	18.2864436	22.08365699
	22.82958486	15.85942328	10.10499499	58.60710633	51.12046105
	21.40541319	25.84799917	52.67833097	46.10787501	59.43616466
	51.73325206	23.50458076	25.31755135	63.01268424	54.47813411
	42.40419164	34.27489616	19.67590798	19.80223635	49.78342887
	39.87363775	27.92746936	17.78952665	17.58620083	17.28455371
	33.2508146	22.01402372	23.1252662	9.363142973	18.36187223
	17.62677798	24.80392792	11.1766504	22.21362454	7.260110943
	19.9567014	18.49685646	22.40805697	7.572225766	19.86898059
	9.706843504	20.90361998	18.67396665	20.31420351	8.706938243
	17.07964512	15.29662847	20.13103135	17.64796973	17.43188978
	13.40969975	20.82605936	21.89936171	19.29595677	17.03718058
	19.70989061	20.66182794	29.02618229	27.57919195	24.3160166
	20.59041806	28.84089404	28.6750169	33.55992247	29.5427904
	36.15377527	28.87508568	36.03862849	33.56486214	31.96191994
	25.40994476	47.18834264	37.38835419	33.47396274	29.13739606
	32.63780606	25.32851862	48.09539013	39.75962224	25.6876418
	19.18133296	45.17802972	42.64320822	37.11663605	34.53274914
	40.79474447	38.54045074	60.23250484	60.995309	34.2350488
	34.62035901	66.24865624	66.99706473	69.07211633	70.04867613
	58.3417545	53.5655877	82.60353788	84.25485394	70.77558672
	69.91781288	90.44279511	81.74286956	87.18646216	88.09886179
	67.6222374	64.45696974	121.0469228	110.9630738	83.67284693
	83.03797587	61.87521614	57.02801945	148.0149727	138.1403972
	76.13899129	74.04248498	54.97313938	49.41561485	171.0379956
	162.1150108	67.14516268	64.16569064	47.74040552	42.29625359
	190.2909435	182.5690375	57.96521859	54.74340624	40.66203684
	35.84635025	206.1072105	199.6199277	49.19345786	46.20601743
	34.05543063	30.10918903	218.904654	213.6020089	41.13467177
	38.65361055	90.58927651	90.95662467	54.04721375	74.41134174
	85.20614277	85.69964231	108.7766707	109.2471493	61.33191766
	81.280342	102.6453447	103.2012299	127.3650459	127.9689892
	69.22234321	87.36205389	120.9722365	121.6100326	143.4022249
	144.1459315	76.58158413	91.44166097	137.8481568	138.5745213
	151.5773034	152.4203651	81.21741164	91.46274433	148.7822723
	149.564016	144.0930003	144.9573347	79.68790038	84.46717657
	146.6252554	147.3774446	113.304758	114.1371221	68.19424716
	67.66643864	123.1474956	123.8042943	59.50340061	60.0641501
	46.29057726	42.57429114	75.24937727	75.93703908	17.26861879
	8.627061545	24.19748375	23.74309676	17.65159662	17.30168649
	52.69179287	45.96420097	22.54821707	26.61298247	42.22442517
	37.19283459	61.92527186	54.46191993	25.13970845	26.62583501
	61.77453883	54.29586814	47.66817388	39.87530375	21.54837604
	20.33850714	53.96485833	44.70828286	29.79641592	22.09695175
	18.47845778	16.14049482	36.40332468	26.72479292	18.50334378
	11.91056731	18.14155856	15.28432529	22.53329934	13.50080872
	12.30016826	10.44164616	18.80901433	15.36361058	14.52952616
	8.595576118	8.575981649	13.70296244	19.15152056	15.39813912
	9.558406531	10.3286293	12.61249701	18.77358902	18.67490151
	15.63174581	10.00936055	15.19847433	23.18697224	24.8902279
	18.29836524	16.95448859	19.17974012	22.27488999	34.07078485
	31.35973767	20.94868337	20.09180085	31.80649439	31.27368653
	40.16461127	35.2081291	30.01987905	26.01061465	42.39202585
	39.42017611	36.84998252	30.54967208	42.27464037	33.47639051
	42.85713889	38.76197225	29.64531988	20.58627102	47.63791372
	36.57478398	28.91451442	22.57426802	42.92683737	38.51272574
	40.13205089	32.07852398	32.95934721	28.61671105	66.92019349
	66.61544268	33.9802292	31.77422312	66.7503648	66.44217104
	82.90369846	83.94480753	54.79770062	50.68431145	93.19516517
	94.42909174	87.56029028	87.95031683	88.00455097	79.22196059
	103.9918786	105.2955458	84.15018427	83.01116266	121.1192774
	109.1516925	102.3798649	102.8156273	76.5988007	74.07381949
	150.9188004	137.4316473	93.94789167	93.30097299	67.4685972
	64.212787	176.6173939	162.7688478	82.79806504	81.38095003
	58.08758801	54.78970158	198.1229826	184.6308541	71.14392293
	69.4436778	49.10441742	46.25053214	215.6603175	202.9603033
	60.0169729	58.44981467	40.85946227	38.70135689	229.652154
	218.0038481	49.87211071	48.69850698	85.16280077	85.79376969
	97.87269498	117.5656297	77.65174127	78.37248139	102.636624
	103.3102769	98.63130453	118.3596624	93.79000537	94.50557802
	120.97392	121.7394595	98.87368468	117.4294338	111.1154125
	111.8682169	137.8338884	138.7246952	97.90849758	113.8788622
	127.8979029	128.7322103	148.7337644	149.7250241	94.38983744
	106.3250869	140.5841368	141.5032493	146.5382118	147.5222042
	86.10095701	92.83010744	143.0579117	143.9720745	123.0254976
	123.8750985	70.45623285	71.58607251	127.2904127	128.0361973
	75.1293045	75.79328365	47.15572753	44.08047062	87.91618733
	88.46705978	17.93089332	15.85201922	24.14624912	23.15222032
	31.67064387	32.34807127	41.84540743	36.66938081	20.73625546
	25.91968149	27.9688326	25.11718401	60.16337915	54.16011698
	23.89083918	26.68645572	55.66992975	50.3741328	51.12528227
	44.71592697	20.10100819	19.08927349	55.05665894	47.73092421
	32.82307755	27.01584548	15.61999435	12.35675483	39.45939664
	31.62498371	18.53356659	14.74822037	14.43308679	10.7868411
	23.7777341	17.01949472	10.66202329	11.30535135	14.7203399
	11.34489047	13.73142622	10.17217999	8.51025839	12.9959263
	14.92138412	12.04383751	9.127667803	10.38462884	13.19835582
	16.74760674	15.10497265	13.08811191	10.70811954	13.68660095
	22.43309974	22.62772727	15.67607591	14.82317935	18.17679235
	19.44045251	33.64607158	30.91514829	17.20153754	17.26509025
	29.90251847	28.81375944	42.70513864	38.89164877	23.20353957
	21.80473184	42.95918573	40.43304569	42.05824398	38.45183858
	34.56855354	28.51169512	48.7445833	45.92962217	28.09494125
	22.73066281	42.02205508	31.4527871	36.10351647	32.87180507
	33.42457946	28.48679128	36.95097211	26.24947925	21.50972819
	16.14234677	67.03631646	65.97560005	30.13036762	26.33327668
	60.19939595	59.2877161	93.2721122	93.94075186	50.069636
	47.46548028	97.93804469	98.60692359	104.0188897	104.9174382
	83.15104813	75.89975274	117.3936233	118.6292804	102.3600711
	102.5668851	115.9523006	104.1831314	119.8959195	120.8857088
	93.82285646	93.15163519	145.2227563	130.2850178	111.9428346
	112.3153555	82.53479575	81.29545233	170.2369567	153.4975807
	99.25778404	99.08317707	70.75196952	69.39690736	190.9087697
	173.4957698	85.29186529	84.85895543	59.53304395	58.42757886
	207.4650023	190.2316431	71.76346336	71.37047715	49.34130987
	48.69380823	220.3482925	203.9061591	59.42342817	59.27798623
	77.77706929	78.46039711	139.1957608	158.3245767	68.67728727
	69.3643648	93.95090822	94.61010858	134.1024427	153.5600301
	83.04741222	83.63724111	111.2791064	111.9986267	127.4506182
	146.1932813	98.72118767	99.29533423	128.0280142	128.8937103
	118.8226411	135.5543223	114.518777	115.1888296	140.6568939
	141.6908495	107.5362274	120.8023008	127.8392178	128.6872102
	143.0770256	144.161838	92.45373735	100.8950528	133.8355797
	134.8090721	127.2802213	128.1698324	72.18430311	75.00816053
	125.3477766	126.1905748	87.9081882	88.40912263	46.8305935
	44.93503309	95.86236817	96.25585454	31.83437923	31.54007266
	22.73745966	22.82936451	47.19313026	47.16127801	27.70689831
	24.09764304	18.73919624	26.86253806	14.70401169	13.41848474
	54.28618637	50.19264894	22.99281756	28.96457736	45.47581855
	42.57458498	52.52158822	47.71386998	18.87077129	20.48383315
	52.7869709	47.8244146	36.30296758	31.52947967	11.74708465
	10.37794235	41.61377232	35.6038112	20.40890194	16.39649589
	7.812041787	5.563582625	26.17556019	20.46466769	9.81107249
	7.620313248	6.767461768	4.779422757	14.1094956	9.770781104
	4.267018328	5.386758014	6.134565531	4.528786014	6.280602378
	4.682174429	8.150713777	8.413736068	6.34403558	5.269975028
	5.322144286	5.840626342	17.22607892	15.0984551	7.713698998
	7.047856724	12.57646526	11.45991427	29.55552395	25.73869809
	9.653669845	9.568216956	24.37161343	21.77466617	42.55633196
	38.39160247	15.32418889	14.77585528	39.85229927	36.51373921
	47.72366786	44.60920508	26.38838346	22.37304399	51.64413089
	48.41404699	34.15269293	32.12395054	34.7225166	25.9554989
	45.39904838	42.76821148	19.39052286	15.98582581	31.16742209
	20.63703233	16.50062919	12.37675677	59.90854478	59.03274643
	25.22017691	22.68924732	47.61808568	46.94253994	97.82463491
	98.21349523	46.48163623	46.29481445	95.97913276	96.39251631
	117.2926878	118.2312607	78.56167342	73.63835637	125.420883
	126.4445236	119.7318363	120.552256	108.6313249	98.41484883
	133.9440124	135.0761308	111.6571245	112.0643679	134.1884613
	119.7344801	128.0345797	128.9190231	98.84746064	98.90747976
	155.1428498	137.8686594	114.8055852	115.3697781	84.80074872
	84.74229406	171.8224758	153.0904188	99.06238342	99.42854733
	71.25104194	71.29520179	184.666095	165.6120483	83.39090182
	83.734044	58.9416578	59.22860844	194.1972168	175.6918968
	68.97968302	69.43951223	68.97950247	69.43923694	175.685698
	194.2037055	58.94147123	59.22837162	83.39166549	83.73465645
	165.6081579	184.6713038	71.25141941	71.2953573	99.06341405
	99.42944081	153.0880064	171.8250481	84.801597	84.74286029
	114.8074159	115.3715977	137.8658742	155.14527	98.84924639
	98.90906671	128.0374755	128.9221579	119.7285871	134.1904025
	111.6603371	112.0676532	133.949101	135.0819712	98.40248372
	108.6309999	119.7378849	120.5590539	125.4294352	126.4547123
	73.61755592	78.55106368	117.303673	118.2445295	95.98953116
	96.40531704	46.26960627	46.45158276	97.84033611	98.23414165
	47.62350742	46.94720997	22.67498487	25.1959916	59.91849088
	59.05040239	16.53870055	12.38817473	20.64601239	31.1904305
	19.38195856	15.97769601	45.44526021	42.80177704	25.967984
	34.74593588	34.18981548	32.14985528	51.67817483	48.44380477
	22.38608813	26.40108936	47.76711831	44.64365115	39.85883691
	36.52626796	14.78357084	15.32940215	42.57613026	38.40794835
	24.35001174	21.76790591	9.550952665	9.6394534	29.54636582
	25.7286479	12.53857371	11.43650385	7.010683061	7.689511972
	17.21033573	15.07679117	5.302728737	5.816714878	5.252211403
	6.338421742	8.15736533	8.405569604	6.320527683	4.693883778
	4.551692657	6.153470904	4.297274455	5.395251747	14.13899237
	9.789683965	4.807765747	6.785236257	9.819116765	7.619612975
	26.18266723	20.46935513	5.567796581	7.813519222	20.40872073
	16.39161439	41.59719767	35.59041013	10.36679813	11.73473014
	36.29491643	31.52141641	52.75043404	47.79402778	20.46796798
	18.84811481	52.50058614	47.69577874	45.43234371	42.54020715
	28.94276001	22.964223	54.25439842	50.16623476	14.6680842
	13.404864	26.83989434	18.71574927	27.67688009	24.07858587
	47.18647873	47.15734964	22.84420084	22.74124285	31.83579595
	31.54826136	95.85142634	96.24453068	44.96250743	46.84564093
	87.90522853	88.40655162	125.3393457	126.1815493	75.02263659
	72.19825795	127.2761395	128.165401	133.8307974	134.8039216
	100.9002508	92.46216688	143.0741155	144.1586352	127.8366193
	128.6844333	120.8045185	107.539181	140.6549602	141.6887481
	114.5171836	115.187196	135.5553447	118.8225687	128.0266046
	128.892223	98.72033333	99.29454014	146.1937671	127.450643
	111.2782088	111.9977317	83.0467699	83.63666867	153.5566138
	134.1047346	93.95021924	94.60946	68.67754021	69.36462932
	158.320474	139.2016288	77.77743802	78.4608226	59.42325219
	59.27772215	203.8997114	220.3517075	49.33961456	48.69203074
	71.76380258	71.37063991	190.2278321	207.4666361	59.53336284
	58.42765571	85.29264805	84.85954474	173.4929825	190.9097116
	70.7525703	69.39716987	99.25953519	99.08480575	153.4947959
	170.2386578	82.53622499	81.2965392	111.9461541	112.31877
	130.2799823	145.2262175	93.82548694	93.15403486	119.9023762
	120.892906	104.1721539	115.956763	102.3650024	102.5721139
	117.4054365	118.6434887	75.87843604	83.14889452	104.0283214
	104.9290323	97.95457833	98.6291497	47.43461517	50.04669238
	93.28739525	93.96279572	60.20866908	59.30668743	26.312374
	30.10047076	67.04780849	66.00185961	21.50201434	16.13119416
	26.25098632	36.96825002	33.4033365	28.48593644	36.14521072
	32.89585073	31.45587925	42.0491464	28.09229757	22.72412413
	48.79035139	45.96252449	28.51755794	34.58370901	42.08882848
	38.472063	42.97452412	40.44557979	21.80072033	23.19964504
	42.71562076	38.89727808	29.88048061	28.79842547	17.2431159
	17.18088027	33.63060002	30.89781363	18.1489567	19.41715562
	14.81013105	15.66891394	22.42316145	22.61279598	10.7299462
	13.67900207	13.09770273	15.11719147	13.21682065	16.75074378
	9.174207093	10.39070034	12.05726837	14.92722014	8.528641906
	12.99907463	13.74366727	10.17425577	11.34586027	14.71000845
	10.64794629	11.29416956	23.77468711	17.01585893	10.78066826
	14.42059373	18.51763015	14.73699736	39.44951298	31.61717241
	12.34825767	15.61260629	32.81356335	27.0117223	55.03479415
	47.71296461	19.07422981	20.08586515	51.11159857	44.70682114
	55.63784626	50.34826721	26.66623505	23.86514739	60.14057805
	54.14107883	27.93807155	25.09909449	25.89694782	20.70941347
	41.8239916	36.65126555	31.66950483	32.35538536	23.15213012
	24.13621476	17.93843143	15.86788198	87.91207435	88.46476092
	44.09769868	47.15920787	75.13097938	75.79576209	127.2858621
	128.0321859	71.59783985	70.46267132	123.0239936	123.8738038
	143.0548563	143.9691458	92.83645971	86.10521982	146.5364945
	147.5205585	140.5821772	141.5012711	106.3299924	94.39044168
	148.7322813	149.7235492	127.8965066	128.7307788	113.8830887
	97.90688163	137.8326348	138.723411	111.1145468	111.8673599
	117.4326308	98.87302219	120.9729977	121.73851	93.7893609
	94.50495151	118.3580263	98.63382947	102.6361355	103.3097872
	77.65216029	78.37289003	117.5618559	97.8808432	85.16278338
	85.79379897	49.87031524	48.69669298	218.0014274	229.6490903
	40.85475645	38.69643217	60.01685506	58.44984162	202.9605425
	215.6566041	49.10539244	46.25181154	71.14381511	69.44380037
	184.6314601	198.1196677	58.08746919	54.78996397	82.79859671
	81.3817581	162.7699457	176.6157173	67.46881213	64.2134809
	93.94960798	93.30294239	137.4317855	150.9203399	76.5987991
	74.07409485	102.3841597	102.820321	109.1481946	121.1239622
	84.15057012	83.01144978	104.0014324	105.3065991	79.20868791
	88.00674258	87.56349543	87.95362115	93.21162234	94.45055254
	50.65442372	54.78199629	82.91429677	83.95774138	66.76235336
	66.46661225	31.74213528	33.94303033	66.93644731	66.63945151
	32.93178462	28.60799978	32.07331396	40.13321398	42.92589659
	38.52424758	28.90811298	22.56244357	36.5798917	47.65907523
	29.62957036	20.5619277	42.88988535	38.7835172	33.48146688
	42.28282042	36.86140741	30.55064268	42.4050825	39.42725596
	26.00258294	30.00605287	40.1568702	35.20107147	31.79261764
	31.25898851	20.0832244	20.9407622	34.03080331	31.33708407
	19.18146233	22.26603661	16.97286779	18.3267524	23.15007658
	24.87901668	10.05476382	15.21328978	15.65606772	18.6998289
	12.60981526	18.77855695	9.566275139	10.34711526	15.39409349
	19.14006439	8.583571089	13.70339243	14.51011316	8.589060502
	15.34276904	18.7823192	12.28597523	10.43089493	22.52354369
	13.48892684	15.27555953	18.13033924	18.48732055	11.90219862
	36.40202971	26.72029977	16.14854424	18.48590793	29.78894726
	22.09585148	53.95673275	44.69951155	20.3381423	21.54790752
	47.65807671	39.86811261	61.75357309	54.27787124	26.60885065
	25.12111444	61.90323921	54.44208278	42.20087451	37.17601088
	26.58613386	22.51996863	52.66804888	45.94239885	17.6514201
	17.31416122	23.72740633	24.17315612	17.26539959	8.632428476
	75.249736	75.93887093	42.58052254	46.28409639	59.50712927
	60.06832078	123.1455537	123.8028131	67.67254646	68.19539944
	113.3042867	114.1367303	146.6233551	147.3756987	84.47116196
	79.68973849	144.0917689	144.9561544	148.7806925	149.5624434
	91.4670956	81.21713856	151.5759522	152.4190205	137.8468568
	138.5731722	91.44635541	76.5798936	143.4008717	144.1445222
	120.9713177	121.6090672	87.36532171	69.22227241	127.363924
	127.9677752	102.6449058	103.2007469	81.27788249	61.33619262
	108.7762236	109.2466403	85.206195	85.6996385	74.40413787
	54.05863573	90.58860811	90.95598374	41.12997768	38.64867848
	213.6045757	218.9007671	34.04926683	30.10225798	49.19417411
	46.2072806	199.6238382	206.1039541	40.66446968	35.84982165
	57.96465928	54.74359238	182.5726268	190.2871577	47.74006006
	42.29705341	67.1447665	64.16621763	162.1190285	171.0356561
	54.97299769	49.4170559	76.13819663	74.04245932	138.1444895
	148.0147592	61.8730532	57.02717	83.67222749	83.03774488
	110.966219	121.0486029	67.61798531	64.45326227	87.18866581
	88.10128323	81.73884636	90.44237684	70.77131417	69.91310306
	82.6138143	84.26619309	53.54084844	58.32614862	69.07494667
	70.05029785	66.26485335	67.01721514	34.5740029	34.18825482
	60.25014912	61.01087029	40.78706443	38.54087967	34.50776032
	37.09628099	45.20031632	42.65981312	25.65118363	19.13880279
	39.7592731	48.10400115	32.64887133	25.31739494	33.47821858
	29.14009986	37.39749398	47.18738211	31.98502275	25.41010665
	36.03477146	33.56235752	28.87755015	36.13545774	33.56427619
	29.54383778	28.81802732	28.65375262	20.59950074	24.31918593
	28.98370909	27.55518537	19.69147288	20.65271959	17.06048994
	19.32937085	20.78322695	21.86289055	17.39962448	13.42298629
	17.63035088	20.11742324	17.09380682	15.25766266	20.26890787
	8.708045157	18.6195478	20.84946267	19.89324372	9.669069799
	22.37682888	7.552006763	18.45622487	19.91749673	22.21889256
	7.236685883	24.79473001	11.16700356	17.62586169	18.36204159
	23.12438823	9.361999526	33.25618859	22.01411228	17.31062564
	17.61026097	27.93239239	17.79520798	49.78267158	39.86749623
	19.81406149	19.68465438	42.40030383	34.26815096	62.99478398
	54.45919821	25.2996951	23.48758323	59.4106481	51.70747044
	52.65409402	46.08661338	25.81253401	21.37270759	58.57301992
	51.08887051	15.84852062	10.10520772	22.79926927	22.04551728
	27.43324545	18.27060843	59.53447225	60.23064564	40.47041361
	44.75321462	43.2559497	43.01477609	113.506053	114.0986957
	63.7039275	66.1263116	99.15821176	99.95130974	144.2980509
	144.8372071	76.49546217	74.11657029	135.8965836	136.6420118
	151.7675666	152.2707911	77.26379446	69.28318262	148.8283202
	149.457343	143.5813768	143.9968462	69.72950061	56.62142559
	144.1815932	144.6482006	127.5471463	127.8360141	57.90923233
	40.82246323	129.8963317	130.165873	108.9811502	109.1354653
	44.61939413	24.95240694	111.8926327	111.9643533	90.83223599
	90.86328392	31.55163291	10.7876555	93.67224771	93.57267608
	33.82995127	30.0194404	192.886746	193.164379	28.88126412
	23.33040862	40.16169351	35.76723913	181.4940997	182.8643475
	34.23163021	27.70741735	46.94065555	42.20828115	167.5449025
	170.1907566	39.85979872	32.54825428	53.90948237	49.31459656
	150.6620138	154.754106	45.4450103	37.80657646	60.64923682
	56.90891391	130.5533977	136.1415134	50.50737562	43.36964772
	66.42488585	64.33449727	107.1644511	113.9482478	54.37640726
	48.89752254	69.85759647	69.83495398	81.01425438	87.96336395
	56.175745	53.45309484	68.5823644	70.05769254	54.13149241
	58.97310573	54.90185827	55.065236	59.81950093	61.06332997
	33.11369534	32.18186619	49.84799333	51.04852449	43.49306253
	42.47393854	30.89995395	27.93598974	41.79590504	40.50249252
	27.7447847	24.38167308	38.81667308	41.92798534	34.18713715
	28.88041798	25.54366964	24.63548241	40.40991046	47.4817219
	30.24005166	26.13053187	28.28484508	29.51135251	34.78593637
	41.96065772	27.99438675	28.22105623	28.62857935	28.15440873
	28.27226182	32.92403526	25.89789593	26.91867798	31.64214747
	23.71905067	26.04471247	27.95933277	28.41334288	22.42426607
	36.24490478	19.71352413	26.2638971	26.74617488	34.89070685
	17.88148626	36.96115268	17.12561117	25.17186045	25.20650585
	37.96594771	15.93618343	33.07080671	15.36106088	22.33448877
	22.51779333	35.10902475	15.76165667	27.96485091	14.64183214
	18.86950058	19.39996485	28.95475302	15.55354592	28.90614209
	19.60527314	16.04546346	16.70541897	25.61939618	17.90220644
	42.69992418	34.66445217	16.5154662	16.73531223	34.98611463
	29.61382771	59.79750553	51.74507296	21.39026607	19.84907865
	53.19713192	47.09181332	58.51009059	51.06564819	22.20656186
	17.51514981	59.60377342	52.29486629	26.25058534	18.55436747
	20.09912962	18.81223254	37.32951789	28.00537471	42.92811124
	43.23160233	38.73279334	43.82804646	29.6996201	26.74971185
	99.36195257	99.97119169	60.63480735	65.14567092	82.00095444
	82.67470279	136.2196317	136.5635087	69.77815104	70.14995598
	122.4534664	123.1274917	149.1969404	149.32788	64.74751999
	59.54360798	140.4254644	140.8222449	144.5800548	144.5039052
	50.12545603	39.54811122	139.8792682	139.963293	130.3266868
	130.0314721	30.92544814	16.75600828	128.2479716	128.0078034
	112.363867	111.8530192	10.71210604	11.08950125	111.7100038
	111.1598874	94.1922432	93.48813242	9.333813713	30.16760436
	94.21933543	93.40211732	28.24447482	23.24001883	163.7696801
	161.9464417	25.08660315	18.32502522	33.33039337	27.62272227
	155.2087853	154.1999271	29.56537343	21.68603971	38.6667953
	32.46764305	144.635132	144.5808265	34.22096147	25.35113376
	43.95516066	37.72465256	131.6853272	132.7427579	38.68487839
	29.21309464	48.76885599	43.27780242	116.0097205	118.2959392
	42.42947688	33.14950137	52.5512592	48.78800202	97.3340496
	100.8189103	44.75519842	36.9349276	54.61249386	53.32645787
	75.64386024	79.91357113	44.93714498	40.07367583	54.07594229
	54.92781534	51.75800581	55.55265005	42.65607573	41.52651401
	49.89021755	50.86715558	29.44423006	29.63662384	38.77162437
	39.76331597	41.72392314	40.13483721	22.62327134	16.7573146
	35.62424908	34.20091375	32.28086212	28.42642198	33.39910695
	32.1019423	34.63581699	28.33660562	27.48240157	27.18136384
	41.23107006	44.07870138	33.75754292	28.1829553	30.54318079
	32.2060283	42.44948686	46.45312805	32.45540175	31.22869102
	39.96421708	34.45382125	41.1248532	43.65596358	36.48570154
	31.98239995	50.1572182	33.46397873	39.5999478	40.09081962
	46.66352046	30.41865338	53.81466762	30.68251903	36.41931379
	36.11950542	53.55505645	28.91619216	48.88811075	27.22205845
	31.32335998	31.77198996	51.51004542	28.04225887	38.62647856
	23.62615378	25.84414706	27.69110781	42.40206276	26.4320922
	27.32833966	20.27151649	20.85287549	23.84215567	30.5783474
	23.61727789	21.75453263	20.12800718	16.65640178	20.30153529
	20.86321797	21.48617212	33.45024674	30.3214311	14.90549634
	18.29311353	25.64028344	26.91072473	53.64534919	47.26944424
	17.38340021	18.47926607	44.6954637	41.79713616	60.43729817
	52.27719088	16.86849844	14.06653123	57.00329025	50.41365306
	37.51128057	28.02601502	16.91610712	17.11043877	44.75795546
	34.68976628	29.12195676	27.08163843	38.24036015	44.20556798
	24.94203314	14.9633978	82.13009655	82.7759945	58.94167097
	65.2517136	63.8921593	64.01962417	122.8860573	123.1019147
	64.67939549	67.68728908	104.740079	105.3848432	141.0253364
	140.7141962	54.39367366	52.13465111	126.6677985	126.8443776
	140.5902937	139.8180651	33.47571974	26.3679292	130.4636943
	130.0546564	129.0467548	127.8639741	8.933835507	14.09638919
	122.2938709	121.3147423	112.5866052	111.0440154	20.2224816
	40.01605691	108.1616125	106.6679207	95.16674422	93.32722066
	44.86509735	66.36367359	92.26920375	90.35036557	24.32932256
	18.24532207	134.5040406	132.6960821	22.43731784	14.71088586
	28.59406504	21.61268379	128.0361456	126.6796047	26.35782437
	17.28391676	32.9589762	25.28403259	119.9668975	119.0703075
	30.37880663	20.06073808	37.04106783	29.15176846	109.9914386
	109.6151734	34.06541544	22.86914653	40.34374834	33.09241051
	97.82322485	98.06899996	36.84613638	25.58214799	42.31072153
	36.88012441	83.19969317	84.17686117	37.97383753	28.00882965
	42.54809507	40.02780579	65.93337812	67.62725322	36.72104673
	29.85360391	41.20042015	41.52716448	46.16712366	48.13376009
	32.99845922	30.6075497	39.18240669	39.91228305	25.62862843
	26.20108478	28.89997566	29.65125996	37.63284611	34.77213914
	15.94058255	10.71149537	29.50836917	27.24461921	37.20272832
	30.23473502	29.23217216	26.43527597	35.84978481	26.42491626
	39.28019015	32.92993298	43.01570408	42.74052101	42.46061716
	30.35066303	46.9108698	39.57299605	50.90952386	51.41527671
	48.27141378	35.95401506	58.49718187	43.37901521	52.89671117
	52.87340763	56.74385292	39.23353278	65.32157172	42.35106611
	49.19850668	48.95253303	64.33506382	39.80157033	61.78466344
	37.91537498	41.43876172	42.42808673	63.5704372	38.71857015
	50.45468554	32.63452076	33.49718981	36.46661743	54.14731557
	36.20841563	36.55002683	27.90620875	27.77375939	31.92026223
	40.95605757	32.37339436	22.90904159	23.90872382	23.86560604
	28.21453751	27.5248238	27.98145705	13.24350046	21.84867668
	20.89991662	25.21815448	15.422145	24.30138867	24.14854042
	27.52685949	18.74249766	23.06654261	16.57535086	25.71388315
	46.4630855	42.20405197	17.52216949	21.04255531	35.88128787
	36.82066831	59.65717722	50.52799167	13.46028403	14.94291516
	52.35911324	46.69171941	46.94277802	34.64923987	15.98631194
	18.95104959	49.6807392	38.43970886	25.2730856	15.27325332
	38.87165095	45.18789831	30.98620606	15.13688239	63.89586491
	64.15678765	57.93893612	65.12688666	47.97718414	46.14283109
	105.2917972	105.3828034	60.58203375	65.46325101	84.44942991
	84.93459113	127.6165434	126.7317723	45.914532	46.17660755
	108.4822504	108.3898462	131.6792745	129.8842064	20.35103345
	17.31774116	116.3953084	115.2826314	123.6953031	121.1419629
	15.86553392	29.32147705	112.2927781	110.1817095	109.6992973
	106.5360259	46.30086407	64.47170646	101.4545564	98.476338
	93.90684745	90.28282007	76.00940011	96.77194066	88.02096905
	84.35916049	21.71298536	14.64825408	109.105967	107.5615984
	20.61640807	11.97893054	25.31612792	17.22741584	103.5862834
	102.1782719	24.05819365	13.9203925	28.87153338	20.01459277
	96.80570366	95.42821742	27.49041205	16.0118202	31.93528021
	22.84311694	88.56656321	87.24401919	30.44203454	18.04085417
	34.01902344	25.59578651	78.72547735	77.60339583	32.379326
	19.90065195	34.62223346	28.10348209	67.15342985	66.43928414
	32.63766242	21.40940142	33.53168468	30.12989174	53.70329877
	53.54795146	30.5985389	22.3494649	31.5938783	31.31834391
	38.41805001	38.71321843	26.41751977	22.54833469	31.79772524
	31.38927327	23.15887316	23.0344027	23.6311684	22.28097159
	37.35167199	31.17795313	19.54338101	17.15000279	29.87292854
	23.0536279	47.04033796	33.78166393	33.92989247	31.42261741
	43.96015191	27.32684008	57.90446949	40.75081067	49.72290879
	47.67742732	58.49923572	34.94439381	68.17376368	47.78743904
	59.22016065	57.47899626	69.63567027	42.29017782	73.7757793
	49.84112845	59.38217766	58.35596257	75.27939545	46.23647158
	69.56206934	45.90634851	51.1378077	52.11658122	72.09596812
	46.18207348	56.89501998	39.00484063	40.06768837	43.89811339
	60.28397726	43.0647143	42.35015952	32.67534127	32.07727929
	37.47967288	45.74438089	38.12942557	29.85772088	28.11838972
	28.09521653	32.93549276	33.32250106	32.79638175	18.93496447
	24.99719608	26.21450953	29.68597456	23.23976789	28.23939558
	8.958586108	23.35215122	25.18394556	27.71054493	13.7726575
	25.02181733	16.89928092	26.45653003	24.03888226	26.51746621
	11.00746289	25.1774815	39.25779992	37.77854002	21.52827904
	24.48753782	27.74395659	32.95585943	57.00938754	47.23516186
	16.00256439	19.3619567	46.53353485	42.60121873	53.86355486
	38.64839945	19.08384038	23.25262952	52.08653126	40.25097543
	32.63983678	15.38479572	39.66735761	45.49853295	40.1391908
	23.07564657	47.6523446	46.26351557	56.14717648	63.08849525
	38.20323802	32.0626768	85.0843173	84.90486366	56.13934763
	61.84915071	63.95607666	63.92625403	109.9736878	108.2290488
	38.39256428	40.43995072	87.59100613	87.05616922	118.4397734
	115.0521812	11.27716466	11.08110336	98.91653772	96.66693338
	114.668576	109.9570053	30.87486849	40.60936164	99.14627869
	95.19882007	104.0173312	98.31845656	66.62538043	81.44724366
	92.25554648	86.90111873	90.66939391	84.29921062	100.4457013
	118.5388492	81.99901069	75.60834618	19.68263592	11.93595434
	86.94422868	84.86197349	19.0848488	9.728651087	22.50113928
	13.90104968	81.58693359	79.497538	21.85971952	11.1795356
	25.15337361	16.04744225	75.38678162	73.17176615	24.50485787
	12.78518966	27.27373065	18.19070329	68.29644827	66.04989925
	26.64330462	14.33879295	28.60009399	20.2680717	60.33125434
	58.27287791	27.98307405	15.77709076	28.94833061	22.1791796
	51.47227348	49.81577765	28.22246092	16.91830932	28.57444984
	23.8810303	41.69473223	40.53295127	27.27841278	17.59953209
	29.29640485	25.55855844	31.63227051	30.81306418	26.39133569
	18.03361684	35.18503179	27.98026914	25.18467892	24.04739907
	30.22778434	19.49635519	48.13391248	32.54072144	30.29553494
	28.17049842	43.10142574	24.05845066	64.50395061	39.97083085
	44.38242772	41.57385377	61.80261067	32.15352624	78.463047
	48.27668951	57.84370844	54.8863231	79.13774529	41.44701523
	84.20513194	53.0772463	63.5419483	61.38883998	87.86448315
	48.38129973	77.55097698	51.17518168	58.5350367	58.69788503
	83.07521471	50.43385746	60.40848811	43.781496	46.38927655
	50.12484135	65.91289319	47.60254323	41.92565676	35.39107048
	35.05381095	41.52100186	45.39592273	41.76537133	29.8508867
	29.29361425	29.11343417	35.32997606	31.28047591	35.16231356
	23.38423812	25.8204651	26.94794258	30.92643659	24.57325435
	29.56581647	18.09702505	24.27649104	26.53065261	28.13709814
	20.47868387	25.87915312	11.11428499	24.2006813	27.17165583
	27.15935507	15.46226877	24.10311216	11.33009311	26.84315774
	27.7225889	27.32760042	9.635884807	24.78662434	31.67284646
	35.22563865	26.41390785	26.90405513	19.76169027	30.68923769
	52.70769047	44.31475418	22.69780388	24.72505767	39.63063881
	39.58606929	57.75780659	41.42566964	25.03425091	28.5331569
	51.77286429	41.52517541	42.22378823	24.13319076	40.06385697
	44.89625851	47.11682732	31.40845717	36.78143105	32.4620573
	52.62444204	58.70812962	35.92806614	26.27752256	64.38853812
	63.91941741	50.43677569	56.40305631	45.73980875	45.2824893
	89.83130317	86.85874358	31.26836949	35.08797065	66.2440636
	65.20686039	102.1887228	96.38320854	7.558746043	8.333110945
	80.0327225	76.00587952	102.9077083	94.93086946	40.70453724
	45.85796365	84.46498032	77.62131128	96.16621145	86.72727346
	79.17934666	89.05824794	81.77342996	72.79876689	85.84389198
	75.56231648	115.4192919	128.7855594	75.049517	64.6887333
	17.48455103	9.722023647	66.09595181	62.96585307	17.22811941
	7.806695536	19.35521196	11.27432177	60.93898589	57.86065309
	19.08182871	8.899218555	21.13377739	13.08216922	55.50598284
	52.47145309	20.83799634	10.25019671	22.77467511	14.98619101
	49.89150766	47.08927745	22.45136356	11.6941753	24.48741567
	16.98542275	44.16895773	41.79236578	24.11976458	13.18776637
	26.61009383	19.03630728	38.31949621	36.42992655	26.10286592
	14.52341046	30.02456434	21.27026959	32.63300155	31.1208935
	29.04543684	15.66011728	36.78188057	24.28655402	28.90049642
	27.44836996	34.78939534	17.26363367	49.08683844	29.19999636
	31.05874838	29.14184018	46.04124019	21.00707669	66.31383644
	36.6649121	40.54398888	37.84800136	63.35953307	28.14632312
	83.69236791	45.48189526	52.95445277	49.71739026	82.86635431
	37.65607526	93.52750346	52.36222349	61.77829049	58.91921655
	96.67451238	46.53534019	88.62164917	53.49695968	61.60319345
	60.69747551	95.96669749	51.34715836	68.10091343	47.68374103
	51.87011707	54.53546409	77.34034598	50.30782632	41.34959335
	38.13080481	38.6562356	45.05771694	48.35823382	44.54014087
	23.2208716	29.72470002	29.56502281	37.11240797	24.68728021
	36.89053837	19.45779329	24.66167183	25.79398465	31.37349886
	17.90370694	29.8672358	19.55022087	22.46091272	24.4735814
	27.11127407	18.69663848	24.87476835	18.30479772	22.46157531
	24.76832347	24.66276735	18.72814416	22.38636588	13.85452933
	24.21795005	26.73790732	24.46585563	16.93649354	22.17512744
	7.114766305	27.8471477	29.34331579	26.07058025	11.31192088
	24.14787727	23.61443239	34.88032887	30.71004501	28.1498247
	12.82797613	29.74172873	46.86234043	43.20707484	30.19480669
	29.74940738	32.24866771	38.25256893	58.16541455	44.25513006
	32.06168559	34.02630725	48.73017101	43.11326804	48.79783919
	33.55697559	40.60417465	44.45195768	49.96770413	38.69647766
	32.470863	27.58013003	48.04314045	53.50950651	37.00264744
	29.90019997	45.24714983	45.54767386	44.18835684	50.72371304
	31.50323792	33.06852996	69.3803812	65.10706208	26.02541821
	32.76628508	46.61942444	45.93444178	84.83517672	75.77080519
	11.46506972	15.05873688	62.09068194	55.78489394	89.79952624
	77.38627696	44.95508517	46.34495825	70.19412068	59.31880941
	87.01913035	72.65445699	83.00015655	87.39438226	71.371027
	57.51654299	79.86998363	64.6690172	119.3070822	126.7231683
	67.97500709	52.55861501	14.71537647	7.876681162	46.219421
	42.29343002	14.64130604	6.201151141	15.73366757	9.237675886
	41.96977964	38.28449036	15.5436225	7.038792628	17.13434207
	10.99740277	38.10792826	34.81825372	16.763539	8.36966428
	19.32573881	12.97883449	34.71412412	31.99826168	18.75960265
	9.994951516	22.85030853	15.17457606	31.68203813	29.55677003
	22.08793465	11.75178919	28.26635953	17.58159885	28.99161869
	27.31238851	27.22297944	13.40799242	36.62387679	20.5142324
	27.5397652	26.04674203	35.10870728	15.15626554	49.22192257
	24.76491661	29.53146307	27.80581563	47.18631501	17.95899656
	66.14308105	31.17414711	36.45820489	34.05383957	64.06841007
	23.21517343	84.64391803	39.48791922	46.69883513	43.56136437
	83.8120041	31.30927222	98.42721505	47.56849537	56.17129329
	52.9392128	100.8256067	40.61160624	99.05559413	51.90515737
	59.91475885	57.97437917	106.3266862	47.94820829	81.20454414
	49.67763572	54.77435637	55.85252595	92.69183142	50.21205887
	49.39873278	41.4383672	42.85038161	47.92676292	61.25534927
	46.51366026	18.33646435	31.43014326	31.20470507	38.99525934
	25.19456626	38.95431665	11.27057037	23.96635962	24.9522627
	32.08887843	7.258760492	30.78589572	16.81217242	20.06318424
	22.34303574	26.76192089	15.4856936	24.21737228	17.46980177
	18.86003426	21.10259925	22.64062528	16.75897591	20.11337953
	17.59762073	19.98393817	21.6588461	20.42860255	16.58456761
	18.65002992	16.70825597	23.24650659	24.61129989	20.78196875
	17.83166812	19.63994599	11.62884988	28.33222587	29.20110019
	23.68261444	16.76013613	22.89226674	18.41022727	35.51245973
	33.61938367	28.34049585	14.83156257	29.07007675	40.18717615
	43.579428	36.45537948	33.42980334	27.03924345	37.78432014
	54.88722046	47.09543517	38.59560893	38.7014292	43.5071881
	44.58524779	50.74273416	41.36336718	42.04077289	45.02184669
	48.25775243	44.25113556	31.90477118	31.49121803	44.36786274
	49.8342138	36.98589788	36.90403895	29.42911867	33.66455301
	39.69503017	47.41895156	22.01743604	30.56851351	50.92710474
	46.06527119	26.03760407	35.76151435	30.60287551	32.99584941
	68.45224799	55.74485162	19.58943596	26.40398657	47.30903224
	39.02273454	76.74066867	59.23309561	45.07979018	45.17803136
	57.99034966	42.60679198	77.30978014	57.46538069	78.95971138
	78.76867689	61.9357793	42.70126588	72.97454832	52.57635548
	112.7607787	114.2473813	61.03282071	40.34578036	11.43697767
	6.385096107	28.60934614	24.55833155	11.28534953	4.839384683
	12.07917194	7.671981111	26.14942943	22.54552786	11.59735314
	5.493486993	13.95470785	9.456755413	24.61415	21.7011035
	13.11037591	6.952755195	17.55728068	11.49170427	23.72558522
	21.50880166	16.42193335	8.755765823	23.33947135	13.74921182
	23.131968	21.44117435	21.88191403	10.57717643	32.11715276
	16.31752401	23.17344843	21.81488013	30.19990004	12.33270636
	45.05993834	19.68434751	25.2480804	23.92509431	42.69640896
	14.50341089	62.45077142	24.61709554	30.67426283	28.8859756
	60.12706578	18.07817007	82.33498885	31.49102939	39.03221831
	36.3991074	81.1838472	23.95358392	99.71945731	39.41952301
	48.05732359	44.7924324	101.5189508	31.9361297	106.7747169
	45.93401156	54.19120553	51.33502086	113.4744019	40.19884985
	95.79712529	47.8545116	53.8045208	53.04434223	108.0458306
	45.72860598	65.77173596	43.46685174	45.88949364	48.75362952
	81.05729074	45.95770979	27.2339277	34.48054674	34.27776425
	40.81296257	40.13638416	40.75870583	7.495069434	25.20490541
	25.34143136	33.1514103	4.502815597	32.70613088	20.52311091
	18.97158211	21.13179344	27.16462478	19.7090457	24.92629684
	20.72322608	15.98550454	18.82605259	22.18133061	23.22304917
	19.17002069	15.74011973	15.39763723	17.40686587	18.25602772
	17.29298508	15.88195269	16.12817632	17.13988707	18.02334496
	16.24575279	13.70474905	15.10122929	21.18810141	21.30208528
	21.58521869	16.9798273	19.33237923	16.78197396	22.79217666
	27.55222871	27.66321351	20.86307188	25.14740748	20.87704123
	23.11527184	35.47067582	34.59791135	27.45487408	26.2153038
	27.71605421	34.68458429	43.82110805	40.22339744	34.9961918
	28.42800987	36.82200886	48.2151295	48.87522453	43.25150534
	41.40599556	37.45470075	44.86047358	48.18155313	46.51978677
	44.07246289	46.02792433	42.42963139	47.33852047	32.5403233
	37.55084375	43.04607244	48.64159363	34.68006692	42.68347891
	20.75541833	30.4183237	38.78206684	47.52853035	19.09492254
	34.35644969	37.339492	32.90703378	31.19410589	41.97921575
	21.5568721	28.89812081	55.02736436	39.0799137	28.69713463
	37.40104676	37.69305902	28.76458727	64.75648494	42.67327533
	43.55157431	45.1999159	48.8473542	30.04834254	67.26526265
	42.74349773	69.405547	66.79569046	53.58293653	30.16452581
	64.90557686	40.3877195	98.20355949	94.84609044	53.74912729
	29.18602921	8.040881188	5.126888845	14.83393384	11.29668759
	7.446146237	3.513018023	8.992383963	6.279614787	14.75599015
	11.78324846	7.912570784	4.100519021	11.84794077	7.976175905
	15.54145169	13.28290422	10.44237961	5.670461366	16.77055159
	9.916590024	16.49572578	14.7586598	15.03991101	7.400036578
	24.5448559	12.07054424	17.58926126	16.24839841	22.26565321
	9.047130455	36.56402584	14.63479298	19.76257162	18.72035254
	33.62623725	10.80501101	53.70618297	18.17771338	24.10727624
	22.99731293	50.45320202	13.27475299	74.94865175	23.27962095
	30.73488009	29.00203561	72.39843958	17.21076257	96.43801716
	29.90203857	38.58593054	35.9419075	96.39187527	23.04158038
	111.0749383	36.84090244	45.5594394	42.4152816	115.8888412
	30.28574356	109.8599695	41.68169969	48.73592013	46.3870635
	121.3338088	37.19410414	86.902088	41.83656399	45.74827651
	45.9888641	104.2362225	41.14159039	46.76164253	36.53811688
	37.16730574	41.15934335	65.09812925	40.13587228	10.84414712
	28.00050249	27.34922099	34.27063289	19.03885847	34.51351573
	26.93713567	20.00399828	20.94166933	27.93044579	22.02722472
	26.85285108	33.59833136	14.90049582	17.75817406	22.62238923
	35.84373804	19.90197185	26.07762311	12.53256702	15.4117127
	17.97681914	31.78822934	14.99940466	14.05313195	12.25770012
	13.85125302	14.33479249	18.731174	12.34855362	14.85916278
	14.20150116	14.46239288	12.55109562	10.47116349	11.94472331
	27.22180179	18.65056257	18.28307932	13.57018959	22.06986614
	13.87096401	35.60047483	25.44670462	25.14504193	18.03341395
	34.73546283	18.27197902	35.60808107	33.93793622	33.59269209
	25.57942759	40.05029377	25.3862824	33.71120351	42.66734574
	41.07377013	34.29109439	36.9356783	34.62849856	39.07833131
	48.66822933	45.20818606	41.55325683	32.93039126	43.29269513
	42.3659176	48.56612347	45.55593371	46.19422822	33.51663739
	47.63335616	35.18941232	41.71068357	43.6066888	48.81134103
	31.54498129	45.61993875	26.25956869	32.21027943	40.65911434
	49.55461974	25.0307854	38.56706427	33.39869762	27.09070197
	37.3935681	47.9140732	25.35721071	30.56358141	46.64038362
	28.00409559	36.39010725	45.4225437	35.08308728	25.55154379
	54.67879874	29.82198032	42.33134647	46.38468365	43.22483781
	23.35961065	56.72808006	30.05510338	57.2815529	54.96917362
	46.08720253	21.59833838	54.9152116	29.15588535	78.56869599
	72.17130498	45.25423109	20.11121803	5.022273011	3.842310051
	5.829498893	3.130665753	3.677722679	2.106882019	6.620510944
	4.797168847	7.93283718	5.765361457	5.035125851	2.778636731
	10.10620564	6.374920601	10.00354229	8.222406286	8.296804672
	4.27745423	15.99255128	8.184412284	11.85762203	10.40328176
	13.61406119	5.757492233	25.89328731	10.18312776	14.19846645
	13.17637213	22.67186857	7.265695034	41.24040366	12.66723065
	17.88813419	17.16690634	37.29208117	9.104216253	62.09003058
	16.17646918	23.12044655	22.22214746	58.08065055	11.74733745
	86.26027989	21.0570929	29.43884428	27.84197091	83.62877076
	15.66423454	108.374086	27.00888948	35.85517082	33.36100316
	109.4975778	21.00722483	119.5226498	32.75293666	40.65635344
	37.77272369	127.2509218	27.22523166	109.8476722	36.14204449
	41.63394719	39.75647075	125.7550707	32.79074859	75.64350322
	35.23130368	37.49616738	38.3860624	97.51732215	35.53967918
	27.46322056	29.92112097	29.68965839	34.10870219	47.95600075
	33.97091276	22.65309869	22.45060461	22.12493554	28.6405947
	10.99471764	28.61575182	44.6587328	15.83623798	17.49468116
	23.37573918	40.823129	21.79088092	44.96799261	11.64825209
	14.68991009	18.57190715	49.21420347	15.80082936	31.09664715
	9.683651844	12.28034512	14.29525699	38.99350338	11.67290201
	12.74952245	9.538831048	10.70799075	11.01947406	20.35339208
	9.503501138	14.48743642	11.41377216	11.31993326	9.518221774
	7.417723652	9.276588315	33.7114026	15.69287909	15.13493422
	10.78562172	25.71093136	11.15254914	48.21081647	22.43023335
	22.11327507	15.43429137	44.32647927	15.42360648	50.33636348
	31.00858957	31.02618395	23.00261116	53.94235404	22.33305815
	39.18312566	39.84851859	39.34333214	31.73796302	48.93045489
	31.27854666	29.16977746	46.32706184	44.42786793	39.33539545
	32.54452255	40.01867044	35.29751525	47.70446062	45.59309051
	44.78257991	22.70169816	45.47970249	41.75569592	43.00230109
	44.55049793	48.73675521	30.5916297	45.63825657	41.90170268
	34.26883835	43.22793991	51.44767322	37.30276073	40.70577235
	42.02142458	26.10657764	41.97865474	51.86299524	39.22313908
	33.00545067	45.3202025	22.44496359	40.91730285	49.60532791
	40.3447458	25.78003904	47.55565188	21.69316605	41.22324079
	46.38445278	41.32389725	20.89052303	45.86500508	20.60858397
	45.24586178	44.94546142	39.58903257	17.13425496	42.07459072
	19.70260519	56.30719769	49.13636782	35.00528728	13.6320548
	2.664036443	2.376558873	1.653025796	0.2695456441	0.7888415104
	0.6761741828	4.375140314	3.272608235	4.367528353	2.710493427
	2.702943368	1.536015352	8.037194223	4.842696653	6.635232903
	5.037639002	5.807009045	2.786878336	15.22301378	6.499343552
	9.125011987	7.975081459	12.05300099	4.158347531	27.69796717
	8.310758362	12.4950276	11.86749215	23.56813522	5.697082667
	46.17237385	10.65781205	16.83331582	16.39633408	41.40828536
	7.586785718	70.00331523	13.97241631	21.84462986	21.12425046
	65.4442241	10.17205487	96.28994419	18.40128093	27.08416766
	25.66109386	93.63832951	13.77342577	118.4940714	23.51995189
	31.79715373	29.53864761	120.5318108	18.42644142	126.156549
	28.11570005	34.69125922	32.12002219	136.0911191	23.60322256
	108.7080342	30.3854432	34.26242838	32.7631536	127.9640809
	28.01685916	64.47114438	28.9466354	30.03628241	31.25215926
	89.87902814	29.9220656	10.35912932	24.09868893	23.71956758
	28.03990901	31.65992648	28.19347597	40.322401	17.86642653
	18.21102907	23.90122815	25.50240813	23.40663811	59.69910339
	12.51760298	14.63458235	19.4287932	56.49145615	17.54859222
	54.50167612	9.072678951	11.94024489	15.04553659	59.89616318
	12.50614507	35.54659284	7.400071025	9.556887719	11.18438774
	44.7319575	9.072604958	12.21715307	7.29253769	8.09350269
	8.33444177	21.90953056	7.288311367	15.0290333	8.957119372
	8.743757517	7.176174729	5.233215481	7.134202337	39.75595939
	12.80026655	12.38685344	8.674421716	29.67224876	8.804108907
	59.64543152	19.04604451	18.98463819	13.17662622	53.27671965
	12.66583888	64.85861947	27.22499501	27.52857978	20.08617175
	66.97021969	18.99372493	49.22450673	35.78788493	35.80013123
	28.03211645	61.72341593	27.27316813	21.73645604	42.33859508
	41.46093124	35.46629119	36.91054626	35.68016952	29.58517812
	44.61527549	43.93938538	41.86610085	11.25544973	41.68692882
	52.14554438	41.70748311	44.6913657	47.55259928	34.40043834
	43.39185508	61.49000041	34.68517794	45.04417064	52.01435873
	52.75196767	40.42484168	59.39593448	26.32823463	44.53032538
	53.52551899	57.62365101	33.98677116	52.28890953	19.95670283
	42.19667104	50.69888076	52.94943243	26.27471915	44.46943256
	16.74421676	38.41046412	43.92101398	44.15687292	19.45938625
	35.82440675	14.28738925	34.53151757	35.51524241	34.59155331
	14.19113995	26.08716303	12.19367779	33.34169665	27.74181462
	23.71918239	8.967678888	0.6763737707	0.8155048679	0.3070617403
	0.3070612629	0.7832675364	0.6572516771	1.638826676	2.374030687
	2.673162816	0.7671657716	0.2877798694	0.6570398728	5.8427214
	3.902367168	5.084120454	3.678732107	3.119882166	2.110238703
	15.16851487	5.341729918	8.251731827	7.550856041	11.43027085
	3.571852936	30.24641376	6.91458222	12.02728882	11.74576862
	25.54425709	5.03230216	51.25016489	9.002973916	16.12282838
	15.88376162	45.95041601	6.683911214	77.31992077	11.91944773
	20.27325537	19.71330631	72.30709141	8.884685199	105.1480454
	15.71530635	24.16401783	22.95972616	102.2525186	11.908576
	127.2642398	19.96086674	27.24262933	25.28213331	129.5214135
	15.76820471	131.8559609	23.5737283	28.61948018	26.37930522
	142.7621807	19.99813932	107.7157836	25.06398582	27.43446544
	26.22632154	128.7336258	23.50252014	54.86988636	23.46537889
	23.78335132	25.07881481	82.41267622	24.83788627	9.18426244
	19.27788838	19.1849436	23.04188508	17.13401099	23.14666881
	56.0846903	14.22724791	15.29144018	19.98218278	40.43745323
	19.01314886	72.35912528	9.936561997	12.25739975	16.10899288
	69.21781158	14.11720152	62.50290377	7.070380314	9.566949531
	12.10397072	68.29861315	9.94258168	39.46894675	5.620612512
	7.281664112	8.64917717	49.19357423	7.091981975	12.5176089
	5.523945634	6.02011842	6.231960441	23.26572693	5.614591859
	16.05858162	6.936689974	6.762809206	5.475175085	4.660874846
	5.505324679	44.91314954	10.23166667	10.14113042	7.17624746
	33.5134434	6.922694926	69.45607915	15.75179736	16.06170074
	11.28594516	61.27159202	10.2284666	78.14823635	23.19190939
	23.7047361	17.1511929	78.69563658	15.7583135	61.13602383
	31.14608618	31.30170301	23.86947604	73.99200729	23.17520415
	21.80560913	37.48881255	37.15861761	30.81257503	44.07222953
	31.02497496	27.31676242	40.34243027	41.02918273	38.02563553
	0.7801531256	37.19638203	64.10516986	38.9037515	43.81524477
	45.29173046	42.67166055	39.92377722	82.07504403	33.7096925
	45.73499079	51.12503878	69.88660424	38.52100208	81.30177126
	26.39479252	45.55376351	53.29265387	78.36871422	33.52400119
	67.7212497	19.06721459	41.74787334	50.01416829	71.28896914
	26.3924342	48.1482535	13.2860493	33.91793641	40.61500498
	54.40083897	18.87037154	27.6526301	8.891373775	23.5306295
	25.83545942	33.05410026	12.05837553	9.325765171	5.675692926
	12.25824016	9.313845813	12.25823987	5.712337899	
