4225	
	-6.95554314e-30	-2.781919764e-29	-6.95871185e-05	-3.532005901e-29	5.95826586e-34
	0.0001573997555	-1.578261331e-29	3.160514457e-33	1.406953796e-33	0.0008136086966
	-0.0007405665358	-0.002008558194	-4.47246407e-29	-2.000758563e-29	-0.0009605485261
	-0.005497616594	-0.00468828152	-0.0005574635695	-1.542477301e-32	-7.736832136e-34
	-0.004753107697	-2.528337201e-29	-5.642230915e-29	-0.003835531825	-0.005444665687
	-0.01545970491	-0.02743704895	-0.009708494517	-0.01607369496	-0.01549732052
	-0.01487834998	-0.03671238718	-0.03432944551	-2.240864964e-32	-1.011138679e-31
	-0.03032889736	-0.007343640443	-0.008817626652	-7.079718688e-29	-3.180591936e-29
	-0.02238958228	-0.02946261358	-0.04348316609	-0.05906224717	-0.05625208161
	-0.07091996554	-0.08514618469	-0.1087786756	-0.05725920998	-3.412505828e-31
	-0.1221626434	-0.09159265292	-0.06778652461	-9.624530247e-32	-0.1207548478
	-0.01060873542	-0.01167766407	-8.816206516e-29	-3.975308845e-29	-0.07718647996
	-0.09281123317	-0.03553214861	-0.04202591404	-0.2067833349	-0.1464439551
	-0.1135055884	-0.158419568	-8.845844492e-31	-0.1440614644	-2.793801457e-31
	-0.2056828474	-0.2895800472	-0.2961684132	-0.1802185202	-0.2071126282
	-0.2550663742	-0.1875358479	-0.3133504683	-0.01309419009	-0.01361749207
	-1.086525791e-28	-4.924120839e-29	-0.1094492355	-0.1221791129	-0.04670639587
	-0.05168780462	-0.263647781	-0.313954551	-0.2061335341	-0.1753995077
	-0.3902788413	-1.960029551e-30	-0.2929528694	-6.655399593e-31	-0.4088428384
	-0.3277453545	-0.5172964226	-0.4131528594	-0.4087132642	-0.474114466
	-0.4396032658	-0.5969349742	-0.6618777213	-0.5782319706	-0.6554630386
	-6.026307651e-29	-0.014550095	-0.01461905184	-1.320844649e-28	-0.1347613595
	-0.1428657496	-0.05441141816	-0.05750223158	-0.3678481601	-0.4110177073
	-0.2538758977	-0.2302943461	-0.6596035407	-1.389083035e-30	-3.864704751e-30
	-0.5204129446	-0.6447790371	-0.7588041393	-0.5712181275	-0.4892901894
	-0.7664175	-0.9281130207	-1.019527815	-1.224338376	-0.7468990435
	-1.087040897	-0.9227147884	-0.8773615792	-1.202710099	-1.262595388
	-0.9064929712	-0.0151367211	-0.01506685872	-1.577585941e-28	-7.260713867e-29
	-2.602519356e-30	-1.014879261	-6.86580987e-30	-0.8351870693	-0.05849754826
	-0.06004716721	-0.1504295279	-0.1540863417	-0.2698071088	-0.4530031876
	-0.482606032	-0.2841661125	-0.8823853163	-0.9838017875	-0.6376887926
	-0.7026987936	-2.046845791	-1.622215757	-1.289057989	-1.631277081
	-1.080039498	-1.5498729	-1.331234116	-1.251308772	-2.190315492
	-1.657950247	-1.801190374	-1.662415447	-2.173317382	-1.479742105
	-2.03402767	-0.01540367208	-0.01549630882	-1.84163394e-28	-8.574246035e-29
	-4.393816468e-30	-1.428253487	-1.095761416e-29	-1.225169415	-0.157727534
	-0.1590857328	-0.06031226943	-0.06124947644	-2.585980769	-1.979919426
	-2.390994397	-3.136092447	-0.5238539284	-0.2918961339	-0.5085212501
	-0.2988729444	-0.7905281258	-1.083712544	-1.157169442	-0.7494367638
	-1.533414197	-1.392780311	-1.788228714	-1.986733983	-3.593526655
	-2.860200286	-2.757542213	-3.480298089	-2.401248405	-2.087900821
	-3.193952783	-2.842842768	-2.46169474	-3.476035565	-2.648569648
	-0.01589431875	-0.01610917103	-2.085440769e-28	-9.863913312e-29	-0.1613497683
	-0.1630109929	-0.06183315936	-0.06300459974	-6.630530279e-30	-1.827637193
	-1.553883546e-29	-1.640527193	-4.411295001	-3.786018927	-2.786210151
	-3.20312769	-0.5365882972	-0.5434186098	-0.3063418837	-0.3020894869
	-5.090764802	-4.527802155	-5.481535582	-4.216593172	-0.8157281237
	-1.221861518	-1.263284893	-0.8364690938	-2.335381733	-1.731334137
	-2.185259143	-1.638009018	-2.926261263	-3.606619526	-3.258204288
	-2.662675422	-5.228984564	-4.358307259	-4.178044813	-5.485527997
	-4.205202508	-4.800279676	-3.67756676	-0.01660169574	-0.0165549612
	-2.264859632e-28	-1.095386274e-28	-0.1659318156	-0.1684484451	-0.06397144253
	-0.06535125034	-0.5510766899	-0.5573332938	-0.314943496	-0.3097107854
	-8.82671363e-30	-2.10466228	-1.935298786e-29	-1.988249392	-3.887773347
	-5.657772957	-5.074848184	-3.569414186	-6.828375412	-6.615918581
	-7.707700253	-5.930541974	-1.296794968	-0.848200026	-1.316863815
	-0.8604346291	-6.635407864	-7.94379621	-6.571316241	-8.008877724
	-1.792200784	-1.842026596	-2.470283884	-2.560837507	-3.309726569
	-4.230066713	-3.958647861	-3.126914525	-6.04444425	-7.53056289
	-6.833248366	-4.647156368	-5.096441185	-5.476186823	-5.997577945
	-0.01693722225	-0.01629113531	-2.319301352e-28	-1.158112457e-28	-0.1716010082
	-0.1726578085	-0.06560767805	-0.06625439398	-0.5663211128	-0.574308066
	-0.32488507	-0.3196038456	-0.8837412317	-1.336242581	-1.351845962
	-0.8703859683	-2.161787912	-1.026496052e-29	-2.166021449	-2.108271118e-29
	-4.237067611	-6.546561009	-6.171903152	-4.119323058	-8.321082145
	-9.91451475	-8.881607366	-7.616719115	-9.330753101	-9.585902983
	-11.17083621	-10.76182737	-2.634848685	-1.87233545	-1.900726316
	-2.681279839	-10.34870222	-9.097291592	-10.97926488	-8.569767298
	-3.433764647	-3.536748556	-4.651010626	-4.478664294	-5.765466867
	-7.071470048	-8.248649446	-6.621362839	-5.443664841	-7.534036845
	-9.444117025	-0.01623406677	-0.01501494156	-2.182336627e-28	-1.141713474e-28
	-0.1733699123	-0.1698040742	-0.0645706954	-0.06327519801	-2.030708883e-29
	-2.105434685	-1.045991921e-29	-2.002068851	-0.582687717	-0.5857583214
	-0.3270269244	-0.3268072057	-1.371357869	-1.387956203	-0.8954404313
	-0.906884201	-1.922792064	-2.722615106	-2.753901876	-1.948882443
	-4.251916504	-4.139406298	-6.783632714	-6.748289706	-10.8507352
	-11.54097383	-9.126919239	-8.837074362	-13.18119997	-12.02311895
	-12.89607515	-14.42289843	-12.79716917	-14.56282871	-12.48861015
	-14.78915989	-3.601471589	-4.885746385	-4.794108749	-3.658165517
	-10.33332355	-12.47241419	-13.76109872	-11.3997889	-7.48903213
	-5.989562138	-11.03146476	-7.784404349	-8.805775293	-6.178235328
	-9.327141538	-0.01425877402	-0.01285444186	-1.805958499e-28	-1.015533003e-28
	-0.1651539052	-0.1556271293	-0.05935789163	-0.05548971578	-1.701336208
	-1.781518401e-29	-1.861417912	-9.541385716e-30	-0.5842928119	-0.5722658845
	-0.3102502799	-0.3204267916	-3.943321653	-3.671429555	-6.320373881
	-6.619750596	-0.905670005	-1.402789358	-1.405714819	-0.9103996134
	-1.969956814	-2.78795164	-2.813664399	-1.986954627	-3.740370899
	-5.015412422	-3.698842858	-4.962547508	-12.06244822	-8.989160407
	-11.95012866	-9.191962758	-14.57463561	-14.04232483	-16.91276864
	-15.84464902	-18.2261116	-16.55786969	-18.88712895	-16.84738499
	-17.57401691	-18.59174582	-15.0572383	-16.05212514	-6.397002685
	-8.031872459	-8.190388369	-6.298044012	-11.68285704	-16.07885204
	-10.00670431	-13.31302166	-9.695409621	-12.14761064	-14.10174901
	-7.655047912e-29	-0.01148279656	-0.01020207416	-1.188896095e-28	-8.10856505e-30
	-1.385195928	-1.490387279e-29	-1.541558397	-0.1446375879	-0.1309360753
	-0.05028248422	-0.04449682748	-0.5518663867	-0.5196761534	-0.2705927932
	-0.2924803485	-3.361950482	-3.049340366	-5.412462423	-5.89698018
	-1.394086064	-1.360093497	-0.8856085449	-0.8509915861	-8.041946071
	-11.35300692	-11.83060214	-8.602047648	-1.986781126	-2.830535778
	-2.822624332	-1.964372415	-3.780954723	-5.063338757	-3.768205198
	-5.08990429	-6.511227143	-6.459960502	-8.314659691	-8.388129192
	-14.74632309	-14.50211397	-17.6069954	-17.86485144	-22.33854257
	-20.35089076	-20.83739436	-19.49371877	-23.07243115	-20.37581752
	-22.90256092	-20.86826663	-18.7727588	-17.03281129	-19.89576751
	-21.78907533	-10.35141059	-12.535375	-12.77774259	-10.20207719
	-14.66104295	-15.12849132	-17.71279035	-0.008608702933	-0.007316083362
	-3.897643864e-29	-4.057664884e-29	-0.03915978522	-0.03287773651	-0.11573721
	-0.1009366443	-6.752888776e-30	-1.137470363	-1.250610448e-29	-1.253251392
	-2.744418258	-2.484525021	-4.433597529	-4.916994579	-0.4789918111
	-0.4317095562	-0.2155013422	-0.2447161698	-0.7341062212	-1.301848325
	-1.219631796	-0.799793005	-6.73110513	-9.817818052	-10.64220278
	-7.397798096	-2.78017416	-1.821922454	-1.911097925	-2.694730081
	-17.63131138	-13.95591419	-13.1164379	-17.02597078	-3.759069864
	-5.089640722	-5.04105453	-3.688106676	-6.529523074	-8.432991391
	-8.434744624	-6.50674066	-10.4281187	-13.02226484	-12.94888775
	-10.46156145	-23.89269935	-23.40122097	-20.50551654	-20.70842704
	-26.05186516	-25.37945844	-27.33684163	-24.7906684	-24.51830308
	-27.22493985	-23.10855031	-26.03082946	-24.04392511	-20.68983022
	-15.59858965	-15.41037794	-18.59758833	-18.26909381	-21.33565152
	-0.005828455856	-0.004210262796	4.840301058e-29	2.089465691e-30	-0.08487888912
	-0.07008803119	-0.02752183944	-0.02156504649	-5.771738443e-30	-0.9870420288
	-1.094066829e-29	-1.052637203	-0.3270765068	-0.1567499721	-0.1872316979
	-0.379128934	-2.257108499	-2.089138396	-3.653517773	-4.017275543
	-5.514677931	-8.104928553	-8.951584867	-6.080436876	-0.5766152448
	-1.114669014	-0.9968010188	-0.6597194071	-1.546810744	-1.700969494
	-2.556617507	-2.375061235	-14.90573399	-16.05640911	-12.13389585
	-11.08675174	-4.921202006	-4.725481898	-3.360319739	-3.560333107
	-23.75839741	-23.11729469	-18.80061148	-19.86983121	-6.418560497
	-8.365438381	-8.209751435	-6.233431133	-10.42485624	-13.02059793
	-10.29391343	-12.92175652	-18.78808928	-15.65307654	-15.59958523
	-18.80548439	-28.83266182	-26.64101018	-29.64588785	-26.68757798
	-29.38918833	-28.9561752	-31.3240637	-31.09645022	-27.09750052
	-30.18234127	-21.8812802	-24.78565126	-27.93485239	-25.18546667
	-21.69723128	-0.002863044815	-0.0008018694134	1.305576047e-28	4.537911548e-29
	-0.0546132774	-0.03866846226	-0.0155016135	-0.009664332875	-5.204377938e-30
	-0.9303046807	-1.01515308e-29	-0.9495497022	-0.272864495	-0.2210888061
	-0.09900268661	-0.1285424333	-1.959203578	-1.884189864	-3.172326845
	-3.381973419	-0.8670363997	-0.7382887253	-0.4949703924	-0.4100129909
	-5.020580781	-4.648571883	-6.709297697	-7.359798709	-10.06036248
	-9.147654638	-12.42751296	-13.65652007	-1.189964675	-2.147378491
	-1.898429631	-1.376971097	-4.066811512	-2.789353901	-3.105823897
	-4.431351067	-16.08997068	-21.96674589	-17.5128681	-20.54940462
	-7.507898813	-7.9201605	-5.952359262	-5.542831503	-29.18954646
	-24.83391338	-29.73547139	-26.02820374	-12.29686486	-9.626728797
	-10.04821057	-12.68361747	-15.0385879	-15.41349497	-18.33720081
	-18.65823515	-25.3385742	-21.57480927	-21.83845279	-25.20848809
	-34.43372826	-32.31977052	-33.25412508	-32.08512453	-34.80492852
	-31.12803186	-28.4758884	-31.5895255	-32.69947812	-28.35884344
	-33.75538662	0.0005323217132	0.002978477813	1.964386845e-28	8.312758742e-29
	-0.02292307052	-0.004503222387	-0.002403695624	0.003846920965	-0.1683127771
	-0.1140923257	-0.03864920834	-0.06905432095	-4.985360216e-30	-0.9579748613
	-9.986871299e-30	-0.9352145897	-1.844976382	-1.853157225	-2.983922255
	-3.049000439	-0.6068519299	-0.4796714765	-0.3290365311	-0.2462584648
	-4.361031199	-4.189571653	-5.830783227	-6.213783462	-1.006114249
	-1.628361935	-1.361880855	-0.8182456045	-11.31924051	-8.349661721
	-7.736192032	-10.34900166	-17.35023704	-18.94698546	-14.68205565
	-13.3974826	-2.081733124	-3.622946643	-3.150642772	-2.449482625
	-6.252966503	-4.457775948	-5.050462277	-6.930570624	-21.58702697
	-27.9939389	-26.43090881	-23.3286958	-10.88202036	-8.282290512
	-11.67908607	-9.057798892	-31.87212944	-34.54673426	-34.85634081
	-30.71394107	-16.94921856	-14.47932267	-13.62801832	-17.7569251
	-20.26795034	-21.0878643	-24.77151162	-24.05745667	-27.61324831
	-31.29305931	-31.65457344	-28.23822927	-36.56784055	-37.48854868
	-34.27704835	-36.00200858	-36.14888526	-34.25148997	-36.74436012
	-5.03946892e-30	-1.068021409	-1.027476506e-29	-1.003459441	0.004398263014
	0.007238425042	2.394940536e-28	1.107769187e-28	0.01275636851	0.03401159887
	0.01232785138	0.01928533921	-0.05929271707	0.001752410189	0.02898269042
	-0.00451285478	-0.3515778846	-0.2200848747	-0.1619777603	-0.07581282413
	-1.896130389	-1.983392903	-3.05898196	-2.993320807	-4.097428583
	-4.105579073	-5.470504294	-5.597817119	-0.6373973087	-1.093234716
	-0.8325510174	-0.4545528764	-9.006218417	-9.593380633	-7.260548319
	-6.966810996	-1.722647123	-1.360389124	-2.156285033	-2.647331193
	-11.38053694	-14.56330422	-15.86932952	-12.26857245	-22.67616477
	-18.18872636	-24.56981065	-19.8358231	-4.633654331	-3.182396574
	-5.456191326	-3.838846375	-8.667242671	-6.372655721	-9.834460005
	-7.398478908	-31.96094591	-33.48760871	-27.21409547	-29.14351647
	-11.22137255	-12.57448205	-14.37706531	-15.77848863	-35.65427574
	-36.58795331	-38.26721381	-38.28169338	-22.91800826	-17.65692398
	-21.46853298	-19.18180656	-30.43477788	-26.65207596	-29.18026055
	-25.17448587	-35.99828323	-36.57696417	-38.16808901	-39.05273915
	-33.79425301	-32.72014239	-38.13925051	0.008800306981	0.01220528497
	2.58579081e-28	1.263825838e-28	-5.259890643e-30	-1.257798695	-1.070895306e-29
	-1.153962367	-2.107190612	-2.272031107	-3.385605413	-3.193021447
	0.05334629636	0.07764877384	0.02904805732	0.03691499302	0.06223543429
	0.1317837847	0.1056580146	0.06814233409	-0.08658349552	0.05932376712
	0.01843664966	0.1133838058	-0.2683445184	-0.5717293479	-0.3046564277
	-0.07798100204	-4.189819119	-4.364883809	-5.57567921	-5.472863184
	-6.795595389	-8.423678005	-8.63575693	-6.802524188	-1.011175955
	-1.666377816	-1.192488589	-0.6606110035	-12.70213568	-10.24146482
	-13.52069814	-10.68658848	-2.549475472	-3.775053345	-2.951126742
	-1.918391874	-20.86012896	-15.54621916	-19.23798817	-16.72668353
	-27.97420892	-30.01567372	-23.28500576	-25.2259383	-4.258633448
	-7.345099964	-6.025761297	-5.334538494	-8.118907222	-12.63503931
	-10.78791267	-9.755549651	-36.25076062	-34.22117291	-32.314615
	-37.53344321	-13.74204368	-15.89199763	-19.50612421	-17.29247467
	-39.17280743	-38.65579245	-39.47309095	-39.2218704	-25.06387703
	-23.35569998	-27.30874137	-20.94899522	-36.1068277	-34.71560132
	-38.55890127	-28.9489346	-31.18839238	-37.53346705	-32.91531893
	0.01402670235	0.01815450981	2.568813291e-28	1.305436742e-28	-5.438826478e-30
	-1.497538756	-1.07889545e-29	-1.373874452	0.0995685172	0.1280014833
	0.04844068178	0.05768398	-2.470198101	-2.690657937	-3.945106445
	-3.63911788	-5.793555879	-4.617898769	-4.949376322	-6.112613416
	0.1993315768	0.2781188088	0.1927484667	0.1502720307	0.2059984553
	0.3702338361	0.2202255622	0.3258189725	0.1274717892	-0.03376600981
	0.2588198559	0.3357017534	-0.3043442664	-0.7207011015	0.05855777499
	-0.2398539653	-6.910635123	-7.162825552	-8.52219885	-8.399257297
	-9.932888261	-9.979334639	-12.16464931	-11.83905269	-1.312441544
	-2.137975047	-1.357489836	-0.7080234798	-17.90553766	-14.61153017
	-16.84287281	-13.98671316	-3.239403418	-4.681017268	-3.418273427
	-2.236645696	-20.07848011	-25.93489982	-24.0783039	-21.53537763
	-30.27960487	-28.19932589	-34.46305218	-32.50341908	-6.83928976
	-8.774795517	-4.90481447	-6.518719475	-14.67075945	-9.138340263
	-12.01719671	-11.52036095	-38.23390227	-35.92785887	-39.11604491
	-37.55509038	-19.05943676	-22.17110373	-15.23291931	-18.30586492
	-38.94298896	-38.7571153	-37.48241763	-37.06956863	-26.31915238
	-27.30890977	-31.22871968	-30.31509832	-34.10421551	-34.94649219
	-22.98713444	0.02041355359	0.02514833439	2.399190823e-28	1.255557035e-28
	0.1537079241	0.1877183899	0.07154200872	0.08274791153	-5.302353908e-30
	-1.711828147	-1.004780389e-29	-1.611507736	-2.923939311	-3.136048705
	-4.634072737	-4.28046321	0.3543160396	0.4453800332	0.2942992783
	0.2446877453	-7.026044759	-6.526560834	-5.348917335	-5.782145604
	-7.535362435	-8.01635784	-9.229166355	-8.80490149	0.532477859
	0.7163684522	0.4463170321	0.5648193615	0.5655731211	0.5534246207
	0.8780150498	0.7944198593	0.4464635294	0.2461128142	0.7655088378
	0.8385494437	0.5228985066	-0.09640308872	-0.5845333943	0.1978568079
	-10.35608575	-11.86786955	-11.75768933	-10.05465486	-16.11391636
	-13.47464468	-13.59577475	-15.64343038	-1.281397024	-2.188426485
	-1.021798312	-0.3359774237	-21.21527596	-22.50052969	-18.08127465
	-18.90333502	-3.409469167	-3.166674824	-1.963413235	-4.920850461
	-26.28326724	-28.52338421	-30.44592995	-24.62654601	-34.10376364
	-36.85037277	-35.24052195	-32.13127012	-4.700847121	-9.23583679
	-6.665022046	-6.893085613	-9.059731499	-15.52183623	-12.08843591
	-12.1902731	-37.00016016	-37.44760579	-38.09127995	-36.96164505
	-19.47279508	-15.54375255	-19.67650199	-23.56308833	-31.8780029
	-28.38209564	-35.3377919	-27.9370379	-32.20035493	-35.40487282
	-23.8802173	0.02792713679	0.03279353848	2.13694588e-28	1.143988398e-28
	0.2184179662	0.2578762569	0.09876004943	0.1118985389	0.5338314179
	0.6413141951	0.4147428374	0.3560752457	-4.689194512e-30	-1.803561649
	-8.399113901e-30	-1.776354564	-3.320451861	-3.433284591	-5.217453468
	-4.949608185	-6.633372796	-8.113608613	-7.559404983	-6.236215526
	0.8398227662	0.8972472507	1.106638905	0.7032803234	-8.595417185
	-9.205643644	-10.42597335	-9.772884123	-11.40024888	-12.65624906
	-12.17608629	-10.81452737	1.050147519	1.199258046	1.556835247
	1.303243736	1.689279353	1.2655731	1.286300244	1.852025023
	0.9842816106	1.178742935	1.815503309	1.836704291	0.6151593906
	0.1257620067	1.570366175	1.277559704	-13.5616766	-15.46506423
	-13.86199246	-15.51193925	-19.65192524	-20.29003633	-17.29346254
	-17.53200123	-0.6011680542	-1.488120667	0.08076486359	0.7334866611
	-23.25817884	-22.25123578	-26.82070196	-25.39600605	-2.014553935
	-2.723143065	-0.8532532386	-4.200046689	-30.26208143	-33.44679483
	-31.71264969	-28.56906388	-35.60546555	-36.17687995	-34.03849319
	-35.13473998	-6.218302268	-5.547333356	-3.546965894	-8.624722261
	-8.084660309	-15.39786356	-11.3878234	-11.79464007	-34.60509269
	-32.24181881	-32.32897822	-35.14516034	-15.20242916	-24.09691411
	-28.78127181	-19.72050471	-24.23370785	-28.61552454	-19.74988959
	0.03587016946	0.04017489058	1.834609561e-28	9.995578038e-29	0.2928534925
	0.3344657908	0.1286148434	0.1424025111	0.7446723944	0.8678654172
	0.551927869	0.4860668018	-3.68150393e-30	-1.710020817	-6.205953761e-30
	-1.782127141	1.313074912	1.555483074	1.001964247	1.159739303
	-5.373096571	-3.474144818	-3.420419111	-5.4107274	-7.141140439
	-8.965829416	-8.587125902	-6.96351847	-9.833542528	-10.35566663
	-11.78835877	-11.10299011	1.591979275	1.908611183	2.307282728
	1.877714031	-12.81507577	-13.99352843	-13.26733806	-12.10055019
	-14.95323626	-16.23766249	-14.34178818	-15.78289632	2.155360457
	2.408795213	3.018112901	2.614018885	3.239076958	2.544029723
	2.642536077	3.527446962	2.427462984	2.572395032	3.629046262
	3.566650628	3.395356759	3.133561589	2.067741564	1.610251553
	-19.33413022	-19.25564643	-17.28808755	-17.51449229	-21.53195501
	-21.13833228	-24.3137695	-23.51621741	0.8840610989	0.02701790329
	1.905311239	2.566852921	-26.00783206	-28.70039499	-30.0974715
	-27.12963156	-1.211158066	-2.707784432	0.9364626362	-0.274930417
	-32.4970611	-32.62777866	-31.01828736	-33.8885466	-32.96659421
	-33.87837197	-31.99319918	-31.60845488	-1.911858494	-7.478158952
	-4.12954021	-4.840018272	-11.0139331	-10.77643306	-6.998827712
	-15.06293706	-28.83163658	-24.59437833	-24.4117109	-15.06105779
	-28.83885763	-20.00298061	-19.80182471	0.04300822963	0.0460303291
	1.531178294e-28	8.45521895e-29	0.3698184207	0.4073823884	0.1573502475
	0.1693933352	0.9818747497	1.109935348	0.6920811877	0.626715842
	1.515234625	1.790693379	2.062042856	1.343746258	-2.537245463e-30
	-1.439835212	-4.012736045e-30	-1.598761405	-3.270417351	-5.048614929
	-5.306830868	-3.046985454	2.20814504	2.698989392	3.147838252
	2.529006553	-6.994052671	-9.122674552	-9.149653796	-7.160357731
	-10.75741603	-10.92353482	-12.73541133	-12.34012326	-14.07541389
	-15.4220011	-14.72005535	-13.52592763	3.127254103	3.612260937
	3.630199716	4.271534279	-16.37976588	-17.49669257	-15.67384659
	-16.81914687	-19.40856148	-18.44670766	-19.73200733	-17.92055139
	4.388846278	5.313390326	3.991114732	4.721016385	4.62069892
	4.812532469	5.640903046	6.058366855	4.77584106	4.644117891
	6.208379319	6.128468402	5.518600151	5.89643473	4.241360447
	3.717969863	-20.97878971	-21.04787917	-22.77616652	-23.03366077
	-25.15214268	-26.68437365	-24.59642711	-27.57244869	2.901002306
	3.929793602	1.931241959	4.78760137	-29.7151958	-28.62900172
	-30.2454568	-31.3758745	0.5603698161	2.764061544	-1.159023595
	1.296751246	-31.08729033	-32.01736931	-30.51161499	-31.03205044
	-25.06490137	-28.76151055	-28.6056784	-24.83593136	-3.599717023
	-0.6461025888	-6.700557839	-3.305822626	-6.679039789	-15.27777301
	-10.74158577	-15.67535347	-20.28978977	-10.99992208	-20.73564379
	0.04792921769	0.04901686319	1.251101893e-28	6.978324034e-29	0.4367447417
	0.4628338455	0.1797503637	0.1872692585	1.220481077	1.333047269
	0.811740997	0.7588069731	1.867146501	2.313005162	2.58662414
	1.704018491	-1.51737515e-30	-1.063141826	-2.235166497e-30	-1.267460666
	3.229699824	2.893523969	3.579692934	4.06507937	-2.733978516
	-2.399410523	-4.184765923	-4.686723819	-6.125863128	-8.353845301
	-8.869278551	-6.624682852	4.198582813	4.910461651	5.624238155
	4.74239775	-10.8353642	-10.48413582	-12.66999052	-12.85707938
	-14.49060768	-16.21947216	-15.93549792	-14.43712879	-17.48511671
	-18.70842106	-18.14144928	-17.03911476	5.520358168	6.200170238
	7.159597316	6.288767219	-20.16220495	-19.60402027	-19.05015059
	-20.64367766	-21.26983015	-21.5857501	-22.8193402	-22.73266112
	7.252042038	6.723377471	8.504149699	7.751463157	9.313234073
	8.883394208	7.732722525	7.541652515	9.140932606	7.608209637
	9.268701879	7.29980974	6.66661514	5.848666015	7.767733779
	8.529642648	-24.24446548	-25.61268866	-24.09067297	-26.0600216
	-27.74377323	-27.08254621	-28.43151045	-29.26264547	4.749997024
	3.455309087	6.658187445	5.388020362	-29.87037596	-29.24556522
	-30.1180738	-29.284941	1.763574499	3.850618823	1.949547099
	-0.3906605204	-28.09153554	-28.38909118	-25.27427419	-25.43218942
	-21.21391244	-16.99436753	-21.73594116	-16.28777989	-3.311831618
	-6.97491546	-3.663358411	-0.4581324719	-7.54028	-12.23200641
	-11.47970129	0.04930762275	0.04788320121	1.006556499e-28	5.655395389e-29
	0.4792764659	0.4868973354	0.1903951664	0.1908293569	1.419310985
	1.492272139	0.8844780815	0.8566066499	2.15296264	2.819452447
	3.048679831	2.029600333	3.590361084	4.507230609	4.975563507
	3.894754533	-0.8736345664	-7.683096886e-31	-0.6724388134	-1.033097782e-30
	-2.005632619	-1.645370689	-3.047645583	-3.660663885	5.344671198
	6.298196013	7.034148158	5.888349083	-4.747975279	-6.801543732
	-7.690560337	-5.446276368	-9.824800204	-9.0042413	-11.35316194
	-12.19187759	7.134381375	8.068155996	9.05229808	7.923966322
	-14.19355268	-13.58291375	-15.71885858	-16.16908546	-17.49525815
	-19.070484	-19.04168585	-17.66784789	-20.24699722	-21.32662125
	-21.0571937	-20.05015438	9.675810531	8.847388507	10.90400686
	9.870764458	-21.92310173	-22.17843973	-23.12745542	-22.97989409
	-24.0371009	-24.04025795	-25.33306566	-25.12011948	11.55654373
	12.31684606	10.79830966	10.27416945	10.98124694	10.9247197
	12.75497842	12.57490427	10.46230918	11.69127842	9.687107848
	12.33601078	7.25496363	8.583408807	10.5314084	9.16472425
	-26.56148237	-27.76468817	-26.17759322	-27.19473705	-28.55048897
	-28.05709578	-28.63244561	-27.92045633	5.714788401	7.532195593
	3.955561455	5.748458858	-25.51412109	-25.50540123	-27.76657927
	-27.39507632	1.817422919	-0.8615307265	1.361780069	3.754930644
	-22.21014311	-17.78040368	-18.53985844	-22.6088731	-14.08381435
	-9.375943348	-1.534308562	-13.09872397	-5.196861242	-4.285368125
	-8.386025832	0.04598161471	0.04155471561	8.010700466e-29	4.523844391e-29
	0.4844062426	0.4679424114	0.1844618647	0.1757357586	1.53299462
	1.544839924	0.8870710351	0.8947478031	3.217139588	3.349530452
	2.253042212	2.305587906	4.398677504	4.187925961	5.363374085
	5.729261256	-3.582187771e-31	-0.5059047588	-3.096850736e-31	-0.3452989392
	6.454454335	7.687727198	8.355694104	6.915824535	-1.263973736
	-0.9529813557	-1.913788146	-2.494720139	-3.216571501	-4.877477836
	-5.905693921	-3.938066308	8.77174769	9.954907297	10.90533895
	9.513268953	-7.925008833	-6.854191497	-9.057855628	-10.35117668
	-12.57525309	-11.40708848	-13.74015959	-14.94687081	10.9592168
	12.02780244	13.19719476	11.94009935	-15.95943623	-17.93406796
	-18.73663768	-16.88944142	-19.60673005	-20.98260282	-21.3385995
	-20.10869093	-22.25671031	-23.01772318	-22.07611159	-23.17832908
	12.87666632	15.07597796	14.0598562	13.69150774	-23.9944526
	-24.93909922	-23.84361408	-24.67252174	-25.82235834	-26.22836783
	-25.47816584	-26.71722639	15.61477093	16.12577642	14.18418602
	14.44393615	13.64609216	15.64923671	16.01499247	14.25567841
	14.6091878	12.58747851	11.13060151	13.23716722	7.513743731
	9.420065727	9.386902822	11.40311143	-26.97385998	-27.51647051
	-27.3405059	-26.80921465	-26.59220356	-25.42780491	-25.27339773
	-27.00809409	5.49053546	4.957559119	3.252094903	7.224807969
	-22.91565477	-19.2300275	-19.81547666	-23.09457098	2.528411951
	-2.473906847	0.6577803402	-0.288657628	-3.550969884	-11.5946423
	-7.429280411	-10.48827754	-15.04585041	-6.248408387	-15.95434605
	0.03704863041	0.02941798062	6.330074532e-29	3.586617376e-29	0.4422530281
	0.3985098117	0.1582079042	0.1392007907	1.523520738	1.460005154
	0.8036472325	0.8532964346	2.271775806	3.409848932	3.403081253
	2.312482322	-0.1255406674	-6.551735257e-32	-0.226758143	-8.325705238e-32
	4.555205789	5.981559738	6.156152932	4.616297946	9.356997424
	7.339315412	8.886523755	7.619571533	-0.6529694337	-0.4347733217
	-0.9951646542	-1.444337043	10.25493951	11.71806367	12.50843398
	10.82900454	-1.859391863	-3.034163225	-3.9719945	-2.462417217
	-5.637258217	-4.577410266	-6.382055557	-7.797438408	12.95038107
	14.22447589	13.79386643	15.2528212	-9.927983365	-8.508036824
	-10.71427555	-12.39022883	-13.06726283	-15.24190701	-16.82337004
	-14.57464262	15.26072793	16.28246119	17.46861431	16.28757267
	-17.34099348	-19.07185123	-20.27818357	-18.61757858	-21.50572001
	-20.60798501	-21.78346683	-22.60469198	-23.45117334	-22.81939018
	-23.64190779	-24.29149423	18.2135754	17.59022509	18.99145109
	17.02244666	-25.72204545	-25.01235523	-24.42835237	-25.06020686
	-26.42755272	-26.22667034	-25.78918619	-25.60090977	19.2252782
	17.74692512	17.47839122	19.25819666	15.33434077	17.50512237
	16.68902516	18.58453308	13.61752528	13.56125225	15.73856394
	11.39307457	9.093773336	6.675482695	8.560076924	11.13688496
	-26.12848049	-24.69487915	-25.03124323	-25.61181392	-20.55605772
	-23.10680133	-23.16785605	-20.25243018	4.223565834	1.588513987
	5.949074855	3.300675211	-17.39016734	-12.65222654	-16.74938955
	-13.60335893	-2.535562408	-1.359266039	0.5389146577	-4.744375734
	-8.605461641	-9.745160794	-5.942222459	-6.955069151e-33	-0.02060520273
	4.255923576e-33	-0.06293005195	2.82789903e-29	4.982224278e-29	0.02226037592
	0.01207629623	0.3486185293	0.279645464	0.08258504063	0.11055633
	0.6311283091	1.368787842	1.227575475	0.7221085924	2.167645443
	3.326712561	3.16053763	2.026027277	6.124831023	4.583797035
	6.203547084	4.4625144	-0.2467776691	-0.130397725	-0.388744079
	-0.6690627195	7.794422679	9.64803754	9.798872219	7.813941326
	11.31663366	13.09674825	13.56420917	11.59319824	-0.8677805171
	-1.5820026	-2.288959833	-1.283415278	15.15117049	14.58790285
	16.08160935	16.82467042	-3.486336712	-2.626314025	-3.9179393
	-5.162210199	-6.930335513	-5.584695965	-7.397457086	-9.132725836
	17.28089156	18.44320021	19.34078078	18.04840678	-9.524177959
	-11.58297357	-13.57422932	-11.23123844	-13.79826476	-15.70311763
	-17.61808974	-15.59430188	19.34112684	20.13157792	21.15724147
	20.22531027	-19.20866538	-19.06526906	-17.6036893	-20.67099037
	-21.77002829	-20.46869154	-21.48078129	-22.77140776	-23.17684908
	-24.27339873	-23.5526582	-22.47816862	20.59989568	22.0861813
	21.67229826	20.74680073	-23.84572157	-24.14599057	-25.07569619
	-24.78809663	-23.65845282	-24.25748159	-24.21830939	-24.96810865
	21.91644742	19.48620316	21.38529382	20.41402392	18.28567307
	18.00919927	15.89176679	20.0868778	13.43343367	10.64572607
	15.8129457	13.02582629	9.989679543	7.854187551	6.976361895
	5.041918383	-20.67763455	-22.58918629	-20.69341067	-22.91933942
	-15.05533605	-14.40223835	-17.88463048	-18.19496777	4.033572002
	-0.6077470225	1.152035384	2.271738509	-11.68631494	-10.78516478
	-4.886124788	-3.721449718	-1.77301491	-7.1085055	-8.193839392
	-3.253299575e-33	1.245598549e-29	0.004676376868	1.165709446e-29	-0.004101629784
	4.612831796e-29	-0.01170018723	-0.04791676387	-0.08286059743	-0.2114760588
	0.04772800899	0.21147303	0.1303665391	0.02048015285	1.071741341
	0.8676832349	0.5083894748	0.3886590181	1.812420722	2.942683832
	1.58191297	2.626214845	5.932554581	5.584541749	4.221110958
	3.917911473	7.397622036	7.672259313	9.762542233	9.523962229
	-0.5084921565	-0.2798193014	-0.6312694912	-1.071735232	11.69446465
	13.78959037	13.79794918	11.58348052	15.55995217	17.31153525
	17.60337647	15.70384125	-1.812500773	-1.227634464	-2.026152129
	-2.94275835	18.69331433	19.98750924	20.46856418	19.06582505
	-4.221139262	-3.160633695	-4.462548902	-5.932690972	-6.124942463
	-7.813773726	-9.762781784	-7.67205275	21.4810356	20.98684827
	21.90443382	22.47822699	-13.78994581	-9.799034787	-11.59278649
	-11.69391974	-15.55924417	-13.56441958	-17.31191003	-15.15070049
	23.1768824	22.57857724	23.07726123	23.84590398	-18.69279869
	-18.04806474	-16.8248069	-19.98777364	-19.34075979	-21.90455445
	-20.986546	-20.22501061	-21.67210419	-23.07717147	-21.15715753
	-22.57842516	23.22722653	22.92029678	24.21866324	24.1457172
	-22.08599284	-22.91999032	-21.91667098	-23.22745776	-21.38492168
	-20.08736697	-20.48668199	-22.07302033	22.07237644	23.65787316
	20.48688196	22.5895591	18.33957084	15.51883536	20.67739916
	18.19492507	12.44845176	15.05585418	11.68598849	9.152478304
	8.193761174	5.984775438	2.926176653	4.886456438	-18.28543266
	-15.51913661	-15.81285743	-18.33971733	-9.989335214	-12.44794234
	-9.152817733	-13.02612587	-0.0006334373921	-2.925711876	-6.976531594
	1.771966608	-4.034280856	-1.15133129	-5.98529624	6.550810497e-32
	6.38772124e-33	0.06297730312	2.587122743e-29	-0.021943238	5.704407194e-29
	-0.1108969297	-0.0294690926	-0.139425722	-0.3486327674	0.6690811983
	0.4349530804	0.1255712169	0.2468782657	2.288851794	1.85923463
	1.283335115	0.995110292	5.162044162	3.034196641	4.577266513
	3.486364671	9.132452893	8.507774234	6.930526146	6.382241596
	11.23185907	13.57383163	13.06688254	10.71483969	-0.7222080083
	-0.3985480406	-0.8037549709	-1.368820898	15.59528532	17.61767431
	15.24282095	17.34054951	19.20953558	20.67077306	20.60770754
	19.07264042	-2.167738557	-1.460088776	-2.271859571	-3.32676402
	21.77044906	22.77146436	21.78373057	22.81940216	-4.583792132
	-3.403120078	-4.616295006	-6.203672428	-6.156225369	-7.619392763
	-9.648247304	-7.794208983	24.42854558	23.64174114	24.27366204
	23.5527231	-9.357088865	-10.82871671	-13.09705783	-11.31623363
	-14.58757009	-16.08195382	-13.79363853	-12.50852499	25.05977165
	24.78785048	25.07612157	25.60124061	-17.28071513	-18.44354094
	-15.25280241	-16.28736651	-18.21322976	-20.13185728	-19.34090398
	-17.46852522	-20.74682306	-19.22504215	-20.59972973	-18.99138559
	24.96749551	25.61220046	24.25785779	25.78853562	-19.25801203
	-18.58477641	-19.48598454	-20.41433494	-17.50482359	-15.73879377
	-15.89173058	-18.0096613	24.69438203	22.91890301	23.10691498
	20.69330138	20.55648382	17.88510781	17.38978599	14.40163353
	10.78526144	13.60395261	9.745145622	7.108439108	0.6084938281
	3.720099291	2.536417485	5.941328999	-13.6176149	-10.64602955
	-11.13652619	-13.43306623	-3.300318648	-5.041778877	-8.560525533
	-5.949289436	-7.853933381	-0.540132139	-2.272855089	8.280187706e-32
	0.2269335164	3.587144021e-31	3.182933285e-29	-0.03716637324	6.984383494e-29
	-0.1583709813	-0.04172460431	-0.1757672737	-0.4422157056	1.444223188
	0.9530220619	0.3453346738	0.6529867344	3.971823893	3.216406984
	2.462448425	1.913825064	7.797136286	4.877694345	6.853924677
	5.637485913	12.38980786	11.40668132	9.928610944	9.058433173
	14.57574846	16.82291732	15.95893736	13.74115331	-0.8533932771
	-0.4679118561	-0.8871528373	-1.523594216	18.61867978	20.27796181
	19.6063666	17.93502091	21.50624105	22.60485673	22.0760865
	20.98292029	-2.312528849	-1.544902722	-2.305620296	-3.409898402
	23.45111379	24.29191671	23.01739833	23.84383932	-4.555170104
	-3.349527147	-4.398629354	-5.981680196	-5.729283546	-6.91565389
	-8.886704827	-7.339116774	25.47851141	24.67188072	25.01196927
	25.7225946	-9.513111335	-11.71831655	-8.355717797	-10.25475365
	-12.95038282	-14.22478235	-10.90532641	-11.94003557	26.22759432
	26.22604778	26.80961417	26.42809787	-13.19710571	-15.26073799
	-14.05970569	-16.28284232	-15.61443812	-15.07592895	-17.02225046
	-17.59055963	-17.74683076	-17.47844652	-16.12576324	-16.01483698
	26.1278822	26.97313217	25.03145142	26.59244346	-15.64909104
	-14.6093656	-15.33422067	-16.68933133	-11.40291027	-11.39320142
	-13.23709825	-13.56115845	25.27347986	20.25186239	23.16822931
	23.09418139	16.75023175	15.95384648	19.81658674	12.65165808
	7.429941251	8.604457218	4.744906194	11.59452732	1.357392949
	-1.587790087	3.549288549	0.2896761296	-7.224548402	-6.675594467
	-9.387326753	-9.093095194	-4.224128984	-4.957690128	-2.529393609
	3.093727073e-31	0.5059492779	1.03326878e-30	3.875894369e-29	8.462531091e-29
	-0.04612583268	-0.1844815367	-0.0480435149	-0.1908068977	-0.4843713994
	2.49457247	1.645342402	0.6724657726	1.264010805	5.905406063
	4.74771615	3.938284717	3.047855456	10.35075798	9.003843098
	6.802096631	7.925619124	14.94641061	13.58242845	12.57633785
	11.35412746	16.89060129	18.73639199	17.49488167	15.71985452
	-0.4868389312	-0.8845463869	-1.533087153	-0.8948487669	20.10924517
	21.33878562	19.07084394	20.24696667	22.25652637	23.1788361
	22.17870151	21.32620937	-2.25305636	-1.49231048	-2.152956059
	-3.217184032	23.99387795	24.9397308	24.04064394	23.12665096
	-3.048630002	-3.89467747	-5.363483265	-4.187860502	-4.975545875
	-7.687868115	-5.888215297	-6.454327339	26.17802202	25.11922364
	25.82163375	26.71787692	-7.03411998	-7.923910115	-9.955082924
	-8.771768973	-10.95937997	-9.052233806	-12.02804049	-9.870766464
	27.33973151	27.92085532	27.19382283	27.51698992	-13.69185186
	-12.87668651	-11.55640846	-10.90395036	-12.31689148	-14.18402287
	-14.44422989	-12.57465704	-14.25569965	-12.75500279	-12.33595363
	-13.64617842	27.00805888	25.42760553	27.39492681	28.05663976
	-11.6912226	-10.53131755	-11.13067901	-12.58751159	-9.164938983
	-7.514009513	-7.531647963	-9.41935862	22.9170999	19.22913103
	22.60791079	25.51518873	15.04613005	14.08377176	10.488336
	18.54091388	5.198109749	2.474893569	9.374547306	6.246154169
	-1.361126432	-0.6594736603	-5.490355492	-3.251808229	-3.755247898
	-5.748879965	1.532560767	2.235140206e-30	0.873625875	7.681364216e-31
	4.668482927e-29	1.013945552e-28	-0.04948020903	-0.1903758547	-0.1872552856
	-0.4792401288	-0.04919550092	3.66041977	2.399266881	1.063219147
	2.005801703	7.690174158	6.125504609	4.185252828	5.446827008
	12.19144232	10.48368375	8.354724745	9.825782637	16.16883009
	14.49027257	14.19463719	12.6709272	17.66835827	19.0418474
	17.48510154	16.21983184	-0.4627280006	-0.8117999585	-1.419404563
	-0.8566909597	20.04987016	21.05770452	19.60431124	18.70797801
	21.92237292	22.98054115	21.58616622	20.64279468	-2.029570245
	-1.333044797	-1.867116556	-2.81948432	24.03626857	25.33373428
	24.09111775	22.81839078	-2.586536088	-3.229621656	-4.507318053
	-3.59029228	-6.298283221	-4.742315478	-5.344642564	-4.065039252
	27.08305117	25.61170633	26.56057439	27.76537557	-6.288762143
	-5.624188695	-8.068244574	-7.134507812	-8.847523758	-7.159545462
	-7.751463558	-9.675961061	28.54982699	28.6327661	29.28524303
	28.43056649	-10.79856675	-8.883282531	-10.27414471	-8.504177142
	-10.98120761	-9.313326561	-9.268577783	-10.92497574	-9.140937452
	-10.46237647	-8.529560171	-9.687349776	27.76769597	25.50462732
	29.24587678	28.09069532	-7.255348281	-7.767787804	-6.657696684
	-8.582998013	-3.850179194	-5.714078518	-5.388353883	-3.955890555
	21.73493472	25.43398181	17.77987411	22.21201157	8.386906736
	13.09756314	12.23274911	16.99419451	-1.949471289	7.538130482
	0.8622748548	3.664528693	4.282732092	-1.818315695	0.4572088637
	4.012528042e-30	1.267392402	1.517362242e-30	5.55782318e-29	-0.04813696897
	1.200504842e-28	-0.1796922889	-0.1694142645	-0.4367016267	-0.04621623178
	4.686386481	3.046723953	1.440006965	2.734358444	8.868873704
	6.993655264	5.049344097	6.625542113	12.85683317	9.123533508
	10.92322114	10.83631328	15.93562185	14.07541869	14.4375652
	12.73575717	17.0387652	18.14191571	16.38006199	15.42157636
	-0.4072152184	-0.6921352142	-1.220566026	-0.7588440837	19.04934688
	20.1628063	17.495818	18.44712382	21.26895798	22.73327597
	21.0483066	19.73109103	-1.703942124	-1.109878113	-1.515201493
	-2.313023842	24.24355159	26.0607066	22.77525673	24.59692891
	-3.579748981	-2.061939027	-2.528950915	-2.893476486	-3.147796463
	-4.910491739	-4.198618421	-3.630160677	28.62965587	26.68322079
	27.74267821	29.26336431	-4.721021083	-4.271492872	-6.200191385
	-5.52045845	-6.72341738	-5.640888892	-7.252122781	-5.313382041
	30.11801812	29.87016123	31.0319238	30.24476799	-6.128421059
	-7.541681994	-6.058428408	-7.732917848	-6.208400244	-7.608373123
	-7.300142271	-5.896405062	-4.787330384	-6.666608665	-5.518535732
	-5.849233785	28.39138252	28.60431113	30.51302801	25.27336794
	-4.74935908	-2.76328157	-3.456045772	-3.929901789	-1.296994468
	0.646179284	-1.763554468	0.3905856241	20.73541197	25.06612227
	21.21477913	16.28829216	15.67376151	11.47743799	6.975931345
	6.67754256	3.306299235	11.00088889	3.310121077	6.205600987e-30
	2.537462381e-30	1.598635554	6.535157923e-29	-0.04324837999	1.403573369e-28
	-0.1572412409	-0.3697744351	-0.04033383637	-0.1424585515	5.306461709
	3.420094477	1.710282284	3.270975915	9.149386406	7.140834896
	5.411452688	7.161214214	12.34019911	8.966231582	10.35562969
	10.7578148	14.72044907	12.81534312	13.52558956	11.78803342
	15.67305515	16.8196667	14.95361618	13.9927471	-0.3342455557
	-0.5519773533	-0.9819416325	-0.6266812663	17.91972351	19.40908052
	17.51486962	16.23684909	20.97798573	23.03423798	21.13875926
	19.25489458	-1.343643187	-0.8677639831	-1.159720515	-1.790701489
	25.15099413	27.57329493	26.00856075	23.51515822	-1.877687023
	-1.55539477	-2.69900981	-2.208121914	-2.614004584	-2.307249412
	-3.612253464	-3.127284838	28.69903615	31.01892067	29.71405683
	31.37634844	-3.239079613	-3.018090439	-4.388839808	-3.991136571
	-4.620726754	-3.527450526	-3.566661121	-4.81258249	32.01852733
	31.08649497	32.96574176	32.62799685	-4.64431835	-4.776061673
	-3.629028864	-3.395419542	-2.566846284	-4.241700694	-3.133426537
	-3.718482147	-1.93211212	-1.905215498	-0.9359412518	-2.900878899
	28.76375539	28.83787336	24.83582547	31.61031187	1.912642667
	1.158174735	-0.5598374413	0.2747317817	6.998672262	4.129281272
	6.700846599	3.599303513	24.59400283	15.27886344	20.00343827
	20.28901301	10.77680645	10.73978819	15.0594558	8.398657074e-30
	1.78196794	3.682000005e-30	7.583688505e-29	-0.03610393157	1.618692856e-28
	-0.1284509113	-0.03287683473	-0.1119642611	-0.2928147991	5.372805677
	3.43299877	1.803837812	3.474711346	8.587093471	6.633251201
	5.21789349	6.964000057	11.10328225	9.205812554	8.113505203
	9.833334661	13.26775565	11.40055907	12.09987606	10.42538125
	14.34106942	15.78330592	13.86229886	12.6555872	-0.2576475554
	-0.4147868649	-0.7447145214	-0.4859715701	17.28744731	19.3345703
	15.51136705	17.29379314	21.53101112	24.31451553	22.2518468
	19.65111506	-1.001868367	-0.6412068482	-0.8398234675	-1.313074531
	27.12805686	30.09842082	25.39450774	28.57007122	-1.106579978
	-1.303238284	-1.908607577	-1.591960238	-2.408781397	-1.689277448
	-1.556807398	-2.155351594	31.71169037	32.49661259	34.03852964
	33.88829408	-1.836723835	-1.852006158	-2.64252892	-2.544027783
	-2.572548102	-1.815457563	-1.570464212	-2.427498326	33.88052459
	34.60397266	31.9925217	35.13618522	-2.068186555	-0.7336729829
	-1.277409546	-1.61045682	-0.08057206351	-0.02760307508	-0.8844300364
	0.8532987754	1.211439347	3.547593866	2.014464973	2.706838151
	24.41243166	28.78119617	32.24280191	28.83239389	5.546850154
	8.085357419	4.840482016	7.477534204	11.01360143	11.38744004
	19.75013781	15.2021389	19.80056716	24.23258712	15.06344336
	1.004729308e-29	4.68988568e-30	1.776208625	8.672782756e-29	-0.0280948272
	1.837537817e-28	-0.098572205	-0.02513624881	-0.08279661594	-0.2183906266
	4.949468284	3.135878699	1.712021721	3.320834113	7.559539246
	5.782174614	6.236271154	4.634185794	9.773183723	8.016560917
	7.025730097	8.594968848	12.17638846	10.35631152	10.81397001
	9.228695608	13.56120325	15.46537975	13.47488446	11.86746328
	-0.2943388236	-0.5338502317	-0.3559658988	-0.187542304	17.53133117
	20.29059564	18.08172077	15.64287859	23.25671702	26.82175791
	24.62752868	21.21400243	-0.7032100335	-0.4452952286	-0.5648352696
	-0.8972448007	33.44721825	30.26059263	32.13200339	28.52180311
	-0.7944259447	-0.7163282922	-1.1992499	-1.050116668	-1.286290968
	-0.8779852641	-0.8385591206	-1.265549927	35.6064967	36.96088565
	35.24096661	36.17601796	-0.7654744093	-0.9842570838	-0.5229678931
	-1.178814862	-0.6154982163	-0.1257255502	-0.1977536152	0.3357628763
	32.32889715	35.404247	37.00206503	35.14701591	0.6006537642
	1.488050918	1.021958369	1.963151879	4.19962927	4.700916534
	2.723015808	3.16664931	6.664593888	8.623993721	6.218828833
	9.060299655	28.38232902	28.61504922	24.09733228	32.20032443
	11.79523251	23.87992327	15.39745497	15.54435286	19.72020812
	12.0878557	19.67622187	1.611414727	1.078848839e-29	5.302977761e-30
	9.746283081e-29	-0.0204799667	2.045086751e-28	-0.07138780423	-0.01807978902
	-0.05771249434	-0.1536994054	4.280452368	2.690604589	1.497621618
	2.924097204	6.526721106	4.949455456	5.348767297	3.945047958
	8.805104577	6.112354467	7.162969594	7.535005914	11.75790426
	9.933049941	10.05433179	8.521938359	13.59533964	16.11430323
	13.98701929	11.83870346	-0.3543220038	-0.2446015562	-0.1279031537
	-0.1927855359	18.90221344	22.50142877	16.84193586	20.07925387
	26.28149942	30.44681137	28.20033674	24.07666585	-0.2780538409
	-0.3258416159	-0.5324792196	-0.4462664176	34.10358539	35.92763629
	36.84978414	32.50294017	-0.3701988365	-0.5534156757	-0.3357111024
	-0.5655374846	-0.258793949	-0.05858660152	-0.2460843886	-0.4464830323
	38.75611999	38.23590654	37.44674961	38.09346879	0.2398899921
	0.7078902286	0.09620939779	0.5846319297	2.188627258	2.236367402
	1.357554805	1.280995834	31.8779804	34.94637661	37.48380885
	35.33858378	3.409208324	3.418225929	4.90455979	4.921027848
	6.838962641	9.235708901	6.893336839	9.138357516	15.52137335
	12.01676975	12.19084121	15.23329099	23.56274594	27.93672296
	31.22873448	27.30891714	19.05915903	19.47319055	22.98754274
	1.070867115e-29	1.373841284	5.439165489e-30	1.070729312e-28	-0.01401109995
	2.216757229e-28	-0.04835318831	-0.0121204608	-0.03693738615	-0.0995806519
	3.639160614	2.272041115	1.257810515	2.470219757	5.793668353
	4.364948938	4.617750883	3.385526977	8.399394009	5.575541367
	6.795695726	6.910444925	12.16490686	10.24166635	9.979068902
	8.423472019	14.61075233	17.90620377	15.54677065	12.70149867
	-0.1502102601	-0.07760264424	-0.1056896527	-0.1993325053	21.53379543
	25.93589097	23.28596791	19.2365982	30.27869423	34.46294749
	32.3148343	27.97322893	-0.1317251271	-0.2059988005	-0.1134036466
	-0.2201840842	39.11484993	36.25223036	38.65478149	37.55685455
	-0.05930471381	0.07797181037	0.0337927223	-0.1274617591	0.3046554986
	0.720781083	0.6605582022	0.3042478375	38.94511179	37.06896252
	38.5582149	39.47551526	1.192474863	2.138174791	1.918231048
	1.312206444	4.258402135	3.239219109	2.951047668	4.681353919
	32.9153596	30.31479893	34.10444636	36.1075705	6.025515368
	6.518855564	8.118702326	8.775132288	11.52061908	10.78764911
	14.67086296	13.74190523	28.94913632	18.30602792	26.3191906
	17.29245352	22.17086004	25.06396047	20.94909405	1.027470763e-29
	5.259949952e-30	1.153965878	1.140702726e-28	-0.008752592653	2.317163847e-28
	-0.02901090535	-0.007169075053	-0.01930872901	-0.05336872414	3.193063565
	1.983416767	1.068011923	2.107173243	5.472940824	4.105628628
	4.189737609	3.058937262	8.635922008	6.966937756	5.470394934
	6.802375738	13.52116025	11.38091142	10.68607744	9.005807611
	16.72544113	20.86099919	18.18950329	14.56223943	-0.06808935851
	-0.03398244299	-0.02900214509	-0.0622287272	25.22478937	30.01595681
	22.67506946	27.21454717	35.6535118	31.96172631	34.22221504
	37.53237351	-0.001711126493	0.07580101783	0.08659585117	-0.01841732945
	39.05170587	39.17176887	38.2843494	39.22460078	0.4545415684
	0.2200638455	0.5717864301	0.2683024364	0.8325061422	1.360325391
	1.666498104	1.011045187	37.53471753	38.16966744	35.99807297
	34.71532037	3.18228485	3.775273719	2.156201883	2.549386469
	5.334685508	4.633495896	7.345407141	6.372539467	29.18048692
	31.18838484	27.30876506	32.72029043	11.22116265	9.755717768
	8.667092047	12.63539136	14.37715157	19.50641772	15.89181081
	17.65661389	23.35547925	25.17433613	21.46882452	1.00347283
	9.986941112e-30	5.0394081e-30	1.164549234e-28	-0.004350734947	2.301889648e-28
	-0.01230704158	-0.002916873702	-0.003864770439	-0.01277532398	2.993354565
	1.853178527	0.9579678269	1.896117609	5.597916266	4.189641861
	4.097357669	2.98387806	9.593688471	7.736434971	5.830535196
	7.260229905	15.87000568	13.39805957	12.26766195	10.34823775
	19.8347257	24.57027218	21.58753482	17.34923904	0.004549623635
	0.004512516564	0.0386423376	0.0593113696	30.71348873	26.43115541
	29.14393815	33.48689108	34.54900645	36.59049411	38.26604732
	36.74331969	0.1140924466	0.3516058762	0.246253014	0.1619524914
	36.57661046	36.56738846	37.49064247	38.14129699	0.8182294885
	0.4796143525	1.093300127	0.6373229701	1.361818384	2.081693979
	2.647423002	1.722595188	31.29326779	33.79451889	34.2773747
	30.43504723	3.838977166	4.457759505	5.456312737	3.150560727
	8.282236188	7.39867235	6.252905431	9.834649138	24.05781144
	22.91848992	26.65176042	27.61291761	12.57431266	15.77886324
	13.62776336	10.88210907	19.18135663	16.9495032	20.26757536
	4.985307375e-30	0.9352266859	1.015164039e-29	1.119006753e-28	-0.0004840929892
	2.123936023e-28	0.002409966726	0.0008593365384	0.009655937617	0.02291018729
	3.04904983	1.884219581	0.9302946457	1.844956203	6.213976207
	4.648714924	4.360850612	3.172199173	11.3197294	6.708791018
	9.148055031	8.349034214	18.94746786	16.09043545	14.68113059
	12.42670032	23.32871737	27.99356475	24.83371523	20.54933181
	0.06905370978	0.03863777156	0.09900106749	0.1683389917	32.31891314
	31.87409665	34.85530826	29.1912165	34.80439006	34.43587365
	36.15116709	36.00154748	0.6068790357	0.4100078412	0.2210565701
	0.3289803046	34.2521189	31.6549252	31.58966297	33.75601736
	1.628392166	0.7382458448	1.189952614	1.006079079	3.622957704
	1.898402109	2.789365839	2.449559917	25.20882323	28.23792492
	28.47550099	24.77209629	5.05063047	5.542867244	4.066801951
	6.930584757	9.057770555	7.507969489	11.67923783	9.626661484
	18.33747591	12.29705434	15.03835175	21.57443918	21.08748453
	14.47899263	17.75735824	5.20431843e-30	0.9495648896	1.094085201e-29
	9.822607586e-29	0.002916538638	1.747097634e-28	0.004244538402	0.01547385086
	0.02155938128	0.05460145748	3.382076442	2.089200492	0.9870044046
	1.959127393	7.360124222	5.514926953	5.020192374	3.653232727
	8.104336119	11.08712684	10.05965273	13.65694163	14.90551292
	21.96661335	18.8005786	17.51267936	23.11839842	26.02955824
	29.73468081	26.64037947	0.1285146807	0.07003836839	0.1567473487
	0.2728848157	31.09593909	32.08721412	33.2536219	29.64776894
	32.70037592	31.12830914	31.32493574	30.18241234	0.3270634004
	0.5766087116	0.4949422268	0.8670420409	28.35861299	25.33913592
	27.93456997	25.18576262	0.996807063	1.546815996	2.147360071
	1.377010346	3.105928866	4.431308725	3.360361704	2.375070627
	18.80570876	21.83815632	18.65866786	21.88091812	4.725523518
	6.233454582	5.952398961	7.920162937	8.20986148	10.04806071
	12.68380199	12.92191822	10.29384065	15.41327328	15.59942136
	5.77152048e-30	1.250648836e-29	1.052667518	7.422416533e-29	0.005871194751
	1.164703334e-28	0.02747459381	0.007315882637	0.03286910603	0.08486963141
	4.017459439	2.484640081	1.13738	2.256927893	4.433240816
	6.079961299	8.9519058	6.731364401	16.05641667	13.11649516
	9.817572307	12.13363559	17.02663056	20.50508507	23.75784385
	19.87067647	26.68928764	28.83218721	26.05142221	23.89419097
	0.1872258337	0.1009294343	0.2154982474	0.379133578	27.22496457
	29.39020068	28.95633245	27.33780851	27.09741283	24.78610835
	24.04417003	26.0307399	1.11465132	0.6597446954	0.7340994399
	0.4317369945	21.69696104	18.78845324	21.33531971	18.59776667
	1.21964599	1.821940937	1.701021414	2.556580382	3.688144171
	4.921172921	3.560373923	2.694740984	15.59847145	15.6529719
	13.02237923	13.02078872	6.506738031	5.041106158	6.418514549
	8.365484202	10.42474613	8.433081579	10.46152109	1.253308324
	6.752328452e-30	1.490456844e-29	4.057654998e-29	0.008622095403	4.139580294e-29
	0.03914903069	0.01019701042	0.04449104407	0.1157379648	2.744184239
	4.917194462	3.04947399	1.385077778	5.412281604	10.64227342
	8.042024835	7.397567887	13.95638528	17.63094944	14.50184703
	11.35335251	23.40080842	20.35052029	20.70971344	17.86593675
	22.3394773	24.79167003	25.37951663	23.07241742	0.1309808309
	0.4789810471	0.2705859078	0.244746869	24.51837217	23.10888874
	21.7892758	22.90265413	20.68959312	18.26936898	17.71292791
	19.89550259	0.8509837109	0.7998165645	0.5196930162	1.301822642
	15.41031037	12.94904486	15.12837478	12.77781391	1.911114897
	2.780158436	1.964397652	1.36007689	2.822640373	3.780974812
	5.089652279	3.759068052	10.35140613	8.388187078	10.42808725
	6.529458054	6.511214102	5.089950199	8.434813172	1.781598693e-29
	8.107792526e-30	1.541627217	2.366496554e-31	0.01147944591	-4.251687292e-29
	0.05032282875	0.01287965571	0.05548770538	0.1446401569	5.897051852
	3.671491203	1.701271473	3.36182285	6.320526644	11.83039148
	8.989013076	8.602268575	17.60665482	14.57434699	14.74720697
	12.0631512	16.91357867	20.83738169	19.49461775	18.22606045
	20.86846548	20.37606088	18.59190611	18.88735232	0.1556485325
	0.3102332628	0.5518490755	0.2924953697	18.7725739	17.03301212
	16.07896643	17.57383361	14.6609596	12.53548654	12.14764866
	14.1016171	0.8855982209	0.905672493	0.572244423	1.394076009
	10.20210276	8.314722599	10.00670421	8.190411643	2.830554975
	1.986984229	1.986791755	1.405700354	5.063368428	2.813692585
	3.740364319	5.015436613	3.768171292	6.397003085	6.459914689
	1.861453115	2.030749758e-29	9.540906884e-30	-4.205209559e-29	0.01426915772
	-1.247174859e-28	0.01505641853	0.05938396946	0.06326135528	0.1651367654
	6.619645322	4.139352337	2.00211356	3.943408351	6.784011099
	11.9498774	9.126720408	9.192482326	15.84458669	13.18112204
	14.04305042	11.5415827	16.84755479	14.78927725	16.55815368
	14.42319099	16.0520015	15.05739109	13.76120049	14.5627241
	0.5842908394	0.1697585443	0.3270139126	0.3204050697	13.312907
	11.68293213	11.03149274	12.47227033	9.695430848	8.03191626
	7.784399044	9.327110589	0.9069090022	0.9103959279	1.402808403
	0.5857449646	6.178255203	4.962574612	4.885744188	6.298060742
	2.787979925	1.387968574	1.948891028	1.969956067	3.698779876
	2.75391295	3.658146311	2.108251429e-29	2.105409292	1.046006853e-29
	-8.085714022e-29	-1.946973453e-28	0.01626228765	0.06453502895	0.01631309739
	0.06622494289	0.1733363341	6.748131569	4.236964372	2.166144042
	4.252154371	6.54692189	10.85065465	8.321007796	8.837559887
	12.89618085	10.76189244	12.02343209	9.914807151	11.17080316
	12.48873158	12.79711205	10.97935561	11.39965337	10.33338103
	9.444148528	10.34856014	0.3248987173	0.1725952046	0.5827175104
	0.3267967007	8.805743366	7.489054279	8.248574374	7.071457271
	4.650989104	4.794127836	5.765478848	5.989615739	0.8954504329
	0.8837620644	1.371383844	0.5743308869	1.351851006	3.536749735
	2.681262397	3.601444987	1.922743124	2.722629738	1.900702602
	1.935252503e-29	1.026553482e-29	2.161732177	-1.114208607e-28	-2.447242218e-28
	0.01696285002	0.06554480634	0.06532918626	0.1715820487	0.016550807
	6.171834941	3.887716433	2.104782781	4.119556717	8.881656719
	6.82840459	7.616986663	5.657980527	9.585997468	7.707732891
	8.008942586	9.330759661	7.530599303	9.097161585	8.569817775
	7.943672692	7.533948106	6.621375979	6.044442755	6.833140936
	0.566360091	0.1684292816	0.3149706561	0.3196262892	5.096415331
	4.230038389	5.443687046	4.478669427	3.309748069	2.560806881
	3.433804361	2.634853574	1.336248936	1.316839949	1.842006155
	0.8703596309	1.872278592	0.5573520025	0.8604191027	1.55385516e-29
	1.988214412	8.827283784e-30	-1.30914561e-28	0.01661299784	-2.717104582e-28
	0.06393891663	0.06300645123	0.1659414667	0.01609798188	5.074864401
	3.203124637	1.827709203	3.569555152	6.615976205	5.090802271
	5.930605586	4.411354898	6.571362294	5.485558685	6.635302242
	5.481455818	5.997464504	5.476203445	5.228869172	4.800292189
	4.205133276	3.958642884	4.647114598	3.606601318	0.1630313243
	0.5510870277	0.3063435087	0.3097193112	2.335348967	2.470281017
	3.126968162	2.926272348	1.792201493	0.5433968628	0.8364378646
	1.296789465	1.731343292	0.8481388228	1.26325101	1.64052234
	6.630874252e-30	1.095753947e-29	-1.389778809e-28	0.01589494572	-2.772263163e-28
	0.06184124222	0.1613672297	0.01549498149	0.06126059382	1.428277144
	3.786046682	2.391003805	2.786259659	4.527832431	3.480313781
	4.216549796	3.13607047	3.47605331	4.358194842	3.593429361
	4.17806777	2.842843345	3.258202885	3.677480485	3.193860653
	2.401222797	2.662684819	2.185247692	1.986708215	0.2988441915
	0.1590994804	0.5365718141	0.3020494924	1.221855377	1.157139718
	1.638059325	1.533440355	0.7905200696	0.8156959322	0.5238112509
	6.86579089e-30	4.393953716e-30	1.225175494	-1.37276534e-28	0.01540175793
	-2.659139557e-28	0.06032384328	0.01507333735	0.06004321876	0.157731096
	2.58599288	1.63128116	1.014874713	1.97991609	2.75746792
	2.046795229	2.860219099	2.1903239	2.034044411	2.173228959
	2.461706886	2.648471904	2.087853804	1.788216435	1.801128328
	1.549862154	0.9837782497	1.251322289	1.083702472	1.392826674
	0.2918447402	0.4825709694	0.2841398219	0.7027200283	0.7494618898
	0.5085037538	0.1540731417	3.864682384e-30	2.602552773e-30	0.8351933905
	-1.285199891e-28	0.01513733655	-2.434791338e-28	0.05848708921	0.01462360401
	0.05747803814	0.1504183751	1.289031942	0.6595868068	1.622222423
	1.019531907	1.662434664	1.262610419	1.657871979	1.224278329
	1.331233692	1.479663354	1.087051394	1.202634951	1.080041911
	0.8823708048	0.9226942181	0.7587879237	0.1428369858	0.5712498962
	0.6377434353	0.4109979532	0.2538771089	0.4529931074	0.2697928132
	0.5204202622	1.389084042e-30	1.960011979e-30	-1.155299887e-28	0.01455235025
	-2.151655449e-28	0.05438811997	0.01361589722	0.05165704485	0.1347433982
	0.3902542484	0.9281269381	0.5782442072	0.7663770222	0.8773764752
	0.6554831433	0.9064156258	0.6618114851	0.6447678025	0.5172949133
	0.7468554386	0.5968854749	0.2061622508	0.367841708	0.3139434598
	0.4131662648	0.1221496714	0.4893303541	0.2303255161	6.655283903e-31
	8.845872625e-31	0.2929646481	-1.006628355e-28	0.01309291342	-1.850062096e-28
	0.04668949788	0.01167098426	0.0420068973	0.1094303412	0.2056495062
	0.4741359	0.2896015789	0.4086572646	0.4395376954	0.4088451925
	0.3132869885	0.2961838527	0.2636411827	0.3277436791	0.2550496986
	0.09278668105	0.1464840798	0.1754500553	0.2067816908	0.1440787394
	2.793510313e-31	3.412806766e-31	-8.560851518e-29	-1.557076614e-28	0.01060089999
	0.03552764554	0.008800131477	0.02946131782	0.07717355954	0.09155358074
	0.2071339665	0.1207845594	0.1874699105	0.1584138439	0.1221118903
	0.1087744613	0.1801773733	0.1135497108	0.08516883521	0.0590561758
	1.011854956e-31	0.05728382928	9.618620639e-32	-7.143281289e-29	-1.2885885e-28
	0.007323791874	0.02240615162	0.01610232076	0.04348505748	0.005427250757
	0.0709206538	0.03029545199	0.06772584959	0.02743719521	0.03673304446
	0.05624263865	0.0343036297	2.233685208e-32	1.547098173e-32	0.01489381958
	-5.871389352e-29	-1.052265033e-28	0.003817161204	0.004732422044	-6.204877919e-34
	-0.0007769436167	-3.073530365e-33	0.00972388958	0.00197395952	0.01545900473
	0.004706251989	0.0005755626434	-1.378836949e-33	0.01545594182	0.005530351064
	6.85740913e-34	-1.715715743e-29	-0.0001676511596	-6.813234655e-29	-4.768718282e-29
	6.255764486e-05	0.000690411706	0.0009819742506	-3.836779368e-29	-8.502481409e-29
	
