4225	
	1.249251008e-30	3.837476464e-35	0.0003690042717	1.227024148e-33	4.997255153e-30
	9.716920262e-05	3.417296384e-34	6.340861209e-30	2.83509931e-30	0.0001216670664
	0.0005599499456	0.0003635139586	4.955346967e-34	8.902005037e-34	0.0003127051084
	-0.0001112687605	0.0002386539252	6.415143951e-05	8.013410663e-30	3.58989787e-30
	-0.0001250956166	-1.243153198e-33	-1.069831247e-32	-0.00071926583	-0.002776791665
	-0.001043578967	-0.003240669087	-0.0006464363057	-0.003220239738	-0.000895845764
	-0.0004450658113	-0.002033621667	-0.002963979847	4.525015721e-30	1.007742994e-29
	-0.0007684532156	-0.006901687167	-0.01257620745	-4.964384164e-32	-1.216057724e-32
	-0.007652256635	-0.01602434056	-0.008262875528	-0.01606821049	-0.006873795951
	-0.005897343635	-0.01470318296	-0.0122275212	-0.00119322076	1.260192943e-29
	-0.009074099963	-0.001568519228	-0.003331718886	5.672974298e-30	-0.004906507268
	-0.02183211648	-0.03313519003	-1.470518325e-31	-4.351908081e-32	-0.03006077877
	-0.04856619975	-0.02733381354	-0.04558940406	-0.04055560685	-0.04601359789
	-0.02621536923	-0.02407990069	1.566337985e-29	-0.002058639545	7.069387158e-30
	-0.002434943349	-0.008266543533	-0.02550732689	-0.01807604574	-0.01315416264
	-0.03411494225	-0.006468017501	-0.01708735145	-0.04972921109	-0.0686593771
	-3.510389365e-31	-1.148111376e-31	-0.07792167341	-0.1133981298	-0.06773489615
	-0.1002716703	-0.067982968	-0.1028209685	-0.1119384108	-0.07171717186
	-0.003275276256	1.935120581e-29	-0.002944791688	8.754185886e-30	-0.04703697008
	-0.05580305233	-0.07529985593	-0.09093490508	-0.009879213215	-0.02176443209
	-0.03281473797	-0.05968096249	-0.0259532093	-0.01171756287	-0.04142296307
	-2.547523528e-31	-0.09455498353	-0.1227584073	-7.281289275e-31	-0.1652327542
	-0.2242089698	-0.1372678367	-0.1880644358	-0.1565144556	-0.2205213806
	-0.2305703628	-0.1602279769	-0.003999634361	1.0775924e-29	2.378073064e-29
	-0.003763729482	-0.1202631928	-0.1755517499	-0.2017579074	-0.1348926011
	-0.01319314822	-0.03071405393	-0.01489651252	-0.03467770952	-0.09451048941
	-0.1174238176	-0.1490481098	-0.07478909066	-0.08866121232	-0.05815180856
	-0.04931471662	-0.1592781677	-0.1977468904	-1.359748959e-30	-5.005887509e-31
	1.32005568e-29	-0.004504067993	2.911385158e-29	-0.004420066715	-0.2432794894
	-0.3150801731	-0.3051228647	-0.3932006747	-0.3104246283	-0.3131888769
	-0.4182757707	-0.4201048511	-0.2586538174	-0.3561984323	-0.2808970221
	-0.394930114	-0.04225712477	-0.03902187342	-0.0160396096	-0.01741413529
	-0.2154414063	-0.2633292579	-0.1836370815	-0.3141968429	-0.07381543463
	-0.06572153934	-0.215792769	-0.104309567	-0.1178337691	-0.1386982088
	-0.1626420011	-0.2454365814	-0.2945701816	-2.336117114e-30	-8.953730873e-31
	1.612270003e-29	-0.004663527476	3.557382793e-29	-0.004795378978	-0.5078892466
	-0.628666435	-0.3905999741	-0.4845977681	-0.0456331199	-0.01799805405
	-0.01880584245	-0.04755247899	-0.7193184802	-0.5394126313	-0.5623877256
	-0.6951817045	-0.7006638828	-0.4958686312	-0.6534026861	-0.5238825252
	-0.5933966644	-0.4293639276	-0.3809481808	-0.5171073427	-0.1436511341
	-0.1322282193	-0.08009242504	-0.086360818	-0.4433701549	-0.308083352
	-0.2843427946	-0.3589144351	-0.2522745302	-0.2057933511	-0.183599323
	-0.3535791387	-0.4137066426	-3.750089012e-30	-1.484859671e-30	-0.7792767628
	-0.9343258774	-0.5812809562	-0.6978091629	1.966616432e-29	-0.004355932314
	4.341038303e-29	-0.004744962028	-0.04923292176	-0.0493038521	-0.01857864961
	-0.01854113081	-0.9243532382	-1.140530497	-1.064275172	-0.8591714828
	-0.09338089626	-0.1547741166	-0.1620441428	-0.09021255803	-0.8930322856
	-0.8688613596	-1.103394731	-1.144804999	-0.9260593712	-1.02964177
	-0.709978867	-0.7777979757	-0.819031466	-0.6931135555	-0.5146261403
	-0.5992455576	-0.3461781897	-0.2236734887	-0.3184463128	-0.2409175653
	-0.577942139	-0.4518348866	-0.4039267229	-0.4844262598	-0.5562661537
	-5.682866587e-30	-2.313789004e-30	-1.121414885	-1.311706374	-0.8162548174
	-0.9560149521	-1.411309632	-1.690264056	-1.530608409	-1.275317396
	2.394296437e-29	-0.003534151379	5.274877821e-29	-0.004138656581	-0.0161859515
	-0.04600906185	-0.04864426472	-0.01731552146	-0.09221763415	-0.1675440169
	-0.1683107828	-0.09351032801	-1.41035865	-1.410267789	-1.734471331
	-1.743584165	-0.2524699209	-0.3911430504	-0.3728342261	-0.2610399685
	-1.303471862	-1.662186236	-1.220343125	-1.540147448	-1.398104284
	-1.222937117	-0.9438357814	-1.064487062	-0.8666873058	-0.5288843791
	-0.7015758805	-0.7768689944	-1.055464465	-0.6456818005	-0.4911237145
	-0.6392262403	-0.7232327487	-8.158208713e-30	-3.412969518e-30	-1.536137587
	-1.763404001	-1.09745688	-1.261341131	-2.028057198	-2.371483662
	-2.096385547	-1.78997707	-2.503594969	-2.141843536	-2.562063915
	-2.086935758	-0.002970345261	2.894179144e-29	-0.002317165972	6.331623492e-29
	-0.01176210337	-0.03733167348	-0.0425573247	-0.01402740351	-0.08080830315
	-0.1578941711	-0.165719815	-0.08750116284	-0.2625610914	-0.4044564718
	-0.4075451107	-0.2585777241	-1.958810255	-2.040918816	-2.517837328
	-2.401279766	-0.7934692679	-0.5551490968	-0.574290062	-0.7554501921
	-1.760104079	-2.234057007	-2.011363884	-1.601287785	-1.783476443
	-1.517934212	-1.275818804	-1.175617707	-1.364847612	-0.941224958
	-1.013290006	-0.8174813136	-0.9117812514	-1.105744416e-29	-4.765734676e-30
	-2.026147515	-2.29096345	-1.426413465	-1.612360551	7.421877532e-29
	-0.001474067369	3.438148356e-29	-0.001004281338	-2.777045713	-3.18699165
	-2.764370392	-2.406043178	-3.07239883	-3.591249256	-2.92687933
	-3.427362244	-3.009813551	-2.958715837	-3.534510181	-3.608364407
	-0.009144791784	-0.006096885569	-0.02429906894	-0.03114154845	-0.1455859332
	-0.128731657	-0.05937375259	-0.07111144953	-0.227697249	-0.2467699074
	-0.4014325597	-0.3840894651	-0.5792118673	-0.8293460914	-0.8211892794
	-0.5710107497	-2.734764786	-3.114423829	-2.547638264	-3.366382713
	-1.373105846	-1.443104001	-1.102341331	-1.06459113	-1.980267308
	-2.236488808	-1.77092569	-2.479990604	-1.646048498	-2.828678079
	-2.145570784	-1.012594529	-1.110933189	-1.404505363e-29	-6.262674654e-30
	-2.588232777	-2.88377111	-1.797119787	-1.99561007	6.213412513e-05
	8.404984143e-29	-8.067465287e-05	3.966385259e-29	-3.660401917	-4.136048468
	-3.528928102	-3.124456202	-0.003785851492	-0.0006875878149	-0.009897303894
	-0.01651311476	-4.515696713	-4.204415662	-4.823099596	-3.932370861
	-4.216503421	-4.235305694	-4.947847434	-4.935843848	-4.813770584
	-4.568318489	-4.018717106	-3.829288601	-0.08438151677	-0.03189183625
	-0.1075147687	-0.04640064688	-0.1689069986	-0.2017799932	-0.3153778238
	-0.3546141772	-0.5058981319	-0.5471098367	-0.7857342023	-0.8182870537
	-1.512801307	-1.100563249	-1.495003708	-1.114208719	-4.24340763
	-3.132412788	-3.821378189	-3.454082151	-2.307223971	-1.92916941
	-3.388501037	-1.861366194	-2.68480207	-2.885791047	-2.425294994
	-7.682895973e-30	-1.20885067	-1.300452181	-1.659255217e-29	4.403729472e-29
	0.0006884827369	9.137680035e-29	0.0008377089834	-3.199950431	-3.505758981
	-2.187585015	-2.379740659	-4.668556272	-5.195546515	-4.358231227
	-3.929460387	0.0006883544724	0.00308413018	0.002178055479	-0.00243814067
	-5.536147054	-6.249992681	-5.100151618	-5.75418941	-0.005357426815
	-0.0349365184	-0.05853146928	-0.01901646793	-5.660348114	-5.789994752
	-6.637896251	-6.495127096	-6.576705729	-5.468901804	-5.621519848
	-6.384294666	-6.053734093	-5.059001894	-4.690324211	-5.588581173
	-0.1329719726	-0.09298435746	-0.2645795955	-0.2093600844	-0.6508195696
	-0.3794769291	-0.7276631739	-0.4509352444	-0.982002348	-1.495948135
	-1.441422058	-1.058299212	-1.95357853	-2.514599647	-2.548774622
	-1.934083163	-5.067388664	-3.640110575	-4.435716968	-4.130894304
	-3.033226675	-3.825851119	-3.14590728	-1.382902061	-1.454858087
	-1.814010362e-29	-8.740174505e-30	-2.557758157	-2.718643484	-3.810482545
	-4.092331876	4.688583893e-29	0.0008756475213	9.52738963e-29	0.001181893357
	0.003384607159	0.004698201237	0.009450107141	0.007562236946	-5.757380863
	-6.297210709	-5.18214833	-4.770844147	-7.085830693	-7.045899758
	-7.829294747	-6.398995615	0.01367645753	0.006904908004	-0.01099029761
	0.004026884387	-7.612299929	-8.256031718	-7.328293645	-8.583339378
	-0.1476428535	-0.05590301968	-0.01894592409	-0.08980055859	-7.536410444
	-7.465351243	-8.55063853	-8.638376025	-7.063658771	-7.794555245
	-6.683242688	-8.256365727	-6.03453358	-6.47365406	-5.438339147
	-7.213386727	-0.4391762905	-0.54948587	-0.2143888093	-0.3015180334
	-0.746155454	-1.340249646	-1.205893232	-0.8804950718	-1.8663465
	-1.739138801	-2.526308474	-2.442469749	-3.165902348	-3.190566183
	-5.7136537	-4.661099435	-4.835865992	-3.968748113	-4.027825437
	-1.509808022	-1.550885221	-1.832193513e-29	-9.188203561e-30	-4.345871728
	-4.563522187	-2.857557351	-2.963537415	4.793412411e-29	0.000704558549
	9.555943497e-29	0.001065421901	-7.323238031	-5.899825457	-5.56011419
	-6.832820891	0.004188992706	0.004455456995	0.01156369783	0.01204343616
	0.02241554629	0.03241897529	0.02344986679	0.01798058978	-8.392939641
	-8.659811544	-9.451474077	-7.742470667	-10.12708791	-9.165279371
	-9.659898761	-10.71204422	0.01271372524	-0.03286874482	0.009682184892
	0.03513641337	-9.792727585	-11.02300476	-10.9428651	-9.732546844
	-0.3151240721	-0.1972316524	-0.05137181514	-0.132045277	-9.45058661
	-9.104306176	-10.41367115	-10.81517366	-8.408063297	-7.733683556
	-9.815005969	-9.009561019	-5.927543453	-6.799051067	-8.119439897
	-7.052742223	-1.026025553	-0.4338546754	-0.8294843046	-0.5993033318
	-1.5690671	-2.281212195	-2.065334324	-1.34055122	-3.06517447
	-2.86910525	-6.020057724	-4.000758824	-3.87984609	-4.880756303
	-4.909644616	-1.570467996	-1.574314065	-1.711610484e-29	-8.924161813e-30
	-4.728536726	-4.847659266	-3.04160157	-3.077544747	4.727051992e-29
	0.0002695764792	9.270012502e-29	0.0006247483248	-7.761569036	-8.131170938
	-6.406599857	-6.188794246	0.003460964931	0.002898227218	0.009533082687
	0.01164635958	-10.23118593	-10.93622729	-8.984474309	-9.511297079
	0.02210033411	0.02192219846	0.04012109054	0.03964151836	0.05003771276
	0.06106167864	0.07650187067	0.05180534268	-11.9331859	-11.81849622
	-12.86218578	-11.03862482	-13.68668968	-13.35227279	-12.11954657
	-12.37652443	0.0700004349	-0.08187973219	0.01430038823	0.01363426083
	-13.36683471	-11.9034535	-12.16061354	-13.63559922	-0.3924454941
	-0.1207669324	-0.6064782962	-0.2756564811	-11.99587718	-12.80709502
	-11.21661318	-10.50755238	-11.01609299	-9.453056892	-9.795911086
	-8.418673434	-5.988349165	-8.548827586	-7.162831808	-7.127743098
	-1.450814121	-0.8043943068	-1.772452826	-1.08975435	-2.24507284
	-3.639732768	-5.820860907	-4.454059196	-2.604846695	-4.738721103
	-3.315368844	-1.556693878	-1.523112238	-1.483314956e-29	-8.025788783e-30
	-4.900554204	-4.902476294	-3.082562172	-3.045377401	-8.407017631
	-8.596678571	-6.625526698	-6.560738973	4.523986587e-29	-0.0002603753886
	8.752366776e-29	-2.10830622e-05	0.001677784414	0.0005474569927	0.004713702732
	0.007762395008	-11.55927185	-12.07242127	-9.950725282	-10.27502394
	0.0183038006	0.01479059983	0.03347034218	0.03926384406	-12.73546188
	-13.87862172	-14.78247182	-13.43954843	0.09329733913	0.06262372392
	0.06116539248	0.09717848895	0.1482734914	0.09375094487	0.106419442
	0.1306779492	-15.62405242	-15.04887438	-16.31540642	-14.50668701
	-16.48173827	-16.51949346	-15.0537368	-14.95997438	0.1174931851
	-0.1820618876	-0.004166464099	0.00882402231	-15.30585927	-16.04191991
	-13.67517906	-14.36011795	-0.5290371885	-0.7254261548	-1.082203625
	-0.2575451969	-12.98617791	-12.5617404	-14.29846461	-11.40326816
	-11.56265626	-9.941714915	-8.506428784	-9.888571527	-8.276880611
	-6.53616788	-5.480786946	-6.932705223	-3.535878052	-2.37931554
	-5.018621512	-2.870410423	-1.84834042	-4.067474609	-1.392283415
	4.227801219e-29	-0.0005618220414	8.087087706e-29	-0.0006371341543	-1.472242876
	-1.40647383	-1.196876004e-29	-6.706672317e-30	-4.838891278	-4.724270729
	-2.977163499	-2.875047177	-8.67062247	-8.650254871	-6.527489858
	-6.620492159	-12.44494139	-12.68267667	-10.49153359	-10.56703951
	-0.0005143705402	-0.001763901607	-0.0011622963	0.001834289498	0.009229159968
	0.003846324165	0.01732451257	0.02690883943	-14.01118051	-15.56661904
	-16.1913576	-14.41791518	0.08282639311	0.09476956522	0.052748153
	0.04254221443	-16.60700867	-17.44974981	-18.58187203	-17.52838607
	0.1345585314	0.1958490033	0.1836501388	0.137496836	0.2514617745
	0.2421605704	0.1450994776	0.1929889911	-19.45724554	-19.14936793
	-18.03876002	-17.86928164	-18.69634567	-19.24865156	-17.05562125
	-17.63403559	-0.06715934285	-0.3713838732	0.1690540651	-0.02606665782
	-17.75327714	-15.9716745	-16.4385884	-14.75137649	-0.506687966
	-0.9486759698	-1.811160853	-1.257132953	-11.48849585	-14.9075878
	-13.04543015	-13.14912458	-7.809834052	-9.619444203	-9.078793148
	-11.1676966	-5.250738948	-4.380269053	-3.673542096	-2.264777305
	-5.996285793	-7.176536395	-2.947350014	-1.330217263	-1.240915394
	-9.020674388e-30	-5.225995291e-30	3.874828618e-29	-0.0002449206455	7.333822679e-29
	-0.0008021329483	-0.001990973039	-0.002569229478	-0.005160523208	-0.003947347609
	-4.557786364	-4.344155843	-2.74410524	-2.592747023	-8.517595856
	-8.291758477	-6.133775516	-6.365150178	-12.75162081	-12.67575158
	-10.5260267	-10.34935441	-14.66501812	-16.62328897	-16.86511711
	-14.71673839	-0.001758822884	-0.006687318605	-0.002142322098	0.007797132089
	0.01351431956	0.04558220484	0.06712620122	0.02809604973	-18.10726287
	-19.46920846	-20.1410151	-18.54541591	0.1718227687	0.0970102036
	0.1924057565	0.1187093576	-20.24437858	-20.78230511	-21.89354743
	-21.14852431	0.3207728291	0.2581512436	0.35073334	0.2609959587
	0.3814069432	0.1909852652	0.4036944917	0.3103099482	-22.03529414
	-20.33740763	-21.78907447	-20.70010864	-21.03296183	-18.21330953
	-19.83510724	-19.40369282	-0.2167131694	-0.1240026175	0.2029240949
	-0.7011223488	-18.30181061	-16.57103614	-14.75450454	-16.35394401
	-2.850302758	-0.9230566316	-2.043044966	-1.596464406	-11.92949936
	-12.6630331	-10.53383122	-14.29132237	-5.335357108	-6.302096806
	-3.461398484	-9.687868993	-8.348706704	-4.424554461	-7.345309591
	-1.148659992	-1.04573183	-6.361288087e-30	-3.806828869e-30	3.486689685e-29
	0.0008884015336	6.52604465e-29	-0.0001287879574	-4.100212955	-3.81548434
	-2.416253406	-2.234286116	-0.00124625717	-0.0003271053743	-0.003296138583
	-0.00588106826	-0.01035186261	-0.00908185524	-0.009900799415	-0.01484206261
	-7.979333039	-7.582015244	-5.504122738	-5.83871503	-12.44035034
	-12.06437708	-10.05864716	-9.664701206	-14.59930735	-16.88406263
	-16.70362367	-14.29957512	-18.76706663	-20.56480783	-18.7398025
	-20.74066293	-0.001512674759	-0.013704839	0.001030282756	0.02358142233
	0.03720045423	0.06751008695	0.1418093235	0.1015498998	-21.80999733
	-22.78497053	-23.40314591	-22.19668883	0.3496132821	0.2328231491
	0.319426246	0.1944279576	-23.12950251	-23.09480542	-24.13105603
	-23.97723477	0.4499770559	0.5090281264	0.5735107051	0.4470937639
	0.4475581109	0.6145746497	0.2011468189	0.5186018883	-22.73582284
	-21.40558096	-23.68785225	-22.44676439	-17.99166373	-21.33544267
	-19.4362517	-19.85749358	-0.502895915	0.1810679839	-1.224449979
	-0.3323319722	-14.80136713	-13.43200725	-17.31294384	-15.79529275
	-2.514803764	-1.552072093	-3.09909712	-4.207320272	-10.96217372
	-9.654352849	-7.265567404	-8.532164959	-6.238711939	-4.950380357
	-12.32144764	-0.9467404224	-0.8397918686	-4.195259598e-30	-2.593847927e-30
	-3.524034873	-3.199637937	-2.031764735	-1.837471483	3.075817357e-29
	0.002702345476	5.688626043e-29	0.001427448083	0.002763913776	0.005436884526
	0.007276120655	-2.804465265e-05	-7.136946192	-6.619663912	-4.717945226
	-5.114749483	-0.007427324944	-0.01527444414	-0.005268823992	0.001458753495
	-0.02029251162	-0.02014816899	-0.02622043396	-0.01662275812	-11.5697549
	-10.94948793	-9.167688688	-8.615500822	-13.83757928	-16.31991465
	-15.74718811	-13.24254404	-18.48921701	-20.64350371	-20.29441678
	-18.01577625	-22.12983728	-22.31076028	-23.72078841	-23.73812576
	-0.01715988711	0.01811261071	0.05990932048	0.00649017816	0.2704029454
	0.08939016979	0.1428579697	0.2047208999	-24.5272353	-24.89311655
	-25.33269781	-24.7542248	0.5474745898	0.5837754726	0.3571873404
	0.4158374818	-24.63572815	-24.67675935	-25.28661444	-23.86313009
	0.7038834837	0.8655775707	0.7397578217	0.7255033486	0.5763927211
	0.1308114179	0.6249601978	0.8572068789	-23.54228552	-20.77201406
	-21.83203403	-22.55194848	-19.80056045	-16.1559608	-17.29634535
	-18.62233602	-0.9622289138	-1.967801405	-0.6989239558	0.0556940095
	-13.54176983	-14.72778571	-11.88639956	-10.83836454	-5.796418762
	-6.590201509	-3.685532519	-8.23085987	-4.358886106	-2.393452578
	-9.24181101	-0.7422771117	-0.6397026004	-2.57881129e-30	-1.649927479e-30
	-2.889929928	-2.556040795	-1.627790291	-1.437279819	-6.096316757
	-5.515865752	-3.857895683	-4.277132733	2.655425489e-29	0.004810315726
	4.852472581e-29	0.003544999022	0.009788230663	0.01366352697	0.02589197039
	0.01492915081	0.02976275419	0.02929582196	0.005681229155	0.01494093562
	-7.333174458	-10.26910572	-9.484312412	-7.976368321	-0.007704270934
	0.01339683728	-0.004769174292	-0.02434310499	-0.02503039257	-0.02822427828
	-0.0130823587	-0.02930766206	-12.50408359	-15.03074468	-14.14971416
	-11.70146167	-16.49862736	-17.33380758	-19.70810531	-18.89037642
	-23.44456613	-21.67749141	-22.8581307	-20.97545946	-24.66302069
	-25.4324172	-24.24842479	-25.19720655	0.0363694333	0.1362974187
	-0.002339309288	0.0693412974	0.3835141723	0.4781494946	0.1950220307
	0.2777884555	-25.59954939	-25.17458816	-25.32458856	-25.56163784
	0.689622167	0.6125817199	0.9056297753	0.8754553793	-23.12962273
	-24.2065237	-24.54523511	-22.64502162	1.024576573	0.9839824038
	1.208307013	1.088843104	0.6512483127	-0.06475001633	1.092100689
	0.6508448122	-20.69547217	-18.99605498	-21.33447939	-18.28526387
	-16.51203395	-12.88387757	-13.67868804	-15.699396	-0.2083413084
	-1.582278017	-2.891130771	-1.241901112	-10.95171722	-7.417716423
	-3.364776963	-10.12491238	-5.653587759	-4.992134281	-8.133803561
	-0.5502877897	-0.4586506892	-1.466301192e-30	-9.74446888e-31	-2.253726309
	-1.93644272	-1.236880984	-1.063039803	-4.966581272	-4.376667361
	-2.999535718	-3.406564564	2.243150757e-29	0.006721744272	4.053980037e-29
	0.005721142399	-8.700636873	-7.83688151	-6.621886787	-5.951824458
	0.03628286663	0.01827578625	0.0222851568	0.04827216858	0.06982537671
	0.09238517831	0.05643287954	0.05013492056	0.05004121293	0.09247060327
	0.08574966545	0.02927795665	-10.78108794	-13.20508027	-12.12800691
	-9.867684032	0.05331366494	0.02386577911	-0.01911621219	0.003920368053
	-0.003756483898	0.004636236665	-0.01918009775	0.02221537501	-15.48464947
	-17.9169014	-16.74897754	-14.40851565	-18.92540245	-20.02888225
	-22.01881742	-20.9214019	-24.63658075	-23.53104472	-23.76574174
	-22.56030365	-24.48396703	-24.58370757	-25.18386375	-25.12289624
	0.2843558467	0.1904974979	0.1151565943	0.0609061396	0.5050109026
	0.392223042	0.7926786676	0.6739629705	-24.53700772	-23.2879625
	-23.11271672	-24.18530231	0.9865419658	1.309608987	1.30847886
	1.069285986	-21.65196949	-19.45036272	-21.65506855	-19.60521553
	1.378306443	1.556599573	1.520929409	1.192156307	1.263558739
	0.6235689504	-0.4011392007	0.5569733551	-17.36342103	-14.31540642
	-14.71335936	-17.05935905	-11.59412575	-9.301998206	-12.09083618
	-8.796457488	-1.915114278	-2.279250544	-3.866847462	-6.752597341
	-0.6028421493	-4.304024067	-6.224951843	-0.3820146686	-0.3056573217
	-7.598632692e-31	-5.284841633e-31	-1.661906387	-1.381302366	-0.8847162286
	-0.7365291943	-3.846669887	-3.292926433	-2.205279415	-2.572842912
	-4.591864418	-7.027696753	-6.164090385	-5.233945916	1.85748098e-29
	0.007980255864	3.325629773e-29	0.00744320605	0.02605432438	0.06850143812
	0.05855334285	0.02909441537	-8.865321091	-11.0683347	-9.911422276
	-7.931245759	0.1112258558	0.166635259	0.1274550423	0.0920566144
	0.1477878827	0.2018306765	0.2362189112	0.1517156875	0.2269436498
	0.2110554973	0.09645792643	0.1335912171	-13.19106299	-15.52746231
	-12.00191127	-14.15642754	0.1556914813	0.1164205482	0.05659403909
	0.03092434484	0.1300760393	0.08512109152	0.1200322709	0.04522151819
	-19.67604374	-18.22417706	-17.62076755	-16.27174768	-21.3291502
	-22.65320955	-19.96046102	-21.28153497	-23.47815139	-23.73809321
	-22.5987323	-22.24580548	-21.81563124	-22.54853892	-23.50885122
	-22.61371985	0.2874672762	0.2243266217	0.4355727962	0.548529111
	0.8619490333	1.110840228	0.7299225776	1.233930871	-21.34618605
	-19.05658946	-19.4684329	-20.74346541	1.549775385	1.489805027
	1.82783528	1.756837329	-17.39659777	-17.17197807	-14.89217353
	-14.84166399	1.307514112	1.707876826	1.843637681	1.970322989
	0.338002753	0.4678216274	1.31863978	-0.8412621377	-12.38092157
	-12.48458394	-9.685040973	-9.900936363	-7.463198837	-4.716200164
	-7.155474128	-2.926439085	-2.605972335	-5.037673485	-1.068001587
	-0.2444110586	-0.1853899336	-3.487473265e-31	-2.576956952e-31	-1.148572379
	-0.9174678757	-0.5886441398	-0.470962424	-2.81738937	-2.333951155
	-1.520304745	-1.829981827	-3.350424651	-5.395073275	-4.597011019
	-3.922501609	1.512622718e-29	0.008281376202	2.688246665e-29	0.008315550802
	-6.058211538	-6.938048686	-8.840344454	-7.707565378	0.03114280291
	0.03244288358	0.08136634393	0.0758973923	0.142965402	0.2318181839
	0.1999825201	0.129469925	-10.71145418	-12.83060196	-11.40188581
	-9.524272471	0.2615139696	0.3121660484	0.408780376	0.3185832087
	0.4602092256	0.5103857048	0.3439903669	0.3453325098	0.4865835764
	0.4616519186	0.2535230172	0.3095926016	-14.77221483	-16.74613161
	-15.11958745	-13.33453445	0.1811711826	0.3795117382	0.2002661511
	0.3377790054	0.2243824005	0.3111529642	0.3926253492	0.3742125488
	-19.79378999	-18.38945575	-18.11234646	-16.81038194	-19.68917576
	-19.19123466	-21.25877837	-20.76532207	-19.47175847	-21.31412895
	-19.90837052	-20.76519503	-19.87154058	-18.38865018	-17.49448728
	-18.78448157	0.6148791947	0.8703881579	0.5618220394	0.9785972309
	1.376958248	1.254436067	1.708159524	1.796562623	-16.71118143
	-14.57537139	-16.03786277	-14.1216969	2.182511415	2.367662143
	2.090650284	2.09797077	-12.40196052	-12.1484731	-9.903409852
	-9.972018057	2.35547823	1.941036491	1.287391194	1.998087229
	0.1956039362	0.01797909875	1.224741323	-1.31197947	-7.645580443
	-5.300017129	-5.476673749	-7.72349097	-3.43130098	-1.533258194
	-3.192653116	-0.1402181155	-0.09854231574	-1.335182937e-31	-1.083473761e-31
	-0.7338321822	-0.5575721746	-0.3573052079	-0.2711230046	-1.936104897
	-1.543480827	-0.9703850193	-1.21309298	-2.294964043	-3.917516435
	-3.231786393	-2.770077745	-5.14824468	-6.709509541	-5.683228015
	-4.377625109	0.008136759751	1.215934098e-29	0.007526558853	2.149189819e-29
	0.03231022066	0.03157337217	0.08383621015	0.08406977471	-8.275263976
	-10.09794046	-8.735621085	-7.181530923	0.1572599617	0.2709802056
	0.2545174869	0.1526789738	0.359869611	0.3935523589	0.5552526091
	0.4844385581	-11.79740753	-13.57807261	-11.94464879	-10.40523804
	0.5848504236	0.6887016579	0.84340543	0.6708815055	0.9164451305
	0.9903741095	0.699186374	0.7061572492	0.9498052931	0.9214494135
	0.5746277261	0.647340859	-16.44920983	-15.09200234	-14.66082489
	-13.48009491	0.5146188662	0.8136058446	0.78330441	0.5165674196
	0.6051760991	0.7725303223	0.8355169061	0.9182239877	-15.72998764
	-16.26577949	-18.05545946	-17.43906059	-18.29514175	-18.03955319
	-16.43092577	-16.64678444	-17.48462673	-15.17879404	-16.42317794
	-16.07935887	-13.50015928	-15.17731987	-14.17798834	-12.73628292
	1.162710834	1.608864817	1.156091323	1.550442093	2.045253305
	2.433183196	2.430624854	1.98216536	-11.75192056	-11.22960696
	-9.711736919	-9.420742478	2.828916298	2.495164355	2.609266807
	2.735748346	-7.705675617	-5.593680718	-5.652916663	-7.606092776
	2.00949115	1.110200294	1.959906533	2.581301313	0.9642981506
	-0.3878780569	-3.792501179	-0.167834515	-1.97705965	-3.623838053
	-1.762545041	-0.06852129785	-0.04255529582	-3.662512827e-32	-3.578228367e-32
	-0.4240085881	-0.3012108626	-0.1913643367	-0.1344458088	-1.233980115
	-0.9387748787	-0.5622183197	-0.7375946819	-2.672259013	-2.12423678
	-1.827006556	-1.460096548	-2.973305844	-3.602385602	-4.818229045
	-3.953332863	1.705077235e-29	0.006908890798	9.6834604e-30	0.005810840536
	-6.062220491	-7.550840241	-6.34693041	-5.124580109	0.02925050123
	0.02661908271	0.07543979057	0.0813009825	0.1511876835	0.2753860334
	0.2777281882	0.1563190373	-8.960893916	-10.47969092	-8.973066257
	-7.713984172	0.4172256132	0.4262541832	0.6375403868	0.6039422294
	0.7846102794	0.8496391111	1.115277036	0.9854998002	-11.78844673
	-13.00500423	-11.28626709	-10.28548366	1.323257044	1.558653631
	1.267040033	1.140446508	1.663256331	1.774236571	1.309025879
	1.317215215	1.244262982	1.700354516	1.720007775	1.163315111
	-13.91404694	-12.74474686	-12.25291531	-14.54691307	1.108121321
	1.144883852	1.573322135	1.570258905	1.286782436	1.788825399
	1.580720479	1.588673814	-13.17809365	-13.09176713	-14.86500765
	-14.81376011	-13.8555275	-12.41333175	-12.98259391	-14.52350254
	-11.83905149	-13.03637177	-11.86525209	-10.88510797	-9.041963506
	-10.60041772	-8.588446657	-9.890203344	2.484253168	2.426572148
	1.969694793	2.065841321	2.867814217	3.035275709	3.191013125
	2.80458201	-7.443611412	-5.653181124	-5.670303703	-7.222508592
	2.992870643	2.603286831	3.096559766	3.282079007	-4.069655598
	-2.204002321	-3.937601242	-2.431691906	-0.8955840661	1.684417031
	0.5180884334	0.7591332549	1.85937451	-0.6230259511	2.56202654
	-0.02554668265	-0.01243202255	-3.578563249e-33	-7.065607601e-33	-0.213420203
	-0.1373453746	-0.08493391522	-0.05261700135	-0.7166153705	-0.5131867004
	-0.2860356518	-0.4009115182	-0.8488084796	-1.69566994	-1.289576076
	-1.110612134	0.003404787142	1.346078395e-29	0.004811756219	7.663490732e-30
	-2.358841185	-3.254386027	-2.575751555	-1.880814403	-4.353629418
	-4.191090101	-5.344558728	-3.441198446	0.0225006101	0.01848732561
	0.05797680412	0.06826134925	-6.455057081	-7.683785882	-6.393270748
	-5.414324638	0.1265521179	0.2454591836	0.2653313324	0.1400044571
	0.4212639507	0.4050133962	0.6390227099	0.6485641853	-8.753563131
	-9.777265834	-7.454401587	-8.255741396	0.8928717747	0.9053607448
	1.256218232	1.201092141	1.594737609	2.0023851	1.793768917
	1.4878716	-10.54773892	-11.11895951	-9.471557296	-9.067851816
	2.31252381	2.656111217	2.20830923	2.02451175	2.285399857
	2.807703182	2.973902768	2.286199959	2.219318164	2.915438483
	2.920018065	2.141468312	-9.873582429	-11.48232731	-9.836720261
	-11.42971346	2.170175869	2.100677119	2.780834145	2.809359981
	2.661572061	2.345540999	3.048708097	2.823442553	-9.857623432
	-11.35757262	-10.99735788	-9.520811536	-9.860145761	-8.755930457
	-10.5425757	-9.278883867	-7.484521205	-9.092441284	-8.255175077
	-8.071565173	-6.949685701	-5.601402214	-5.513225416	-6.623506189
	3.009397783	3.601538382	3.347917396	3.282008881	3.842004346
	3.793568771	3.53251011	3.479927754	-4.189617956	-2.672228479
	-4.289317498	-2.91401519	3.606140293	2.436725025	3.130242853
	3.078279593	-0.1190343299	-1.190223728	-1.513371657	0.2169677785
	1.455713893	2.24671202	1.153838864	6.041759297e-30	0.0008792085854
	1.059682641e-29	0.002219857418	5.187777461e-36	7.425149144e-34	-0.005349357509
	-0.001236239609	-0.08716958395	-0.04742233948	-0.01312983559	-0.02727444105
	-0.1199187619	-0.3680214678	-0.2417320337	-0.1860819139	-0.6090168809
	-0.9856983154	-0.708330477	-0.4382306213	-1.554267294	-1.428676317
	-2.049474269	-1.091710086	0.01337707813	0.008916429079	0.0352389231
	0.04770348751	-2.715752919	-3.561799523	-2.800826604	-2.156189913
	-4.39143387	-5.334910945	-4.303332296	-3.579548111	0.0890354002
	0.1892313402	0.2216173195	0.1076790114	-5.116603642	-6.164974114
	-6.979826766	-5.726962845	0.374088995	0.3378195328	0.5653532212
	0.6126657515	0.8891978174	0.8509542022	1.242143465	1.26867119
	-7.592138534	-8.061491583	-6.674069892	-6.368623055	1.671150267
	2.210686122	2.134161806	1.660219157	2.71913678	3.310412574
	3.008387694	2.564066521	-8.315471711	-8.391079718	-6.964329558
	-7.000257578	3.340853904	4.235398826	3.754688645	3.602385715
	3.723562424	4.453893197	4.694440269	3.746922713	4.681919301
	3.619123163	3.690560741	4.644225336	-8.338017244	-6.811716611
	-7.020601435	-8.167501114	4.525394766	4.557366485	3.646722084
	3.58496791	4.651133371	3.997124989	4.514081843	3.786908689
	-6.768725626	-7.676215478	-6.556045997	-7.965160725	-6.157227092
	-7.3469773	-6.854000052	-6.451284216	-6.236871952	-5.376889649
	-5.798400117	-5.184131606	-4.388114522	-4.362927283	-3.357039765
	-3.146605033	4.758941896	4.702273791	4.229964312	4.171475202
	4.257644643	3.652851414	4.083807942	4.604649408	-2.177887174
	-0.4962759662	-0.8890104664	-1.84789709	3.625566123	2.955122784
	1.653024573	0.8068241599	0.4125168081	1.975104116	2.748319663
	8.774222602e-30	2.193265939e-30	-0.0001792189907	2.661966413e-30	0.0001288572908
	-5.106598647e-32	0.001271076107	0.004267426367	0.01316302829	0.02437386718
	-0.004240480022	-0.02434135912	-0.008882476014	-0.0009482161108	-0.1573939293
	-0.08904662027	-0.06678858756	-0.03519929346	-0.2891377961	-0.51047914
	-0.1892585939	-0.3378230079	-1.185856392	-0.850959404	-0.7842314742
	-0.565363807	-1.242153329	-1.631082255	-2.216390274	-1.671146686
	0.06675026183	0.04740861717	0.1198926295	0.1573674143	-2.80323533
	-3.490376296	-2.719121963	-2.210683126	-4.102809866	-4.719123101
	-3.754670811	-3.310392295	0.2891190093	0.241734109	0.438223748
	0.5104715457	-5.180517994	-5.539998136	-4.45389379	-4.235371724
	0.7842083235	0.7083236168	1.091696958	1.185846855	1.554267121
	2.156186672	2.216396975	1.631069868	-4.694423535	-5.7231382
	-5.777797907	-4.644263329	3.490409948	2.800835441	3.579559872
	2.803241085	4.102839044	4.303350215	4.719182545	5.116629656
	-4.681919974	-5.734786577	-5.646850425	-4.525441229	5.180571011
	6.36864863	5.726980224	5.540056121	6.67406443	5.77782091
	5.723207216	7.000265425	7.020597397	5.646840071	6.964291741
	5.734872367	-5.574416859	-5.532415218	-4.514079025	-4.557366668
	6.811682601	5.532403187	6.768737379	5.574525129	6.556060679
	6.451329246	5.452535145	5.513984576	-5.513861143	-4.65110208
	-5.452530303	-4.702212187	-5.293261102	-4.92948528	-4.758885181
	-4.604591299	-4.359261316	-4.257596344	-3.625551916	-3.518589371
	-2.748284559	-2.488439229	-1.28060843	-1.653024939	6.157271474
	4.929478134	5.798457068	5.293399465	4.388160745	4.359422927
	3.518543622	5.184154544	9.481188344e-05	1.280545237	3.357039934
	-0.4124777339	2.177923663	0.8890351024	2.488604742	1.112526274e-29
	4.976050662e-30	-0.002311545073	3.513164945e-35	0.005379665646	-6.013315575e-32
	0.02724465069	0.01242128631	0.05258622772	0.087140258	-0.04767301711
	-0.01846368212	-0.003456349046	-0.0133401246	-0.2216351699	-0.1265644476
	-0.1077135665	-0.05795181775	-0.6126707333	-0.2454791862	-0.4050213078
	-0.3741107843	-1.268665227	-0.9053626262	-0.8892174881	-0.6390359787
	-1.660222871	-2.134132879	-1.594729523	-1.256218678	0.1860779572
	0.1373511568	0.2860322341	0.3680131408	-2.564046504	-3.008327757
	-2.002372845	-2.31250733	-3.340813312	-3.602318918	-2.807698213
	-2.65608536	0.6089980897	0.5131802579	0.8487941351	0.9856823034
	-3.723512888	-3.746891775	-2.973883246	-2.915467021	1.4286664
	1.289574378	1.880808005	2.049468442	2.575755235	3.441202472
	3.561811353	2.715752815	-2.780882601	-2.920014643	-3.619150141
	-3.690508609	4.353641714	5.414344626	5.334948869	4.391451302
	6.16501418	6.979881423	7.45442981	6.393289636	-2.809367176
	-3.584899682	-3.646779812	-2.823451831	7.592202081	8.061535063
	8.255756774	9.067869235	9.873583159	8.391102124	8.315553233
	9.471550105	8.167519554	9.857624602	8.338120255	9.836690659
	-3.786830196	-3.281945465	-3.997154588	-3.048699635	9.520797426
	9.278906152	7.676239037	7.965297414	8.755950322	8.255219671
	6.854011058	7.347146081	-3.60149825	-4.171401723	-3.793472936
	-4.229958559	-3.841963053	-4.083719303	-3.606091411	-3.65287646
	-2.954997149	-3.078255489	-2.246711401	-1.975172959	0.4962146851
	-0.80667405	0.1190499157	-1.153811036	7.484540159	5.376871224
	6.623554834	6.237057516	2.914031016	3.146559243	5.513227539
	4.289352389	4.363105476	1.513404598	1.848071662	6.295473844e-30
	-0.004863126145	1.405463698e-29	7.044115183e-33	0.02552410524	-4.413101078e-32
	0.08493939506	0.04255432143	0.1344358529	0.2134133382	-0.06825479015
	-0.02662668249	-0.005831206273	-0.02247375488	-0.2653368105	-0.1511973045
	-0.140026203	-0.07543677792	-0.6485625499	-0.2753920506	-0.4262640432
	-0.4212824182	-1.20106382	-0.8496352663	-0.892876541	-0.6375498897
	-1.487859318	-1.793715769	-1.323245937	-1.115263245	0.4009059699
	0.3012120195	0.5622054391	0.7165989865	-2.02447977	-2.208238467
	-1.6632455	-1.558634624	-2.285368599	-2.286160187	-1.72002146
	-1.774217627	1.110608004	0.9387744084	1.460088243	1.695660618
	-2.219301838	-2.141494131	-1.700355627	-1.573359086	2.358842712
	2.124238832	2.973304499	3.254386554	3.953340583	5.124592687
	5.344579125	4.191101711	-1.580736182	-1.570274945	-2.10066244
	-2.170260183	7.714009216	7.683826033	6.346944428	6.455083752
	8.753610152	9.777308346	8.973084895	10.28550658	-1.788838516
	-2.345510485	-2.065787875	-2.6616517	11.28627996	10.54780404
	12.25292412	11.11899013	13.1780965	12.74474028	11.42979172
	11.48235788	11.35768293	10.99739774	13.09175433	12.98260374
	-3.009377342	-2.484242839	-3.347924038	-2.86770007	12.41333965
	11.83907544	9.860178049	10.54274105	9.890240109	8.071572621
	10.88512264	9.092641437	-3.190990066	-3.479913942	-3.532510245
	-3.281978427	-3.130217725	-2.56200344	-3.096554899	-2.436779568
	-0.5180898371	-1.455641518	-0.2170375984	-1.684415389	1.190348749
	2.672188951	0.8956088545	2.431718116	7.222542067	5.601384894
	8.588443463	6.949874298	4.189770191	5.65318169	4.069679993
	7.937235776e-30	-0.006932457497	1.77029193e-29	3.577944308e-32	3.178903548e-32
	0.06851345167	0.1913728392	0.09854446329	0.2711090666	0.4239958462
	-0.08131641626	-0.03160191356	-0.007523855118	-0.02924540572	-0.277717837
	-0.1572650183	-0.1563236715	-0.08385156562	-0.6039295651	-0.3935588968
	-0.270967902	-0.4172345479	-0.9854483212	-0.6886904007	-0.7845968669
	-0.5552552204	-1.140425272	-1.266976006	-0.9164322053	-0.8433830732
	0.5575785745	0.9703762496	1.233970828	0.7375992297	-1.317196889
	-1.30897617	-0.9903663935	-0.9498013109	-1.244275929	-1.163328149
	-0.8136222726	-0.9214605462	1.827010646	1.543484279	2.294959339
	2.672255376	-1.108157206	-1.144965405	-0.7725402211	-0.7833393086
	3.231792765	4.377631568	4.81823923	3.602395643	5.683237775
	7.550867309	7.181550086	6.062238127	-1.15605206	-0.9182599526
	-1.286807707	-1.588784234	8.735635892	10.40526128	10.47972555
	8.960924723	11.78849281	11.94466615	13.00503221	13.48010923
	-1.969709269	-1.982057668	-1.55045971	-2.426620307	14.54693939
	13.91410061	15.72999574	14.660834	16.26577977	14.86507728
	14.81379741	16.6467949	14.5236261	16.43093748	16.07937259
	13.85556756	-2.804636748	-3.035235057	-2.735612623	-2.433187211
	15.17881695	14.17800952	11.86527819	13.03655676	12.73628603
	9.041973605	11.2296334	10.60060932	-2.992951159	-2.60328872
	-2.581232415	-2.828931481	-1.859409648	-0.9643063035	-0.7592105617
	-1.959933466	1.97706272	2.203961639	0.3878731724	0.6230551063
	5.652927025	3.937697638	7.443756257	5.670299496	7.606114652
	9.420728892	3.792518826	2.225481744e-29	-0.008130487355	9.981046682e-30
	1.083466194e-31	2.212025588e-31	0.140208989	0.3573183732	0.4709515312
	0.733823213	0.1853956811	-0.08410093222	-0.03247821193	-0.008246940633
	-0.03232000859	-0.2544859496	-0.1429611817	-0.0814062901	-0.1526700056
	-0.4844111766	-0.3121622122	-0.2317934214	-0.3598711235	-0.6708150351
	-0.4601866926	-0.5848318258	-0.4087877391	-0.7061570829	-0.6991347087
	-0.4865652335	-0.5103823026	0.9174762139	1.520298406	1.936099527
	1.21310162	-0.6473746432	-0.5746193724	-0.3795027591	-0.4616866646
	-0.5146939523	-0.5166260114	-0.3111462651	-0.3378382991	2.770087209
	2.333958467	3.350426326	3.917520758	-0.6052540864	-0.8356235741
	-0.5617896127	-0.3926912876	4.597019065	6.058224687	6.709527218
	5.14825739	10.09796684	9.524292644	8.275283074	7.707575912
	-1.254352178	-0.8704310206	-1.16275929	-1.608950475	13.33455066
	11.40190049	13.57809613	11.79743717	15.09203841	15.11960135
	16.81039294	16.44923003	-2.045314042	-2.430599797	-2.097836005
	-1.70818234	18.0554862	19.19124847	17.43910059	18.11235528
	18.29521264	19.68919203	19.90838644	18.03958521	19.47179218
	17.48475904	18.78449845	16.42320571	-2.609393611	-2.495098768
	-2.367693479	-2.355365222	13.50018255	17.49451438	16.03788361
	15.17748498	12.14849423	11.7520566	14.12169372	9.711762895
	-1.22474019	-1.998135443	-1.11023987	-2.009623038	1.762483914
	0.1677794557	1.533223607	-0.01800892493	9.903402265	3.431300284
	5.593684691	5.476670117	3.623863191	7.705761623	7.723504375
	2.795400011e-29	-0.008267190782	1.253233962e-29	2.577036588e-31	0.2444039232
	6.009818161e-31	0.5886569993	0.7365207486	1.148565485	0.3056638007
	-0.07593323046	-0.02911870491	-0.007907148349	-0.03117134919	-0.1999226319
	-0.1112008801	-0.06857866631	-0.1294609602	-0.3185384008	-0.1666272603
	-0.2018038498	-0.2615294465	-0.3439231778	-0.2269023131	-0.3453462701
	-0.2362668165	-0.3096543522	-0.253496789	-0.1556581807	-0.2111129583
	1.381312252	2.205277697	2.817389617	1.829993053	-0.2003695402
	-0.1811956147	-0.1165156878	-0.08509091174	-0.224501959	-0.374290474
	-0.2242895753	-0.1201311788	3.922511829	3.292934506	4.591871898
	5.39508397	-0.6149647394	-0.9786918288	-0.4356440363	-0.7298629103
	8.840363798	6.164098397	7.931261412	6.938060844	9.91143266
	12.8306209	10.71147192	12.00192664	-1.489701727	-1.110872452
	-1.377010184	-1.796579051	16.27175934	14.15644007	16.74614758
	14.77223811	18.3894808	19.96047517	19.79380958	18.22418874
	-2.090750597	-2.182415016	-1.970199257	-1.827865861	22.24582468
	20.76535849	21.28155113	21.25880177	22.59876454	21.3142012
	20.76521573	22.54856129	20.74349074	19.87164666	21.81567384
	18.38866947	-1.941194869	-1.31860479	-1.843691681	-1.287349576
	16.71128115	17.17200237	14.57540199	19.05661783	14.84167178
	12.48459968	12.40203684	9.97205345	1.067927787	-0.3380491431
	-0.1957184987	1.311923517	2.926428724	3.192644572	5.300003277
	7.463202938	9.900933724	5.037629717	7.645634163	3.510708552e-29
	1.572837869e-29	-0.007340082155	5.284988985e-31	0.3820089227	1.269946339e-30
	0.8847281149	1.661903315	0.4586572252	1.063035295	-0.05857251307
	-0.02227579513	-0.006616953841	-0.0261146959	-0.1273599039	-0.06976217217
	-0.04840631387	-0.09208172699	-0.1516526814	-0.09244893597	-0.09240677054
	-0.1478635191	-0.09640011406	-0.05324741766	-0.1336850969	-0.0858808898
	-0.05673271558	-0.03091606898	0.003811836876	-0.02400136205	1.936451536
	2.999538419	3.846675046	2.572853143	-0.0453713133	-0.130114566
	-0.06085630293	-0.004772017542	-0.2875853919	-0.5486058198	-0.3921762562
	-0.1905982414	5.233954519	4.376674223	5.951835083	7.027710011
	-0.862004007	-1.233980693	-0.9864793527	-0.6740055361	9.867696997
	7.836888397	11.0683496	8.865331275	14.40852673	12.12801557
	15.52747503	13.19107683	-1.309623063	-1.520830792	-1.549821106
	-1.756764308	18.92541527	16.74898804	19.67605904	17.62078409
	21.32917158	20.92141614	22.56032239	22.65322947	-1.707991062
	-1.307396026	-1.263493429	-1.556639321	23.73811275	23.47818689
	23.76576584	24.4839931	24.18533577	23.50890126	24.5837439
	22.61373499	19.46845027	23.11275977	21.65510238	21.34623244
	-0.4679462185	0.6027737379	0.841260307	-0.5570235166	17.36344422
	14.89220429	17.3966403	19.60525717	12.09084688	14.71339094
	9.685061818	12.38099074	2.279234353	4.716168907	4.303923637
	2.60594409	9.301984237	7.155541697	6.752603672	4.405202567e-29
	-0.005561678495	1.973364698e-29	9.744686121e-31	0.5502843121	2.338516298e-30
	1.236890098	0.6397078819	1.43727906	2.253726976	-0.03625828562
	-0.01360301252	-0.004706623048	-0.01839051076	-0.05630517106	-0.02965312183
	-0.02610382194	-0.05024667449	-0.02920050264	-0.01329621205	-0.02947852287
	-0.05022155437	0.01916352731	0.02511618992	-0.004104357134	0.004557114729
	0.0189989378	-0.02221558805	0.00240516066	0.02804738522	2.556047085
	3.857901427	4.966589334	3.406571909	-0.115298227	-0.2844026466
	-0.06946681563	-0.1949778374	-0.5050775255	-0.792738482	-0.6125492864
	-0.3835712219	6.621892669	5.515870243	7.333184326	8.700648036
	-1.069295178	-1.308453691	-0.8754537649	-1.088787061	9.484317071
	11.70147151	13.20509068	10.78109498	17.9169136	16.49863875
	14.14972097	15.48465945	-1.208315266	-1.378347727	-1.092029396
	-1.192016438	20.97547611	18.89038746	22.01883504	20.02889649
	23.53106493	22.85814768	24.24845012	24.6366031	-0.6236619663
	0.2083187449	0.4012212643	-0.6508868726	25.18388584	25.56167372
	25.19723018	25.12291792	25.32462179	23.28797601	24.53701987
	24.54527554	21.65197694	21.33451212	23.12967421	19.45037136
	3.866826597	3.364658495	1.582253672	1.915065888	18.99612271
	16.51205461	17.05940605	14.315421	11.59422701	13.67873609
	8.133755813	10.95173208	6.225014124	5.653594935	8.796454442
	5.506022722e-29	2.470930178e-29	-0.00335215805	1.649952122e-30	0.7422758659
	3.904695216e-30	1.627795998	0.8397952981	1.837473524	2.889933377
	-0.01484835712	-0.005333049426	-0.002656611107	-0.00998047171	-0.005543332053
	-0.001321524108	-0.01517329562	-0.007560921315	0.02442471308	0.02026382578
	0.007149762931	0.007436522099	0.01311544941	0.01724253084	0.02908903087
	0.02599642369	-0.03652732578	-0.1363119212	-0.08934239246	-0.01826396575
	4.717951504	6.096324593	4.277136436	3.199641122	-0.2778662454
	-0.4782028543	-0.3571714401	-0.2047859988	-0.6896181052	-0.9056440804
	-0.7254847165	-0.5474684571	7.976370952	6.619665538	8.61550909
	10.26911423	-0.9838719303	-1.024562546	-0.8571535441	-0.8655539945
	13.24255411	10.94949054	15.0307549	12.50408787	19.70812053
	15.74719455	18.01579099	17.33381619	-0.6512920076	-0.05566741409
	-0.624982154	0.0648939043	20.29442794	23.44458903	22.12986012
	21.6775045	24.66303385	25.43244619	23.73814053	24.75425818
	2.891157705	2.393374865	0.9621937994	1.241840649	25.59955446
	25.17461196	25.33271824	25.28665363	22.64502677	23.54232135
	24.20652368	24.6767983	21.83210397	18.28525706	20.69549634
	19.80058985	6.590130361	4.992143554	7.417696266	4.358879746
	15.6994765	9.24182557	12.88387171	14.72780925	10.12500322
	17.29643307	11.88643926	-0.001254899673	6.816417919e-29	3.074372811e-29
	2.593870783e-30	0.9467409477	6.014985457e-30	2.031767173	1.0457334
	2.234289257	3.52403916	0.0001469872097	0.0004373904071	-0.0009475215381
	-0.003027821083	0.01539072299	0.01002998163	0.004958738626	0.003001639165
	0.0166915777	0.01456856539	0.01380430497	0.02002828818	-0.0599031055
	-0.03714965986	-0.006663929486	-0.001188015335	-0.1429378406	-0.2704388994
	-0.1944175484	-0.1016260784	7.136952997	5.114749763	3.815484678
	5.50412865	-0.4158322922	-0.5838126707	-0.319414502	-0.4499831346
	-0.7038415705	-0.7396943391	-0.6145476112	-0.5734692829	7.582014733
	9.664709816	11.5697636	9.167688851	-0.5763976962	-0.1810159978
	-0.1306536726	-0.5185999756	12.06437882	16.31992795	14.29958816
	13.83758244	16.70362897	18.73982285	20.64352477	18.48922426
	1.552062033	0.5028549955	1.967889823	0.6988669669	20.74067157
	22.1967183	22.31076942	23.7208187	24.89314838	23.9772689
	23.40315936	24.5272431	5.796404262	4.950322113	3.099066191
	3.685480826	24.63573798	24.13108349	23.68788431	23.86314807
	22.73587672	20.77200878	22.55197427	21.33547336	16.15594218
	19.43633459	18.62239339	17.31297403	10.83833925	8.230879452
	7.265565956	9.654368737	14.80145256	13.54184203	12.32146855
	8.29704689e-29	0.0002210031738	3.775415284e-29	3.806846451e-30	1.148661348
	8.614984328e-30	2.416253329	1.240915563	2.592750339	4.100217236
	0.006005463815	0.00265238619	9.431513364e-05	0.0009748031326	0.01042585079
	0.006781731656	0.008801783045	0.004949037065	-0.02354430032	0.001958212219
	-0.01345562566	0.001338078127	-0.1418375233	-0.09700449613	-0.06759211488
	-0.04564158105	-0.2328122656	-0.3496544764	-0.2581688347	-0.1718138706
	5.838713114	4.344154354	6.13378183	7.979340219	-0.4470416063
	-0.5090080055	-0.4036917671	-0.3506767693	-0.4475417987	-0.2010112877
	-0.2028711652	-0.3813890295	8.291756976	12.44036181	10.34936545
	10.05864622	1.224582353	0.2166739795	0.9231014268	0.3322832095
	12.67575171	14.71675618	16.88408127	14.59930887	16.86512
	20.5648353	18.54544162	18.76707111	2.514720826	4.207336269
	3.461381762	2.04299256	20.14102399	22.78500215	21.14855312
	21.81000586	22.03532072	23.12952061	21.89356958	23.09483183
	7.345306089	8.53212842	6.238652884	5.335329191	21.78911663
	22.44679952	21.03298889	21.40559248	19.85754758	19.83517098
	17.99165302	18.30184063	9.687875666	15.79535027	10.9621891
	16.35402355	13.43197902	11.92956112	14.29134854	9.85949809e-29
	4.541276982e-29	0.0007961704925	5.226007191e-30	1.330218853	1.150297209e-29
	2.744103721	1.406473216	2.875050722	4.557791034	0.00405383094
	0.001815413724	0.0003901812294	0.00180005357	-0.007772168591	-0.003798206482
	0.001585191422	0.001074515931	-0.06713000182	-0.0425315406	-0.01740162135
	-0.02815788659	-0.1924534846	-0.1345853631	-0.1186973532	-0.08279605757
	-0.2609316251	-0.3207792679	-0.2421742469	-0.1957873586	6.365147309
	4.724268408	6.527497875	8.51760517	-0.3102829192	-0.1908890692
	-0.2514271421	-0.1690153578	0.506758916	0.06712286395	0.1239590219
	0.7012691612	8.650251835	10.56705428	12.75163666	10.52602408
	2.264805908	2.850358593	1.257070552	1.596377002	14.41793712
	12.68267456	16.62331263	14.66501726	16.19136138	17.44977408
	19.46923562	18.10726824	4.424454479	3.673491439	5.250733123
	6.302064577	19.1493896	20.78233077	18.58189008	20.24439772
	20.7001467	19.45728165	20.33742959	19.24867445	9.078821705
	8.348657984	10.53379535	7.176521208	17.75330386	19.40374757
	18.69639688	18.21331759	16.43864954	14.7544896	16.57109299
	14.90761281	12.66305711	11.16771212	13.04549075	0.0005696237944
	1.138259529e-28	5.317243382e-29	6.706680251e-30	1.472244631	1.431056788e-29
	2.977161343	1.523111268	3.045381828	4.838897304	-0.00175972909
	-0.0005190403975	0.000129170471	0.0004389233556	-0.02692920347	-0.01478755161
	-0.009293849077	-0.00470456018	-0.09480291685	-0.06118948536	-0.03345866379
	-0.05271508992	-0.1836805371	-0.1307066958	-0.1374264128	-0.09709413689
	-0.1929452102	-0.1450405987	-0.1174727007	-0.1482260741	6.620487929
	4.902472852	6.625537235	8.67063499	0.257616766	0.004138009629
	0.02602669875	0.3715183711	0.7253605592	0.9485929168	1.811248748
	1.392342543	8.596673621	12.44496097	10.27504177	10.49152887
	4.380255297	3.535885229	2.379255695	2.947248402	13.43956867
	12.07241998	15.56664144	14.01118069	14.7824842	15.62407019
	17.52840705	16.60702365	6.536169867	5.996199694	5.018585979
	7.809794459	17.86931589	16.51951242	18.03878249	16.315437
	16.04194353	17.63408569	16.4817819	17.05564087	9.888603733
	11.4884782	9.619424192	8.276880816	15.97173075	14.75137879
	14.29848575	15.30590919	13.14916185	12.98622577	11.56267332
	6.040356096e-29	-6.038213027e-05	1.274317436e-28	8.025794042e-30	1.556696124
	1.654478216e-29	3.082559201	1.574312636	3.077550514	4.900562211
	-0.007726798958	-0.002888999592	-0.0003452164045	-0.001666133626	-0.03931267592
	-0.02194937547	-0.01828546058	-0.009465944206	-0.09333052022	-0.04005046182
	-0.06109451092	-0.06253260245	-0.09372935207	-0.07000114902	-0.1063600288
	-0.07642865974	-0.008850604107	0.1821699642	0.1208249234	-0.01364979995
	6.560733073	4.847654494	6.40661238	8.407032729	0.8044643692
	0.5289580393	1.082306335	0.3923801949	2.24509718	1.45075589
	1.848254221	2.870421479	11.55928992	9.511313433	8.131166431
	9.950721251	4.067385425	5.480748918	4.454050723	3.31532385
	13.87863828	10.93623328	11.93320047	12.73547027	15.04889284
	12.86220914	13.35228803	14.50671413	7.127747873	6.932651747
	5.820843798	8.506408574	15.05377828	13.63561971	13.68672591
	14.95999629	14.36016836	13.36687767	13.67519077	12.80711325
	9.795939057	11.99591763	11.01610649	8.548836054	9.94172108
	12.56178381	11.40326678	6.65473006e-29	-0.0006958176984	1.384022899e-28
	8.924162553e-30	1.570470987	1.771472882e-29	1.550883266	3.041597647
	2.96354425	4.728546281	-0.01164426078	-0.00446141334	-0.0007326080425
	-0.003399963507	-0.03969146645	-0.02245050613	-0.02202701483	-0.01146761481
	-0.03234256069	-0.03515238125	-0.04995198036	-0.05180728172	-0.0127070058
	0.08195417308	0.05140878818	-0.01430720961	0.1971734576	0.2755843761
	0.6065780522	0.4339209239	6.188788582	4.563517549	5.899836971
	7.761582907	1.340587997	1.089682664	1.772486837	0.8294278812
	2.604774636	3.639702805	2.065292835	2.869099261	7.323238897
	8.392951474	8.984476705	10.23119898	4.738656983	5.988323427
	3.879816926	4.880744251	9.451489315	10.12709973	11.81851025
	11.03864339	12.11957854	12.37654373	10.94288181	10.71207199
	7.052749446	7.162807357	8.41867209	6.020054041	11.02304049
	10.81519005	12.1606549	11.90346815	10.41370777	11.21665548
	10.50755642	9.009586678	9.815015194	9.453077254	8.119449377
	7.119246077e-29	1.460371134e-28	-0.001117544333	9.188198331e-30	1.509811613
	1.751383253e-29	2.857553456	1.454856113	2.718649882	4.345880551
	-0.01205996106	-0.004710297025	-0.0008627901112	-0.004102752713	-0.009367134583
	-0.01789956064	-0.02347390457	-0.01369970949	0.03290883916	0.01896027647
	-0.006876463971	-0.00966079858	0.08975078136	0.2144439002	0.3152111404
	0.1319872147	0.5992387166	1.026072468	0.7461966538	0.4391245963
	5.560112804	4.092330491	5.182156784	6.832830953	1.739141061
	1.569015724	2.281196565	1.205857123	3.065118767	4.000727966
	3.165885062	2.442439853	8.659821863	7.742481236	7.085839618
	6.297218549	4.90960334	5.927537957	4.027809442	4.835858244
	7.829313642	8.256044307	9.16530184	9.659913809	8.638390504
	9.792742256	9.732578655	8.583366962	5.713657599	6.799044821
	6.473663688	7.733688068	8.256372294	8.550670811	9.450623894
	9.104310079	8.408088951	7.79458045	7.213392692	-0.001206494463
	7.40830045e-29	1.499340794e-28	8.740166249e-30	1.382905467	1.596628189e-29
	2.557756403	1.300451299	2.379745451	3.810489029	-0.00330542433
	-0.007582959273	-0.003093961658	-0.0006469416192	-0.002154775446	0.01100649555
	0.005356818632	-0.003990431528	0.05586197657	0.1477041975	0.0930217042
	0.0349135678	0.5495407424	0.3795192634	0.3014607828	0.2093038679
	0.6507902016	0.8804547958	1.340247473	0.9820115527	3.505761886
	5.757388256	4.358237299	4.770848394	1.8663075	2.526278999
	1.934068733	1.441396676	3.190524861	3.968732923	3.145892351
	2.548753626	5.754198023	6.399009445	5.195557195	7.045910439
	4.661074407	5.438345154	3.825845559	4.435714413	7.328316411
	7.612313035	6.495139155	6.250011951	6.637922781	6.576711322
	7.465354994	7.536441011	5.067394562	5.588592596	6.03453737
	7.063685388	6.053735287	6.384319103	6.683244107	1.499115606e-28
	7.508948275e-29	-0.0008292291773	7.682892638e-30	1.208853246	1.343785159e-29
	2.187586118	1.110933797	1.995613202	3.199954924	0.002423627195
	0.0006829330895	-1.83557772e-05	-0.0006574346286	0.009856774444	0.05857944458
	0.03191362963	0.0189992814	0.264627455	0.1689446622	0.1329155416
	0.08434400862	0.3153415664	0.7276754669	0.4509013258	0.505914295
	1.058272389	1.49592482	1.100554112	0.7857161178	2.883775706
	3.528933427	4.668563147	3.929466981	1.95354732	2.514576804
	1.929153416	1.512781946	3.03319672	3.640110639	2.885782163
	2.425282383	5.100166245	4.51570554	4.136059983	5.536157594
	4.130880261	4.690330758	3.388502824	3.821378511	5.789999161
	4.935849528	5.660371609	4.823119647	5.468899027	4.947869478
	4.813768312	4.568331525	5.621544655	4.243410839	5.05901171
	0.000113421706	1.459127024e-28	7.415428568e-29	6.262679818e-30	1.012596142
	1.048612827e-29	0.9117824285	1.797121985	1.6123626	2.588236477
	0.01651213042	0.006097791674	0.00102615629	0.003757053089	0.02423693667
	0.1075671987	0.05940604982	0.04636253471	0.3546317289	0.227717747
	0.2017390807	0.1287034453	0.8182742332	0.571008238	0.5470907065
	0.3840693183	1.114187839	1.494979437	1.102327589	0.8293317755
	3.66040923	2.290968668	2.764376276	3.124463811	1.861341697
	2.307213883	1.770914419	1.443090692	2.684781033	3.132420891
	2.479985771	2.145565949	3.427367441	3.932387442	4.20442078
	3.187005197	2.828682826	3.829289857	3.114425937	3.45407585
	4.235301132	3.591267359	3.608361308	4.216524514	4.01873044
	3.534524053	3.36638112	1.380330187e-28	0.001510621029	7.12622834e-29
	4.765743159e-30	7.635632984e-30	0.8174821686	1.426416045	0.7232340889
	1.261343222	2.026151753	0.03115559306	0.0117695354	0.002314175358
	0.009088113617	0.03728691163	0.1456181041	0.0808350851	0.07107902132
	0.4014277293	0.2585807329	0.2467457828	0.1578743436	0.407533658
	0.8211692097	0.5791984411	0.5742805571	1.06457524	1.373089031
	1.013278607	0.7934584141	2.096390075	1.763411194	2.777050409
	2.406053348	1.646029715	1.980269127	1.275811253	1.517927909
	2.011360435	2.547646305	1.783477906	2.236474645	2.926895513
	2.503592517	3.072395064	2.371497193	2.562076748	2.234060199
	2.40128417	2.734764623	3.009827721	2.958711573	2.517832073
	1.267168097e-28	6.650893498e-29	0.002994543052	3.412978866e-30	5.217084723e-30
	0.6392269824	1.097460944	0.9560169859	1.536141227	0.556268226
	0.04257963533	0.01619905463	0.003518897373	0.01398114737	0.1657264894
	0.09223018265	0.08747772215	0.04598942723	0.4044436389	0.1682950763
	0.2610345164	0.262547976	0.5288743727	0.5551394387	0.7554316498
	0.3911375355	0.9412131909	1.175611333	0.8666805826	0.7015685696
	2.028054944	1.311714627	1.530607555	1.789988292	1.055462334
	1.222933222	1.364833804	1.601296392	1.398108911	1.540145199
	1.760095184	1.958813387	2.141836653	1.73447751	1.662185627
	2.086947924	2.040923386	1.69027436	1.743577657	1.128981994e-28
	0.004147512627	6.021828126e-29	2.313801252e-30	0.484427049	3.34440643e-30
	0.8162600606	0.6978091629	1.121414453	0.4137093565	0.04866473652
	0.01855550132	0.004340449046	0.01729314713	0.167534922	0.09338095286
	0.09349272074	0.04922889697	0.3728210485	0.2409106357	0.2524646303
	0.162032946	0.4911172074	0.6456691183	0.3461765942	0.451827304
	0.5779379798	0.9438391908	0.7768603871	0.6931108017	0.934332744
	1.411302785	1.064269784	1.275326435	0.9260558194	1.220351957
	1.064476962	0.8190341247	1.303467951	1.140536523	1.14480127
	1.410356731	1.029645791	1.410274207	1.103394775	0.004743777529
	5.295498255e-29	9.785084141e-29	1.48487358e-30	0.3535790176	1.98981942e-30
	0.5812857512	0.7792722374	0.2945727959	0.4845953797	0.004652824559
	0.04931640184	0.01881661959	0.01857373763	0.1547600108	0.08635458367
	0.09020064493	0.04755515057	0.2057877481	0.2236733524	0.1436449584
	0.3184353914	0.3589105132	0.5146217969	0.4039222216	0.2843429414
	0.4433694747	0.5992394386	0.7099877655	0.5171062108	0.6951768459
	0.6286706779	0.9243484448	0.8591768776	0.8688665184	0.653399613
	0.7777907295	0.593401806	0.7006654395	0.893032673	0.7193203931
	8.283276711e-29	4.537921407e-29	0.004789723297	8.953861076e-31	0.2454351694
	1.069188023e-30	0.3906030535	0.1977487928	0.3150775517	0.5078846053
	0.0456373922	0.01741924252	0.004498257523	0.01800112994	0.08008645166
	0.04226238062	0.1322146568	0.07380788286	0.1626388951	0.1178311947
	0.2522679242	0.1836015475	0.3080801735	0.3809516615	0.2157937133
	0.2633285445	0.3561967085	0.3141995931	0.4958778187	0.4293592605
	0.5394143375	0.4182746122	0.4201039172	0.3949351144	0.5238786078
	0.5623886924	0.3932021315	6.879616046e-29	3.806294974e-29	0.004412602472
	5.005997235e-31	0.1592764282	4.878400725e-31	0.2432801664	0.1227591421
	0.1880636973	0.3051215976	0.01604548882	0.003996995701	0.03902049542
	0.0148968139	0.104298742	0.05814552648	0.06572016416	0.03468419881
	0.183636463	0.138700645	0.1174237994	0.08865999677	0.2154396164
	0.258661744	0.1490504274	0.175551815	0.2242080443	0.2017628209
	0.2808929911	0.2205197878	0.2305731305	0.3131949289	0.3104233526
	0.003754984968	3.138915217e-29	5.629578743e-29	2.547601879e-31	0.09455421313
	1.5469564e-31	0.1372660698	0.06865867469	0.1002731116	0.165235475
	0.003273816262	0.03071017121	0.01171538027	0.01320024506	0.07478240959
	0.04141916657	0.04931531642	0.02596020521	0.1202680573	0.07530203992
	0.0945132044	0.0596803123	0.1119429955	0.1565224334	0.1028209377
	0.09093905582	0.1133960686	0.1348906188	0.1602256057	2.554892623e-29
	4.554698537e-29	0.002934675931	1.148146961e-31	0.04973004326	-1.181595096e-32
	0.06773147816	0.03313313533	0.04559234724	0.0779273818	0.00243295618
	0.02176094925	0.008264151915	0.009887105981	0.03281585189	0.0470353886
	0.0170940874	0.02550646395	0.06799030865	0.0558050404	0.03411528391
	0.04856513087	0.04601814318	0.07171615261	0.04055792393	0.002047472702
	2.05891209e-29	3.653538817e-29	4.351748517e-32	-7.788274966e-32	0.02183474554
	0.02733075412	0.01257396302	0.01602658441	0.03006695544	0.001565867766
	0.01315306072	0.004905386793	0.006475933379	0.02408297064	0.009078555611
	0.01222980072	0.01807687882	0.02621763434	0.01470715384	0.01606948826
	2.911739592e-29	0.001183707604	1.646737799e-29	1.215673605e-32	-9.102343446e-32
	0.006904655352	0.007650363375	0.00322406847	0.008269884219	0.002774327946
	0.005897714958	0.0007660579159	0.003336091429	0.003246796771	0.002030505941
	0.006878895278	0.002965474905	1.309567077e-29	2.309199468e-29	0.0004404425071
	1.236205771e-33	-8.12181546e-32	0.000723402695	0.0001297264789	1.437377858e-29
	-0.0001167926863	1.824513174e-29	0.000654206378	-0.0003600524137	0.001044062839
	-0.0002408894578	-5.759659437e-05	8.182690118e-30	0.0008971004112	0.0001070347011
	1.036910171e-29	3.606073098e-30	-9.764955754e-05	-5.031401203e-32	-8.8022725e-34
	-0.0003764566329	-0.0005613220193	-0.0003174354766	-3.450871042e-34	-6.505109573e-32
	
