4225	
	8.344902976e-30	3.974607763e-34	0.0007667318758	2.760001197e-33	3.338132207e-29
	0.0001424288038	1.758952788e-33	4.235206291e-29	1.893701254e-29	-0.0001510423057
	-0.001157134137	-0.006514670355	-2.13696696e-32	-1.149857949e-33	-0.001509416798
	-0.006101801809	-0.007420602285	-0.0009772590665	5.353299479e-29	2.397783034e-29
	-0.00251667873	-2.811369304e-32	-1.255583561e-31	-0.019120699	-0.0378730608
	-0.01962064815	-0.04290996356	-0.01991440713	-0.04603061054	-0.01218993612
	-0.004776212127	-0.01992158329	-0.03413794489	3.023517158e-29	6.737128147e-29
	-0.006715066974	-0.06989302243	-0.1097604932	-4.032602575e-31	-1.156025506e-31
	-0.08348692803	-0.1461973128	-0.08749545084	-0.1489506534	-0.06947047317
	-0.05362557128	-0.1331520266	-0.1045214976	-0.009105663437	8.438067039e-29
	-0.07271803126	-0.01101175965	-0.02767750437	3.794629131e-29	-0.03651880329
	-0.1690434018	-0.2366527945	-9.956909332e-31	-3.215595253e-31	-0.2491804078
	-0.3720166368	-0.2235496859	-0.3387389027	-0.3089415661	-0.3553161898
	-0.2186633102	-0.1932405356	1.051555672e-28	-0.01347758104	4.738240663e-29
	-0.01515505077	-0.0534507672	-0.1807364118	-0.1393828302	-0.09549976428
	-0.2525171776	-0.04453765768	-0.1159353667	-0.3289300093	-0.4284066803
	-2.093119047e-30	-7.291024054e-31	-0.5535489911	-0.7599583019	-0.4695688645
	-0.6492254691	-0.4904595983	-0.7086544774	-0.7654191824	-0.521268121
	-0.0186813575	1.30418488e-28	-0.01745819328	5.886162252e-29	-0.3238848943
	-0.3978870175	-0.5047849686	-0.6224797345	-0.06074157393	-0.1389512987
	-0.2186613955	-0.3894489106	-0.1581934962	-0.06883861504	-0.2610002108
	-1.444733189e-30	-0.5561974438	-0.6890426153	-3.933383564e-30	-1.043373897
	-1.348978824	-0.8424711447	-1.092404753	-1.027155782	-1.387818537
	-1.423190042	-1.042284128	-0.02102172629	7.278258243e-29	1.611063955e-28
	-0.02058966893	-0.7814577832	-1.108286872	-1.278771584	-0.8902673066
	-0.07445619195	-0.178911591	-0.08072762559	-0.1944733801	-0.6038643795
	-0.7157869317	-0.9289431205	-0.4634949698	-0.52742036	-0.3357058639
	-0.2972974782	-0.8529417803	-1.020359004	-6.819170838e-30	-2.600389668e-30
	8.967500877e-29	-0.02133634443	1.984389653e-28	-0.02216933083	-1.351720907
	-1.673670881	-1.745302812	-2.157413362	-1.833744858	-1.883234451
	-2.418213797	-2.368433317	-1.579350633	-2.109408532	-1.717296252
	-2.319494012	-0.2185419057	-0.2099847028	-0.08335386494	-0.08634425773
	-1.310868666	-1.541837356	-1.096836129	-1.858437683	-0.3942924224
	-0.3655233656	-1.244127961	-0.5951628061	-0.648704018	-0.8135431985
	-0.916931666	-1.223036444	-1.429920855	-1.115447042e-29	-4.36925056e-30
	1.102011088e-28	-0.01870537706	2.437197577e-28	-0.02117357684	-2.670428035
	-3.193805598	-2.001538711	-2.400734583	-0.2247761379	-0.08420895397
	-0.08199626623	-0.2217774019	-3.84334557	-2.924384636	-3.11598814
	-3.619518353	-3.819469654	-2.835531098	-3.619798036	-2.96946443
	-3.312794796	-2.47264342	-2.177289799	-2.887794248	-0.7312725472
	-0.699528889	-0.4112509388	-0.4225325447	-2.459564399	-1.745651638
	-1.527486031	-1.96306013	-1.400888836	-1.077931515	-0.9997399395
	-1.678765949	-1.934056883	-1.741711686e-29	-6.977390598e-30	-3.831228155
	-4.479460439	-2.80602973	-3.296521732	1.349164444e-28	-0.01284674545
	2.974334394e-28	-0.01661977766	-0.1948928567	-0.2137221555	-0.07363008439
	-0.06454148731	-4.754680182	-5.685517348	-5.193953666	-4.328091682
	-0.402351624	-0.7508913669	-0.7456426988	-0.4180321527	-4.705835059
	-4.645838543	-5.718137255	-5.820227868	-4.903218971	-5.406952497
	-3.857360756	-4.219350049	-4.341190149	-3.651680178	-2.762097927
	-3.256011664	-1.725544788	-1.127906388	-1.647128623	-1.158634455
	-3.009776796	-2.307567701	-2.139985877	-2.236506317	-2.545679823
	-2.594203976e-29	-1.064976094e-29	-5.261570366	-6.058607434	-3.795381528
	-4.391330363	-6.823421587	-7.979258835	-7.13453305	-6.072387118
	1.635886377e-28	-0.005000957446	3.576095266e-28	-0.008650910868	-0.03490512628
	-0.134615493	-0.1690032971	-0.05060450161	-0.3192335208	-0.7170828401
	-0.6600897232	-0.3682423896	-7.068093915	-6.958203607	-8.449433458
	-8.352993829	-1.152291637	-1.767944178	-1.773530485	-1.109336039
	-6.648293726	-8.215011642	-6.272707324	-7.706262191	-7.042030977
	-6.165142339	-4.861969852	-5.510411764	-4.288157405	-2.488086934
	-3.404655658	-3.977079402	-5.292207627	-3.245526495	-2.418914323
	-2.898124339	-3.252171774	-3.652155778e-29	-1.545016171e-29	-7.005266778
	-7.963211138	-4.992753363	-5.686734508	-9.373328352	-10.78892974
	-9.494991316	-8.212332237	-11.47487347	-10.14272538	-11.86120279
	-9.767197393	0.0003877440755	1.94356271e-28	0.002108846026	4.187652406e-28
	-0.001153006346	-0.05234735489	-0.09328699671	-0.01961339801	-0.1783942018
	-0.4620062823	-0.5722797972	-0.2554826505	-1.023865769	-1.704069958
	-1.579372516	-0.890042918	-9.516466136	-9.817871286	-11.78670092
	-11.37150466	-3.505406978	-2.483635728	-2.398088978	-3.505058427
	-8.644828449	-10.67189914	-9.657153111	-7.870921467	-8.559018202
	-7.229494422	-5.990287471	-5.705296911	-6.707009862	-4.500248106
	-4.636756819	-3.630949702	-4.001301801	-4.809699998e-29	-2.107680466e-29
	-9.059953429	-10.14562091	-6.371344689	-7.11626119	4.732222714e-28
	0.00686729878	2.237172372e-28	0.006042108858	-12.46506412	-14.15134759
	-12.2655117	-10.78472836	-13.93101867	-16.02446977	-13.20246989
	-15.24844825	-13.78124716	-13.6491059	-15.95753136	-16.1846675
	0.00935633023	0.02437686336	0.02542604741	-0.006836747306	-0.3250709572
	-0.1870966944	-0.01732723051	-0.1008420443	-0.5128229176	-0.7222538336
	-1.377146337	-1.12640851	-2.228604572	-3.163622909	-3.391280992
	-1.950707803	-12.74804842	-14.23050717	-11.91545836	-15.30031843
	-6.177291048	-6.195901409	-4.501107417	-4.64328173	-9.223687062
	-10.49709301	-7.83500908	-11.31088107	-7.592405121	-12.94901195
	-9.689339623	-4.366361055	-4.713383576	-5.895712515e-29	-2.680162441e-29
	-11.31584601	-12.43722546	-7.827388754	-8.543526621	0.006708362108
	5.141652281e-28	0.008882103401	2.478325421e-28	-16.07402673	-17.96117934
	-15.29124378	-13.71847091	0.02660464285	0.03411253135	0.07243287609
	0.05969846876	-19.62895411	-18.49067151	-20.95495119	-17.29520785
	-18.60589547	-18.73079239	-21.5209003	-21.45510143	-20.98095406
	-19.94586293	-17.88143048	-17.07272648	0.07748936515	0.1078590376
	-0.04032300509	0.0462313592	-0.07525716478	-0.3002429776	-0.4847053917
	-0.8082578864	-1.163981576	-1.604969869	-2.306826782	-2.781250268
	-5.651196651	-3.718233039	-6.019299405	-4.210884692	-18.54232417
	-13.94894462	-16.6497452	-15.45952289	-10.00522275	-7.658100101
	-14.65448012	-7.867574645	-11.88243667	-12.27534583	-10.0590945
	-3.171735494e-29	-5.027547644	-5.319170555	-6.740319863e-29	2.640108347e-28
	0.005599022712	5.376673183e-28	0.007602628601	-13.55488278	-14.59053892
	-9.204915357	-9.818276983	-19.98723593	-21.90558599	-18.27432068
	-16.7809842	0.0301299532	0.03067135965	0.08216183749	0.08694512255
	-23.74398733	-26.45449563	-21.90189883	-24.34285109	0.1611082283
	0.2423873845	0.1839169809	0.1362774079	-24.28457153	-24.78429747
	-28.01500544	-27.47994996	-27.70499804	-23.38226657	-24.08447085
	-26.81331867	-25.35814479	-21.64896438	-19.95798754	-23.28568674
	0.1099275376	0.2735127046	-0.1412150137	0.1478337127	-1.064642075
	-0.2324737733	-1.693714429	-0.7127644323	-2.305574089	-5.01459397
	-4.219989126	-3.103997346	-7.209449179	-9.810129881	-9.263242744
	-6.425702246	-20.95250891	-15.14140008	-18.06661672	-17.48688622
	-12.35058121	-15.2433919	-12.06257697	-5.563703589	-5.784473277
	-7.224730765e-29	-3.509030673e-29	-10.36970973	-10.84297079	-15.54052522
	-16.39597854	2.711264008e-28	0.003899267423	5.426603324e-28	0.005219866899
	0.02487800914	0.02158850899	0.06745890034	0.08007786685	-23.81169839
	-25.54960617	-20.89770811	-19.63847483	-28.90583599	-29.33947421
	-32.03364597	-26.63089427	0.150497215	0.2807959832	0.2830103774
	0.1560020229	-31.63165882	-33.82731655	-30.55939217	-35.09939481
	0.3990836663	0.3699549088	0.4326947794	0.5578693043	-31.26238836
	-30.78577265	-34.66662191	-35.22609009	-29.0386116	-31.13674206
	-27.23644492	-33.27992407	-24.42276406	-25.1892388	-21.63226775
	-28.52761048	0.1945124534	-0.3893929403	0.5332433766	0.1773352913
	-0.5921518985	-3.175763468	-2.094750474	-1.481663796	-5.442828067
	-4.143952082	-8.294841202	-7.077818956	-10.25988963	-11.4146465
	-21.76924103	-18.18832314	-17.79231721	-14.90424195	-14.13129966
	-5.953515677	-6.096063116	-7.289430056e-29	-3.648749507e-29	-17.12112028
	-17.75228202	-11.25609766	-11.57757637	2.69248833e-28	0.00206804726
	5.301693154e-28	0.002954765537	-28.53939664	-22.96200323	-22.01279264
	-27.13888431	0.01658392291	0.01223124303	0.04441526745	0.05730680158
	0.1088889474	0.2328908225	0.2684428046	0.1287144187	-32.82759265
	-34.68635959	-37.0597737	-30.95424611	-39.80760608	-36.84638589
	-38.73948772	-42.07624392	0.6686262638	0.6549691837	0.4348094739
	0.4157481667	-38.94298745	-42.96434898	-42.90931031	-38.98764147
	0.7031956106	1.04929618	0.9082957611	0.7661886329	-37.38285802
	-35.58668769	-39.85103814	-41.86756101	-32.54577972	-29.3631441
	-37.09517236	-33.41544872	-21.28720052	-25.3189399	-29.45843907
	-24.73131537	-0.9155403921	0.8675395867	0.1253849788	0.1852949595
	-2.792665243	-5.456890648	-3.765912535	-1.308651612	-8.804552039
	-6.859372272	-20.20751395	-12.74549828	-10.99950671	-15.26356426
	-16.88544347	-6.18408908	-6.240438972	-6.936545053e-29	-3.575987282e-29
	-18.23522649	-18.62102305	-11.838901	-11.99816451	2.592821847e-28
	0.000179877803	5.027757833e-28	0.001023992265	-29.71761386	-30.71060446
	-24.3882347	-23.77161645	0.008335742362	0.004250461954	0.02201414946
	0.03282265901	-39.20683154	-41.04881078	-34.45305005	-35.81496759
	0.08494119056	0.06294511547	0.1540519696	0.1964284549	0.3636085457
	0.3070746803	0.5649384824	0.639517027	-44.77128013	-45.30824625
	-48.12650368	-42.42138929	-50.78409142	-49.86001215	-46.45671727
	-47.09702021	0.9006953387	1.259851104	0.9372517574	1.319200031
	-48.63882483	-44.44328937	-46.02713606	-50.2500512	1.711058033
	1.638061506	1.049512506	1.343067668	-42.15733953	-45.9685226
	-41.39632423	-37.94095932	-37.81390817	-33.43037168	-32.4698734
	-28.70407451	-18.28758143	-27.16787151	-23.45524315	-21.22275124
	-0.2077158689	1.199590976	-1.890975217	0.0134018091	-2.554485766
	-8.659272508	-15.88811115	-10.49075639	-4.824063797	-13.22278455
	-6.208997178	-6.241403924	-6.20574202	-6.235737949e-29	-3.307859991e-29
	-18.84649487	-18.96429274	-12.09272249	-12.07934829	-31.45119103
	-32.00338873	-25.13040409	-24.86551575	2.427788248e-28	-0.001950533506
	4.642277663e-28	-0.0008162965689	0.0007542129426	-0.002971489452	0.001993168701
	0.01161708522	-42.56838565	-43.79177	-36.93815877	-37.75931147
	0.04224622576	0.02264706871	0.07699461794	0.1146767553	-46.75125265
	-50.62166703	-52.67997856	-48.36102913	0.477781166	0.241978328
	0.1808532643	0.3787174774	1.144092595	1.274063921	0.8011063094
	0.680167294	-55.31943276	-54.25846759	-57.17202914	-52.77672149
	-56.3810807	-57.3697501	-53.94847192	-52.81178986	1.689188882
	2.130314064	2.294028345	1.73574101	-50.38161996	-54.05341098
	-46.54559126	-50.06364565	2.065826421	2.467126653	1.324873366
	2.629699899	-40.19231529	-41.82013798	-45.90554654	-36.54687422
	-34.31677666	-30.63150921	-24.53336133	-27.57162284	-21.31804159
	-14.79410134	-12.688886	-18.4544819	-4.418620922	-0.9635528641
	-9.353589704	-3.460741003	-0.5025020971	-7.631960927	1.386496173
	2.217594797e-28	-0.004653676936	4.189299855e-28	-0.003092477747	-6.119662759
	-5.993889537	-5.307674497e-29	-2.893488699e-29	-18.9174131	-18.75238979
	-11.99619648	-11.81233063	-32.28435681	-32.36136323	-25.14273593
	-25.24660106	-44.65481798	-45.21972308	-38.34306349	-38.60024649
	-0.00706455393	-0.0112418706	-0.01826160699	-0.007539622122	0.004221790594
	-0.01389943928	0.00876514018	0.0421936055	-49.6179854	-54.31108345
	-55.52390041	-50.46139697	0.1930086068	0.2844132041	0.1220248239
	0.0679562367	-57.36329337	-58.92764707	-61.55911878	-59.64853648
	0.4090367862	0.7822837468	0.9751183766	0.5418732828	2.058450543
	1.309900825	2.251757562	1.528035256	-62.10276132	-62.46149756
	-59.58833922	-60.16379284	-56.87947201	-60.24030158	-53.99954513
	-57.36668424	3.599574836	3.233873542	2.848618765	2.872690094
	-52.51620963	-49.36766051	-46.723723	-43.79262411	3.806080675
	2.8181445	1.366027574	3.159072609	-30.72042334	-40.58320551
	-33.37096262	-37.52062517	-17.11558993	-23.89466577	-19.16393556
	-26.50116516	-6.753920886	-5.607594824	-2.190013232	1.267507258
	-10.99962418	-12.80198301	-1.489491878	-5.828179438	-5.620580402
	-4.284702385e-29	-2.398722836e-29	1.984280099e-28	-0.007795313556	3.712000594e-28
	-0.006241437922	-0.01663710899	-0.02218849981	-0.0428948189	-0.02902851259
	-18.4379995	-17.99919756	-11.55524061	-11.21737153	-32.16468406
	-31.74944507	-24.41816036	-24.88037697	-45.40432291	-45.27222817
	-38.6067887	-38.28420641	-50.95605833	-56.2732388	-56.60621063
	-51.01515942	-0.03398768095	-0.05449018846	-0.0591506879	-0.02353888085
	-0.03439066065	0.02861767852	0.1096482116	0.01582691529	-60.02359993
	-62.94395919	-63.7984512	-60.60464653	0.4095509729	0.1615488531
	0.5938751663	0.2795720353	-64.14842253	-64.06586876	-65.37199711
	-65.26297621	1.774919528	0.8076608644	1.444363551	1.0570453
	3.371039864	3.612198211	2.282027822	2.626763417	-63.91876343
	-59.23735421	-60.83482618	-62.37932099	-56.67139811	-49.23413476
	-50.95802792	-54.88446317	5.133524034	4.310354068	4.379932514
	4.436357004	-44.82223083	-42.94582205	-35.77833781	-37.50214612
	1.050581921	4.984193933	3.601045943	3.4152049	-22.71801865
	-28.60798296	-21.1712903	-30.41756755	-3.68356779	-8.017247432
	0.7887330888	-15.84902518	-14.36362395	-2.890227328	-9.094438485
	-5.385045659	-5.105008802	-3.277932614e-29	-1.885673994e-29	1.747508431e-28
	-0.009901786939	3.243802555e-28	-0.00963284295	-17.44450286	-16.76032209
	-10.80256583	-10.33134874	-0.02801986768	-0.03410747877	-0.07214859805
	-0.05663435304	-0.09566692583	-0.07994695901	-0.1054944352	-0.1399202612
	-31.09287222	-30.21095666	-23.01152503	-23.79187211	-44.76770881
	-43.93186994	-37.6987677	-36.82533721	-50.71124749	-56.46423529
	-55.88917886	-49.98486928	-60.72707879	-64.10809132	-60.32766482
	-63.89803963	-0.08907030784	-0.1454278107	-0.1322104703	-0.04855527487
	-0.0621986851	0.04675990155	0.2415699451	0.07784287991	-65.81825588
	-66.08474344	-66.20333952	-65.79311397	1.111189916	0.5619852525
	0.7820461331	0.3378377004	-64.79166615	-61.80554219	-62.11685695
	-65.0536194	1.450169082	2.951786042	2.443196235	1.87011907
	4.129813212	3.649340152	5.294279241	5.059238636	-52.4377276
	-52.0527259	-58.10229508	-57.70230538	-38.688026	-46.40038011
	-39.17153901	-45.92738231	6.658105721	6.153257548	5.513629261
	5.881919322	-24.59720493	-23.94065912	-32.20607724	-31.58034664
	3.698531989	5.925365858	3.706524513	0.4350596274	-16.93632994
	-10.78816925	-4.994276159	-10.09903907	-4.36619076	0.1166835896
	-17.71195925	-4.808940785	-4.466346949	-2.366991799e-29	-1.401913176e-29
	-15.99946753	-15.10263689	-9.777864543	-9.192650152	1.520297619e-28
	-0.008295445907	2.802613254e-28	-0.01086520866	-0.03661252748	-0.03904813786
	-0.09411858493	-0.0858644489	-29.1504062	-27.86031345	-21.01257196
	-22.06172818	-0.2325923826	-0.1843253865	-0.1335667374	-0.1578005106
	-0.2120294417	-0.2791648917	-0.3173951366	-0.2177275311	-42.78175895
	-41.29887428	-35.68512962	-34.3354998	-48.88596486	-54.8689953
	-53.40863427	-47.43691358	-59.45959816	-63.15359543	-61.88225268
	-58.11218791	-64.10723376	-65.22839674	-65.74575648	-64.7195922
	-0.2980752953	-0.2403243122	-0.07624846124	-0.1790482281	0.4805234333
	-0.08514264964	0.1194844045	0.1870184376	-64.72974747	-61.83744867
	-60.99660873	-63.83473687	1.377031177	1.910213206	0.6470101499
	1.03139511	-57.88327047	-51.45451821	-57.11470922	-52.21381283
	3.046054507	3.812064002	4.515151584	2.403975503	5.948259204
	7.080559336	6.940798539	5.36404193	-45.50801399	-39.04294205
	-38.38315357	-46.22723756	-31.67057444	-24.75635744	-24.41481059
	-32.21302053	7.858334384	6.247161801	7.297714107	7.874506551
	-18.02537051	-17.90598049	-11.31868004	-11.22996373	-0.21133095
	-0.429464947	3.663488815	-5.417163098	3.563765463	6.45385398
	-5.656728637	-4.121598271	-3.732016727	-1.6024892e-29	-9.80008466e-30
	-14.16860626	-13.09485972	-8.521048293	-7.846588486	-26.46396214
	-24.83274205	-18.51618864	-19.78610684	1.307852158e-28	-0.0009073986411
	2.393229191e-28	-0.006950899385	-0.03257974696	-0.02562554832	-0.08311500249
	-0.0968230279	-0.1744338987	-0.2959736224	-0.272167313	-0.1720925774
	-30.98070686	-39.6006006	-37.57378077	-32.71723025	-0.3500458576
	-0.4072518959	-0.519680665	-0.4165071607	-0.5684554476	-0.5911448813
	-0.4053275965	-0.4340789906	-45.62002972	-51.59729739	-49.35899648
	-43.57199367	-54.11757347	-56.29726958	-60.14091899	-57.88311852
	-63.16233333	-62.44730228	-61.04613622	-60.31542944	-62.38694186
	-59.63286946	-60.4330029	-57.74946434	-0.3005630438	-0.08587467032
	-0.515376002	-0.3704701202	0.4051269833	0.8838065568	-0.07279624266
	0.2729953547	-55.83923856	-50.21602572	-48.56850692	-54.10834969
	1.753760592	1.150469457	3.037875865	2.249920708	-35.82268341
	-44.34298709	-42.80375866	-37.25782962	4.572806699	6.331013316
	5.464349975	3.682832944	7.808686217	8.609474751	7.200234709
	8.646322705	-30.70854549	-22.53088402	-29.38848811	-23.61663732
	-16.56296223	-11.09291135	-10.60914547	-17.41509639	9.145504967
	8.470192033	6.533849366	8.245870011	-5.480713251	-0.5849742398
	6.523511015	-5.678959634	3.328518052	3.455773618	-0.6214648157
	-3.358241878	-2.947107894	-1.008062431e-29	-6.389883702e-30	-12.02960303
	-10.83253405	-7.088585022	-6.364461041	-23.16850081	-21.27086874
	-15.63451345	-17.0650839	1.110748495e-28	0.0119305951	2.015652793e-28
	0.003287959153	-35.44283002	-32.9889723	-28.97228629	-26.93851463
	-0.06081017128	-0.006571249343	0.01236574001	-0.01461226436	-0.1032111808
	-0.2462296288	-0.2941043708	-0.1478636493	-0.4387760457	-0.4301105944
	-0.6392968815	-0.5989229228	-41.16681406	-46.91161335	-44.06127963
	-38.66378095	-0.805705935	-0.9492337191	-0.7711338152	-0.7044159914
	-0.9789877462	-0.9520575937	-0.7524520683	-0.6494519505	-51.49344943
	-55.29400542	-52.22723714	-48.67040128	-54.70590503	-57.66521114
	-58.50454474	-55.43911123	-55.42367559	-57.94175739	-52.60272601
	-55.07039979	-49.35682226	-44.17621241	-51.91370802	-46.55476834
	-0.03421417724	-0.4813032652	-0.4289776376	-0.7736535026	0.5647674436
	0.03082868848	1.510478201	0.795137931	-40.94810423	-34.12274506
	-32.24125994	-38.84217814	1.896508996	3.392577316	4.449616228
	2.763379927	-27.87105867	-21.19833343	-26.21202185	-19.79324836
	6.278904393	7.11899229	5.170206504	8.065292102	8.734764516
	9.272524585	9.491325068	9.709735968	-14.37213236	-9.892541091
	-9.097405495	-15.54139684	-5.152073104	-0.4893689297	-4.679408261
	-0.5827624202	8.516988517	8.357706061	6.374958529	3.049511692
	9.610378898	6.147888876	3.196640778	-2.571680664	-2.171440708
	-5.816842074e-30	-3.844500719e-30	-9.700195199	-8.461186418	-5.570404961
	-4.850115104	-19.42236294	-17.36280942	-12.53167955	-14.03458447
	-22.41489812	-30.54265536	-27.79128837	-24.63821373	9.292276896e-29
	0.02738856725	1.671488524e-28	0.01817698792	0.04212637558	0.1127033223
	0.03793647134	0.06965352536	-35.81658777	-41.15618058	-37.87823053
	-33.00463274	0.08324668335	-0.00833447737	-0.1607499935	-0.01665021273
	-0.3513613237	-0.2147598747	-0.48666353	-0.6143359176	-0.8014421307
	-1.115591118	-1.074001847	-0.8492131855	-45.43824695	-49.01742495
	-42.1849087	-45.38597769	-1.339573886	-1.493918531	-1.1956672
	-1.233606854	-0.9050977484	-1.471881085	-1.344521892	-1.139092923
	-52.13067657	-48.36887139	-51.27932569	-47.75544596	-51.70459862
	-49.474517	-48.15905165	-45.90496838	-46.35941206	-41.5220039
	-38.52270209	-43.13813406	-28.02691903	-33.89612958	-36.45593556
	-30.21352196	-0.5052357657	-1.004777046	-0.4939415746	0.1471065681
	1.05673392	1.405437277	0.3015414159	2.381441872	-24.4694292
	-16.9238132	-18.34614163	-22.68971664	3.995798058	2.864810507
	4.656455631	5.930493015	-13.21488756	-12.09965211	-8.247768706
	-7.47075842	9.233383375	7.784569066	8.311528966	6.554480469
	9.755719627	9.884265993	9.464478259	9.454495499	-4.208940694
	-3.739537283	-0.3694389053	-0.2843935493	2.641459193	5.782179552
	2.864714158	7.501654005	8.033709628	5.336787519	9.084760831
	-1.823701873	-1.465972868	-3.011791117e-30	-2.09857756e-30	-7.345905165
	-6.163404218	-4.083016383	-3.422593826	-15.44719385	-13.37049333
	-9.430336941	-10.89362149	-17.6857832	-25.16667508	-22.28322796
	-19.95505051	7.649772794e-29	0.04120308161	1.364651571e-28	0.03390657887
	-26.91957439	-29.87569893	-34.69584901	-31.18740974	0.1027158554
	0.130689775	0.2690706434	0.1850970359	0.3559841651	0.4123445505
	0.1715481795	0.221526352	-38.56561554	-41.80722243	-37.87353087
	-35.09443679	0.02151611648	0.2986777724	0.09376404507	-0.2683284453
	-0.2956054409	-0.7399118879	-1.026345934	-0.6101873979	-1.225693183
	-1.650407082	-1.651304425	-1.367971402	-43.8350718	-44.59115394
	-40.4533432	-40.03167215	-1.730894906	-1.926025508	-1.765879423
	-2.05421753	-1.508825405	-1.938180774	-1.648866217	-1.077248006
	-42.23272371	-44.2001916	-38.21270042	-40.30107598	-31.92204892
	-35.89869774	-35.37034561	-39.5301727	-23.2818474	-31.06350655
	-28.15283915	-25.74026394	-20.82848432	-15.53349762	-14.14672747
	-18.9403809	-0.4348176612	-0.305237175	-1.090806949	0.53190123
	1.770845855	0.7987982495	2.207655566	3.409925371	-11.06280755
	-6.780425082	-10.11414503	-6.206620327	7.074162106	5.707490089
	5.214268058	3.892380829	-3.36844168	-3.102470584	-0.3087076943
	-0.2508526271	7.368602086	8.582060722	9.388327971	8.563201171
	9.372573932	8.669209244	9.039183124	8.432498168	2.350403003
	4.771505304	4.140787258	1.992592019	6.010598956	7.622485648
	6.837306697	-1.170532538	-0.8792714446	-1.338782567e-30	-1.00681289e-30
	-5.15140753	-4.116967984	-2.742881458	-2.188116946	-11.53034549
	-9.599239208	-6.571864887	-7.884064297	-13.09311637	-19.65279366
	-16.84216535	-15.24104219	-23.70352284	-27.92260949	-24.40762715
	-20.7984579	0.04584372276	6.203069017e-29	0.04901866495	1.098807599e-28
	0.1570715385	0.1761521632	0.4060046222	0.3392871991	-31.31764944
	-34.17171323	-30.19717737	-27.84687664	0.6362876363	0.9089338063
	0.6468168255	0.5088115285	0.6639664733	1.017523266	1.063990895
	0.5170137444	-35.9145843	-36.52191866	-32.3350298	-32.10183027
	0.2143626435	0.8030258834	0.43467676	-0.2833796219	-0.2088816326
	-0.860272783	-1.423917829	-0.8247620463	-1.55099321	-2.074664654
	-2.200251632	-1.878366987	-34.32894112	-36.09548035	-30.21735395
	-32.17520112	-2.273244342	-2.387521493	-2.441681512	-2.113007027
	-1.712303688	-2.193070137	-1.031381614	-1.692703274	-28.26134434
	-24.87481532	-28.4997549	-31.97712634	-25.00504454	-20.77705936
	-18.11425602	-21.92903153	-16.93386508	-11.3133908	-12.76106253
	-14.90983491	-5.729018498	-9.200466922	-8.307474961	-5.307793663
	-0.1185255811	1.143092898	-0.8940004442	0.1580916374	2.615599438
	3.02565162	4.34177257	1.493073657	-2.946630542	-2.880835536
	-0.4603902913	-0.6983682372	6.111786034	7.411727079	6.01279152
	4.648679194	1.564727253	3.428871134	2.684612418	1.069705894
	8.27299226	8.352570281	7.64603849	7.197734257	7.471668864
	6.674341069	4.142085444	7.786499163	5.531951122	5.116218498
	6.607230487	-0.6521947952	-0.4408457366	-4.601491223e-31	-3.963652753e-31
	-3.276767435	-2.454804692	-1.640417203	-1.219537402	-7.971529564
	-6.326512988	-4.158685248	-5.234669513	-14.39624159	-11.8671132
	-10.85180439	-8.979258229	-15.0712347	-17.72209091	-21.27507866
	-17.99458627	8.751043651e-29	0.04995172526	4.966814886e-29	0.04766607592
	-24.15687696	-26.60939759	-22.8492546	-20.9092353	0.1870110138
	0.1901539234	0.4772648662	0.4504594735	0.8319356106	1.32121449
	1.124057618	0.7543890723	-28.07065568	-28.53734408	-24.593627
	-24.49155103	1.407014163	1.723620919	2.158988496	1.589008885
	1.554086148	2.267472348	2.282572146	1.25423733	-28.06606871
	-26.45941414	-22.60070294	-24.41436782	1.807276614	1.232079325
	-0.02413850355	0.7398558651	0.2699704864	-0.6055989669	-1.60152558
	-0.8034298792	-2.162005667	-2.120804074	-1.52347614	-2.493711898
	-24.38083884	-18.01410254	-20.90761989	-21.4840274	-2.491108044
	-2.168704205	-2.458080434	-2.402683716	-1.569339959	-1.313241724
	-2.016192163	-0.6494740625	-15.72266381	-12.82469007	-18.69843367
	-15.51583161	-9.833922859	-8.257270082	-10.66221851	-12.75858538
	-6.376484417	-7.366370407	-4.891534166	-4.433501257	-0.9905083261
	-2.858322379	-1.306638196	-2.821369876	0.8508853167	1.873695507
	0.472670359	-0.3368211552	2.197729337	4.798420091	3.539426399
	3.336407873	0.5291730043	1.128337536	1.907871602	-0.02941063834
	5.983197853	6.674009486	5.575323088	4.754215363	2.198273823
	4.378169191	3.170849158	3.256738192	4.263799065	5.758269918
	5.173670478	6.350524831	6.825924985	5.508862636	5.955686536
	-0.2888739242	-0.1603014029	-8.633344483e-32	-1.067351082e-31	-1.825503253
	-1.244183774	-0.8268111273	-0.5486322133	-5.010387511	-3.737687865
	-2.312738381	-3.108842516	-5.603629832	-9.77138402	-7.68429605
	-7.096529226	0.03581515521	6.91646771e-29	0.04386703163	3.939747709e-29
	-12.35246406	-15.20131124	-12.36887227	-10.12146443	-16.27611622
	-17.54847103	-19.59478245	-14.72132265	0.1805426152	0.1649991778
	0.4556197008	0.4799079505	-20.79879446	-21.16579853	-17.69713036
	-17.65494239	0.8757083898	1.510588168	1.444645838	0.8751856399
	2.00752291	2.181106652	3.015919534	2.614639503	-20.68915974
	-19.2470559	-17.52156955	-15.90688869	3.03180451	3.63452802
	4.266995299	3.248236515	4.356261791	4.323184304	2.62486976
	3.129689752	-17.39975017	-14.95837978	-11.94844302	-14.42570939
	3.576660603	2.767484997	0.7768725032	1.850325258	-0.2615277643
	1.441391845	0.3435575515	-1.260526955	-1.915305359	-0.8147169076
	-1.467384191	-2.241244052	-10.10869339	-10.35275235	-7.893528581
	-12.7091563	-1.696612471	-2.158446295	-1.844251656	-1.700360576
	0.07204244859	-0.9574756708	-0.4661175356	-1.249738139	-6.498931815
	-8.488124028	-6.688497254	-5.054776643	-3.893527775	-3.250367594
	-5.289523078	-4.166804533	-1.789792915	-2.733488593	-2.534688496
	-1.577964427	-0.5857132521	0.369178144	-0.3688770744	-1.075597787
	1.211312369	1.553308277	2.45865927	0.4974272163	3.437363293
	2.598406682	3.586149203	4.474595063	1.259646252	2.157388112
	0.3651406263	1.114675368	4.023905507	5.000704227	4.987075438
	4.168417996	2.716197098	3.071792088	1.909585945	3.917292112
	4.637469855	3.980305935	3.426692958	3.106463291e-29	0.01466296818
	5.443275024e-29	0.02712206888	-8.731632326e-33	4.230020708e-33	-0.08093816977
	-0.0268040606	-0.8322014422	-0.482559991	-0.1650484727	-0.311406564
	-1.06065503	-2.776345973	-1.895807282	-1.577989727	-4.166051058
	-6.040643692	-4.472345942	-3.088801422	-7.819777308	-7.915659257
	-10.06875287	-6.194560774	0.1351792522	0.1033901906	0.3410020299
	0.4127077368	-11.88601421	-13.52706896	-10.80987386	-9.609966751
	-14.49888927	-14.80659905	-11.96304014	-11.92585442	0.7479766739
	1.414272051	1.501549587	0.8272967886	-11.8210556	-14.37971406
	-13.1386771	-10.46837221	2.265721009	2.242532766	3.355180702
	3.251019134	4.154003298	4.448633459	5.721529012	5.056541798
	-11.52635874	-9.454386714	-7.101903808	-9.194541465	6.606409735
	7.46902895	5.877689073	5.632938918	7.529446388	7.439976573
	4.906642476	5.653805047	-7.589321383	-5.793240704	-3.813912945
	-5.562343539	3.8447094	5.340659003	6.38907772	2.440879545
	1.138985278	3.631071926	2.319397379	-0.06397434041	0.1614686491
	-1.180553696	-0.8212805029	0.8982264219	-4.528627127	-2.048711683
	-2.869297023	-3.540348787	-0.339926439	-0.2393077656	-0.6229343508
	-1.087681461	0.6835162226	0.9459244571	0.07994862454	0.07439509535
	-1.835583893	-2.52449514	-1.70963402	-2.969981127	-1.829175644
	-2.224688793	-1.868307209	-1.79301917	-1.501971927	-1.026475164
	-1.783002581	-1.626583589	-1.283947046	-0.4989305609	-0.836806238
	0.1261932218	1.942378421	1.333940573	2.582955854	1.806968962
	2.628829827	3.360554956	3.133645675	2.424402206	-0.2374826766
	1.541119991	0.4227148305	0.8127258067	2.610323579	3.278688059
	1.773642004	2.266549185	1.114075471	2.862253268	2.274925248
	5.99180617e-29	1.497927768e-29	-0.005955520638	1.368180926e-29	0.005185420609
	-3.019902595e-31	0.02703001687	0.06109133846	0.1652684587	0.2630464148
	-0.06101698387	-0.2628035356	-0.1031638881	-0.01543928708	-1.275495549
	-0.7480105822	-0.6194703738	-0.3407544237	-2.104272023	-3.302934385
	-1.414375246	-2.24253009	-6.080681832	-4.448575299	-4.562197541
	-3.355200941	-5.721414444	-7.406692701	-8.659119203	-6.606331823
	0.6191887185	0.4824601268	1.060443461	1.275349386	-9.421284647
	-9.693395568	-7.529380681	-7.46888764	-9.358914948	-8.356849891
	-6.389137372	-7.439837871	2.104179768	1.895829777	3.088777659
	3.302941941	-7.00766794	-5.271616033	-3.631227013	-5.340566904
	4.562208577	4.472371878	6.194607005	6.080833207	7.819847016
	9.61009763	8.659411492	7.406815926	-2.319297296	-3.702799899
	-2.259608269	-0.898312974	9.693709863	10.80998828	11.92602571
	9.421575905	9.359349893	11.96312648	8.356938764	11.82115322
	-0.1613993867	-1.331065672	-0.7950826286	0.3399757689	7.008201592
	9.194600929	10.46832702	5.271528779	7.101755052	2.259458337
	3.703375871	5.562389298	2.869302163	0.7948257167	3.813826432
	1.331592731	-0.7091998251	-0.9010370878	-0.07985639786	0.2393382992
	2.048753418	0.9006660946	1.835586383	0.7096583885	1.709677012
	1.793177725	1.640545435	1.259117533	-1.258688762	-0.6834283451
	-1.640621391	-1.333919585	-1.947800323	-2.080118483	-1.942061424
	-2.424340648	-2.026029593	-2.628607355	-2.610229734	-1.733677123
	-2.274956094	-1.277762527	-0.6688963034	-1.773595437	1.829184809
	2.080582612	1.783265216	1.948154849	1.283946704	2.026226418
	1.733831575	1.626723009	0.0003699380243	0.6685912631	0.8369487367
	-1.113715003	0.2375958263	-0.4223852613	1.278018503	7.597021967e-29
	3.397526749e-29	-0.02783167526	9.220148594e-33	0.08111350906	-2.895981289e-31
	0.3111061213	0.1601569083	0.5483002138	0.8319097237	-0.4125907902
	-0.1649597642	-0.03599812212	-0.1349597436	-1.501496383	-0.8757013621
	-0.8274389685	-0.4556917839	-3.250948559	-1.510506008	-2.181121447
	-2.26577005	-5.056234996	-3.634454596	-4.153898116	-3.015931668
	-5.632735263	-5.877368846	-4.356223119	-4.266820998	1.577985302
	1.24422688	2.31273394	2.776314019	-5.653482874	-4.906504469
	-4.323071979	-3.576693773	-3.844333401	-2.441052809	-1.44151708
	-2.767380385	4.166016077	3.73767766	5.603612478	6.040664992
	-1.138551082	0.06367876019	-0.3434549843	0.814657372	7.915729339
	7.684342094	10.12156411	10.06893342	12.36896128	14.72150083
	13.5273784	11.88620299	1.844326561	1.467486112	1.180220038
	0.8217034456	16.2762572	17.6550855	14.80683278	14.49924768
	14.3802154	13.13874846	17.52162701	17.69725182	1.700419884
	1.08805471	0.6225342664	1.249871232	11.52691194	9.454411002
	15.90686901	14.4257378	10.10868735	5.793213995	7.589888666
	11.94832621	3.540137745	6.498881592	4.52914126	7.893469793
	-0.07398045805	-0.4973486067	-0.9462301585	0.4661562866	5.054802101
	4.166817255	2.524233027	2.970365739	3.250336797	2.534887325
	1.868500264	2.224887912	-1.553099353	-1.806495274	-2.598355948
	-2.582641671	-3.436991806	-3.133173953	-4.02382783	-3.360053542
	-3.278160128	-4.168330758	-3.980385495	-2.862540875	-1.541446724
	-2.265847646	-2.715977295	-3.426588056	1.789838779	1.02687778
	1.075699501	1.501945431	-1.114374025	-0.1263487702	0.3691218067
	-0.3652136049	0.4988203334	-1.909159618	-0.8122599087	4.300436395e-29
	-0.04381441083	9.610901878e-29	1.066516822e-31	0.288595458	-1.691308133e-32
	0.8268838961	0.4408432666	1.2194789	1.825468637	-0.4800873122
	-0.1904147703	-0.04739592465	-0.1806046061	-1.444397872	-0.8318696635
	-0.875136679	-0.4776255786	-2.614490903	-1.320972445	-1.723635103
	-2.007510584	-3.247868794	-2.267400114	-3.031605261	-2.158981384
	-3.129514042	-2.624712902	-1.807277953	-2.282425734	3.108849443
	2.454827524	4.158639921	5.010341953	-1.850150934	-0.7770326828
	-0.2700168711	-1.232059918	0.2617071737	1.260147716	1.523469958
	0.6056300658	7.096579313	6.32653972	8.97931557	9.771476317
	1.915523566	2.240849186	2.120852897	2.458202911	12.35257739
	11.86716819	15.07138866	15.2015434	17.9946933	20.90941165
	19.59504464	17.54870698	2.016375461	2.402723315	2.158640089
	1.69622528	24.49164516	21.16593993	22.84942851	20.79919022
	20.68961099	19.24712705	24.59375966	24.41440279	1.313244555
	0.9576972449	0.3369767162	-0.07244234318	22.60069344	17.40017826
	20.90764096	14.95848149	15.72262131	18.01402965	12.70959631
	10.35276723	8.488522915	6.68831735	12.82467432	10.66214462
	-1.211011169	-0.8508415552	-2.458642999	-2.197632333	8.257215431
	6.376552652	3.893476418	5.289664009	2.821545733	1.578349541
	4.433384603	2.733323196	-3.539136562	-4.473887476	-3.585800835
	-4.754072155	-4.986473066	-5.955714981	-5.575133881	-5.000599409
	-5.173813657	-4.636565296	-3.917956548	-5.758265999	-3.070831362
	-2.157670896	-4.263443039	-3.25622203	0.02933315884	-0.3690698659
	1.306784749	0.5854044783	-1.2596735	-1.128067482	-2.198019401
	5.434965291e-29	-0.04949324006	1.214916811e-28	3.964638141e-31	7.381429319e-31
	0.6521279491	1.640498049	0.8793040549	2.188047206	3.276708577
	-0.4507857224	-0.1764656604	-0.0484593561	-0.187343306	-1.123647775
	-0.6361631792	-0.7542131502	-0.4065857405	-1.58881908	-1.01748993
	-0.9086553372	-1.40698052	-1.25398049	-0.8029291903	-1.553959903
	-1.064067225	-0.7399087902	0.02404178566	0.2089249075	-0.4347184907
	4.11701645	6.571886304	7.971570802	5.234729037	0.8033338178
	1.6011925	0.8601232888	1.55107516	2.161949059	2.493329441
	2.387705918	2.07456597	10.85187378	9.599272032	13.09322896
	14.39639782	2.491083722	2.168365779	2.193315985	2.441621835
	16.84222827	20.79863622	21.27531659	17.72222515	24.40776288
	26.6095728	27.84700784	24.15714652	0.8942192768	1.692640215
	1.569321702	0.6491188441	30.19735687	32.10188665	28.53741651
	28.07100926	28.06636073	32.33512822	26.4595002	32.17525053
	-0.4726250512	-1.492896119	-0.1581652705	-1.873952077	21.48413669
	24.38108022	28.26136085	30.21734402	24.87480448	18.69873248
	15.51582155	21.92896424	12.75878724	18.11422724	14.90979059
	9.833831901	-3.336437139	-4.797824169	-4.648484027	-3.025593923
	11.31317602	8.307606089	4.891752793	7.366201179	5.307656147
	0.9908371077	2.880884014	2.857978027	-5.983128766	-6.673281269
	-7.197530145	-6.111654489	-6.825138787	-7.471855644	-6.351146701
	-7.646168411	-5.531821854	-4.378879123	-6.674228195	-5.507661479
	-2.684042592	-3.169991405	-0.5294429797	-1.908001133	-1.069693576
	0.698518091	-4.14160205	1.535991074e-28	-0.04501761259	6.866741516e-29
	1.006928484e-30	2.258781076e-30	1.170473767	2.742967468	3.422575075
	5.151408531	1.466020759	-0.3395957969	-0.1308413557	-0.04039968122
	-0.1575875165	-0.6463017271	-0.3557529843	-0.2699198715	-0.5087064225
	-0.5168425443	-0.2985237107	-0.4123261031	-0.6641111088	0.2834537487
	0.2957928585	-0.2145520255	-0.09411489067	0.8243873336	1.423714429
	1.225876905	0.7395693061	6.163439476	9.430404906	11.53044341
	7.884115042	1.878028458	2.199978701	1.926282066	1.65008434
	2.272987548	2.112768455	1.938487007	2.053988083	15.24110997
	13.37052346	17.68593733	19.65298474	1.712085241	1.031140774
	1.091072409	1.648700429	22.2833071	26.91972314	27.9227931
	23.70367573	34.17180778	35.09451714	31.31790817	31.1875591
	-0.7985828105	0.3050868793	0.1183601639	-1.143427802	40.0317378
	37.87366599	36.52198094	35.91481336	36.09559169	40.45338788
	40.30114835	34.32903211	-2.615814415	-4.341612181	-3.892146852
	-2.207757333	28.49981856	35.89869954	31.97725014	38.21272101
	25.0052383	31.92208168	28.15277665	20.77703861	23.28169816
	16.93384212	18.9404038	12.76115461	-6.013416532	-7.410579279
	-5.707528009	-7.368212537	5.729396594	14.14637349	10.11425214
	9.200175519	3.102370674	2.946508814	6.206551854	0.460489726
	-9.039070982	-8.563557241	-8.352495523	-8.273223983	-6.608344252
	-7.785640357	-7.622619072	-8.669447322	0.3089269073	-6.010315572
	-3.429246927	-4.140254802	-5.114879584	-1.564124892	-1.992260543
	1.941842831e-28	-0.03275132788	8.677479807e-29	2.098745253e-30	1.823676183
	4.878895433e-30	4.083067145	4.850138725	7.345948091	2.171475702
	-0.1851994187	-0.0694777702	-0.02656904753	-0.103501	-0.1709983425
	-0.08282414797	-0.113891033	-0.2218133456	0.2684813526	0.007767595409
	0.2150903434	-0.02209369872	1.026345965	0.8017604451	0.6095893459
	0.4859717106	1.367370601	1.651199735	1.339903362	1.115018199
	8.461202818	12.53179047	15.4473355	10.89365109	1.765403948
	1.730791215	1.493505672	1.47222648	1.508464257	1.077140363
	1.005073712	1.344232849	19.95511739	17.36283722	22.41504271
	25.16684009	0.4345237978	-0.53215243	0.4937339098	-0.3013395451
	34.69595997	27.79137747	33.00472962	29.87585275	37.87835047
	41.8072949	38.56579894	42.18498191	-2.864590195	-1.405576136
	-1.771049422	-3.410175874	47.75554338	45.38604726	44.59123747
	43.83515942	44.20021898	48.15913033	42.23279787	48.36890544
	-5.214975657	-7.073245844	-6.554091924	-4.656564693	43.13813366
	39.53028964	45.90504601	35.37036856	38.52271469	31.0636284
	25.74030547	33.89610659	22.68975806	20.82839956	28.02663613
	15.53377334	-8.583373029	-9.463949933	-8.311997201	-9.387330226
	11.06287602	12.09959059	6.780712122	16.92349729	7.470678836
	3.739533733	3.368885846	0.2508188488	-9.084795751	-9.756472178
	-9.373093333	-8.433310918	-7.501765774	-6.836608881	-4.772368413
	-2.641102518	0.2849462578	-5.336628462	-2.349063166	2.449895192e-28
	1.095736012e-28	-0.01688206825	3.84467865e-30	2.571682223	8.921530105e-30
	5.570421622	9.700279286	2.947125487	6.364526182	-0.03768113456
	-0.0118478084	-0.01150527299	-0.04330487386	0.1612618254	0.1038155265
	0.01312960522	0.01571088853	0.6145313683	0.245107774	0.4305752998
	0.3503468174	1.074060759	0.8061012186	0.8483823312	0.638474122
	1.195025529	1.233651883	0.9793529196	0.9486280398	10.83253096
	15.634629	19.42250032	14.03459188	1.138628612	0.9051031833
	0.7739500543	0.9516838838	0.5049012537	-0.1472299807	-0.03064352213
	0.4810511847	24.63827565	21.27089279	26.93861904	30.54276436
	-1.056922034	-2.381831348	-1.896387474	-0.7952751195	38.66385862
	32.98904273	41.15626181	35.8167014	48.67050061	44.06134893
	49.01751859	45.43833382	-3.392575174	-5.169926692	-3.99605586
	-5.93028781	54.70602162	52.22728305	52.13077471	51.27935121
	51.70466485	55.4391947	55.07048177	49.47457312	-7.786020846
	-9.231936676	-8.73411587	-7.119345166	41.52202554	46.35958541
	52.60285523	49.35684836	38.84218709	36.4560781	44.17618508
	30.21364769	18.34644688	32.24097537	26.21198506	24.46961948
	-9.886062462	-9.610056235	-9.454471409	-9.71073232	14.3719881
	8.247925593	13.21542019	19.79296411	4.6796474	9.097489773
	0.369290983	4.209949102	-8.358357809	-5.783219843	-6.147918748
	-8.034504233	0.4897368556	-2.864201242	-3.049503541	3.071720448e-28
	-0.002216917362	1.378314506e-28	6.390039323e-30	3.358270995	1.460650249e-29
	7.088572295	3.732015899	7.846667278	12.02969641	0.06138700657
	0.02627168667	0.0006148798528	0.005045465846	0.2945145893	0.1750647568
	0.08166718406	0.1464469163	0.5991782689	0.4077193049	0.2947656674
	0.4376865152	0.7712580618	0.5688064879	0.7036441845	0.5190165159
	0.7519488548	0.64955608	0.5156550733	0.5906836712	13.0948423
	18.51628062	23.16860282	17.06507405	0.4286416903	0.03418772144
	0.3702198867	0.07296123472	-0.5649430785	-1.510811228	-1.150438414
	-0.4052638707	28.97232423	24.83275106	30.98078882	35.44291052
	-2.76327647	-4.449994242	-2.249802235	-3.682746062	37.57382091
	43.57208748	46.91170841	41.16687272	55.29412179	54.11769581
	49.35904617	51.49349341	-5.464317454	-6.279543514	-7.199796107
	-8.064275294	60.31555481	57.88320534	58.50464723	57.66527973
	57.94192973	61.04630346	60.43310585	55.42372691	-9.27449552
	-9.144876589	-9.490367301	-8.647145682	51.91394961	54.10842716
	57.74962587	46.55480659	48.5684658	34.12291097	40.94834135
	42.80379765	27.87145944	29.38843367	35.82243447	21.19862433
	-6.375723277	-6.523620328	-8.471178745	-8.518868874	22.53067885
	16.56300985	15.54205766	9.892828083	5.152575164	10.6093183
	0.6214968315	5.480795511	-3.197430438	-3.328842725	0.5823396685
	3.80576627e-28	1.718299928e-28	0.007445718513	9.80017766e-30	4.121639089
	2.195484975e-29	8.521017802	4.466333466	9.192717472	14.16868316
	0.0975149495	0.03957027798	0.007418828894	0.03109954169	0.2724472452
	0.1582961959	0.1707693459	0.09314939268	0.4167616385	0.2795191101
	0.2317296492	0.3492579861	0.4054458303	0.2983052219	0.4335527046
	0.3170053395	0.3002654906	0.08592470465	0.08529000299	0.24005431
	21.012646	26.46404103	19.78608106	15.10260829	-0.2731505657
	-0.8840374314	-0.6470180447	-0.1871273427	-1.753570359	-3.038459137
	-2.404084171	-1.376899281	32.71724331	27.86031034	34.3355871
	39.60068911	-6.330856133	-4.572512657	-5.363919721	-3.811609018
	47.4370277	41.29890716	51.59741388	45.62006791	60.14104738
	53.40871558	58.11232287	56.29734773	-7.809859804	-7.873967707
	-6.941105828	-8.608123184	61.88242492	63.16244053	64.10737701
	62.44747572	62.38719492	59.63293411	64.71982471	63.83489774
	-6.533957639	-6.453859775	-7.859249234	-8.247701641	55.83943687
	50.21610515	60.99674036	57.11488863	37.25805249	45.50814167
	44.34309851	51.45444768	38.38302027	23.61703926	30.70878529
	31.6706261	0.4290579796	-3.45708428	0.584387344	-3.564224244
	17.41551175	5.65664842	11.09312129	17.90604724	5.678757297
	24.41482033	11.3187131	0.0107556863	4.632460199e-28	2.110239553e-28
	1.401915339e-29	4.808977628	3.07352395e-29	9.77782626	5.104989516
	10.33140039	15.9995292	0.08647977674	0.03444259937	0.008953641193
	0.03565993413	0.1844874778	0.105801338	0.1327323177	0.07177522176
	0.2179168778	0.1394576992	0.1456397084	0.2116181109	0.07630167089
	0.06230740731	0.1787651498	0.132028726	-0.1195990349	-0.4806490862
	-0.3378436699	-0.07795560371	29.15048575	22.06169884	16.76029343
	23.01159748	-1.031242593	-1.910767164	-0.7819299502	-1.450381137
	-3.045320626	-4.51562072	-3.649510326	-2.442563041	30.21096047
	36.82543645	42.78186421	35.68514226	-5.948263779	-6.153056615
	-7.079617254	-5.058858751	43.93192913	54.86912576	49.9849965
	48.88603138	55.88933125	60.32781539	63.15373417	59.459761
	-5.925225105	-6.658666768	-6.246468013	-7.298870993	63.89828334
	65.79331169	65.22864726	65.74589124	61.83757842	65.05389657
	66.20353869	64.7299217	0.2108195716	-0.117401101	-3.706961363
	-3.664503484	57.88318647	62.11689517	58.10259772	52.21397462
	52.43775033	39.04322364	46.2270465	46.40057705	24.75672729
	39.17172867	32.2131585	32.20616219	11.22996477	5.417009517
	4.994284079	10.78784014	24.59739737	18.02579252	17.71201525
	5.515129599e-28	0.009239581059	2.539413621e-28	1.885670984e-29	5.385073997
	4.045235201e-29	10.80253202	5.620563325	11.21741516	17.44456112
	0.05708532974	0.02240277968	0.007162159978	0.02769525215	0.09574220287
	0.05464063876	0.07955003769	0.0428652717	0.04865568713	0.05892938921
	0.03449130893	0.08889658651	-0.2416478152	-0.1615594157	-0.04687168733
	-0.02867694177	-0.5618668208	-1.111621025	-0.8078768557	-0.4094762875
	23.79185744	17.9991826	24.41823633	31.09295959	-1.869375629
	-2.952488083	-2.282385743	-1.443755522	-4.128938641	-5.294074847
	-4.38005546	-3.370147096	31.74947364	44.76782643	38.28431498
	37.69880663	-5.512533798	-5.13357534	-4.984074614	-5.882271322
	45.27234135	51.01529969	56.46437803	50.71137786	56.60642935
	64.10826601	60.60484258	60.72731156	-3.699088204	-0.4351578111
	-0.7892933983	-3.601388711	63.79867309	66.0849598	65.26327848
	65.81844871	63.91914055	64.79159824	65.37209033	61.80576378
	9.093732276	10.09886187	4.366296252	3.68363155	60.83490378
	57.70198569	56.67171859	52.0529165	45.92724027	50.95835561
	38.68823109	44.82241405	15.84921181	31.58083556	16.93706426
	37.50264651	23.9408818	22.7181655	30.4177156	6.404817609e-28
	2.983873719e-28	0.005894552992	2.398718992e-29	5.828202332	5.032729303e-29
	11.55522096	5.993879919	11.81237206	18.43805906	0.02930552256
	0.01138339026	0.00435558183	0.01666039615	0.02355665852	0.01395146242
	0.03380841938	0.01830732571	-0.1096609748	-0.06794908635	-0.008865422328
	-0.01588159238	-0.5941986516	-0.4092261895	-0.2795020876	-0.1929335863
	-1.056429176	-1.775601478	-1.310309216	-0.7817922665	24.88038771
	18.75239533	25.14281592	32.16477863	-2.625560405	-3.612534771
	-2.057370645	-2.848964302	-3.80608262	-3.599108126	-4.309971084
	-4.435474843	32.36143077	38.60036449	45.40445164	38.60687432
	-1.26770609	-1.05007498	-3.159322034	-3.415503191	50.46157169
	45.21989265	56.27341634	50.95624988	55.52411414	58.92792865
	62.94421694	60.02380761	2.890298685	2.189991334	6.753251174
	8.017004248	62.46186795	64.06616694	61.55925252	64.14845947
	62.37915571	62.1028709	59.23759326	60.24065023	19.16389716
	14.36431074	21.17136805	12.80218854	52.51647372	54.88435123
	56.87978477	49.23426208	46.7243014	35.7784529	42.94613867
	40.58344345	28.60879072	26.50141409	33.3715378	0.002898704067
	7.243664965e-28	3.416994639e-28	2.893487378e-29	6.119683867	5.927265428e-29
	11.99619334	6.205740633	12.07939086	18.91747545	0.007680548711
	0.00305447198	0.001829599221	0.007150651705	-0.04223735418	-0.02266360998
	-0.004308068925	-0.001960079221	-0.2846194857	-0.1809871627	-0.07698540206
	-0.1219595658	-0.975702407	-0.6805520513	-0.5414074894	-0.3783105543
	-1.526851767	-2.252317024	-1.689629541	-1.143071785	25.24664443
	18.96432338	25.13048934	32.28445904	-2.62983426	-2.293209007
	-2.871847757	-3.2334669	-2.467241633	-2.818266796	-1.365163107
	-1.386429934	32.00349955	44.65497429	37.75945241	38.34319913
	5.607574192	4.418319503	0.9633445731	1.489314568	48.36126796
	43.79194793	54.31133232	49.61817632	52.68012753	55.31975817
	59.64885487	57.36340787	14.79397919	10.9998519	9.353645687
	17.11549151	60.16381322	57.37006895	59.58863268	57.17217259
	54.0536902	57.36677269	56.38137351	53.99975165	27.57209888
	30.72048997	23.89526193	21.31825005	49.36799054	43.79272598
	45.90583495	50.38211058	37.52121663	40.19292115	34.31707966
	3.808507835e-28	0.0007224345609	7.966933113e-28	3.307861848e-29	6.24142582
	6.599298856e-29	12.09273693	6.240446135	11.99820909	18.84656111
	-0.01156992043	-0.004221079919	-0.0002540612134	-0.0007051399859	-0.114851453
	-0.06306122825	-0.04224347042	-0.02194837779	-0.4782164824	-0.1537919541
	-0.30738007	-0.241612284	-1.27466811	-0.9011493333	-0.800087095
	-0.5640246794	-1.734713685	-2.130292257	-1.638291548	-1.318257764
	24.86559506	18.62108172	24.38833318	31.45131123	-1.199426334
	-2.065792932	-1.324029635	-1.71100457	2.554566356	0.2073534608
	0.5021207083	3.46109651	42.56859472	35.81515064	30.71072966
	36.93830674	7.631725393	12.68871983	10.49070224	6.208833644
	50.6219544	41.04894442	44.77154502	46.75138694	54.25875563
	48.1266567	49.86028068	52.77684168	21.22306084	18.45459733
	15.88817487	24.53333688	53.94870431	50.25030995	50.78438035
	52.8120576	50.06405474	48.63924895	46.54580752	45.96881432
	32.47038474	42.157822	37.81422352	27.16811984	30.6319474
	41.82065323	36.54697605	4.126015073e-28	-0.001104717088	8.509404268e-28
	3.575992527e-29	6.184112326	6.930999623e-29	6.096080267	11.83893485
	11.57762517	18.23530184	-0.03286901482	-0.01226808886	-0.002154218297
	-0.008291187764	-0.1967869369	-0.109131586	-0.08471904782	-0.04416827371
	-0.2322035231	-0.4161436764	-0.3627478678	-0.6400376197	-0.6676492106
	-1.260071806	-0.908590981	-0.9362201347	-1.049107174	-1.342894558
	-1.048884493	-0.8673920653	23.77171067	17.75235307	22.9621256
	29.71776692	1.308958344	-0.01387478181	1.891597949	-0.1258035034
	4.82359367	8.65921977	3.765584662	6.859459431	28.53949482
	32.82778884	34.45316352	39.20706167	13.22253456	18.28746102
	10.99941473	15.26371366	37.05990613	39.80781907	45.30848962
	42.42152768	46.45699102	47.09727824	42.90953269	42.07651079
	24.73167368	23.45538202	28.70413711	20.20764806	42.96473196
	41.86783393	46.02755828	44.44357418	39.85143761	41.39680774
	37.94116778	33.41584384	37.09546546	33.43078107	29.45869487
	4.339726171e-28	8.818342238e-28	-0.003094085692	3.648760102e-29	5.953540733
	6.855045409e-29	11.25614114	5.784495977	10.84302846	17.1212122
	-0.05745634212	-0.02169915236	-0.003971900592	-0.01641821955	-0.0668655964
	-0.1280970524	-0.268908091	-0.150812666	-0.6552834034	-0.433012955
	-0.2799496327	-0.4338124819	-0.5575432858	-0.5331776852	-0.702829203
	-0.7659008778	-0.1857640154	0.9162311811	0.5925246034	-0.194897712
	22.01286791	16.39603488	20.89783551	27.13904665	4.144166658
	2.792144429	5.457034827	2.09434429	8.804162694	12.74534329
	10.25995155	7.077630636	34.68654663	30.95435895	28.90599227
	25.54970161	16.88535095	21.28720683	14.13131798	17.79249684
	32.03386461	33.82749473	36.84663255	38.73970019	35.22632744
	38.94326234	38.98801888	35.09972643	21.76941216	25.31917227
	25.18952566	29.36329872	33.28018642	34.66696352	37.38327477
	35.58694822	32.54616647	31.1370612	28.52783572	-0.005435454222
	4.429698508e-28	8.868265855e-28	3.509045296e-29	5.563732419	6.370639079e-29
	10.36974425	5.319188918	9.818336904	15.54062038	-0.02442845669
	-0.08029679706	-0.03081823351	-0.005534383527	-0.08140464279	-0.283382346
	-0.1613911336	-0.1551874441	-0.3695305526	-0.3989534628	-0.2735637262
	-0.2419774567	0.3900198462	0.2328162751	-0.1777153164	-0.1481421122
	1.064248658	1.481154404	3.176054465	2.305848736	14.59059306
	23.81182809	18.27442153	19.63854847	5.44246962	8.294729573
	6.42575685	4.219764476	11.41443623	14.90418884	12.06261781
	9.263178153	24.34298309	26.63108263	21.90574235	29.33963431
	18.18839062	21.63237576	15.24347826	18.06677996	30.55969747
	31.63188492	27.48013828	26.45475807	28.01528374	27.70522165
	30.78602158	31.26271998	20.95266595	23.2859235	24.4230298
	29.03894033	25.358334	26.81358606	27.23662558	8.669426832e-28
	4.392117204e-28	-0.007805861834	3.171747606e-29	5.02757762	5.537289971e-29
	9.20494846	4.713400802	8.54357628	13.55495865	-0.08718156648
	-0.0342472233	-0.006432265669	-0.02948407496	-0.07204849976	-0.183962862
	-0.1079801184	-0.1358128259	0.141660541	0.07548381457	-0.1101590251
	-0.07760275511	0.4843000273	1.694100769	0.7123184672	1.164279219
	3.103701793	5.014548346	3.718301699	2.306639328	12.43731706
	15.29132842	19.98734609	16.78110662	7.209241551	9.810036907
	7.658080872	5.651089818	12.35051751	15.14146205	12.27539697
	10.0591003	21.90212242	19.62908958	17.96136273	23.74415458
	17.48702475	19.95811115	14.65458529	16.64989704	24.78450385
	21.45527674	24.28481888	20.95515916	23.38243163	21.5211135
	20.98111129	19.94606539	24.08472737	18.5424462	21.64920833
	-0.008931349416	8.262445021e-28	4.240531083e-28	2.680172946e-29	4.366386741
	4.472458393e-29	4.001331791	7.827447086	7.116303793	11.31590941
	-0.05988476503	-0.02447582039	-0.005698198235	-0.02619426779	-0.02562093234
	0.04063241084	0.01743005852	-0.0462762645	0.8086123492	0.5130893911
	0.2998467532	0.1868630246	2.781298912	1.950807023	1.604745537
	1.12618537	4.210725428	6.019189314	4.501073379	3.163541714
	16.07413795	10.14572697	12.26559509	13.71861229	7.867460166
	10.00522393	7.834994774	6.195850489	11.88244872	13.9490449
	11.31095057	9.689382382	15.24857179	17.29537813	18.49082467
	14.15148435	12.9491046	17.07282063	14.23064465	15.45967189
	18.73093212	16.02462566	16.18479503	18.60608233	17.88163191
	15.95769914	15.3004054	7.698272225e-28	-0.006717287209	3.999145047e-28
	2.107697194e-29	3.343686125e-29	3.630972201	6.371412222	3.25220661
	5.686773423	9.060014122	0.006772140067	0.001102246035	-0.001912577389
	-0.009453275272	0.05192551951	0.3254638248	0.1786155184	0.1006212762
	1.377226809	0.8901612376	0.7220082048	0.4618828169	1.579274439
	3.391197822	2.228513008	2.398070139	4.643176165	6.177236984
	4.636715687	3.505351005	9.495066489	7.963284649	12.46516482
	10.78482859	7.592343077	9.22374741	5.990274214	7.229504928
	9.657227994	11.91553766	8.559078245	10.4971374	13.20259577
	11.47496922	13.93113064	10.78903048	11.86133264	10.67195981
	11.371623	12.74818354	13.78140305	13.64917134	11.78676454
	7.018011443e-28	3.691043592e-28	-0.0001503386425	1.545034079e-29	2.3192592e-29
	2.898144228	4.99279771	4.391362282	7.005320883	2.545702534
	0.09334929255	0.03491492111	0.005010274573	0.01923239843	0.5724922523
	0.3194086116	0.2553347948	0.1343287514	1.70400186	0.660025193
	1.109328155	1.023752985	2.488047354	2.483572752	3.504983216
	1.767890562	4.500174973	5.705299906	4.288137422	3.404618165
	9.373409057	6.05865917	7.134597602	8.212404847	5.292223286
	6.165168383	6.706979195	7.870996255	7.042086623	7.706330708
	8.644884436	9.516505475	10.142776	8.449529323	8.215039661
	9.767309633	9.81798555	7.979350688	8.353042144	6.252786965e-28
	0.008831472578	3.332279523e-28	1.06498683e-29	2.236521655	1.502240569e-29
	3.795410695	3.29654991	5.261619044	1.93407137	0.1691227406
	0.06460444101	0.01277141037	0.05029078835	0.7170937017	0.4024128478
	0.3681587424	0.1947937485	1.773456499	1.158595031	1.152234611
	0.7455757588	2.418863143	3.245484228	1.725520224	2.307537934
	3.009758463	4.862011691	3.977028469	3.651679735	4.479513198
	6.823462177	5.193991606	6.072459982	4.903247163	6.272762
	5.51040272	4.341225273	6.648352413	5.685590068	5.820234682
	7.068104378	5.406985183	6.958291922	5.718194944	0.01669490727
	2.937768494e-28	5.439056539e-28	6.977454482e-30	1.678779185	9.110329712e-30
	2.806061855	3.831258784	1.429936802	2.400754283	0.01863136428
	0.213821865	0.08207507743	0.07349840333	0.7508165253	0.4225155694
	0.4179608957	0.2217706912	1.077904694	1.127882346	0.7312156314
	1.64708367	1.963042934	2.762089066	2.139945128	1.527480801
	2.459565472	3.255978639	3.857417999	2.887803785	3.619518864
	3.193852827	4.754677888	4.328155329	4.645859739	3.619822216
	4.21935576	3.312832317	3.819475635	4.705887382	3.843390284
	4.623984853e-28	2.528536596e-28	0.02117469079	4.369313644e-30	1.223045975
	5.104056627e-30	2.001571487	1.020375978	1.673672869	2.670426863
	0.2248261202	0.08640151491	0.02128985104	0.08419478956	0.411195027
	0.2185612857	0.6994534543	0.3942531259	0.9169187701	0.6486727887
	1.400864602	0.9997374224	1.745617512	2.177313994	1.244130187
	1.541832986	2.109417355	1.858456383	2.835577302	2.472624937
	2.92442469	2.418233295	2.368422232	2.319518257	2.969479139
	3.115982067	2.157443452	3.853886994e-28	2.129409821e-28	0.02213847513
	2.600452924e-30	0.8529419599	2.514978753e-30	1.351744161	0.6890560139
	1.092398257	1.745288406	0.08338105811	0.02099886179	0.2099954164
	0.08075187512	0.5951072461	0.3356723253	0.3654951924	0.1944999599
	1.096834131	0.8135447835	0.7157847811	0.5274061816	1.310843556
	1.579394462	0.9289525021	1.10828837	1.348989282	1.278798649
	1.71728828	1.387824438	1.423192859	1.88325405	1.83375895
	0.02054836612	1.761240622e-28	3.16136907e-28	1.444787673e-30	0.5561918044
	9.340758534e-31	0.8424777577	0.4284124326	0.6492253753	1.04337233
	0.01867050681	0.178902631	0.06883967686	0.07449187097	0.4634571342
	0.2609782071	0.2972899401	0.1582253774	0.781483022	0.5047922105
	0.6038634072	0.3894391664	0.7654367055	1.027194572	0.7086582264
	0.622502347	0.7599547247	0.8902505367	1.04228029	1.436346893e-28
	2.56178285e-28	0.01741048546	7.291393888e-31	0.3289276801	5.784944987e-32
	0.4695585744	0.2366485231	0.3387495448	0.5535690346	0.01514495713
	0.138937964	0.05344563304	0.06078139931	0.2186586166	0.3238682141
	0.1159703177	0.180724061	0.4905017795	0.3978842476	0.2525121771
	0.3720091382	0.3553393126	0.5212588632	0.308954495	0.0134215276
	1.158898156e-28	2.056842068e-28	3.215667304e-31	-3.495690946e-31	0.1690509513
	0.2235297751	0.1097496097	0.1462093853	0.2492131026	0.0109959904
	0.09549177444	0.0365181958	0.04458378527	0.1932520297	0.0727451375
	0.1045263836	0.1393723001	0.2186682149	0.1331684979	0.1489569718
	1.640016058e-28	0.009045948644	9.275143675e-29	1.155875558e-31	-4.749269523e-31
	0.06990795802	0.08346751121	0.04604571236	0.08753402659	0.03785480816
	0.05362744154	0.006694817749	0.0277102571	0.04293737793	0.01991675281
	0.06947830846	0.03415524508	7.378231164e-29	1.30086815e-28	0.004733707236
	2.805824135e-32	-4.551337573e-31	0.01914266247	0.002530175407	8.096873298e-29
	0.0001740894794	1.027827101e-28	0.01994457174	0.006531275997	0.01963052833
	0.007410222562	0.0009923437068	4.610262041e-29	0.0122135059	0.006078830321
	5.842419244e-29	2.031679603e-29	-0.000134445496	-2.971661861e-31	1.216361949e-33
	-0.0008182184289	0.001153303049	0.001486476266	-1.811817756e-33	-3.7951912e-31
	
