3072	
	0.033160081001913616072	0.020670088483132856294	0.011475554559898095558	0.14629021079725662569	0.14572298105001832424
	0.12974189191347981764	0.32069122716080866731	0.40340322135277850712	0.41224646161330519289	0.29092295160672382304
	0.45248436813927989109	0.52873688633398663317	0.27095241652898977014	0.36281779374986805609	0.38801352802015509624
	0.32463887050586220928	0.32449859647000345308	0.32125272617626277061	0.27842897386489989797	0.27433362528754273724
	0.27305858662923027103	0.17612610277629592304	0.17634103265066103372	0.17697011543963575564	0.032021177962620411828
	0.021031615451514804743	0.011475554559898095558	0.14646070377657632866	0.13101079567474654963	0.11757588749767879099
	0.31896635444635640377	0.39067335260155722221	0.4011954303373160835	0.29523829992942557388	0.45318509563648518013
	0.53258460508932636834	0.2723532060922939646	0.3627514329591124409	0.39332231520090071841	0.32215226591658857602
	0.3250885355966008361	0.32365860286223063769	0.27724742684351388888	0.27309703974478349853	0.27244053143175794851
	0.17638909402434960194	0.1767516282788874904	0.17711811134060675976	0.038542801255370184865	0.023821778760259298274
	0.014634835780120746332	0.19608327458768684548	0.22310017906795479026	0.21783932886668691542	0.23690755916828115657
	0.38007399290895249599	0.39538952325440207547	0.21282702286458396457	0.331066419388785671	0.36680077904817481871
	0.21372437192312807031	0.29032426295632135504	0.29747744822127902831	0.2686688763565920901	0.28428301036086028875
	0.27644502297610662467	0.319982821051115085	0.3080628528183818049	0.30474663864336770658	0.2828589578898279
	0.28196313909077463933	0.2828741590936272865	0.039242453882047410862	0.024401681871345611702	0.014591821543253049795
	0.16317132626145888774	0.1451464817338395108	0.15225205520788728797	0.21073072700026265758	0.26611734695059252598
	0.3268430155998604536	0.18365394777260765635	0.2263712211817269504	0.29635652861352923537	0.18741986841313412748
	0.19331187445513170475	0.23068479159069407713	0.25203427953626839075	0.2279092342217254874	0.23199037840092120999
	0.31240307289856450446	0.29791074364274805486	0.29414107024862051754	0.28384316651350338656	0.27897844721051823225
	0.27958045186758240241	0.04187709093274413763	0.028062948222412280319	0.019239761802841457566	0.20790443827651070019
	0.17548306719455206149	0.16263684138381495625	0.26437096349558580899	0.36638357601258531027	0.38054116107558244586
	0.25930107797932477887	0.37545747186502509418	0.37942235418413899906	0.23637634206525304226	0.33459782762791129285
	0.32145980098702431338	0.24383669696818874306	0.30764588951924776161	0.28953290974133799596	0.34894264648246187122
	0.32982471544272939923	0.31756465574497555471	0.52709226882794479874	0.50393201355139216613	0.49701501112238988256
	0.041779611121943123486	0.029019648152006544822	0.019190187357336661172	0.20773200129986130191	0.20159546679964462923
	0.16257368092140347948	0.2088720270757076225	0.23593097914856039909	0.33741446856154860834	0.18867127655026988409
	0.19298658977435526052	0.27231955986222394772	0.18790638508692469877	0.18438320982762168576	0.22739522561329206241
	0.21780761267368731193	0.20742764053313370032	0.21972049632057735757	0.33865016542957065981	0.3160698823289332382
	0.30212845990978304256	0.52465567599178297709	0.47824231657987764654	0.47139151381548533015	0.044615951476818405119
	0.030618292107251639939	0.022663309727555730477	0.173288325118851394	0.1476841057455648698	0.13250629151121223748
	0.35966806165107528814	0.43023966702416438501	0.40810693227537880867	0.49619191922472544176	0.65544115297402405496
	0.55686863047572943142	0.31346395043608243913	0.47947516286953706377	0.46449755571618828176	0.23446321098745170897
	0.31654017963585151518	0.31178853144651913487	0.27852902485595931736	0.3236339954321375556	0.30729014183404440574
	0.44485600494951860195	0.44138988871706080763	0.44031991388233793217	0.041447754273926835922	0.031511205394477721786
	0.022507785288571335869	0.15582384318212907925	0.13532446595999214622	0.10540071993882615953	0.26552934806985023508
	0.24815948937492876558	0.29652759839821513088	0.3111663958872926683	0.27768007689365337143	0.37189427914500200467
	0.23497126963904177432	0.23970003791882418809	0.32672633455264038504	0.19688132005197170327	0.20605481312124576676
	0.24257855049700283168	0.23817685015193904019	0.23092698907301106859	0.25026732321264927306	0.44655010578016729461
	0.47068254860839853215	0.45406198815947840242	0.042826226725119674599	0.029934770572596955396	0.022526885173108888299
	0.16402091513450636762	0.13222842610316867806	0.11860821131000519324	0.53735493012571478033	0.52675008964174296899
	0.48865374365276115221	0.52789510850686827137	0.87555342798258584125	0.99706512705554939391	0.2669677542579840801
	0.39999182497462765218	0.49991150751581264755	0.23488645779770836453	0.27840595116339750259	0.27477201192006278641
	0.29702523430858507325	0.34263658665090995781	0.29497392640634773064	0.50192173086382274594	0.49843303186184545472
	0.43794809105040954922	0.037611644679359783339	0.029511260029348021505	0.02206999308787543565	0.14369490777633001088
	0.10870001979519455793	0.083806079437072786287	0.43533730680980320393	0.32194874358828767802	0.31718216421249212367
	0.57015566302399700582	0.64234185724242465199	0.69863450147903904952	0.22203256339274063391	0.28901751111959056439
	0.48413451533476620225	0.17937388665418968481	0.17727022848269188837	0.2309256504792601139	0.23156181742495302034
	0.19471432347878520064	0.21179282922797368349	0.44254270822995322998	0.31302959058855456265	0.30803413467500467826
	0.03611542807544150524	0.026131407076009555146	0.01888672562720439263	0.13883221386280900078	0.11610777457226081899
	0.10483560255853550947	0.15892524391943638196	0.23786359478940466428	0.35987969722537294093	0.16144394082156218739
	0.23783214637880026321	0.26923020705199407487	0.21140580089771110472	0.23085000201833158484	0.23318871748798311594
	0.32063176958557343399	0.34986210359318942187	0.29909470712984620455	0.40149309614226735832	0.42329110299426370156
	0.35124390633986118937	0.52170922251970452965	0.52443802136243045098	0.47741095065548633247	0.030480729831882689279
	0.023527473717544811899	0.018187316298870128545	0.1335993949401485803	0.088636432217193208971	0.068580896986947623151
	0.22297042050212109721	0.36653971726268724796	0.3658788773382926629	0.16719947662505799113	0.27524710590264633847
	0.34387457546388744412	0.15793429403677483602	0.16124250296138611938	0.22367515306055738011	0.22457393693157559622
	0.17581762954946719701	0.20227602746677120216	0.30556912927818929981	0.23036554373802553553	0.23638529040412620263
	0.46869218292631481537	0.33032750662964899258	0.33162876472283436824	0.033614000955747770638	0.022736560709192613766
	0.014397036273211684387	0.036620838239203666598	0.049299415536109121583	0.073962876950907904816	0.054754234882713088972
	0.064857797421880539201	0.071457539420404392327	0.12205554709083329956	0.13033394754065233401	0.12266110207009277289
	0.42818512584026929835	0.40623510134736717792	0.30488234999578173179	0.39227547701054898965	0.43955697199087789828
	0.42737742540457901441	0.34699866994289135791	0.35388374640187597597	0.32897417519362381899	0.3050793723729463558
	0.3039258721957215359	0.29748398424305538823	0.026025560393464371861	0.017874181521444536258	0.013703434664334775139
	0.048872021308720446642	0.059468841073606885927	0.060114149329513345832	0.053595606933712444664	0.071970910323703868317
	0.085558181312084827241	0.090444741779966489337	0.080314686148248187747	0.095814720270283815218	0.2839144747712855632
	0.14643190955419954635	0.15940675546805982421	0.32058798266345794881	0.28207181817129778345	0.29489867761347116071
	0.31464948560969452362	0.2610831271279411836	0.26045913915987284337	0.29744737079355859644	0.26922690046851088796
	0.27073671405103566512	0.026081709978889141416	0.02059468760670091908	0.011372892625338453659	0.036988492601885927802
	0.047611326758148352079	0.035337165388976868319	0.09176166464910705256	0.11581541596252092896	0.065372605592260865648
	0.35983599513479264109	0.34778401487760790545	0.16040483803922847561	0.71032450548600811757	0.8396029205864445899
	0.74637207194583388148	0.45616391302070036229	0.49219905573046829339	0.45488338524538612928	0.29585012018348766372
	0.29909163201370886354	0.27535851687821211176	0.18184114279643082135	0.18184114279643082135	0.17805702557504510253
	0.019232279905152388499	0.016143240737612869762	0.01103677876979348299	0.022165880504991228306	0.01885599967161440127
	0.023129677249273526696	0.052877863462511276449	0.0342410842367613516	0.037271103635853279623	0.20942559217141329397
	0.086969433336341273044	0.081277584331573421439	0.54822673664894805423	0.37964147265364694972	0.36194747985337649698
	0.37942940004710373758	0.33292994820287602487	0.36761741627333216487	0.27354198273085483795	0.23529186461872786396
	0.23428507087406219567	0.17904027909871567115	0.1718019393498670111	0.17074609212823460558	0.039225430588571891244
	0.026469205958886261182	0.014864388690294735515	0.14138741445528396623	0.12542192102523042063	0.10649385461342143755
	0.21136434174768606309	0.25631654308927981356	0.29857754535057251521	0.18530093030637645457	0.23083430211645836194
	0.30437203569352505594	0.18379764354522074021	0.19420494275299080011	0.23331140392523838645	0.25021427461496947853
	0.22686557221817241214	0.23137781153063938233	0.29152013361235007416	0.28775944594660929354	0.28544401275349440272
	0.27699704131606611712	0.27148197839262233622	0.27199173748929655892	0.039892107015998025388	0.027291514078124901738
	0.014890603307256800383	0.15745024159164419664	0.15643791037052659498	0.13295712702168957509	0.2433985299158661908
	0.34241049657295896669	0.36069028614589015991	0.21632227051185110023	0.33306608299192702605	0.39445693570977719
	0.20887205050468038436	0.28376936767400662287	0.30678934358080200973	0.2729979459794499852	0.28693309782769960137
	0.28135347848297331819	0.29834039882991841841	0.30988364587482142287	0.30885054865893701859	0.27784218216226541642
	0.27684158926283408686	0.27635597982965776076	0.044980459693589422421	0.02764443924954496784	0.017087535037355987277
	0.12020510338437474795	0.14270641369770739604	0.13694248943700348953	0.12090367094445662877	0.15365306331732411782
	0.18013232764310602163	0.11792617021568949087	0.13540967368568121443	0.15644357639146583283	0.13452414467779502671
	0.13702895340780266165	0.13617817205580728945	0.17824014397146509259	0.17066503387096143562	0.15693221213185340468
	0.26921543163748851146	0.25232413222225574811	0.23324239169604193966	0.35975936203027553129	0.3414118287163748211
	0.32816369091975394756	0.045952812424405346803	0.029183101453764223598	0.01716369201648970666	0.11787632347116888676
	0.12546210670409072008	0.12403740216468588098	0.12319534547919894218	0.15510898383691307245	0.17962404719630481464
	0.11743864634921179213	0.13677470076430159329	0.15892965631967945206	0.1327350808312156849	0.13365004584312151215
	0.13542196700995737246	0.17731333476163099738	0.16888829199190924513	0.15590042319378061286	0.2614613808843861964
	0.24213213543628384072	0.22965212028562009827	0.35569427887416787959	0.32531972796060543152	0.3139786096544032179
	0.043492346022370925729	0.029800221589182492726	0.020922426895482286457	0.13540780884625036595	0.14591395411859106601
	0.13046526130243316088	0.13233565048524920105	0.15789150421049372164	0.17102883154158282641	0.14285908837048516551
	0.15851361294962409976	0.15446751234566533095	0.14754233938315861052	0.15741668584427639943	0.14930158955467687232
	0.1461561000997201043	0.15474678073160916258	0.1499191486153186037	0.19858933397730171855	0.19442253996916394887
	0.18945711205680768052	0.38572989368578936009	0.39417289117242776397	0.37346937209756081444	0.04693440960348239932
	0.032404913814842541131	0.020988326397760097286	0.12816937115820462023	0.1406062373440662705	0.15015652651684513463
	0.11964230308826548366	0.12697357630735484069	0.15132173727396577845	0.12976894174945075022	0.12684524552686882171
	0.13594520118339811776	0.14027968169864449277	0.13620278461529081171	0.13565104236870509369	0.14259024631169248121
	0.14508789434113561478	0.14422709067269545713	0.19987893773317438884	0.19438627304685024422	0.18714202680360769726
	0.38513382507703353141	0.39987032280950751684	0.37295971888012302564	0.041216070917821971686	0.031178296406258819429
	0.023941437828876144245	0.13281638108169580015	0.11367896451683358328	0.090542695605899101152	0.20802531391182318976
	0.21204614581312788979	0.19004617991100808405	0.30073621816797924122	0.32825255026536809266	0.25377542255328583432
	0.18909161538880198128	0.23864432015863396019	0.23565081127469331146	0.13694624135722058278	0.15225914697136450071
	0.15713738440569874344	0.13528525527833273889	0.14558749163347067812	0.14410041142469046105	0.27661044358523090292
	0.25046384045178521349	0.22140534639950826268	0.044473330374605463122	0.033384976979960762078	0.023954963853691911557
	0.12794280598721974318	0.12760071357035804307	0.10774602405782376935	0.1727094025908882946	0.15775880223457700025
	0.16711103896779513911	0.22333305186808480314	0.18666477562878730501	0.19467991629462169656	0.17333712426675912388
	0.17573381240416202642	0.19071275169107793079	0.1285486344476842735	0.1365575460259919327	0.14813833901890757772
	0.13021218444221310806	0.13247931304404708674	0.13762238033308041296	0.27683608324504127562	0.25042313860009790538
	0.21942823354399360047	0.036372728644170904122	0.029058274985874384122	0.023176640781936055924	0.12954031258174505958
	0.097289484530384301442	0.071388654812933674543	0.34775848377536006106	0.31027621845577607607	0.23096017390451989426
	0.38361716320154742865	0.53312677393888341371	0.6042255426211288194	0.15174799367764138514	0.19585849335143554195
	0.2865999226903349073	0.13236333690285759235	0.14237321889398096841	0.14183373024367679216	0.15457120651091810215
	0.16343707161529522076	0.14337094229888397434	0.32033141342132193108	0.27437356131732354436	0.21709896755934082746
	0.038378798476667579098	0.030049527257369857552	0.023175481231422687817	0.12163831143146033864	0.10414955887774157706
	0.077795842845321733217	0.28474397816301477704	0.21254149525818721855	0.19191785087572418855	0.45938037953505589384
	0.48824792753054735428	0.43940192679899220396	0.16045514104080405016	0.21327571165151104626	0.29661030211656830291
	0.11510750508014959415	0.1222254744850525543	0.13772504778927069369	0.1270839380129712981	0.11120352135498870472
	0.12051258211428429734	0.2664691362315986245	0.17972479043835831725	0.16652053816927145369	0.029133457593139195502
	0.023747293485727977852	0.019006033653507007491	0.11911701852064449092	0.080953896806385761131	0.057214575237313727851
	0.17978871806049709359	0.20068868007123008557	0.26994264516165888956	0.10373421408763412732	0.12154216787605198746
	0.20432345570003337953	0.097491812463443974779	0.099985148863551503995	0.11330528912996197521	0.18165618107785361235
	0.17884836668448314545	0.13558268439131598848	0.26381496841931384445	0.27484081328306864123	0.21232110450206428953
	0.40632982613529422533	0.38286479364246439605	0.29237725715747514554	0.029768405698531161252	0.023639514543032199428
	0.018985194176879660599	0.11463464724346116019	0.082739530351604320679	0.057791498304927468865	0.25896628661334614163
	0.278913644975795183	0.23798606623832757601	0.14468104054426986216	0.2473525589426915916	0.3016393001527707951
	0.08851671739550387441	0.10884325145666924606	0.13248658921132941413	0.1302372880566614044	0.096001885075309600914
	0.10250532250956620461	0.19889028136504349753	0.1385022425451741257	0.14652026896805286915	0.34104559499601072581
	0.22175923258530091942	0.21040177139354765412	0.026751633428583849322	0.020330236395604942695	0.01491063442489256978
	0.04464157164736901745	0.048778173175261174688	0.049988190686937397644	0.045650873667212141238	0.046746419375745112967
	0.067130104954363001291	0.065190767108986261147	0.06058573201260586405	0.059950191320848299215	0.17644602769576200885
	0.15596358748671385053	0.096670592973850583141	0.36107718030974361723	0.36897168803986168939	0.29500206686396646116
	0.30903072823661564827	0.31225382863200895622	0.27140676908040473059	0.36110587419798961806	0.34986080820352932763
	0.31058145663302105799	0.024826379383329058581	0.018529624534641939843	0.014778249367608485565	0.057547936049028185213
	0.061161102616038395818	0.04683192808979443067	0.05891743800043298257	0.091444526031316752945	0.099510614249363249506
	0.057124400660908472571	0.063866101388131452099	0.070665884956419622309	0.11585980438146568916	0.072410371913665533272
	0.071134046527623714939	0.31327582496859124328	0.16479920185596105831	0.15360202185144192222	0.25990248709872521005
	0.22168406167537135776	0.22975938173775886653	0.32817273829637577665	0.25180981814006614394	0.25126526362648254898
	0.026442629545374747579	0.020731493842437446334	0.013306499784380589405	0.031000035722739547467	0.029891886364059632591
	0.024787504837621831405	0.065659971557811058762	0.061395527289533041726	0.036452857534534338635	0.17258561305596514801
	0.15134971940176281113	0.082197936368109139615	0.5718999596481111336	0.55190448241355560821	0.31985410235293071368
	0.49690733735239356328	0.50461615965664008421	0.43516130587025431131	0.36497187782398282652	0.36089116247596880749
	0.30493180215292825519	0.30583405362531912441	0.30316886231573447752	0.28116124156653404809	0.024120687971491996254
	0.018547016701980931219	0.013108205778190251331	0.02331156721012493313	0.021511087656412748725	0.024349448543088524771
	0.043814972702559434881	0.030979441790310362215	0.029831323701085717126	0.11084819801606542178	0.062254715704289108336
	0.055563211442700745357	0.42734635204123866403	0.1796678479707313203	0.15664816269304332463	0.4205121646286434367
	0.37013894026744953436	0.38012978597814678361	0.31219144407195792423	0.26295082494012966823	0.26217900264236720931
	0.28667635235590033238	0.24648545557202028444	0.2448459794252253463	0.04991209318772183573	0.035412352371446249866
	0.019809032532376303487	0.17600095984551081263	0.15503297889721417979	0.13810178052998287046	0.20833118393429128634
	0.22879010542144689877	0.29896595465379738332	0.16925630341388278599	0.18792944934812258473	0.26450439717310592069
	0.17862425512798799088	0.17060396595739932279	0.21155604077729214807	0.30241179950660934672	0.23153767216108436799
	0.23717967181412061284	0.44121990467814214965	0.3706840379742193381	0.38001152461422516016	0.5211174240415045178
	0.45032490645307732269	0.44612191554024371865	0.050305267746040958909	0.035929374779117180527	0.0198042482304516404
	0.20972359574271010052	0.21310150831523480552	0.17689689537118688523	0.25721558413670569943	0.38577023521615505519
	0.41367679331700146772	0.21161212568533813161	0.32043642080041556675	0.37255244836688272692	0.22348757033193403232
	0.29222098547702368698	0.29128659370852599819	0.38971827029037220402	0.3715657897423014222	0.33385065451882645071
	0.51529024835552672545	0.54160224853170568782	0.5017449557321103093	0.55350579751672290829	0.55214296106028926125
	0.51615312449357997338	0.055819652484652398927	0.035367958161097501346	0.021548375452911803368	0.12511384684221943386
	0.13945184621448042384	0.14957877543743294813	0.11383757961416979265	0.12428585562035653067	0.14860781904991671176
	0.11796950142854815968	0.12051270185890211595	0.13087325608017050249	0.13382240089331604027	0.13042313669776975371
	0.12717889396939402458	0.16356010179414687267	0.15120591570133201653	0.14829653385129989984	0.29357428378755145992
	0.23196153876070069177	0.22309973596809073992	0.55553145135901904617	0.46735732979715516322	0.41943370313873112876
	0.057036795021376214543	0.036651405582593582499	0.021546271081824268367	0.13271149117241134996	0.1470018156058452985
	0.14785968084316372662	0.1208044278591054177	0.14881532272644598658	0.16490224959148772066	0.11950098131248786115
	0.13074913951973540782	0.14032418313254430009	0.13788895130583486703	0.13617292696294891474	0.130629740905331998
	0.19230998347021266426	0.19233480074877642996	0.16302729215039665767	0.34115987350463755634	0.33396683528823334353
	0.28006617563240560065	0.56641037388640180783	0.5393753738367170758	0.46072863601294145042	0.051382873185232560975
	0.035756511238516586193	0.024633986747590888577	0.14231910724319349337	0.14549383811928778831	0.14095561987867821774
	0.14671286472381955823	0.14359799756626154266	0.14602132489652194791	0.16777713730772306211	0.15753164066527577947
	0.1485428990177062869	0.1662496331492820667	0.16251760332667453124	0.15483285735582105747	0.12533104316580137572
	0.13405338323807378109	0.13796093287255617454	0.1609507941182136137	0.14081318231830922127	0.14287321958793802734
	0.42056585693876602505	0.31687198110797210049	0.2874946435851485349	0.054796424516321343146	0.037965651899264103719
	0.024640311427962188068	0.14432514534807117101	0.15545765937991767869	0.15859913125261140832	0.14102371884788028611
	0.13700099726476433482	0.1442954699645036809	0.16043943654110778829	0.14567527479293673753	0.1432142290397361295
	0.16049177207598636086	0.15331565997084872777	0.15035913856466232019	0.12877168065364222316	0.13474741929700295717
	0.13565637431806179536	0.18918405626622639137	0.18569265606186488582	0.15873493434463165075	0.43598909578499578377
	0.43953775167586428552	0.35242481988601964682	0.04786250353495294374	0.036090263827569038502	0.027173614073200607483
	0.14435459972736694456	0.1278295632192470721	0.105267607654691564	0.23102971764077129269	0.20138714853720068865
	0.18016337501067694604	0.35389555185848725616	0.32143429628413494603	0.24077223719433502036	0.22741955631756938239
	0.2410571272595620762	0.24082185947561057793	0.13021147860034623656	0.14118277900722775442	0.15441211985375741245
	0.11208896512742479168	0.10976542333772892901	0.11047851737169525621	0.27349070001497888249	0.18969196714739700038
	0.16426073261453841279	0.050290180533188760803	0.037690025775965453614	0.027176025185736699813	0.15017733539187838598
	0.14794611814499522562	0.11809083674449560863	0.22275677753901085287	0.19888020737008646477	0.18214085300368634823
	0.30511525424199109624	0.25165652301121577139	0.22447814034068894196	0.23440792167634955101	0.23657507072980304974
	0.23004279607832989196	0.1298940885045862248	0.14501289783724144455	0.16018351741324921012	0.11752908220895556812
	0.11734395726078937494	0.11157897085936258064	0.30182829042305814315	0.24408577320740598715	0.18879993430593086656
	0.042888821634044123343	0.033556112113080835413	0.026400699943092652278	0.14242817327623230605	0.11350444990925805111
	0.084829305949268879461	0.3582587131486832388	0.28868919229308220853	0.21891904524821217959	0.49243024166714666201
	0.53549294460787877359	0.54457919915912411657	0.18759794389155176608	0.21239005820572090522	0.32757185726672666259
	0.10538714412774483065	0.10879866708639805706	0.12956341365277285194	0.13035365176706323331	0.11664707187141613864
	0.10427244394974240216	0.30786438455219244936	0.22113403781238599732	0.15395955077046949433	0.044122242865716511384
	0.034302376958385297212	0.026408365801026890268	0.13956805150074783062	0.1206280726765813216	0.089202582304224078968
	0.32801907045474332225	0.24981691431401870096	0.20860634530141883292	0.67464068063928572805	0.61743603076814712605
	0.47665302708996676317	0.24138253493231809355	0.33838114152306525417	0.38219362438599213672	0.11212503093392990616
	0.13535430401875664375	0.14818033196357086045	0.11995856900535133149	0.10215374293274888384	0.10053040794917662837
	0.27359188460675454291	0.18617743503296657614	0.14008705550894556824	0.036012338785460160095	0.0284150983732278338
	0.022610314827426435808	0.14713002088481644258	0.10166998448163927504	0.070327628313857554199	0.23264257314206890359
	0.27487705251014754593	0.28823915965321311727	0.13176712080605851307	0.15314263252340065691	0.278640155366370601
	0.086594938985324068637	0.087438057338209196345	0.12451387623110439506	0.11863771875650218346	0.10375090908131717748
	0.084385781562244868703	0.25214777186065662207	0.20836750457882730059	0.13947656804743366332	0.45258050275008299135
	0.35652400220726288005	0.24119799694117644018	0.03618322016804847302	0.028494621401260401133	0.022616089983012083869
	0.13930369275026269205	0.10066891248411195814	0.070896426406358376004	0.31578755040611017346	0.31671950652701585938
	0.26121221428879520809	0.20431042361414528119	0.34754039845819800769	0.37651031978523863408	0.10107130492084483164
	0.15305019848926557091	0.17240746218544958368	0.098328571943631010166	0.08520121188472840057	0.086348483171741499675
	0.2036211950159970141	0.12589562004736090661	0.10699127324198516586	0.50006037619799492688	0.33075196829981934332
	0.21427286912434395649	0.036003961094641052931	0.026145007875561340066	0.019178356980012269822	0.050630437299399290441
	0.058806477906985267501	0.065330688647332338381	0.050816853115651546002	0.052535651420540972756	0.079187743587366993259
	0.063171329680914850568	0.058883912852155891049	0.065990558412369226815	0.13081948507150303884	0.10633577045962933072
	0.071508497634675108334	0.3397267130469787122	0.29272354380041087918	0.15693553515415065158	0.36094231855075981086
	0.34356475111186107751	0.30370278198599881536	0.47955774475187085137	0.41204283909489414217	0.31478732383122481897
	0.032675302702974091951	0.024410209556067853642	0.019118173339908724889	0.069243645345081220044	0.080000008519552412434
	0.0623437326556457172	0.065683733864305912653	0.10524680643690347004	0.11693622467759015593	0.061599318321235101148
	0.076322807545916970806	0.082952536412948030264	0.096594115209149608581	0.070259265910654733478	0.06810858406250409891
	0.23883228051136529135	0.12992558252601463242	0.10687257710569537938	0.35107721456305668317	0.29571016572248676191
	0.24219888584777846119	0.45694358874060192477	0.35046207298185733103	0.29444028727245813437	0.033244721888338352178
	0.027354831544259942261	0.018229722827366033611	0.035861565679072240909	0.033685209739360469361	0.029348875189224486737
	0.070330909698663679475	0.062755040248871185593	0.038902230542738100438	0.1764739779243453266	0.1408775459620338899
	0.077585947717887543407	0.4903325017168312927	0.41243450035235257323	0.20630185208689250098	0.66224431763923319316
	0.67946893512261141712	0.5632422041382754152	0.51558990973928486845	0.49436771902572651527	0.40801888366970917588
	0.53556451054062292894	0.50018762857506493535	0.41529726115270765296	0.03191589791521748376	0.026103823974159258425
	0.018188840969592803137	0.028688255554873191844	0.0263941530137698048	0.029702220952316806674	0.049253183826267407652
	0.03463497485830824979	0.033027083911786866977	0.11001982232785569027	0.064462124340821547186	0.056829843956706933839
	0.33385678628060105888	0.16178491459527630236	0.1350885636339350937	0.58203114804378763836	0.45086686216047699993
	0.38742096732289710292	0.44894628120913565583	0.38445954678479754563	0.36744686549579275159	0.51100497734760130797
	0.43185825267765148849	0.37806949613395990362	0.057271490848252594452	0.042243437970251637714	0.023599789604143515953
	0.21949504051870233345	0.19034985798651746225	0.16971161145724555919	0.22657862832385028407	0.24311565812144975141
	0.34076823873673045551	0.17812491125119692126	0.1891451287170673734	0.27131580355722989539	0.22167420723805672522
	0.19545773174752478774	0.23027141262421343959	0.52412364559009649856	0.34647709533347387234	0.32099428113282063579
	0.85567442561006601398	0.74150052536364075007	0.77194032571821047384	0.88198367491721418876	0.808546559115094432
	0.80309880302671809993	0.05717250725957911256	0.042272595837784185391	0.023554798178154270905	0.26586922450597771928
	0.26574894515263375316	0.21721940857414373527	0.29486666321750609754	0.45084249520174707326	0.48607052044771925647
	0.23269109382071159753	0.34702744514579408897	0.39285780684587745526	0.27512377075122679271	0.3503742570267003309
	0.33176487951270428045	0.59077910431946667469	0.48975020874411301364	0.46718217223228442059	0.90228413802147977574
	0.91509126748200186885	0.94511245255817177835	0.89526937521166571887	0.90329175663847049993	0.88049448214450865002
	0.064515759727923283062	0.041899967980866509309	0.025349586614979553734	0.14417582636283263198	0.16138847342733689261
	0.17816927234120694123	0.12312600096732527477	0.13146246394315427852	0.15657062051731962526	0.12554490590110539694
	0.12724232322914547089	0.13424572367099199544	0.14356591130663270972	0.13685141828881985937	0.13521212734548945789
	0.22616879103339362911	0.17528908542906829204	0.17430621076432012417	0.55724675540467727419	0.35810902241751080277
	0.34873121680736313133	0.95146127414530179411	0.80302840470861514	0.76997879449094075444	0.065670985081702645814
	0.042807143052336321665	0.025250461264164639902	0.15525901874907871436	0.17477205399800180285	0.17830838854251007675
	0.1320660356480169717	0.16284626536339047442	0.17882973775752575296	0.1283334054448289907	0.14010320200153525416
	0.14638154086152826983	0.15577155877835766051	0.15445312116531190183	0.14313597516847414992	0.27859776274684033837
	0.27016381198510691641	0.21609124768653342752	0.62854177675117584023	0.61320103082309784792	0.53440977569771463962
	0.92011306176506979515	0.91525454260128857875	0.87249133684797397503	0.057490333774881170747	0.040686416532915506417
	0.028011639343849051298	0.16957665564071097708	0.17215463245689063831	0.16054676253930544316	0.17583408662969929326
	0.17879604168225615712	0.17012463169044003686	0.19555420519132168944	0.19865786473016391889	0.17545243979051483585
	0.17130571048752230023	0.19181185351636165226	0.17770820104453233235	0.13199896500776472918	0.13304985488223233792
	0.13802210939280307178	0.23121884123000080447	0.16568032562854470569	0.16454113857147395494	0.68079534558527032839
	0.42277178044436403148	0.40798826972300378246	0.06155199251082249523	0.04297190022875216342	0.027950445154727828617
	0.16406706991716282773	0.176789708612117763	0.18195719629622500446	0.15677343209113170364	0.14987197570883942221
	0.15940339437302775139	0.16904662920265342563	0.15304106594490798909	0.15529033416962334524	0.1564714239183202793
	0.15297330987874965813	0.15583134285197366986	0.14691938523562131369	0.15147914452484093073	0.14028902339388099607
	0.28291568718950332872	0.27592886170029434778	0.22128806854375759894	0.69593832651589215832	0.75233915911552262656
	0.65761190995250129454	0.052106997065254442858	0.039878714493485400983	0.030098508307657763361	0.16917983379294412871
	0.14353500366914526132	0.11513853207440905013	0.28271075499857217794	0.25757351262805472381	0.23118222770533133903
	0.43237218725910370187	0.41746218438551097041	0.32572440908338184951	0.30317311096397053793	0.37221447341591817892
	0.34639222221869342411	0.13316792107767519426	0.15671713906026524255	0.17723033472134921973	0.13729057613715597852
	0.11735193504808305587	0.11528307434323199765	0.37476502698573216366	0.23148093265551580866	0.20335897290798590764
	0.055176065957599225442	0.041565733613939628843	0.030061751702237751727	0.17260434547203318267	0.16668842768566249912
	0.13054459356413894433	0.26304648082440701407	0.23450894379141956625	0.22534356308743416775	0.34158505594279642281
	0.28197446008070237156	0.27960940707396847449	0.25267930181884901142	0.24900752123442443375	0.28362544548116885856
	0.13171087696202268824	0.14249274311791437775	0.16107421461794538264	0.15188793354520765955	0.1468464640782769226
	0.12688081305767637263	0.40777258243080760636	0.34206227228583024891	0.27551072522618896832	0.04667876756746778405
	0.037115346583277204762	0.02929464650542717985	0.15743985496476459174	0.12227738516799521729	0.091364692112630749299
	0.36569806026889423167	0.31341461380885560217	0.25100603008194838361	0.7138300327067177431	0.65973818988161903043
	0.56248306225101829536	0.27963426774572192057	0.36700765653719918946	0.66700688609328817602	0.12025402038217000711
	0.12943851699007144496	0.17353130068942029807	0.17116954933566363994	0.13462628639606910586	0.11461125072296196592
	0.43818401726377270711	0.30558464689980247009	0.18819322862558759968	0.048587747760719626755	0.037896228404345581875
	0.029287809464667417109	0.15579223692467128459	0.13452637397800260022	0.097022729750244771085	0.33182484471414952498
	0.27268866694601534562	0.2401574465825252469	0.75479345174004397467	0.53692057090827627341	0.47217697679636477792
	0.33891235941704539458	0.51468295352161397282	0.70075305061593584632	0.12487567829710578826	0.1511905487504628387
	0.18614626073161305575	0.15374403666749464348	0.12398611932339133335	0.11341287137299871368	0.35401045493807109521
	0.25024062860267531905	0.17881630070132972787	0.040505009158146317028	0.032439226124103916205	0.025903321437545909212
	0.16068783701431818556	0.11166264556222835203	0.077477510110326455739	0.27434728936424579437	0.31347899392646638717
	0.31973490276910032648	0.16213960113526906803	0.18916566339512674855	0.34755213504284021564	0.10036177022452466567
	0.10453278906870239195	0.1666174382798409348	0.14081686996922920807	0.11061461286605066279	0.095295720579033446618
	0.45106847409791139825	0.29283001161651855959	0.16324405099994801494	0.79681473998305918371	0.62584567095718424135
	0.45795149131639412143	0.041023823482239464566	0.032429580439588198693	0.025905349351455986967	0.155665458570073717
	0.11280055546791159515	0.077944300446253542147	0.35059567410810099641	0.34177617638136803535	0.28504285249109978517
	0.25132307565690453766	0.43133321774696437023	0.44110371562941075307	0.11698285497199158167	0.19866042606524192404
	0.23936329448968618472	0.12011886032511800981	0.099227390154943848066	0.10412371467477722631	0.33808125970777441749
	0.18291758702512678214	0.13969087905895591351	0.86587418194742293842	0.5670078873039579026	0.39004292523423211847
	0.041841224167684182289	0.031125488889290321703	0.02296918724159574543	0.058798462344973517757	0.067212107659535669235
	0.075268927708420058087	0.058465090881041618942	0.05891826609446745161	0.089594422008779622812	0.068159713390722714843
	0.063473839293310060916	0.074249178399898876912	0.14154012877789487468	0.10843111870093583016	0.07598826252023985206
	0.48922751849166545846	0.32899368479717744362	0.16230302518023845271	0.61299283660139203267	0.57413739993532053596
	0.4521577235426002539	0.7398047431552000619	0.61533927875695704213	0.46831986385497542669	0.038311518328855299897
	0.029074030262902433169	0.02292389827082420492	0.080025064403148757353	0.093449319337721936662	0.071581200604604350302
	0.076260602201425609081	0.12116402831597018752	0.13439787844819689466	0.068176885299458062084	0.088335989611531023913
	0.096848271430752072564	0.10841165155052626123	0.077648545461558679537	0.075990624106893958634	0.35021655182465682987
	0.1653796080847590444	0.12399070224880737179	0.60676754124080367614	0.56510448480436492602	0.41033916972918677013
	0.6816685837703225781	0.54159115803579638282	0.4593785766463336917	0.03876828637725712734	0.031952563053765738188
	0.022220952868828674348	0.041977848304872458773	0.039730151972523483628	0.035043706806296648359	0.078517057992000233169
	0.069630121245487355819	0.04350039702142893816	0.19143623885347882396	0.14818007835740712452	0.081850515301451126637
	0.57451419100240297411	0.4363230646192857165	0.20595446158879845977	0.89285437878074835893	0.94626338417864275243
	0.5994474870421814261	0.77121086234746039079	0.71639867497107756478	0.59624456398442338134	0.90188184560619510943
	0.80667410031683339788	0.65251672005031247092	0.037272214317141970363	0.031440917885287654465	0.022241359210322247941
	0.034175695758222622567	0.031292382307231129956	0.034595172744569663292	0.056206103088729898742	0.039310844733099675752
	0.0370002830290815099	0.11950120575645278853	0.070545937627973925865	0.06150637322858570899	0.38385126887160203601
	0.17822415359494239717	0.14382624127564500038	0.83012230458337832317	0.66246914296650571963	0.50025765901820284931
	0.72543911636950242361	0.60729841830585740148	0.57278272023543619351	0.89089634454986676992	0.75247606557275092953
	0.63839155216269583004	0.057216881722438238389	0.042272755219402796678	0.023596494795412259471	0.22171016829331605114
	0.19205290034977406943	0.17130452832291384602	0.23122442486143787721	0.24340827862758562805	0.34723711244660460107
	0.18162814748644634522	0.1908748679682514271	0.27516517491218034364	0.22193752492563378897	0.20137316616141753833
	0.23503423475233420348	0.43824142525611931021	0.34445449350071677408	0.32689936609613079455	0.76934047982573627866
	0.79909792547322588963	0.81492802120495966278	0.83118016193438359895	0.83884425276246554759	0.84202406684431874151
	0.05698531519884372093	0.042273826665181882256	0.023552136563126595259	0.26746283167180362472	0.26392873921996662379
	0.21739198073367271835	0.30923271882830327684	0.4640170927336561002	0.4966273167965685742	0.23722733433777698497
	0.35380878588280023633	0.39957161059720569529	0.2595056422874297275	0.34123948908660967083	0.33528414438652442975
	0.4850804649886500397	0.42581255990359767605	0.41056898720255002866	0.73550678852342865621	0.73946641587378048044
	0.76471860988231576961	0.83807808492925162103	0.82696395526040888946	0.82109188675688760117	0.064515442959140023582
	0.041919777614276496069	0.025360569096615777351	0.14517452506178013527	0.1606081948505835022	0.17915294567155692906
	0.12443362352026673956	0.12982996097954044301	0.1557841698705439426	0.1265118170519091978	0.1249576785807462731
	0.13337392906961803574	0.1470942542174664136	0.1369242473479264921	0.13620235401338728898	0.21169442103090382878
	0.18493110037779011967	0.18358051488865975709	0.42363797088717675132	0.37996789057173835369	0.37298460557880513955
	0.82452021332837543977	0.87524332502652801846	0.86414632272898250775	0.065485291071455731249	0.04275348645063144909
	0.025257433363731471299	0.15885958904468672204	0.17552530019707293651	0.17811665188842484842	0.13728058456381123098
	0.16909448615550623507	0.18173183463489994693	0.13214410263904177723	0.14429154240644806451	0.14890873928651071623
	0.15829491508340667871	0.15412678646269648008	0.14443185241918624073	0.23243449440803806705	0.23551305597282995441
	0.20848497289987069636	0.43683506836932145534	0.42693249016183482114	0.41187335422970977605	0.80469487555515306632
	0.80342784489944074622	0.82974397992062209894	0.057402148386002389835	0.040695651470095739466	0.028018953422313246093
	0.16903125369314728199	0.17040857540398743342	0.16003392326156098968	0.17504731701775796959	0.17595150504578699335
	0.1673167598442314441	0.19297526875881648722	0.19058864711433873285	0.16951739889212397161	0.16958610374799817921
	0.17363833564566111267	0.16562278282323200651	0.13473326437393251531	0.13270865296931508293	0.1361495623398671917
	0.20540778333615627993	0.1745331888440677659	0.17365304991100960486	0.48829393093842748952	0.46679700083245984077
	0.42504838433226321825	0.061453788127685642084	0.042940979240881263501	0.027956651918231118642	0.16556275811704609935
	0.1798666810521148407	0.18192586930810045187	0.15927422261703103046	0.15278399572086465152	0.15959235929202247872
	0.17579831477547597229	0.1582571628766278049	0.15535627138794358415	0.17078305983103791998	0.16429904854750884691
	0.15692360243161573852	0.14553057756048889959	0.15328141417038593231	0.14420839411459274171	0.22641902076222999995
	0.22356343271950043783	0.20401492575357990655	0.48640508452909647641	0.54170034969583502615	0.4914083650667711578
	0.052080661556267573986	0.039913564393461907487	0.030098093599693769712	0.1687637884952065126	0.14377170281709514277
	0.11509637150552524953	0.28097726225698471669	0.2571746543344706204	0.23244245976235705653	0.43814891924231214038
	0.39207727521987911778	0.31654749309197399709	0.29581923062919923684	0.35166691426195789694	0.31864380903974293124
	0.13464745168230010663	0.14851161749095323494	0.16255053286810897117	0.13101833996398484783	0.12347208649941740499
	0.11869221748893639401	0.33377413708893238775	0.25126274158663775005	0.21004272889754169173	0.055050668568257368762
	0.041524625989075469867	0.030060546410438870879	0.17115005802703517346	0.16608749365861352754	0.12975719857592502016
	0.2635155992576206363	0.23375173944199464926	0.22401782980086143438	0.36489531290154186838	0.29283704826995538006
	0.28049930645877257929	0.26388709486544120741	0.26289345288051707561	0.27473070757093354111	0.13912776473138999123
	0.15319018238481726946	0.16006376380297010487	0.13454393950718010475	0.13498334324557553776	0.12635590175428504378
	0.33815924767892530101	0.28492930350304501719	0.23631299573586755924	0.046766270315717166361	0.037177521171356156526
	0.029330928190226930596	0.15755044310075380642	0.12252023657651445188	0.091878350457998511636	0.35902806268827425207
	0.30556826008848098075	0.25057145290933369175	0.70943657995511433256	0.64183436294552764778	0.50952499889860303206
	0.27870737080895729987	0.40596406431721382413	0.74919987113557828806	0.11854686007311898699	0.12710699331074745699
	0.17261585078648969405	0.16613851290600889499	0.14188558556405256317	0.11603346872675768253	0.43392494318921448482
	0.32894186879584208505	0.2120097086029290312	0.048501776592161767454	0.037856375883979019592	0.029325686629770319341
	0.15558200478102771069	0.13298018123081475905	0.096790896818561428239	0.34585035933761204552	0.27708881462845968979
	0.24051217101983032864	0.81645038374191802877	0.62912664291936215566	0.47722637864675021557	0.31681591411962795046
	0.48481646619897783568	0.69883216331756603523	0.1256098514193678406	0.15434852358882031331	0.184194728104654315
	0.14124192697786833173	0.11789242183573055145	0.11278377970987153722	0.33069549490304239736	0.21905387627641939585
	0.18391476897571948368	0.04066924206208409609	0.032511115993447789463	0.025938297143447430065	0.16005668158430375048
	0.11237911622566841563	0.077980513677297760844	0.27406882166837559511	0.31371347341618405213	0.31838392976451240779
	0.1564259132151530618	0.19345207657294802295	0.35345091795571698112	0.098751536710622686566	0.10439330897889234628
	0.1701592579461005672	0.14220268882022946144	0.11328802821885977647	0.094579980171019609192	0.45461818785385932351
	0.3433899832808492425	0.18303253363186158809	0.73881546588879909443	0.66958842601506762815	0.55134267766759847973
	0.041066321548620166038	0.032435408277494866269	0.02593850749995836244	0.15508355793233144504	0.11247482010515573447
	0.077998527979513940234	0.35205123361719620201	0.34510025233690905244	0.2833874649406183388	0.23184027948967050881
	0.41917626370075977693	0.43831298897319198593	0.11283311785208298417	0.1858197901666833185	0.23592633419735284384
	0.11580879201932195444	0.096857179318067837537	0.10201526268553089138	0.30235978949843017594	0.16476489833586210887
	0.13986692462793470781	0.77739314119668978531	0.48576193561748481908	0.41853043924833310818	0.041871724053627740192
	0.031274118277347690009	0.022974373961760375523	0.056502646016657255557	0.066093687646624169063	0.076447212218525531502
	0.057526668345460850451	0.057850081216252478844	0.086912872291275741765	0.067308060186173176986	0.062776537044063468462
	0.074261210960859747043	0.14496106245051446071	0.10935002906458435312	0.074743058910838336417	0.52905831690488169805
	0.37195243293880259072	0.17101443720092371348	0.61981639780299080389	0.66282970084878745087	0.59778851322983317385
	0.73559246915235110276	0.66545034059601182452	0.5222871739442496164	0.038563957917768128258	0.029155569393636168035
	0.022924039402811926397	0.076912268921286330858	0.092727743821166164206	0.072145373060048326175	0.072739312415223661423
	0.11626761139217978158	0.12925516311731083396	0.067297167764244339438	0.084652603601498205288	0.094674051677394857607
	0.10927208306644828339	0.077147104798116622471	0.075017994543416871567	0.34110706468766616162	0.16270010631471026885
	0.12602055093082556447	0.5391839656441724804	0.45171195536753661059	0.43040062896213526766	0.64530753838697807456
	0.4959028932622442376	0.47178274129463959596	0.03897997045953000006	0.032112617512295014988	0.022271465731965978119
	0.042442922918561346024	0.040210599219426740314	0.035242780892600210352	0.079322044472814101645	0.070041797999990565438
	0.04389481437181923934	0.19667723297996894671	0.150869127253345503	0.082336936393293452818	0.60733071579770969706
	0.44232716565676039044	0.20354150500790671452	0.91877735533655702227	  1	0.6756644741147586064
	0.79031574425400674677	0.75928319022807477801	0.64283256991061410446	0.90185941467731212118	0.88685618667861743081
	0.75448945834281166967	0.037532108818081118262	0.031591652125299463094	0.022211913598956203875	0.03463502995545458818
	0.031150124128070007246	0.034257129806502438496	0.057257332690515333473	0.039867001147601242861	0.037289721524526149576
	0.12275683298751489947	0.072252786065608295973	0.062209092469090669641	0.40451283939591692329	0.18456331080964277769
	0.14725818412172972383	0.79704864136910491546	0.6125020420234370544	0.52624345149959073087	0.67696792761595780963
	0.56013154923188557266	0.57647867921672790725	0.80968195311960067251	0.65887043817377011212	0.64501733165227004285
	0.049806929794835787251	0.035454693668568688925	0.019803551136879444378	0.17851104815446214302	0.15553607681778786054
	0.14002171723693662697	0.20912708646741895446	0.21548636710520391313	0.29700698931556129834	0.16721346277627402443
	0.17391236426492129308	0.25391442751855630711	0.18204509333724627762	0.16960413664529674915	0.20347611026540832202
	0.28774496735868887454	0.23723103337865811269	0.23432922155715008028	0.38699343999594615351	0.38343153985680461515
	0.40379590795838243844	0.48912235838731926707	0.45988289329194059762	0.45228626818280026622	0.049960285313060938395
	0.035943151176490335807	0.01980390445106868999	0.21543849080885724145	0.2128758084473812151	0.17776494081448745987
	0.28533089026099761609	0.40554810720839895577	0.41031114022413894826	0.22831735530783453525	0.34128654166551042337
	0.36447442115709638433	0.22468665029874651529	0.30067571907001411358	0.28834105925548869642	0.32678088995969134523
	0.34335907512088914562	0.32590815018467444997	0.41444464568323380327	0.43202803856130589377	0.43489092652174565767
	0.49316367122907389664	0.48799009270299653629	0.47881509384133197349	0.055845531806209547376	0.035437561886939916711
	0.02156646309748476778	0.12471194869581161968	0.13715706338938873921	0.1494284897572466797	0.11424267896331977146
	0.1190908235757210526	0.14198373231352881541	0.11883057030968158241	0.11826980590242787417	0.12553788597747952971
	0.13375743102744877544	0.12819936018220029483	0.12506587014475820108	0.16219344317546219303	0.14423264158108964339
	0.14482998039161709691	0.28793561793728078557	0.21645144545417696613	0.21063456996988635939	0.54539911351615455448
	0.47294581518046396873	0.43495961813015004971	0.056647662170448337404	0.036557239026097018697	0.021557045251952979686
	0.13721784021063682113	0.14830396490031305667	0.14675998382602101211	0.12907804852569276788	0.15993620407022626773
	0.16611902960939875507	0.12360852708673773781	0.13929392248635361073	0.14242292079627569268	0.14179795860603294777
	0.13998399486392826274	0.13149607072422977994	0.19001029825921872396	0.18488671809661311185	0.16028153813850670728
	0.3156875895672061616	0.29657988206934088327	0.26542294712106218046	0.53001814837467897679	0.46850213263271039965
	0.42717721848245177041	0.051124911510716346263	0.035724719324818583754	0.024653348565000399173	0.1448203104622869386
	0.15037779296770822923	0.14258822634040288491	0.1473288281487476481	0.15460930266608327588	0.14972199783982573229
	0.16880401600900704628	0.17471948998975891931	0.15639001703120003484	0.16597657550915312363	0.1759867920349288406
	0.16375448072895668061	0.12476023237704285396	0.12636758867254041516	0.13291037482705556072	0.1572879594189533492
	0.12824899735113284849	0.13048472156579296599	0.44603099767872395054	0.28876289568254531748	0.26808905235750396523
	0.054538717051492373311	0.037949302228188194763	0.024654262942163503169	0.14129297022151199315	0.15501338831405675478
	0.1589301101412417816	0.13535862359282219147	0.13691327767173794294	0.14319115234375751067	0.14919426951441994156
	0.14160094000247255841	0.1423757290237135098	0.15370738503262970642	0.15003378667363839738	0.14965236948322138688
	0.13827671154457116254	0.14378199735267452319	0.13601418952327859468	0.19700761905341176994	0.19425456355287959442
	0.15683178432085859155	0.47958368991390093461	0.46089636431241204351	0.36379810790001082532	0.047468517082930615503
	0.035974623122526146191	0.027133940731324589918	0.14868843066365244887	0.12988168120158946617	0.10562575441778454532
	0.24284170458655951474	0.22485889294302469077	0.19859824283548715984	0.40153976641202077102	0.3928519262261526146
	0.29302845405951943869	0.23376748833617166934	0.31150114803396955487	0.30971683521476262024	0.12724493922352975162
	0.14207920852101743603	0.16200363686123001039	0.11161531251987921731	0.10337493971231320744	0.10268939346042142702
	0.27285432221400879316	0.18444417969583001837	0.15784921447586547361	0.050205624799351554477	0.037743826573089465926
	0.027127711347473736081	0.1457104780546424061	0.14488023836032190572	0.11980688777927649136	0.20476517918230796589
	0.18079626589224284672	0.18551299739491347585	0.27931304323482336605	0.2208876158024808134	0.23176998634569920266
	0.20222026795234912533	0.2079231501634818402	0.23712398136083812084	0.1328696682244111249	0.14326896984938208846
	0.15517026656991017575	0.12306934672352454196	0.12416535601160885727	0.110264676706596218	0.31806269078583604415
	0.25480988619365019243	0.19392094080021177183	0.04271816846999253181	0.033459897641541842817	0.026366530417067473441
	0.1448923656731980758	0.11329053406835150331	0.084742160483408227045	0.36197919843055526012	0.29495970377604019408
	0.23166065748539332869	0.5144260716167405878	0.62436813877620445101	0.57670808442466192645	0.18863825485042043373
	0.27831025759051991608	0.44759599959127271962	0.10524612942465959298	0.11295434722373788594	0.14579876870731392491
	0.13113865611712605119	0.11037463740889102981	0.097797999080057262944	0.30683708714485469216	0.23682352620861055192
	0.15222411281856085274	0.044302999349677969765	0.034338414666673235109	0.026372049649504195057	0.13996028278594169203
	0.12075478355224768257	0.090106860053432061286	0.3314016969312863492	0.24449360724541305268	0.21547990543108039296
	0.54948944132619514935	0.6013773910149730062	0.50508957431650414183	0.18881162181085381357	0.26667649835150220028
	0.40653568562147279764	0.11232043726178704557	0.12549382789652585579	0.14527000152088079266	0.12410946679533629844
	0.10780327168050450604	0.099939877593127945943	0.26501182891395658192	0.19029322681292343278	0.13993773610511267558
	0.03605190367611618707	0.028427242113660787515	0.022611583897425072825	0.14329730519698449798	0.1013175972607583547
	0.07048888306334909204	0.23366351208340641055	0.27768535121334497751	0.29165425062914729359	0.13306925783550269116
	0.16112409369929311942	0.29402099762025402097	0.08797446700845228118	0.091149408758301728173	0.13842019563058843845
	0.12066209047982434655	0.096102264953033672557	0.082036285475140455214	0.26169399443394175675	0.21496714936414121344
	0.12871128213332691526	0.49392281493164547079	0.42573143026724447058	0.33018655199484642226	0.036385851375521728601
	0.028490522296251579587	0.022614556118326301082	0.13790963594667560166	0.10083514682869300361	0.071039623884212907412
	0.31606659126713798624	0.3220117411975989552	0.26518779255957897201	0.18048251373863874458	0.32038302594435064119
	0.38717461608590864053	0.096097985167111890648	0.13345615373101604728	0.1742440959752148133	0.10829437272463306174
	0.088641056748025803813	0.087177317101247930875	0.20473118237368306827	0.13707847584434432187	0.1081079547427078319
	0.43538248964483156067	0.27916506999447526782	0.24665591999041933113	0.035775797526195161902	0.026424266762586415963
	0.019198825722247847558	0.050715922277944865126	0.055743766277669935805	0.066209359082341726066	0.050745097612170150803
	0.050109653081216232184	0.075168538727439976332	0.061938477976563259542	0.056679971343877290357	0.064522241188663634337
	0.13078475492598690133	0.099648319133645010814	0.067503193042429326942	0.36464448117444581143	0.2774762936811721592
	0.14009475093531484347	0.3696376379335418183	0.3864887313297089011	0.32586202064705299675	0.48366581350054793642
	0.4240278193077685609	0.33554187956996661679	0.032853232897458478634	0.024355786228231528223	0.019125291450883111222
	0.071506310827127592122	0.081647165838055354992	0.062936771158536200521	0.066458855564655458514	0.10550273885369312876
	0.11724829431699200499	0.062973443653537394815	0.077043289023883521072	0.083677659857398181686	0.1041710440764598844
	0.073479684284098317759	0.06802199875523282091	0.27469522450225386523	0.15329331041068233743	0.10841052341009689564
	0.32988854009136009404	0.29210343815259265376	0.25568444777499632625	0.45461990727006995616	0.34298768323075318198
	0.30331730747195639886	0.033187554386818828023	0.027547382678828745417	0.018380716635330345693	0.037258479248506143344
	0.03551551882646886843	0.029780860737225311324	0.070875644851555064108	0.063809617651248040637	0.039507041313336092869
	0.18005688008483275442	0.14131710368763514274	0.075954477961945085496	0.50076021690379635132	0.38860485838458386221
	0.18573969414294463909	0.6940472000753585835	0.73792788493941485761	0.51550855136543516366	0.51676295685218520681
	0.50759747028352519838	0.43237186892645218528	0.5417601680657830876	0.51635298047504707419	0.43787238534127348455
	0.031775490728503628934	0.025547835620024907793	0.018170873661574923896	0.029467767015883328252	0.027191743085028481641
	0.029289566076968601149	0.050591013410127741445	0.035780396539516007293	0.033254458030552137837	0.11451771256134077315
	0.068527902763236003825	0.057711893058391847133	0.34544792389514777931	0.17789340933432770675	0.13575978926827070303
	0.56878350226955509683	0.51367348630613429705	0.39730090480399732344	0.4439482075084698609	0.36946107626148505521
	0.37208096010227520445	0.50585568630390209677	0.42173485354603412745	0.38352854310507489277	0.039015261741086972036
	0.026440469398370566867	0.01486131794165293854	0.14059618510894056342	0.11721407329754347793	0.10550305900840574458
	0.21587174691427452045	0.2060311478233825544	0.27060217723170709725	0.1793524105785873346	0.17898442841569697781
	0.26621373620880012245	0.18058881286471659133	0.16040666752658538918	0.20087290686793252137	0.25477962090626776748
	0.19322101134178759629	0.19674592140458641021	0.29553769915469874086	0.24314853434536928822	0.24578862427199471563
	0.28619034067049131664	0.25103215796040961871	0.24895193367541298968	0.039560081597775124951	0.027317277938469219922
	0.0148950797887585102	0.17080730021800952234	0.16137962188568485966	0.13439611585540656158	0.31214472750920635447
	0.40815342585145258925	0.37328074635622215949	0.26607677155177039685	0.38508136409749565976	0.37769067455438487535
	0.24852862708098491518	0.32371030466289246741	0.29209652452110335119	0.32233447449477270474	0.34252001788589991893
	0.28819254484964473839	0.34473721663503409385	0.35452876725508247757	0.31795723314317375641	0.2983285405174799787
	0.29834775783336037192	0.28487654137998308368	0.044870574693712042547	0.027762409778484653522	0.017092571897857719576
	0.11809523211491075589	0.11578509188778429717	0.12165013370178455465	0.12043395471148055087	0.11593784190149987456
	0.14095142171448968305	0.11628034692768653147	0.11120912722825372632	0.12609361452370082546	0.13274168415913095709
	0.11849880245379855459	0.11759180052548805218	0.1875092046670655821	0.14369930932173066718	0.13544982406745445513
	0.29183243317045226561	0.21134787642866570412	0.19489908662798896555	0.36688095284047472777	0.31283132220838577586
	0.28431601566977909856	0.045838910165084401083	0.029024046676182670146	0.017159315608037815915	0.14389766659788957859
	0.13931206005595350716	0.12265929731537450476	0.1594333351094282536	0.19798037860742376259	0.18035164989701443772
	0.1393906845289313301	0.16690570548566230347	0.15889001253552934023	0.1533274013925705892	0.15605800686065215976
	0.13619288881534052926	0.2239092909898538486	0.20436364820964267319	0.15913227235421079087	0.32771035231011247379
	0.30759710363303210956	0.24408676531554496236	0.37934720862189791335	0.35885350020565953688	0.31227265628514233597
	0.043611239745320683203	0.030302049590763279613	0.021048505023516624751	0.12876648380958272133	0.12476728575466447535
	0.11931994268026956119	0.13497585145106311133	0.12690610154678746979	0.1327572291719318065	0.1435332255667860768
	0.13511264254858160183	0.13070728174504747665	0.14519399544497124666	0.138545897432442916	0.13326580972646678847
	0.14554351445063701265	0.12636953183880439422	0.12729458684137309743	0.23497347237179502799	0.15072721548862710872
	0.15078516770553598847	0.52493378048169281325	0.32592257765096599442	0.31918734877468035727	0.04586418271788959139
	0.032078584832118464676	0.021100312985564317197	0.15444874691506885189	0.16435917423323040398	0.13734898573738885119
	0.14811477602872075154	0.16027826217759522098	0.15054291449205242648	0.14688940951281181935	0.14426936130818460158
	0.13622442652228275439	0.15701240296490909243	0.15024597992557009452	0.13521893123138972737	0.18732054177137813511
	0.18137252101637138524	0.14478930036893480904	0.32757236521914034899	0.30060888106744393378	0.21587965549622026296
	0.59383324565175832355	0.52576372630879275594	0.444646591592318563	0.041649695255151636397	0.031805887480679126411
	0.024165332142782901259	0.12464936694665119943	0.10910262704339787621	0.090489426693678640112	0.21444659293575013548
	0.18051703575906535848	0.16216353866980270926	0.30712375027992117049	0.28513549579495744979	0.21656459993104146267
	0.18694620914227064179	0.2077788525812288567	0.21102959842573174032	0.13618424780897472881	0.13138540646702265291
	0.13935829821916140281	0.14304394452134838733	0.11281482463814380968	0.11231641623528294816	0.34871116672050223029
	0.20433104744641569783	0.1875701745723703795	0.043286649409022250057	0.033054841903907825063	0.024197633134308067782
	0.13676785727972753937	0.1279052128715373049	0.099283041382361103544	0.20855635274345324381	0.19071487645457144144
	0.17058658018991926242	0.25674439396667581015	0.21348541386954869581	0.19495002010935802428	0.19894530855303158012
	0.1951507305938946224	0.1895669784357214005	0.15719831885526747151	0.16321040952354154419	0.14738479086191860756
	0.19128036449859159296	0.18884462573559382403	0.13818797438283086931	0.46243199223980641088	0.406806594897524465
	0.29022803375230193934	0.036801487011010346195	0.029425947633655219482	0.023426101237744557937	0.12246311273707072287
	0.094549251134137715646	0.072024121337812996302	0.3743611114428829767	0.2695190944378813569	0.20309894239994477627
	0.35009025983724545439	0.45778635009190354888	0.52683418035723139639	0.15095344641978944433	0.16727801245987847234
	0.24860199436667071438	0.13752517332392805161	0.11077153198705606829	0.11940355011892600512	0.15975182830329662242
	0.12995885839210571944	0.11393881954988341332	0.32308641808240473603	0.21881029884128094798	0.15526345706929486901
	0.037798789042823861817	0.029886920722581943044	0.023440312699742109348	0.1276070347389644255	0.1008984304446738367
	0.074131542492193128191	0.36098705214900744798	0.26167872071558095914	0.20133020539659934878	0.50765144004346440809
	0.58990276437219135719	0.460010630797298814	0.18769206189367926285	0.23763611066133019656	0.28136153492173310298
	0.15159332336342989933	0.14816566977079537182	0.13549844521545761911	0.17166594179238273132	0.14639480461334872241
	0.12136803263523714136	0.34948790823229208824	0.26269930676546943138	0.1667465730274429736	0.029456356902636961215
	0.023771758149778842578	0.019129652003148152339	0.11135847350635527664	0.079607638818905146483	0.057293456267050332786
	0.16191451375868326501	0.21142676276735189456	0.22673977922691912479	0.098381485309366925596	0.12247973265486188088
	0.20023770102108726099	0.10057480769967398759	0.081884566198527852787	0.099476368407015694495	0.18862392971104144368
	0.12778328329645566308	0.091296275180679703487	0.26416885329292000284	0.22667728398934711143	0.15064947826265720487
	0.4186324425909477287	0.3107589061253028806	0.20732691582991571999	0.029982135658261879069	0.023716419361634270141
	0.019106338345246162008	0.11930073488333883813	0.083421379398364400859	0.057092801013781495356	0.21051322464853211569
	0.3263862834627338505	0.23993166922040631839	0.13172481928139795349	0.21700363886254270263	0.2577509332984144752
	0.11844734611290680393	0.12588093390182675257	0.12454664350619017166	0.18959652862279205432	0.14701526583171967144
	0.10286947959029807409	0.25123080901045224955	0.1903218868110322648	0.14420613090249667643	0.42811052299931939835
	0.30062101600601526252	0.19641133736407026533	0.026537570098947423081	0.020165864477709963959	0.014884533466832701107
	0.045529355076403647817	0.048726730544566505821	0.050870953019615867963	0.046943225492440211755	0.048469523924932110537
	0.071677811987543013639	0.064836575311918276388	0.056209731359153539132	0.060673329368350209512	0.18150553029327148868
	0.11496557551522344764	0.070304548894285098792	0.35321380892336445845	0.35175931676279037497	0.17072162306905322438
	0.30749681333629907964	0.27223187138708487831	0.23400913209005358429	0.37331969039942725086	0.31066140035598727165
	0.24028496246165872985	0.02507472030491555634	0.018677319039524790945	0.014762020075247961337	0.058716831260403272441
	0.065307746056538051871	0.047768478750182280512	0.053496064580174987335	0.075360645945873980245	0.094580185187745524633
	0.066709007507855258567	0.065514285222831258881	0.070310161278281199659	0.17007512061244650647	0.10688402546111633318
	0.071910434361295613725	0.32923086941173257403	0.27955084005226349397	0.15528656877648011614	0.31440558565249937528
	0.27139005577123892499	0.22676304078866452163	0.38097387485821831987	0.32486289710824550747	0.24481494396140976444
	0.02604584978166223086	0.021180389009546947421	0.013335237652436103192	0.030750969527497725581	0.028926342265447047009
	0.024430494424667333064	0.066320444481929308189	0.057349539698921876696	0.035203181543683625954	0.19178991081108209826
	0.1434086169140981748	0.074400434345016960846	0.59888972726178058004	0.43640819418998011425	0.18943824106127762907
	0.48426642701006983316	0.51687013282634675093	0.42546156504256898989	0.35787795864554405867	0.33631725101083381757
	0.27984946908143765176	0.30719624042668253194	0.28820402253461385733	0.2493068199729404355	0.02399659290244831808
	0.018153061283382721652	0.013016099397302083318	0.025129737229472655369	0.023109068468176723055	0.024354941047461959452
	0.049655517222474937489	0.033982251806952579187	0.030964990766869818911	0.13145236032666268722	0.078125425162366465837
	0.060066756713381921906	0.54628147784932967745	0.32414601896562356131	0.15808812955399420552	0.42384441667833466783
	0.38700002999659427472	0.39801081007880750873	0.34069866370416990176	0.29083443912710782442	0.25761648485895705107
	0.30500226643540095939	0.28246466704537892545	0.24662604771348833888	0.031522743134309812174	0.020313884739083010872
	0.01145116459389662264	0.16031132614929965996	0.11114663818950581975	0.098533680569585835318	0.32640285330653939777
	0.29171968368735712307	0.33393537680377183285	0.29041547064752593066	0.27329258491751678983	0.39986819878545776241
	0.2887628089927954389	0.228101458407494323	0.27483929428853653976	0.35512014453572399164	0.24317521855238272144
	0.24254078583113478085	0.29048917050937117512	0.25228486158403479189	0.2478779117932617404	0.17934125670559050714
	0.17224531248990543331	0.17326948578181394778	0.031913665846922872893	0.021222944811363626122	0.011487983181640602087
	0.20347054311548065653	0.21055844849080393444	0.1485463086679049971	0.44333759553224738603	0.50913955874850513883
	0.44146460748885107961	0.451956768365224415	0.60227247540690032057	0.54596616784324192295	0.41682229004327486788
	0.50311941851754138355	0.41046320349814124917	0.44828635502075570018	0.46589557141834964105	0.35913349197940941382
	0.31261088632020067601	0.31325713077313371846	0.28874619551021518671	0.18216779332031565741	0.18216779332031565741
	0.18099799548000469751	0.040641892955773528673	0.023295660992507027237	0.014395183332791078312	0.21694822324341633824
	0.15621722868717946575	0.14065285414635575467	0.23568432636138120229	0.21403424520052019564	0.26399377563445569628
	0.20983636204475669684	0.17998167722517521838	0.21890752910338542869	0.21722993543653415505	0.16229015425599280231
	0.16743818050645156714	0.2862433908379249381	0.1882454608383839767	0.17568765215977147354	0.3282183113622101911
	0.25759677158075533487	0.24591616700751420255	0.29081019063814556036	0.26132082024938685372	0.25803789835022655774
	0.041165545983271746577	0.025108270910477490517	0.01450508618935024592	0.25988395889738574729	0.22724053581989564488
	0.15210486372061107763	0.36153848087963630364	0.43017140213186294551	0.34468976525941891209	0.31433909422497707808
	0.38200909536850319315	0.30847582147214197557	0.3007969738113319691	0.31690388542744468703	0.23936971380588148439
	0.37559609965388429664	0.35632913557449630293	0.25026002310302675191	0.3850490755215376093	0.38502324770302087664
	0.31394611361014035378	0.30630808266972281428	0.30371398416902239958	0.28454327449222482915	0.042788468155144927796
	0.027309107577214278978	0.019039247991127498244	0.22976546577396436688	0.12217403589664331542	0.1135236248594665015
	0.25434599626352161206	0.20580867076369743773	0.22982003150008062375	0.25039611813350975966	0.20256012965579245355
	0.20324176348752440169	0.23608687829330476937	0.1908138389255134848	0.18687189836525297526	0.26354934726304773962
	0.18521757556935916633	0.17883629952742977065	0.41772263932621067628	0.26433758710334925857	0.24817131830344379972
	0.5570979108213515163	0.47794811133294673455	0.43332122861378313816	0.047677790373996623008	0.030015661044501894261
	0.019136106386342808389	0.35474164333458141352	0.40519306369068491813	0.19037255892280427472	0.34280283438760983383
	0.37659448817785629027	0.31490160796054866843	0.32979545908480989436	0.33728232509573835562	0.2635827322177023424
	0.31689602497993452079	0.3059977417638139463	0.22720584209103236728	0.35430515076813767772	0.32978911300434549103
	0.23395752791622240196	0.51130326140301562976	0.47586636410295662936	0.34808804142033794582	0.56379529582075804672
	0.5270829776414669432	0.45753656136806919452	0.042725623797844898555	0.029532558699068432034	0.022452075445523057839
	0.19519422196238539469	0.099595953692813196656	0.085787439714376870215	0.36474269355402755277	0.26081090740350354462
	0.23545023305517298606	0.46301648609741796747	0.39232605123170094519	0.31527531326130625589	0.30547353802720328408
	0.2870949405471079352	0.28926864089766884947	0.23994489517946213097	0.19471027567700027738	0.20161612440237614008
	0.3093914993226208332	0.19755430852998123736	0.19701859214675412901	0.59878853105865026407	0.36812669824244248495
	0.36528286910444990321	0.049046454193919487852	0.032902661448137186795	0.022435240440396339578	0.27844177265284281164
	0.26157358825080162523	0.12672508689547135052	0.41886698368485641986	0.40002051328857418655	0.30465312743111083726
	0.48342616218865891442	0.44307345674082360132	0.35086733493698596398	0.41951366612847867943	0.40632050778030576188
	0.30384247544289832987	0.33776192668805204988	0.33475191940305898397	0.24131258128521343442	0.44866486360306684356
	0.42886537898037085936	0.29038180475149771853	0.78480163534111591073	0.79927156185574455005	0.6051098958724372423
	0.040545560347601324047	0.027815208267811964565	0.021680750946780662919	0.20197944252674260301	0.095345348717397637728
	0.075384785975270721115	0.59187358264489242643	0.42036807247523066966	0.3147562548768659263	0.52470103649726074213
	0.56479169480940882853	0.70100266009839873327	0.27646973644220851352	0.24934201690715301902	0.3385319132077858062
	0.23757811648658302972	0.18660931325916318979	0.18194627659119202989	0.29217861491830526832	0.20789428305048454626
	0.17814150366491598998	0.55201050840852350365	0.39112254215784575395	0.29203705692184162013	0.047516812075915515479
	0.032086335707266502859	0.021700716063702711611	0.28073460457886523223	0.22073478980956875994	0.10332457878175943522
	0.6430534426529270764	0.55445746557782826791	0.3461236755107302554	0.80283632632425327991	0.85225813606714040382
	0.67312370389559461614	0.40314091153053344119	0.46895616656951782941	0.42547853756055287189	0.31859211319915203831
	0.31600353309121548273	0.23115596245317615587	0.37208212555656261511	0.31677448601291663399	0.21344676319294711431
	0.61169495041484767128	0.52455784925058324131	0.34486698510888041946	0.035746701503032565772	0.022625475481223025764
	0.017295083010791703626	0.18601010230532502576	0.096816495650631703707	0.068247736355394703067	0.17337316474272659872
	0.15616735185614374903	0.24432651318164094745	0.17675553649626496444	0.12734793697681148772	0.17421795434015521775
	0.2309439766790060411	0.15462717624185984278	0.14876233004755867739	0.31879400066024360383	0.2559777651953445976
	0.19244353653813223159	0.40128849239807057314	0.30959693293068296649	0.23056539651791310708	0.56747922227657976446
	0.46377161128111799027	0.33213086390384999325	0.042454743167893778388	0.027340415376758936405	0.017467230650124468405
	0.27025580194027620795	0.20312652070378681146	0.087301688542665414894	0.36570557966386618709	0.51265609850508742085
	0.37096010949081431596	0.3108869422104628133	0.42211841355595286496	0.3336162015923634927	0.31761319870195192649
	0.31269078011775752746	0.22259626955423894579	0.35673302283437768878	0.30485147892724112628	0.21249299522393177986
	0.417299493572743041	0.33607924232606689596	0.22770780975398827173	0.57311358526658029433	0.47109469361447658953
	0.3290893104530531188	0.03323595584982273754	0.018325509448898838483	0.012614448420428485756	0.038992926640153399709
	0.037885312320926622931	0.053356514151302554538	0.057733379871930987082	0.040114068254826266979	0.046559117487847065386
	0.12852261998123212794	0.077599904477894471322	0.066221474033150332095	0.45506519414981011495	0.30581838470901495652
	0.14882225627539549806	0.3944591071350946887	0.35114200021274705188	0.30278591223928308374	0.35242016285387040009
	0.29508693198467411678	0.25296816246171355269	0.31349125657484688823	0.29223566371564146937	0.26906371421625890905
	0.038349197883147397026	0.021859554043739157919	0.012817756680173583717	0.070069587060555424407	0.1009184026042933835
	0.073028147883373209504	0.088267592359345684039	0.10399625709097089221	0.073928879066452443669	0.18529499549936503944
	0.16175401017625168354	0.0950219462845467433	0.451721213054756765	0.33073159205592461696	0.17410844218793375404
	0.43227291363583764117	0.39500856775709403124	0.28312790564350098776	0.37599240947427242654	0.34134241778770746389
	0.26319660971075692357	0.31633279328209157333	0.30984714225966886181	0.28019639470950796767	0.021419725681115081573
	0.01691845764585501663	0.010195616751847737941	0.033022118575059558609	0.027944046169728700008	0.022237003734109070385
	0.092234100455086454051	0.070259924821373623272	0.038831923117459574146	0.34310280167225803982	0.22105593925368371977
	0.094390880264094589869	0.67977050984995801564	0.70105422270466188905	0.36245929360974138422	0.45998342837628586333
	0.43883173720132068185	0.37503458600408806634	0.29316244250657269577	0.27837123274725578126	0.24031582250500477249
	0.18211024807336287368	0.17965080260669924472	0.17185154629542356841	0.023527338798327093738	0.018335089340955689624
	0.010282070202006164325	0.03521656515609540572	0.032069748902975092619	0.025609425964867947589	0.092599317516331158817
	0.072339594498528003719	0.042073623424463836573	0.3403355714178582514	0.21750003577726667592	0.094006395738002637708
	0.65952495209967743062	0.66087614878669109775	0.35585142312563489142	0.45780007950997597677	0.43032877181970213831
	0.36518734420430204457	0.29381201718936278411	0.27905692664375825185	0.24012246472778414619	0.18211024807336287368
	0.18027225186425410719	0.17249189226519684448	
