3072	
	-0.022525351796266333132	-0.016027123535828503853	-0.010057029561306274346	0.050394918751098208287	0.026243274661559193306
	0.018355320526632953881	0.099544643189921927506	0.27710066876655997659	0.28600005473079376239	-0.21531522650906162464
	-0.12539546803456688706	-0.015804254398023114686	-0.28883801572736800267	-0.30465782628533238929	-0.27384328891013715035
	-0.17310235975693608057	-0.19665058990760148072	-0.2033603067656017116	0.12743558810373684098	0.11164555689318307607
	0.11219915302694395687	0.12977275130876655962	0.12694370381300609796	0.12994941658152794894	-0.021779873946448195798
	-0.016635313146471448348	-0.010057029561306274346	0.058644513948716017748	0.023687963856623511089	0.01122134333071071223
	0.11197420782841471798	0.24891781663197790064	0.25765318680648630068	-0.21781302918322237305	-0.12252702802079726285
	0.0080157194396247560125	-0.28969421952193702419	-0.3076929525749287353	-0.27425591683323330416	-0.17968035876590210398
	-0.19587924714868348852	-0.19800306281386906293	0.13760902091238388922	0.10865907413184859587	0.10765162996268831663
	0.13065828897297268596	0.13493444962239434237	0.13749131223381652611	-0.023023887471562445167	-0.018121302400364466129
	-0.012988088487992809419	0.067632980198334191613	0.093476940850628631452	0.086389331905021654601	-0.13635742095433300847
	-0.028563293632482191636	0.026613789967290496508	-0.19599254123058501564	-0.24022379824511380653	-0.22553399053906833527
	-0.23099404006631260589	-0.27823312116347748146	-0.28152553850025430204	-0.25427463092831997793	-0.24788800604649460779
	-0.25260834317102304203	-0.01720603586990685982	-0.094449429413062682692	-0.10112030415983629117	0.13575587080693754527
	0.13578493194447646686	0.12872195398612637507	-0.023631276425162328625	-0.01835582669315565657	-0.012882597863177570191
	0.059343083585249679912	0.046003792657614443751	0.022062185395309706626	-0.12397748665683801239	0.00038124686671155095987
	0.077120796140946620834	-0.18442440228714912509	-0.20283113868867841401	-0.22311921148129196246	-0.20645449150641065339
	-0.21617433714897857366	-0.24310439730811767012	-0.23057791671884925178	-0.21121696503547110479	-0.22861480951709028941
	-0.018595120920122918534	-0.018165964900677220029	-0.051250158648546706441	0.1428737913877484722	0.11834293352218058781
	0.10142423868879489601	-0.029291414533968562067	-0.022518860075923692599	-0.017321140856166466343	-0.13136652812373633692
	-0.060887738132812098402	-0.044743625630960334738	-0.21082443484351881535	-0.23970636987770718718	-0.24023212740309546342
	-0.19217395460523956086	-0.22158739206948094291	-0.29966940321674112591	-0.19902247428372371596	-0.24038946473511696444
	-0.27965485363159731103	-0.33553037112931355379	-0.32775245632880506408	-0.29304484474304343111	-0.48720647208243750281
	-0.42386540310925030495	-0.40682084833768689114	-0.13728028080617760143	-0.18050289046543999127	-0.1641274086310320901
	-0.025859227248559182172	-0.021692571711422109493	-0.017054799322438030096	-0.097964544054125038408	-0.011070045269781210104
	0.0011886878802112612035	-0.18861052658595603426	-0.18617367741751972288	-0.21736795638483838444	-0.16780042142202303279
	-0.18289968562442718292	-0.24650941391658337531	-0.19294242887089332883	-0.19273848130575749193	-0.21808845699443066279
	-0.3060857014133187004	-0.24810678228879698426	-0.2496118480748064361	-0.4840603498368769575	-0.42043157722616814054
	-0.38388342841683159579	-0.094451919358023439521	0.0055910742151865132701	-0.014488176593385401758	-0.03599830375091379181
	-0.026248109494716006379	-0.02063578897489369221	-0.10195961703121485253	-0.079512549300791490747	-0.078181286991438142531
	-0.24328364758629228426	-0.25353601040481577034	-0.40256880778453935088	0.10811775954822182289	0.082373812425174608443
	-0.18744424680458615651	-0.013841200264747463219	0.14688748196073586616	0.057844853699471746045	-0.29167445567436650622
	-0.28517527305053153031	-0.20484229708611864651	-0.55411971831407313971	-0.52010393813271227348	-0.44067795775989015983
	-0.82178169778155774061	-0.83786479177014694386	-0.83744360116371041602	-0.029479650164774124504	-0.025066000417759606161
	-0.020187601244987266047	-0.11597723896587611159	-0.075190979788350209567	-0.048964630802785090447	-0.22390509984339615479
	-0.23267705278911141042	-0.30265461291712225655	-0.072910436977663431457	-0.14185583699637124844	-0.23563712967400143872
	-0.098581381341539445207	-0.12365743964030186108	-0.084147567908686216054	-0.26040959437394101128	-0.24336555295478340399
	-0.1948331642959071075	-0.46536181821068645093	-0.41442573183195413611	-0.39620528254484144171	-0.8255540742464179127
	-0.87561982590632880807	-0.8538148641529260674	-0.03585305628207774431	-0.026343790349622950991	-0.020564190656083027736
	-0.069487475671615034356	-0.069814749533917738744	-0.073552287168726457334	-0.23671416713882356686	-0.27059222169001651004
	-0.45751568726924185526	0.35344573834381759481	0.02482084864547927025	0.065854459523786226804	-0.083095500768969904337
	0.10655569125186609147	0.39388378418453862118	-0.32560350587326342131	-0.29225154198439723396	-0.18834276567449709239
	-0.59912220579330743853	-0.65625786274534481102	-0.5134670220340160629	-0.88038436081574789061	-0.8721303187655746747
	-0.84056632218851456972	-0.028460250749758900235	-0.024479083904332149535	-0.020051840457161438508	-0.084426555343636563999
	-0.055467157379366804903	-0.049267139586719917166	-0.31675939720025370061	-0.27253479595936491719	-0.26145840410405735144
	0.36145187491641284083	0.20203996325394740774	-0.22983863391148973143	-0.0138946438677918227	0.067506124731844807663
	0.39574109158900855343	-0.24140348117272975026	-0.1889014786304452076	-0.14006370070946291828	-0.48874622779233378722
	-0.36875975463363969142	-0.34431612007726414282	-0.85055154085113493512	-0.67533490958711184238	-0.67222872000327837938
	-0.031937915750725562325	-0.023767353307955204483	-0.017222569979400477458	-0.023052018802689009519	-0.064440759695897451009
	-0.078757454578721269867	0.050950182121324877338	0.049437859906162777424	0.041612751379551268793	-0.038309734770593233122
	0.020150615944245421629	0.09123445909103997109	-0.22864660925698596095	-0.15019378049595624725	-0.099059952691041147643
	-0.53190893660819649202	-0.55357041597383194187	-0.41355547493450534047	-0.61861127097355039783	-0.64634596026963930804
	-0.57184511584028285824	-0.23221418320869224861	-0.23171534384015290975	-0.42443030642022977483	-0.024329216091118287257
	-0.019897822852444846387	-0.016609083642105084561	-0.057670031849451325323	-0.043306471969473334105	-0.044821554982607848816
	0.052853050842271105669	-0.18179551289858142393	-0.19342899777215757928	0.069137755028593747553	0.1637297894580100055
	0.15069207342022378215	-0.14532228253521450867	-0.046434492955454050034	0.0024724810568163197756	-0.3850590370693892095
	-0.25703517941153347648	-0.23006106972410797495	-0.5827854972222018537	-0.44181321467380263446	-0.40344793332840367395
	-0.43844770794102289058	-0.57337746275492218473	-0.56962620837614152958	-0.030810754908507546196	-0.021305485784698596774
	-0.013084658001629759574	-0.015635269846212544731	-0.031558324013395894214	-0.055364192149802093912	-0.044151478781508379789
	-0.05093246666685619789	-0.034564684254619580661	-0.14798794975672693863	-0.13149073549765472047	-0.11135534313611053503
	-0.63190794187000909332	-0.63032845970791762102	-0.39743693856622602789	-0.43143264116648016859	-0.41331010536283713241
	-0.43944014882246623666	-0.18811611970666286542	-0.1583336989085154245	-0.22567152478742735777	0.13774165859570594583
	0.12576558644505966833	0.069843711219624432518	-0.023857228653306306043	-0.016144339287114842924	-0.012634078615521217304
	-0.0063492669284237910829	-0.034330317098568395584	-0.047732569984844305799	-0.0035894096635496921914	0.015697294115202584108
	0.011490309814819016712	-0.10151421956737964603	-0.029411569335955380089	-0.028717674040507880362	-0.46596116410516569273
	-0.20732108241222685363	-0.17574600431340578477	-0.45274075509188710376	-0.42701502052490714068	-0.411074412470781414
	-0.27669840911078963375	-0.29555533061974836873	-0.30711328132126070045	0.082234349725274227816	-0.098625459038406596002
	-0.10278893309976758208	-0.022059635042098089952	-0.017112869919151438292	-0.010074352150537039391	-0.042101169117417798493
	-0.049607917518777411292	-0.03627385881799485845	-0.11288239742582409364	-0.12233895187656727843	-0.079103086786176349254
	-0.41539757900927698486	-0.39286544200293277429	-0.22040489517041078615	-0.051834528215375180737	0.57557708368365745333
	-0.25761885432164577381	-0.17631903433483894772	-0.047363233123703753213	-0.13108661398232943074	0.086768707678999343336
	0.11089697653860354498	0.0059948555043735961625	0.15691916687000576069	0.15691916687000576069	0.12201739712216527756
	-0.016332665998642578037	-0.014684987395144842234	-0.010046859910309621083	-0.02359851354051625133	-0.01612005097777146484
	-0.021605419228878108145	-0.066354014296371000015	-0.037440132787735065645	-0.041265682504972624189	-0.29794183263628976066
	-0.1144616941443328817	-0.10149522456231049872	-0.36164747018389847844	-0.59784365668268846239	-0.58898062587879573826
	-0.30233607702847076215	-0.29060455901449772087	-0.25788364916874945143	-0.021093203673430656331	-0.11828554970361239429
	-0.11412422463099548831	0.13457870091296786352	0.076067317949184892756	0.06488543303103777582	-0.027879646670226628652
	-0.020926617363917449782	-0.013315408987224953627	0.025965775927447604793	0.024621809178091733777	0.0028926121213569090315
	-0.065094582863537281403	0.025985442031521331641	0.073431630244874063207	-0.16488409739289716649	-0.18655336157741592151
	-0.18260792978422879518	-0.19774056618146812481	-0.21391322509145907493	-0.23784774433067285004	-0.17759276759390457689
	-0.20480209370775132038	-0.21937262038120600161	0.10894544505440861837	0.056859386747509330085	0.00048559251777919817429
	0.20478727832442492063	0.16202356405268020234	0.16996222801628410592	-0.030602589934005976213	-0.022702923229189774651
	-0.013380729986423403957	0.036527749236099742169	0.015543380976003974558	0.0026582887016613353411	-0.043157210639440390931
	0.066011276508228147741	0.098714880906530536042	-0.1784998653004927216	-0.19301749909045468057	-0.16173116240120072318
	-0.21374616606356663939	-0.27823875630633343459	-0.27871577168278532932	-0.13801034376524765057	-0.19373816441818136891
	-0.2211275877263106926	0.11662152020328041269	0.088426889311159065366	0.06887055278418596771	0.21542632823944546372
	0.21468308132084024109	0.20446180078362383159	-0.028387895869070478572	-0.019751647010844131797	-0.01528346869919135903
	-0.042226951655257825846	-0.01898012168708192865	0.0022234978885629138462	-0.096686887458803202899	-0.11228450733809930417
	-0.084565560239524661945	-0.1028327015285946805	-0.12863891377506705971	-0.14609841494129510719	-0.12483333699043912268
	-0.1302762139473060965	-0.13514898183412568655	-0.20770252294925270475	-0.18155492501573561315	-0.15468188054241405194
	-0.16931233483856311661	-0.21138250695722438088	-0.18395502121605905588	0.23005314715025126926	0.16381897198243530744
	0.14081971220096275998	-0.030581559867492998789	-0.0225062575649094751	-0.015450654607599700885	-0.021377257638097668657
	0.0038905654109776324767	0.005922181269520777544	-0.091797006696463234743	-0.078780629275044464221	-0.05980510560995216246
	-0.1020443495111571508	-0.1231959631438191427	-0.14222667956818044188	-0.11779145761594236874	-0.12636332167337646637
	-0.13535435243612650713	-0.18385257026495940846	-0.15494898872990253702	-0.14807261399678253722	-0.096783217955278652567
	-0.091005121341566491688	-0.13791498003458546595	0.20944661453146526386	0.20336441967586280088	0.16461485976335729631
	-0.023151973229410396232	-0.020213565956469514012	-0.018611544559945365079	-0.1041390639757753811	-0.08634363248556557735
	-0.01494635111902340753	-0.10159131573408078375	-0.13855972604567584616	-0.14792783336830175878	-0.079303070153300458944
	-0.11153524797287062142	-0.12841584758341800798	-0.10243844655765829699	-0.10942678502372601979	-0.11357950571623325053
	-0.18432523592635757792	-0.18580735436315562459	-0.16388028580260835532	-0.34455577657017838478	-0.33442132981516498047
	-0.29727439944825889695	-0.43063286362753033787	-0.54440088297849409393	-0.51037376223068064984	-0.027904587559364667226
	-0.023144054318885089183	-0.018761779717310664989	-0.086591031986358354966	-0.076589819731258806934	-0.043048954062854034863
	-0.08656340706345647118	-0.096584126893119084944	-0.11957941123330356747	-0.072316612381630424045	-0.084187870023584063239
	-0.10756843048585805478	-0.099387165008931604993	-0.10015506669317847388	-0.10155260156959841633	-0.16340382492932045699
	-0.15901000925699115829	-0.15447675644276651075	-0.30518332877354015231	-0.26792035173796496794	-0.26732405680002424564
	-0.41725549025719893548	-0.34584792591000257378	-0.39296617550747425796	-0.020805691341711844006	-0.021703599586184250947
	-0.02128324624491929884	-0.082886958197681645522	-0.047418925881937308564	-0.014392458171332674077	-0.11498912281947143432
	-0.15398916020112315972	-0.16979362008936843553	0.1360787028361922224	0.01665623905162105442	-0.10798483308140806314
	-0.0044942207804867543783	0.047733580378473250416	0.021020920965278449416	-0.12541603671611714632	-0.1338753928767978385
	-0.10694136667286360809	-0.23039661262037661182	-0.23910106229561334246	-0.22654749330080525827	-0.48519527004283441451
	-0.49649326840746987877	-0.44608708649455541817	-0.024137057507484373925	-0.022654385393125531234	-0.021365851631380109593
	-0.086485032632229869032	-0.071632803630183594645	-0.019621317510049453292	-0.088527572271780416435	-0.10651771623569851466
	-0.13939673389262013936	0.03518635584651863546	-0.037835860731246812039	-0.091085813537950741092	-0.018007006927053013229
	-0.022662158546632484024	-0.021289490811405492598	-0.10245013792620727422	-0.098746043630569699245	-0.099750524479843685755
	-0.21199070378265447157	-0.19444027211242226327	-0.20580445381924319936	-0.46722408116184860338	-0.42525422529546730299
	-0.41729421130151267416	-0.018385020950020897201	-0.020741548250283421001	-0.020451098457756070048	-0.031644115881620193953
	-0.019754716665091650446	-0.01282158038714822923	-0.23886543301662557792	-0.22965467180284709903	-0.19345352245993596707
	0.29799656567446869415	0.065832950049143842963	-0.19435111614268088531	0.040469997664803379622	0.12034221005051645714
	0.27849152249883613042	-0.15464523503869809229	-0.15033475357340655987	-0.086500393895556040857	-0.27644594497739677363
	-0.26776132570664962218	-0.21095284512845827174	-0.72971050873625287192	-0.61931683114010571689	-0.48496238367021710092
	-0.018867833037297422616	-0.019231727950410622274	-0.020476301918425532378	-0.043055088867988165757	-0.020765700281843258584
	-0.00081898995047064685089	-0.1628520301892085187	-0.12736638936843081016	-0.13894897775427642039	0.40464580426720464512
	0.25193038307140697141	-0.089543275033865984969	0.074137228788753978259	0.12962696909815216162	0.28706210245871666142
	-0.087932302730916678257	-0.055112599641443299481	-0.056773397356235384692	-0.22100104532914749411	-0.15357092037513420113
	-0.15398616354080982283	-0.57852429726179255276	-0.36488924852798715337	-0.33832829260265778748	-0.015850641018686915246
	-0.017746772074767880323	-0.016547705259293547797	0.024918160202623412802	-0.01479249165017227155	-0.016138464603523871438
	0.067259437699538807132	0.075174877249542165769	-0.10254712173874236392	0.079835137638572306606	0.092544658024583129063
	0.15358013548559501515	-0.096934867938060539916	-0.064737522940247732572	0.029133525589128180661	-0.33967929924052658874
	-0.29405211643238760022	-0.18680739254599565413	-0.45761057890664036396	-0.46345398090440209637	-0.36933129567199041166
	-0.64095752819198925643	-0.62220427514133458402	-0.57325662115217068671	-0.01402822562139644999	-0.014758767168982205725
	-0.016432612881374569769	0.0085090478423963614857	0.0051551118117438487695	0.0012023428191864863473	-0.038867248785615676754
	-0.17681408728467504221	-0.12758920787359942506	0.14903494298049310696	0.19448744369978029911	0.14742907018988768431
	-0.025745877362630498891	0.060100047155893156214	0.10224861869098401945	-0.23800360042062557175	-0.11101219227814485002
	-0.10165234580076125404	-0.3814223803231606702	-0.26764187502224856541	-0.25893192859705493891	-0.56282278632799742635
	-0.42592483294194677379	-0.43550460142827762677	-0.017752866713656733494	-0.017724575434394942985	-0.013189820683217759814
	-0.0080232595927288690579	-0.010038401084289643589	-0.024412954154889792563	-0.0079052501332072169088	0.0012501342492197806307
	0.014728746278577811019	-0.066546399199395908641	-0.05272084786207010404	-0.014443683713904175922	-0.32073708048767501921
	-0.26574423003261982146	-0.13266780474163664127	-0.45952571768722555445	-0.45928237817974715274	-0.5097847427714101709
	-0.31735423383769101324	-0.31356272397990275769	-0.30721238087519570081	-0.11763607569114840901	-0.16458939241994263725
	-0.2695204991711975806	-0.013022289639832995006	-0.012540937080939642406	-0.012780251828565894132	-0.008826954807278191914
	0.0073170005581754092583	-0.0042750488453572278377	0.0045284479889595866467	0.026311894966477279018	0.038577279996678745522
	-0.033407606109199315669	0.012491054073455087198	0.015658768915748681738	-0.20303585440835197895	-0.086423660140022437459
	-0.066170665437891504346	-0.56961117265487215544	-0.32070181196891500708	-0.27883671224172845715	-0.29631992489655206713
	-0.2967078384914607625	-0.32072872492226894847	-0.2061474145709853989	-0.29940055566052253821	-0.29256109177314776337
	-0.024111928020790384525	-0.019745454282218084796	-0.012411439624909518034	-0.032674215738259106134	-0.031722410421078588161
	-0.021041091244550117617	-0.070332608214245292966	-0.070956979601868863661	-0.038320964430277132395	-0.1886224497284422208
	-0.17189468757787407238	-0.10562546550665069534	-0.82037430577571091028	-0.7896371608016801158	-0.51324957472064269837
	-0.24109945444429528583	-0.20183122557612145909	-0.26736925644816667003	-0.080520063985003803575	-0.093826075088116800416
	-0.19902781071887334918	0.17217523311297738831	0.15282964609671284562	0.023339866193466382582	-0.020828386337262722039
	-0.015190902894092793776	-0.012106796338357908929	-0.019935059371462799521	-0.016807387516393896415	-0.018006290590703147303
	-0.041938664847477498399	-0.025462191753499459346	-0.023520725086548448235	-0.14587835402738397184	-0.073990603935637805355
	-0.06173604987127424143	-0.73703312727433700768	-0.29374038361799992281	-0.2462422164471654018	-0.28159051389210765226
	-0.40356307008826453053	-0.42549804118579254153	-0.18693126985551211661	-0.21228558421460885786	-0.20973210687559179499
	0.082846707835098815087	-0.066759940978741494355	-0.0867317686284777567	-0.040548349133716389547	-0.0297953160304712944
	-0.018191059486128990236	0.0051135142027000585543	0.0098009143431426956616	-0.0063985908111893613492	-0.090119844184258127151
	-0.053665320001682878526	-0.0015879006284877808606	-0.15156774472211137494	-0.15754370046348717405	-0.1751368290046991516
	-0.1741395763583696854	-0.17133773507290078753	-0.20642693184917643157	-0.096316924502137857278	-0.16698851551531032622
	-0.20170014005452674422	0.41597272976938820532	0.19624261163275733	0.16940211788708203766	0.50197405584462406747
	0.39840280389098742253	0.38549208941914825388	-0.043016317161602861396	-0.031197859197118996133	-0.018190360300865425491
	0.026357595231144840403	0.018691153841799024865	-0.004344432827444197863	-0.096825791997328478078	0.0059934828247157120179
	0.075155093869384070882	-0.18119166894098237552	-0.21248426617860641241	-0.18279115080493404943	-0.20654687181867614765
	-0.26843268559479382951	-0.26249441721081578915	-0.074032117029484673099	-0.17107791402525546198	-0.19201316068519877489
	0.42875689271095684951	0.34189583381579163879	0.44072103197217998849	0.54092954436853357691	0.54812260111798138951
	0.47439397945631173181	-0.040420197429338666772	-0.027103628302757021978	-0.019910424688407844102	-0.054704193981978378736
	-0.043544867327565399406	-0.017237052145168185735	-0.080710385631077394275	-0.085639965189965958081	-0.081668996724923545449
	-0.081573991580696378345	-0.085833024383736980512	-0.10284340518497882278	-0.1037273310678249183	-0.097487399924561068953
	-0.099481030881690218903	-0.15825490904835043393	-0.14418073398614938974	-0.13339994727263398966	-0.058735267749686292937
	-0.18495827616998034015	-0.18204078851950350471	0.5922961517982739954	0.37959055063590224632	0.32037194818932190898
	-0.043092511688414825155	-0.029700944284400596779	-0.019974246824954858953	-0.043713539793836082847	-0.014816323224193132108
	-0.0034742599845201311594	-0.088418508773941167922	-0.088826415092634142257	-0.07552056416216468282	-0.09240608564371663447
	-0.10808397170500479156	-0.11336425473276023901	-0.12161992658206491336	-0.11942573829910037297	-0.11196775490583982249
	-0.17111859067976414872	-0.16805866429546137408	-0.14928078492414018075	0.01429987563018086591	-0.011041817978697906349
	-0.077126902189390528219	0.48988757685658496088	0.58435665511769396829	0.5026319483659126286	-0.032279432476218720971
	-0.025632771638171816114	-0.02260713323357717297	-0.082822116047326060917	-0.080150477836684969057	-0.033932191379325224445
	-0.063442210102962456886	-0.076140241098660479957	-0.087558051205279596729	-0.024747264195169378642	-0.040385473864305812541
	-0.067622274255661057873	-0.007505003616193820469	-0.024770337094715069032	-0.04995210782992685894	-0.081121191875319687004
	-0.066825553262348860728	-0.069967888388054649829	-0.17534017385944669631	-0.16678795871007071061	-0.15709082417981362623
	-0.12882485072146945826	-0.33552314930413618121	-0.27707846055113616313	-0.036999491091830538636	-0.028592839253012460043
	-0.022714942353612033871	-0.080917192357626677168	-0.081670497644420220196	-0.048245870941997948123	-0.07219153956191046162
	-0.079980731976937724514	-0.088276082179897366609	-0.053247794295576883483	-0.070929539084700746199	-0.074002904729601443057
	-0.047280840406684711275	-0.06904270776495695372	-0.066707711598762986505	-0.10875744963706905633	-0.11112541930678312974
	-0.08637133059429814852	-0.17502105827136385519	-0.16986753710567090159	-0.16491199640128301196	-0.11249264004277724494
	-0.030849418574013177247	-0.062472481876631652531	-0.028308020550379418834	-0.025055957209860216239	-0.024686899596199678164
	-0.064764770271891078379	-0.049461354055498306381	-0.018052482996369259571	-0.028790584697508194573	-0.065702980902295052279
	-0.094475209225298423243	0.30176819641343133327	0.17259037283323452883	0.012386148037033506072	0.16079275716023685994
	0.13809635112033824544	0.11254850375167467502	0.011976525128909894929	0.019301425662606171846	0.024352864565141622843
	-0.13269620744165364079	-0.11350729608174940644	-0.096251481191020074601	-0.40275146459358057704	-0.32356318331898253904
	-0.24833075834029622042	-0.031226435673682814698	-0.027263955093380379258	-0.024785192759240088495	-0.079350323255008139989
	-0.067661370305746995624	-0.027711872994335980114	-0.026967050145752412965	-0.076767231237893529538	-0.095850505821838655196
	0.16101435675753666965	0.048507032264836991153	0.0058060775546826893026	0.18067373487200458215	0.11927161869128262428
	0.084073462323038791744	-0.01875092150920980999	-0.00084904233374303640126	0.042152238537137093344	-0.13363108047154531599
	-0.12283547038378775373	-0.10033115125178049265	-0.37102056474710959355	-0.27355163490723866104	-0.22014578048332014704
	-0.023502359236215918797	-0.022372150547407817361	-0.023222986999396014879	-0.021961176554945539829	-0.011847677531372996854
	-0.0024216329751870933548	-0.11826786439706721277	-0.12814275013916476276	-0.11613800454900967407	0.23950629852470131653
	0.14671680302398229512	0.022608247526617972906	0.26064882246574710978	0.23924988078156805837	0.38195367651900147266
	-0.022169509373749514414	0.0021952105994395660835	0.071117802260140333681	-0.20196217441388908398	-0.16814660297521250021
	-0.096529911409865679084	-0.56551845521824950502	-0.43755121537586222358	-0.30377996485570341045	-0.025548561734696894482
	-0.023749729257215298345	-0.023267122808443157361	-0.034804273704474419926	-0.022075408044001536279	-0.0094895599473293172632
	-0.11001963764206119933	-0.096059790565092839643	-0.094628882593186705585	0.26223710198084460021	0.24721701994475708819
	0.12461881996963919406	0.44386339593083284916	0.51969568067204374717	0.47804656586926841388	0.011043197087589882652
	0.094554707967976645011	0.12719044237955517973	-0.15941574291369417504	-0.097461948017991975601	-0.066356116619778499066
	-0.48537163178316866663	-0.30429581286173701393	-0.24531062632920461186	-0.019569533052396215905	-0.019348763024387243686
	-0.018941224179864043359	0.043031174171090494363	0.0078694049554699184446	-0.0024977556220415956904	0.0049618911529551862349
	0.00056551216541961355638	-0.11749718820574389655	0.072593362011761142227	0.086488585235363735215	0.075872688607822036388
	-0.029314669888362811928	0.00080887929515054872789	0.11253320828197299619	-0.19209781745723167323	-0.15839179293412800065
	-0.064113703789844544989	-0.43665895264788567864	-0.41122053336467428997	-0.27915114435105464752	-0.44145624931485477616
	-0.50837966766872122459	-0.40052321903076204546	-0.020652705465610411706	-0.019252090085982220824	-0.018958781782859281811
	0.017028198920416168227	-0.0027260505255091030744	-0.0053135621808622765169	-0.10893819764732233513	-0.14649253669920359044
	-0.10355707352523786657	0.1504481481411840682	0.035672957305343727663	0.0028230063297843290514	0.044991766372443377231
	0.20717175961311593002	0.20729220549622029424	-0.12038191899284925168	-0.030294376645008634641	-0.0081336891613726872846
	-0.35415258925927628475	-0.20534669867589036563	-0.16998323572852974683	-0.22846133228265033677	-0.44588070243258687286
	-0.37051304260493400644	-0.023219472181551743806	-0.020791179620888545349	-0.016004058012560669344	-0.012462924000909576458
	-0.012507625191948085544	-0.0072411689408289877171	-0.017705480385677017235	-0.014273216830534911706	0.0011497040246572149454
	-0.058668164256129196055	-0.046292227106287858751	-0.021200826316404495359	-0.20928160116202493279	-0.15823084599353823276
	-0.073316482806237120995	-0.49585344952007376351	-0.54179850274077789862	-0.30040926177590948631	-0.32378843687549474506
	-0.31739957704838178687	-0.40560334790267082994	-0.33980372317981022423	-0.39932108635272872688	-0.42894348164708639981
	-0.01994676544184572492	-0.017591907063518680276	-0.015886066488967991867	-0.01354283161829377552	0.0015535448120333637465
	-0.0045374324569064216489	0.0018920655665727748734	0.015976833867258004307	0.024870357696817637499	-0.036184110428859689312
	-0.00069281244674229724208	-0.0010690123844157579502	-0.12750786613878456466	-0.056932989846479160889	-0.043729130256723966474
	-0.39006853883468683986	-0.21301227933461261421	-0.17282694256360534024	-0.25927326427778091267	-0.29263401998960503203
	-0.3936970879825686942	-0.38356696959821817705	-0.43146901959232236701	-0.39364853764065199648	-0.031290549656919353083
	-0.026694692771468634535	-0.016455465089518041266	-0.03386766637052601725	-0.032301561116502335025	-0.026600453393507240279
	-0.079060600528275126742	-0.065950816186970587229	-0.036218756404165636242	-0.19092236007451390822	-0.1532903413998306652
	-0.094753643780855045797	-0.61319637122727210787	-0.59024946432956171272	-0.30762922169556011776	-0.31440265842719616884
	-0.3799985399239722561	-0.78953908825720453546	-0.2188833093399905616	-0.26895916041131412433	-0.31366915886744550779
	0.14520127387991599299	-0.0064144636754708628593	-0.23693856157993437028	-0.027643053202752516928	-0.02251568564609661427
	-0.016382577033954015544	-0.025574502953618922368	-0.022130765818927696648	-0.02411832839174160234	-0.049789538133649752227
	-0.029132364304667285326	-0.027237396450019230737	-0.13653795647745023412	-0.073688009980543464628	-0.062698376962780827393
	-0.51566789817153191322	-0.22996859327046387245	-0.19566331241720108514	-0.34062789656938263771	-0.4102007643778478041
	-0.57111472598742196727	-0.26426663819355428187	-0.2711616451115058668	-0.27779080296516478477	0.10486900553871485176
	-0.12061980108867573214	-0.2475554912628026849	-0.049364736709314183116	-0.036716323231772068914	-0.021956782703004114332
	-0.010706525119415040079	0.0058506163448982951431	-0.0033040211422930981788	-0.1393675754685099466	-0.10774862268490478789
	-0.064014851694308760877	-0.16962866948053326177	-0.17234234266655013013	-0.21749488724078980262	-0.18003112972007598303
	-0.17564071312307119599	-0.21791672275287349292	0.06606174974536474509	-0.14644526793491474681	-0.19570119669810187579
	0.2632594934250426788	0.53138792003388513052	0.27267507793500839197	0.39118638182918974433	0.50090446217709927446
	0.53404022801454276159	-0.051248567552139995263	-0.037474201973075174643	-0.02187143126726482853	0.020649119894191821784
	0.026640782107438046311	-0.0031073990866448621302	-0.16830167489289177274	-0.087796814052492899716	-0.003295423976368966161
	-0.21838295380512842692	-0.27736924314009031578	-0.26410632783666254664	-0.21262096421004778035	-0.29437774298130614525
	-0.29035314630501746214	-0.01620740418428177898	-0.19288543856497977758	-0.17516572132388252836	0.16524964071730172122
	0.18047507530383749552	-0.011412025043418698445	0.42712106898113672004	0.50426414482588821642	0.45924458406894047569
	-0.051550206358457077715	-0.033733661729317389322	-0.023973266056723951944	-0.077980114562823263369	-0.073286854721967623072
	-0.036797320258820175043	-0.089441516777392718329	-0.096099736249731088078	-0.10404344797174684689	-0.090158456385141833023
	-0.090595158726813479477	-0.10780788241927841131	-0.13137926906789443304	-0.11694410464891646928	-0.11391959882350106981
	-0.17699739636267186604	-0.16744193856359448902	-0.16199842980572468076	0.34096208020397544836	-0.029502600294356317451
	-0.077216983887363158101	0.019442297258263560589	0.4348618910749182942	0.63931257505025707033	-0.054102632558332482138
	-0.035965218765930950795	-0.023911481318182905426	-0.069147256231442466579	-0.036566449528444198991	-0.012757737303393095266
	-0.10357389513992704133	-0.12027478435051235095	-0.11340802629938216695	-0.10072026102242050138	-0.12232887760141365752
	-0.12839305880365067813	-0.14090725258374611761	-0.13797281670561140077	-0.12978128996940579976	-0.17907557948699567851
	-0.1746318430351995743	-0.16870183443976285997	0.10278221471571660772	0.10514233051142879427	0.22532780231244603497
	0.040625004646348300552	-0.037154417178087505158	0.15304485325820130215	-0.039504891298977606873	-0.030495239268758647655
	-0.02636340335182958336	-0.084505936571368039933	-0.091236846548162317538	-0.046360713170967467189	-0.05154085944963172905
	-0.078392253069190398485	-0.086616068762779080403	-0.028087424869326943488	-0.050232634040551664423	-0.072365334997203545342
	-0.062969212388580497741	-0.045187912352191023091	-0.072815202788084787411	-0.12951242324500666925	-0.1080753181985019129
	-0.11131057016387366221	-0.18409534544222200259	-0.16605009201202924896	-0.16317537809595361598	0.16792396594350528227
	-0.10542937620794802511	-0.055985908018313587653	-0.04564905624725305866	-0.033786911490648399714	-0.026418986596890868535
	-0.072744268209532600422	-0.093661032601443788836	-0.068162682235495042349	-0.046519490974540118888	-0.068856832147890831286
	-0.087324813093732051028	-0.046173500989870580602	-0.063215739440903848112	-0.069953481698921612941	-0.095105222666995212211
	-0.09634215290978727364	-0.08610625727392898221	-0.14766913024782477026	-0.15011318641484991399	-0.13435239064392126562
	-0.18358002036185097627	-0.17853375203852261954	-0.17670615875791642613	0.10622664077224140688	0.27907381224051991397
	0.52592827251422091805	-0.032598381627248818049	-0.028564864211066819111	-0.027865237991947816587	-0.07175773847425155616
	-0.050395843824505133501	-0.019274669433997294182	-0.060533374820464863619	-0.084079005228756914514	-0.12475978575284972505
	0.041678244337649390794	0.0096231108293567679812	-0.033215077736147465004	0.22386358301816741689	0.29533670233633102509
	0.11016889054024642247	-0.057201527572370070018	-0.0059531259333201400064	0.012740660988918120142	-0.17135895226834019223
	-0.12693754545681226742	-0.11850653302635616448	-0.46417978369369783387	-0.31349063177003633207	-0.25310390866179499625
	-0.036426090876052183432	-0.030996349871103404117	-0.027944402640188204662	-0.071689438421621398678	-0.06434807588386473598
	-0.029358668890048768285	-0.011497598723731057221	-0.051166051074312698943	-0.10618743285790899211	0.072320701082379590385
	0.047007851405613865214	-0.015558879317512206916	0.052971507969180216258	0.023647627949742330844	0.054935269918171082681
	-0.080913949191777689851	-0.079456586914398039112	-0.039381563022361509852	-0.18411351212654519793	-0.16143936416877008311
	-0.13560030654670907069	-0.50470423253216345483	-0.32658527308636980946	-0.26462022975601928731	-0.027926706513177794455
	-0.025849607203113533077	-0.026170408276546243409	-0.024011056125557463103	-0.0212155753246523332	-0.0082315650744005947753
	-0.16364211648712573277	-0.14757670894764629566	-0.14080274752729379784	-0.018949522181723948283	-0.17933194078096262314
	-0.14786071220969077	0.66301421163120544122	0.70951334368729457314	0.93335481817624998957	-0.037399764600140487925
	0.032525872383999079873	0.19119109658090951975	-0.26258308195313356803	-0.17252328149957371628	-0.10434628103548415634
	-0.72391305597467991984	-0.52736410115419563027	-0.30049362360663128824	-0.030067813104481116993	-0.026888805133539719211
	-0.026202591092224780667	-0.033938613370628790966	-0.028723505744986558424	-0.010928073233957450588	-0.13096033249026201029
	-0.11351596950021632104	-0.11651938465848483972	0.0070565331168542131876	-0.00014535462047146285544	-0.067773276267495491387
	0.8035980390200055945	0.89716999665697583222	0.88132039936936190649	-0.031183829472811536165	0.024414001174474318084
	0.16384825023902349628	-0.2185929558050174748	-0.14033684562426682052	-0.10272798918644886201	-0.55719276450694688041
	-0.37971259228031239985	-0.27168352417022140211	-0.024496493031096355786	-0.023498277024559345583	-0.022091343618643635716
	0.014028561208374368263	-0.011795617532729561414	-0.013589133630385708679	0.027994848136020565599	-0.011510865261438851803
	-0.15698704438696048369	0.14443957219811850989	0.12620475006290965414	0.0027528336382630341078	-0.0051263817712128506923
	0.036437143121692876224	0.21594890434986022121	-0.20732226266884593024	-0.13592710311783195998	-0.036898281166104912598
	-0.63579683811838072494	-0.44701074781628524768	-0.25974887432623894323	-0.7345288184284596289	-0.73707336361257802526
	-0.61320303582880386628	-0.02539352908525070382	-0.022809774757177238985	-0.022095120922809449726	-0.0060455017929453985781
	-0.015856145812671810363	-0.011898516760864728467	-0.12753397068584559904	-0.18880215838390887462	-0.12347020625746080169
	0.19498832513302882807	-0.048188688146895669595	-0.11779361057304253702	0.098773609402746653796	0.37580639001234855678
	0.37403342743746936794	-0.15575899351533775694	-0.034487254916762924428	0.0090499857535018216753	-0.5890889751229718696
	-0.31624381038766607999	-0.21004748906041245671	-0.56290883001519520512	-0.93993011856147745675	-0.66470275357246333403
	-0.030051045596265948262	-0.026254125747605674968	-0.019442360664465790226	-0.021676120800083714668	-0.019715466728053673839
	-0.021409505533713128062	-0.016442172494089954404	-0.0083401139624397803429	0.011475542750242387346	-0.054158746929086697131
	-0.042238851034534077855	-0.012627002329440655329	-0.21275775155800955019	-0.14035853270834594553	-0.063155288476017715227
	-0.58966840104717554993	-0.45226634044983327065	-0.25478975094730221818	-0.56607662416892445822	-0.39423024541676093824
	-0.38542800064063292842	-0.36471323827278367968	-0.54005681849201658817	-0.58047443839930035203	-0.024539947150296614886
	-0.021456062399461385548	-0.019348777900207649039	-0.038234150170992492468	-0.015392599461625577906	-0.014804153641339322378
	0.00092174651786439555212	0.0055241964763711130099	0.0100778513914337748	-0.029444933495869407558	0.010996303485142959466
	0.012522624225178184687	-0.1445766189841091176	-0.051574316559031579965	-0.031404366877721474893	-0.57428893990308682582
	-0.28067766426804563462	-0.18635027929672948188	-0.48636503224505683862	-0.65007731307902194562	-0.54858681616034965511
	-0.4716387381682294877	-0.55650933862393625606	-0.56108980299538790959	-0.037656037956178500803	-0.03164382456271423727
	-0.020492195154746921382	-0.043695774021584095348	-0.041593521362576636735	-0.033367122138377044993	-0.096813719290829380881
	-0.077252253468077708431	-0.041289426158257938604	-0.2323481655262361889	-0.16913585659878282996	-0.10101617258503055308
	-0.67055988790192855298	-0.57870102175309678927	-0.27106080977949897903	-0.32545670929642461777	-0.21409608958767828435
	-0.5227000988028859263	-0.30331722142162337308	-0.39674249451185306103	-0.4419856226305967084	0.67019357975925553106
	0.3137887283301515895	-0.13682626260751482028	-0.032805113455102126452	-0.027160633539228973971	-0.020533948695878982693
	-0.031096321923441978818	-0.026780417940952743611	-0.030049261948155544383	-0.057269307364191536502	-0.034580773982600163108
	-0.033051067667001110539	-0.14927165617927154462	-0.082179674216465506409	-0.068794629653555885995	-0.56196060153958615757
	-0.26256616298811047416	-0.20497803126347804992	-0.36076669472030364894	-0.87564382480264235653	-0.66451514400268618665
	-0.40935015400628077531	-0.46098073452225984958	-0.43570513975742419799	0.50382403368381722952	-0.076824176172159933107
	-0.22776821739206792872	-0.049390407864710321462	-0.036662913233537770819	-0.021950655007723883505	-0.011050627237258055582
	0.0031691176698597938767	-0.00038199735744091949585	-0.1502272063884469433	-0.13810824369104440779	-0.087496601822619465838
	-0.17828812568893781521	-0.18452439618634094987	-0.23615750327268211772	-0.20373196787938829821	-0.18760355709970130689
	-0.23106356904396513352	-0.29120284232557375192	-0.2193684128328532712	-0.2160005924414641898	-0.19830571007346245449
	-0.20921643072882856185	-0.35770620332177804901	0.3449523131478016702	0.10886429103665938578	0.19877293107819773987
	-0.050914277726320351924	-0.037482399102886643227	-0.02186879752453667683	0.037114231919855231179	0.01907591134138393249
	-0.0067958725080795060955	-0.1297111564910363446	-0.052850053262491702988	-0.0085542054294246057389	-0.21689420290849467654
	-0.27659918824829476947	-0.29382380507383742962	-0.24320758371445419521	-0.33255643006524504557	-0.32552723444403186548
	-0.22641879385214491727	-0.30764737618252502305	-0.30097520752801787403	-0.12289872277134990253	-0.1220888547663274426
	-0.1878225917045424076	0.43461968365149522553	0.43248333681460937594	0.34105747591653839956	-0.051847727989776895563
	-0.033791814790191783413	-0.023984680181748100486	-0.079807845519241818466	-0.080478511831606355797	-0.045323069768527582402
	-0.091398844754396524337	-0.094873752596340607535	-0.11193264775985653503	-0.092488327313802798368	-0.087946483525255039759
	-0.10812024198457542701	-0.13762997185805839195	-0.1211722648104478911	-0.11556271944557575115	-0.20100132958718444631
	-0.17751269484274845301	-0.16933429700759500269	-0.15441341683375287008	-0.13053216863185598817	-0.17251692810472521455
	0.37085850230722372523	-0.065885356953992127438	-0.0089771172861217093941	-0.054169607094310477657	-0.035854712982844171021
	-0.023920793095062349576	-0.06020152262675858984	-0.030433590530806787361	-0.017093580365864845944	-0.10520266605675993032
	-0.11302967362873125867	-0.11363520944103598642	-0.10511444562670081704	-0.12376992392171938528	-0.1296027815478239531
	-0.13957881031472510469	-0.13979107335285570479	-0.13301043053751626655	-0.2170857696637004397	-0.21090033613258513112
	-0.18604174299926823366	-0.13592323222504884561	-0.1879004854179788242	-0.22539593399524501804	0.4079147173741280441
	0.35109425207033861938	0.17936494249679957314	-0.039746991072297413461	-0.030667132452890259742	-0.026448192447353573165
	-0.081995583792433976433	-0.079364960657855490589	-0.045891527419889513451	-0.049361051532273991782	-0.046576636095485644817
	-0.069413636320330249219	-0.030328119474731986965	-0.016074028172412317683	-0.047845709856635852686	-0.080613729473537829029
	-0.055553000918354362991	-0.067651432843537417927	-0.13001158007876872924	-0.12148935993797732591	-0.12367385535383436379
	-0.18408649229654142077	-0.1701450565247657476	-0.17230029479381017699	-0.2473307774091979272	-0.066592707851450688716
	-0.076992393879778478483	-0.045251570848933456159	-0.033472258231797842598	-0.026518171384178078342	-0.088063804595845646128
	-0.09859408026769506117	-0.06355831700716507715	-0.069588894811527926554	-0.087757814300005621	-0.094354201592977110513
	-0.065138716141070140964	-0.078307771772458067971	-0.073285126712516204806	-0.1031057569246772998	-0.10189038476374628894
	-0.088549984868067727062	-0.13616707966220878423	-0.14162065689451533435	-0.13668590168083594172	-0.18699078951764797063
	-0.18546782798747304954	-0.18862527678087676053	-0.25501195316415731229	-0.089688649396785627421	-0.097138157879154307661
	-0.032516925419389074159	-0.02870331725498781808	-0.027935309037678848071	-0.061297587399494396498	-0.041197380117003155886
	-0.014238780741969403812	-0.030448296520827589084	-0.047897448787372100265	-0.078113062366815852466	0.16055903596667162048
	0.079386356233237462265	0.056012751695158499721	0.15121468391202105841	0.20219719528726179392	0.098765909085134398482
	-0.069131059687839765959	-0.041665422383400714523	-0.031413650534551487703	-0.15107552195897192004	-0.13297128491702928099
	-0.12436844036680545778	-0.40628568386826491299	-0.3263061541319530745	-0.25089420581857807546	-0.036098904898176305267
	-0.030714254107568565028	-0.028021826430122860618	-0.072279212408122225919	-0.072314004908828583007	-0.021757193633161451413
	-0.035331243524434917391	-0.081314975239679593288	-0.089937262758123359685	0.094112995160082743573	0.019955136053661292478
	0.014883041926318106921	0.055941337218266370956	0.022421598428379877627	0.03497034758330858778	-0.077531071779058199911
	-0.078103222115308637563	-0.059103214943332774145	-0.14842807519501938218	-0.13448404893679835603	-0.13025745707264735351
	-0.4087290523866220493	-0.2819791617481445245	-0.24398507983775993835	-0.027488586165453639254	-0.026202584852006442079
	-0.026183104224451376335	-0.020892368703515091372	-0.018230535693911545381	-0.0076992948517355204105	-0.12568590558782177791
	-0.12480526250583963421	-0.11205955178577076126	-0.048601770710450471757	-0.1184309427262687231	-0.059080936377102405421
	0.57146700268289751801	0.85990968355440799975	0.81943903643368454226	-0.035230438941992452129	0.030079446919723716591
	0.14641569043318578003	-0.23530991476321377887	-0.18681768137693940957	-0.11309409416149386607	-0.66284980479643862417
	-0.53788685741362796122	-0.33014580993750652915	-0.029292144127685586924	-0.026769116561218025963	-0.026211335802359073816
	-0.029903174205005194491	-0.029703256844345295867	-0.0085322404376667760478	-0.086254566849924330096	-0.087180591426628387119
	-0.098978939734014600993	0.050297177984509645887	0.14124358845382967154	0.0017471455637584479888	0.53663330517374852047
	0.77686005348059861131	  1	-0.028467056905428358288	0.019769608892069790579	0.11045576521426984928
	-0.17701827477843379288	-0.1169164522270812745	-0.09966808549756286939	-0.50711699264693299583	-0.31618010805044771683
	-0.26431499465647784186	-0.024199927989325575872	-0.023653687608540769488	-0.02211946570655358088	0.001776488816680141811
	-0.013046318923622648306	-0.013992861917247892758	0.051400276305119493858	0.0017331857140288782753	-0.16111239011753622496
	0.14924128320619672872	0.13546590249006495998	0.019394173244567131098	0.0062884220810042199337	0.07127433734474108995
	0.26227660864889562609	-0.2045511430167989142	-0.14117763165154523231	-0.024837557347705641747	-0.67256832570931046611
	-0.61082769515353640966	-0.3191889838533267798	-0.60013424966353523526	-0.56513500001648020454	-0.84155209033439959398
	-0.024556046903494450906	-0.022822722020260165221	-0.02211530849537057461	0.0036705622575333792142	-0.01103665804654054873
	-0.010639444463839122998	-0.069550380973401312867	-0.14112265613673879994	-0.10238692341765422145	0.16142891318217261754
	0.0063831191306117432416	-0.062077929600408220112	0.073873449312436237357	0.28417332247582627325	0.34666961746292490609
	-0.13582163085623902288	-0.030534322198228231598	0.015858108537030801005	-0.48101158087591416868	-0.25210897683268684855
	-0.20008230544911756454	-0.57876262239749820537	-0.69960022482455064274	-0.70454643085084811549	-0.030806790423286604247
	-0.025960769249549368876	-0.019444642164302482906	-0.0041845212751563075348	-0.019240620935082081155	-0.022697390089027377064
	-0.009612347864149464044	-0.0099711611980635404817	0.010183761221624725024	-0.049030813500122227833	-0.038880338550648665952
	-0.010079805104112403435	-0.22709646733359828419	-0.14961479397411636683	-0.055713535769434704981	-0.76111309688881390034
	-0.63156967908860650596	-0.29863805975248930435	-0.46998424362713148161	-0.35988057599520661967	-0.74952286624118924507
	-0.31561866080449146876	-0.44255608897237053156	-0.50022298196336245635	-0.025310465671676208449	-0.021849564396849163045
	-0.019346958454592610988	-0.0030195133459250175084	0.0004219732643063910842	-0.014748837930032114574	0.02064824100211947594
	0.043727246348301905543	0.051443394739632761214	-0.025684283409449341212	0.024025232934352012959	0.02724180358426447901
	-0.13836234681584663742	-0.049341062727301265856	-0.02491548133657812969	-0.53034547198760673137	-0.25702557291381011861
	-0.18848329151716464169	-0.41304168067500773853	-0.43314257778852011116	-0.62239911275317860717	-0.48695438611294444842
	-0.53146695383332620555	-0.47205836739026468818	-0.039942340971752331169	-0.032372303798185252111	-0.020283498628790797708
	-0.042138484668944341249	-0.038182108653136835608	-0.032717475280644232882	-0.097481860554092067406	-0.076387414755060778493
	-0.04205377071038247927	-0.24373217630862276106	-0.18011558089544371652	-0.10267887720900259474	-0.79374679084735144663
	-0.62597603652228783755	-0.2915927521446878834	-0.20394894741256017201	  0	-0.89757301331941141687
	-0.22094729243415209274	-0.29474743324346330819	-0.37384530974875845866	0.60815927197924635195	0.43719259353417133651
	-0.082652165662205345775	-0.034888315327034284674	-0.029468597505045591306	-0.020395449772028444169	-0.03144172668063062448
	-0.023601809992426461826	-0.0282878768975656468	-0.05875650899253551801	-0.034425522041327365208	-0.03325753635269056846
	-0.15184689673683426925	-0.081680886258528762056	-0.069073127426449332233	-0.60763173588704844086	-0.2663998327875173322
	-0.21564927515864165675	-0.39651075743639679905	-0.68391648312131259058	-0.74055315646647401628	-0.38265995816872416802
	-0.42490183817484694639	-0.3944597327825160038	0.25939884870476220824	-0.16911443920569413368	-0.23627521279062241311
	-0.040426013481862831112	-0.029694630466393319435	-0.018179595120242576095	0.019857018870286298473	0.016764019770141115606
	0.001228837786031819479	-0.083624323430593824891	-0.061719467253349202807	0.0045286963813710653937	-0.14690595872100070673
	-0.14259503858028085843	-0.16217148913237913743	-0.179014088938434901	-0.16125900994327835303	-0.18705574595419952044
	-0.1570811345508709711	-0.16689246763409065766	-0.18808932507366940556	0.099844675792884182708	0.12229902626386569831
	0.1283378753056382271	0.27527493838149530436	0.32005534892259335233	0.29672923562228953331	-0.042106769950936678848
	-0.031218499713660082667	-0.018190097480597817309	0.054197998535518494834	0.019476052947793993236	-0.0011970134823123053554
	-0.066758674064392370395	0.045937728529031301994	0.097276752942839619931	-0.19395756935096289397	-0.22217632159452979645
	-0.16968186284682543197	-0.2310033116486079896	-0.29558019007055646998	-0.25145885673697626617	-0.18831073356742791813
	-0.25952207426901929832	-0.25715132227406911625	0.030241089045922511097	-0.048863393255592205144	0.0074193115263579065277
	0.25782487676435461577	0.23642818291532696762	0.23908023409113449143	-0.040915419043387156461	-0.027295493860863672547
	-0.019911207961067579897	-0.044619958063796885672	-0.042303549209280276455	-0.013747925063248135277	-0.074060687018931231629
	-0.075204981374682358664	-0.073901790161075675556	-0.076507197857647521455	-0.076637196863674900138	-0.090789556204978485998
	-0.092434555926677597348	-0.088905126259772343511	-0.090986043426252244393	-0.153104791613661112	-0.11633877589823556076
	-0.11071044245688868579	-0.17687126214050563622	-0.15333157339174210976	-0.16068606363819029625	0.31960463733349075977
	0.41574136697863423029	0.39901741032068210879	-0.043090740585797898676	-0.029600059591939564818	-0.019964310977928279023
	-0.02702246982365124478	-0.0016037757418801920368	0.0014166168713032241139	-0.085695051968103438944	-0.078691472559767675077
	-0.061221814980418162722	-0.091340385256119885349	-0.11037285004477009887	-0.10477484774359969999	-0.11094060382953278843
	-0.11613455823250384835	-0.10398708768457951002	-0.18801093435819504762	-0.16741799128887471793	-0.13286331934288050927
	-0.15402482284757834652	-0.13726142579410116618	-0.16065870086303202235	0.1975020492859519694	0.18983023731320092242
	0.27280558348018407733	-0.033234521408305336965	-0.026027498574587488306	-0.022676697274978126206	-0.073255502098131627942
	-0.077863688706991909805	-0.036543736113347283223	-0.062449116544023242081	-0.068758490823892307042	-0.080297184784112379807
	-0.026798403273042174094	-0.039533917714139651944	-0.062706301795628999196	-0.016777662399587792152	-0.018359828380860889613
	-0.048706433080780382749	-0.076515782287712663656	-0.065698882206765965575	-0.066467334994776028356	-0.18807023874817957454
	-0.12016490881246658096	-0.11525369688511973021	-0.41678469482924263012	-0.20600380467988452238	-0.2006947916154630529
	-0.036869310508122497827	-0.028497821948025112843	-0.022776336131161020737	-0.075308881112546979808	-0.067405547572684840207
	-0.038586601703358716642	-0.073484311937629095968	-0.08576669564640244936	-0.086320431891700494242	-0.056380492423247004219
	-0.072370836688564380013	-0.072128004130191561427	-0.057638750854150606895	-0.075883167442133095393	-0.067047237006533588755
	-0.10836359021733299457	-0.10968932997569717791	-0.075318659464537113246	-0.2679925828228860718	-0.239724993891855781
	-0.16931875125348455624	-0.52252694518396580747	-0.33745741012637159306	-0.26140732013129397426	-0.029258482882547329207
	-0.025506893777190380729	-0.024672135722566025662	-0.056430689033508681096	-0.048260504365522913228	-0.021056620958404822369
	-0.0083985724200436526199	-0.042828268262974325542	-0.087424365295188447011	0.45990682700362411905	0.27003788106743298325
	0.080176061682144333931	0.19149948711401659773	0.32280322135644462511	0.21062216946648726346	-0.022888770471352300195
	0.0076886865254118565149	0.024781514641259071163	-0.12686452545057419483	-0.088802758042728219268	-0.082038731375556700476
	-0.40508161415342708311	-0.25773807152587485669	-0.20297615634243990068	-0.031613163425298913822	-0.027322436668514912123
	-0.024749690260069238251	-0.067662458052458823721	-0.069504901977183550232	-0.025317457184368220152	-0.031217601182268128746
	-0.077217207894350992081	-0.093122275610635574239	0.17593343831004015776	0.032068050985720061852	0.017806418425043418069
	0.062171632668256752996	0.054353211850188702658	0.104526905654204888	-0.04507522776770366002	-0.037937715579836210622
	-0.0014264872793672046542	-0.15637780727230549127	-0.13860564300724162456	-0.096358482694397229462	-0.49734179246294918375
	-0.36090990833308367325	-0.26734097802453510306	-0.023909190226779182542	-0.023196504040687813963	-0.023142397575710418889
	-0.010687665230089727492	-0.012129374223874892641	-0.0080673595550787707831	-0.049374824331719809056	-0.063780167706628976276
	-0.076566030782868305105	0.20267874421316742217	-0.046637353747376396329	0.077301903385226272691	0.2275163396241509095
	0.38756406559994144301	0.51947834689745941983	-0.033895509003529181169	0.020910435330526284947	0.10305646596108694601
	-0.18929225768877069869	-0.12338425204044474459	-0.070652291249660825745	-0.52479520513006461258	-0.39524335283020467502
	-0.23874293539415192278	-0.024530883700435993783	-0.023861754208293159407	-0.023168733189238243514	-0.024389822648116420145
	-0.020129320975445536002	-0.007704591153532980817	-0.023507320183662694379	-0.06283515406935770431	-0.07755340523194531599
	0.44503356442069230692	0.54312914920124411022	0.25246475928434664038	0.18159559393521743087	0.28809487736433442295
	0.62800458583698548498	-0.040093349905211857209	-0.0024235333910083119505	0.083632057319192792955	-0.17511561262082409041
	-0.11255149500991633305	-0.07012767077595444265	-0.47746666941619408941	-0.33924212813224546847	-0.22195719868527485907
	-0.019787281800771643753	-0.020044466895907751131	-0.019147649938368371814	0.039926473480264568217	0.0059048814193924546376
	-0.0065681287925739920142	0.062658627914344136589	0.078496771760783484728	-0.050785806673574775127	0.05851880041328701848
	0.075391289201339486969	0.036161169763679022748	-0.024106119874775726319	0.01778256848965494713	0.10631550835553173207
	-0.1797214614775516639	-0.11603394677299445903	-0.034922408305276833596	-0.40906224404938301697	-0.3520420187740715412
	-0.19993634322353057153	-0.51439761754738833055	-0.40182540183474158013	-0.39008577218460899205	-0.018653081204846128083
	-0.019211753746935261722	-0.019137374984696517433	0.032061874860554548383	0.014709853701422314493	-0.00082734295919471910301
	0.010080840989222693976	-0.084551198593687940108	-0.050142055856995340624	0.1300722998300699873	0.1408592773983587676
	0.019033102690777833899	0.012497161042518736482	0.12775875898741564929	0.17257930942104976468	-0.15066709283633430982
	-0.06154738888474073355	-0.010677300212885768721	-0.35782676156878756579	-0.24284468063170253083	-0.15613584076703879155
	-0.47163625018946125911	-0.43694155330359563116	-0.39378766823467042935	-0.025736234079077192904	-0.022024184599102269999
	-0.016386464623967620519	-0.0071061822352311843076	0.0014014156568203364403	-0.010352165632863166364	-0.013901812832633093919
	-0.003885728155308230871	0.016195173422742747266	-0.05023769761615077406	-0.035307656533472529803	-0.00895876482633158229
	-0.19442840617082857158	-0.13013930728575037743	-0.05484795567736704125	-0.50617581387109533697	-0.40874668768355398862
	-0.21439690379648659868	-0.32361776271151870832	-0.25858870393387595188	-0.31643418409737866792	-0.31475445958867021012
	-0.33347930905281097935	-0.34989543281750018489	-0.018869727302804322616	-0.017314726133077999043	-0.016189492651947932911
	-0.010737698118250265863	0.017939842363265044028	-0.0023802260318120699485	-0.0041351063531141893023	0.0073571152818080395863
	0.025283562308624135673	-0.036690435224346673593	-0.003078865593928396989	0.0050096289776732777499	-0.14086402866790115329
	-0.064537450844296323504	-0.037614327486452381333	-0.45750657448236115021	-0.27127948768281001657	-0.16018382263864922033
	-0.33338906451698852029	-0.35559779629309268278	-0.36490418361048709839	-0.38127863110255166834	-0.44175748310784235251
	-0.34720152637019996433	-0.031743512259895634298	-0.027219649868451788188	-0.017239998304868071194	-0.037740817923755928809
	-0.035561621087252630324	-0.025276753825922371188	-0.076473327206789509791	-0.066044948381237436608	-0.036391789278546478326
	-0.19242495344235543975	-0.14899668427438425566	-0.086727211487676994506	-0.5409101967721158255	-0.47758756653593947838
	-0.24824152266086552121	-0.2709487595124274173	-0.23112171600282119255	-0.53145452216310684612	-0.22470589560234066617
	-0.21643012119106466717	-0.2593332131855218825	0.1581830443741490122	0.099447662050541327239	-0.11565256638016294111
	-0.02821315879002505092	-0.022400348909518509599	-0.017065632207854255359	-0.024624490728672548262	-0.020745889102012918942
	-0.022661606514145130054	-0.047249896532807929284	-0.029356120453276190324	-0.026191087189738119362	-0.13264026218186708572
	-0.076543881994832266291	-0.060109761706706531237	-0.467809650648902009	-0.25692197401686778235	-0.18572474520605528059
	-0.37426008613348527021	-0.64624444335256614469	-0.50696476674594603828	-0.30751690787550961526	-0.31695420397327578321
	-0.27101771604146623895	0.013785292715077916356	-0.20673673129174535701	-0.23192695443614894102	-0.0280127630933677714
	-0.020830071952256615925	-0.013312254140467620969	0.032729861807829295495	0.024984376208576315054	0.0061307913628390617658
	-0.078156215521194921658	-0.045178335593876808862	0.030573933557200699829	-0.17874744015734989055	-0.16150453068333250894
	-0.18514956963162221282	-0.20793448202516603973	-0.17808774729784093704	-0.21011682423441888079	-0.18347428586488384594
	-0.17167479657329276499	-0.19188444397944603992	0.022329568801390805438	-0.02210140223612239857	-0.045278067704709740182
	0.1655273975043980994	0.10443151197560697485	0.098108013571899715943	-0.029904667230454012872	-0.022750457883286161198
	-0.013387251719723689686	0.063885324000802018451	0.029375446445544621532	0.011953807683656787753	-0.01047949416990385553
	0.14254785263460015288	0.12787040882589403856	-0.24396073667694717635	-0.24873841969163343335	-0.20292101413354135531
	-0.28332665501683629294	-0.33165207565007670532	-0.28687156001291247431	-0.21790130508692259759	-0.26195983084027119059
	-0.24750094439231890009	0.069482748645181641178	0.057678855699149871039	0.01015246355696582288	0.18543679173997518195
	0.18835264048822225602	0.16368800651717801964	-0.028594803152676404739	-0.020005765036744040108	-0.015277126417481764684
	-0.034038051550268857981	-0.025781609469097112319	-0.0021184843978693792751	-0.099213724881798595612	-0.085427386188314607951
	-0.078597386733186003216	-0.10079018913784018596	-0.090790722903279635903	-0.10992550941276521548	-0.12496156803757975384
	-0.097329088223525539458	-0.10271393733565387096	-0.22082456824828300412	-0.16529271379111490359	-0.13997262040166588704
	-0.06666572013864836832	-0.19310253800888002584	-0.17303985153394862984	0.15026569067519982004	0.10648436236480193773
	0.074285608893006033204	-0.030660541910961812417	-0.022289725771882710342	-0.015410993358872214498	0.01214925511916260803
	0.026788303179073401361	0.012624220975083802129	-0.1220446522885809959	-0.093980714786821989426	-0.064996569220014538404
	-0.14089978025349597646	-0.1666927018972621799	-0.14353881355161030031	-0.15974482314517959858	-0.17001971321878012189
	-0.14206665901242004901	-0.22061325018423447175	-0.20227114565589524031	-0.16851006336889881587	-0.045342999912552611752
	-0.063396149940297574776	-0.10845990887939198355	0.13015645639890183194	0.092709325350360236029	0.058598301158712319536
	-0.024229894319506162931	-0.020751749993874794853	-0.018787416507740784671	-0.091212013105612291253	-0.067928938059722873688
	-0.025846596288225043986	-0.097444379865154778786	-0.092285936590731448836	-0.10872778856138520798	-0.069584418253983898461
	-0.063159135343347036495	-0.080478403645572862968	-0.095768164733889923901	-0.062146050548352232967	-0.071874948543373409771
	-0.19851625873529393784	-0.12142573156709485227	-0.11647824385456284624	-0.40555741597187500158	-0.24050989911690889844
	-0.22971640354915642823	-0.31246260909250078708	-0.42287687364887993624	-0.40982547136062924542	-0.027803425193055057718
	-0.022893764153078120099	-0.0189163598783337987	-0.10316588598180706504	-0.074025879689208623491	-0.032446008932420368487
	-0.1295768896917389168	-0.14833928113629413215	-0.12983019587744504264	-0.10098996715427711879	-0.11705669336934286517
	-0.10590318512927228423	-0.13334111305515614077	-0.1254649014634958426	-0.097496446951358436972	-0.26590019629219513453
	-0.22293779288885384737	-0.16078147979430254533	-0.48408876630565816912	-0.3976469343980200688	-0.32785812184063611863
	-0.046260207176592953171	-0.033988650036883470695	-0.13172252250874949553	-0.021400982014817947902	-0.021418005320543675313
	-0.021388284289968091667	-0.06939907401645357965	-0.035250173498549655648	-0.013887573034735308658	-0.082587626265532967929
	-0.08490971865000376817	-0.10606807529830435122	0.18901707867877567959	0.12590379762285519583	-0.0070949092546682690497
	-0.023544753740807312925	0.050117203987902009255	0.049781705202195290771	-0.11443708185745954387	-0.071131559308182754076
	-0.060593043203359703286	-0.24660404610900263367	-0.15118584284715677613	-0.13774869383430635161	-0.59430307502818846555
	-0.36722966150101588045	-0.33921862157434878871	-0.024969420855311275781	-0.022851015622014102247	-0.021501897051146880852
	-0.088457113402937895263	-0.065734622220469413056	-0.017440548809330998214	-0.11893487244579890871	-0.14518838813879628158
	-0.13308454371249367476	0.010635167109568821955	-0.066138362596295394158	-0.06676901482743945182	-0.069879525600894082382
	-0.069048026863212486059	-0.020274609303357164769	-0.18595917893304633739	-0.17603066290316513043	-0.10221443196606555537
	-0.35640633248057468352	-0.33132087900725887275	-0.21294907782916269734	-0.7397004464307526117	-0.68424724949127790907
	-0.52519189075517891396	-0.017201671892106473738	-0.019242564907033802429	-0.020038680048127237993	-0.044726345013343611623
	-0.00321255353058474101	-0.001297601011872805913	-0.13959021726667081298	-0.11149065463684569577	-0.094406078988963360032
	0.29103652209988528643	0.23162590751376135878	0.10017567818148580272	0.0052320631142639536723	0.12273470765557589757
	0.23734380843589641952	-0.15531113776160418438	-0.083209278914595022347	-0.04269868326114067969	-0.27834806459544064738
	-0.20693518107393052419	-0.14494284490670519827	-0.62433561869729758964	-0.43112683636682980204	-0.29981236486601359204
	-0.020885001242090750484	-0.020334870004315042796	-0.020089224002104721922	-0.061302393368439379862	-0.040871534581577731449
	-0.0096433155282225381522	-0.14140077986668631027	-0.14498119824665212096	-0.11392322727009553118	0.37965500651324207704
	0.46245788620785471812	0.12296140932906836352	-0.0083257726313457989381	0.052563327971073416089	0.22514953584808955478
	-0.16689130549644651258	-0.12763073190205226348	-0.071494768499539160245	-0.3082381160676114229	-0.23596193387250091744
	-0.14649327670539480373	-0.66388416660814186798	-0.51024329930599565674	-0.32200373555115124891	-0.014159912522790836856
	-0.015714990095432951334	-0.015831489550093749002	-0.017148500298115720158	0.010904629344165242197	0.0014123520112913230933
	0.10766708290519504121	0.081431788932923326874	-0.03566603228364850775	0.04282434240747229337	0.093936435641150201059
	0.15002686004680368392	-0.10276446336094989531	-0.02115862437690036596	0.052931644703574989852	-0.33522271256789809568
	-0.22437832497744936155	-0.10678225108584549208	-0.42880920557494001111	-0.38125957494364087763	-0.26972961125340505495
	-0.55380508920419924124	-0.46074017214587542624	-0.34449709645065601515	-0.017140643881942262822	-0.0163146418950735686
	-0.015822999709552656999	-0.035139164202512271351	-0.028131347489024266517	-0.0077495860347501187293	0.093238579244303398941
	-0.070517198289643340248	-0.073246210703650505014	0.064489180247800259593	0.15609699285366532284	0.15753519490557751914
	-0.10137606477894156587	-0.015429483027693740443	0.06762681905189125986	-0.29020693600680991242	-0.19757561462366854399
	-0.10836575668964988639	-0.43593322275746160255	-0.32309188393991666866	-0.23100783383543291305	-0.57725054243887707894
	-0.52648423878789618602	-0.36229073708763565032	-0.016117750319610674864	-0.015196001208517495584	-0.012372130468468160377
	-0.0032616856830490850196	-0.0068832502531530953202	-0.00077710721526687450127	-0.0066194712208770675396	-0.0072477441224111692833
	0.012064584848796203187	-0.061668235879418588363	-0.040362833341627553374	-0.0052398701014600675488	-0.31044329275704068971
	-0.1809473279630511855	-0.07489822656355832331	-0.43948396699963088174	-0.56252560529930450972	-0.29804405871423544916
	-0.31327571251874897218	-0.26739517275633994942	-0.27252043452098173582	-0.057891459708279482954	-0.19788295382292392377
	-0.26845045402665551615	-0.016489912372648237587	-0.013913454848305634518	-0.012216228816610188307	-0.0019896147589404406669
	-0.024680524120277731043	-0.0096049899897166137602	0.0024343570654445905593	0.02438871998144458153	0.040080341227763743861
	-0.053709653201299500935	-0.010549153023835654286	0.0171493814963072852	-0.28070095677697498582	-0.15194859853779113523
	-0.064259254640738935893	-0.44439555403215996732	-0.44098095321560554227	-0.26924322499793573726	-0.33802899744728054365
	-0.32459631627717533409	-0.29846561606712468384	-0.065008310566886620685	-0.2424081799907848167	-0.28774822063630933755
	-0.023691187219494327931	-0.019474617654506504172	-0.011817429505092211933	-0.028578146511236104249	-0.026084712122562064146
	-0.021280868820311812928	-0.070261867936833685699	-0.056568841647357294422	-0.031530410158693220057	-0.22154897742009191375
	-0.15797708168078400393	-0.086509884573642573113	-0.74097883431614086636	-0.54525917604620144363	-0.26384838204725502564
	-0.20366653603041509624	-0.10701304171439583734	-0.41039896516101148638	-0.065009423077402983537	-0.10237936628083377233
	-0.17706299655157980988	0.19647777240822239531	0.10262477234487897559	-0.042041250279177377891	-0.01957151982848488736
	-0.015847203025166876206	-0.011507286555292726982	-0.021695280577149988338	-0.016002962728047111229	-0.018408445694818396238
	-0.050154968611815793633	-0.029565038371029733061	-0.025263039751811062344	-0.16854787394424863844	-0.096418128720552082056
	-0.067430314713809197391	-0.8013111627109802404	-0.54570215336981886534	-0.2372321803066896051	-0.2846331632280776347
	-0.27228546486964394502	-0.41105893257026027143	-0.12788582802614129053	-0.19808094646726459587	-0.19826560180054941807
	0.17977803434762831825	0.053304629211157673885	-0.060996130060611594703	-0.021283500577751118116	-0.015242426188598778847
	-0.0099941402018861296569	0.078469806468179637005	0.031185482228019586332	0.010197636489942566926	0.029036688160567997868
	0.082553705647517156008	0.24409593585380745528	-0.26583359475977319519	-0.2301232445796420889	-0.12994486727313084296
	-0.3230458926927407548	-0.2657936331603422131	-0.28035029993844784446	-0.15698105884729221526	-0.21361014622089294357
	-0.22639779179145938515	0.15933573612030307864	0.060685205683347898109	0.046465702920993973146	0.14000185819622687489
	0.10436373725190638273	0.11321963122102708665	-0.023136998662832673063	-0.017000848483621711082	-0.010071117718383714584
	0.12676957806334779311	0.11940576133994539043	0.041358129957400714682	0.24655696648249975089	0.41237878329525567977
	0.38461428217601895119	-0.23946768416889627207	-0.030561693028387276055	-0.007638958609561184894	-0.36068104138238188394
	-0.3254958015854041431	-0.31990344624681688046	-0.0016148278674507823144	0.0067406647586632914212	-0.18783518113945826822
	0.27361862638189060615	0.28735447721579127078	0.18403370818328840253	0.16100262792278574597	0.16100262792278574597
	0.15335905287410456221	-0.027587539086010387512	-0.016562127349238810886	-0.012568547530694791289	0.085358035703011508888
	0.037914091561188585644	0.043165161369944651804	-0.16117307069598682534	-0.13489799793814638562	-0.019585333186578623987
	-0.21099980205446691728	-0.18642710649847801796	-0.20936008051267784857	-0.23990632360393607247	-0.1763527187109558414
	-0.18792732243854001761	-0.24736079532940646875	-0.19089395790128985131	-0.18445023258258291809	-0.037468140131166796647
	-0.11259092490390247565	-0.11251828318084067249	0.12820028004234459984	0.037450200685776646736	0.029563435771257931539
	-0.03070849200612706803	-0.019481768463337274799	-0.012757763386290770294	0.17842982582928465507	0.10076962476035647431
	0.042817385772304282499	-0.080574007282225593163	0.061121244820353734517	0.098383332623409341933	-0.28662052861163123119
	-0.30557761504440417166	-0.24805091360176570459	-0.32414675167663054012	-0.34084527123639640767	-0.26438523479316239362
	-0.25439258353130933532	-0.26373692418258942727	-0.24653910638025622326	0.093230811905904251158	0.12184238175999000109
	-0.038024004851223827672	0.19572773839573523458	0.17681179716282169334	0.096091486158278033303	-0.030403921909796217948
	-0.019444463773024465991	-0.016735406782720171209	-0.17902517292239170099	-0.065569819124390332776	-0.039042717549146267741
	-0.21583294096267288675	-0.1999864971240166156	-0.22460126465578575394	-0.17047087274791886125	-0.15266638579075489379
	-0.18529905024503420807	-0.20419670898438221918	-0.1486344280927652528	-0.15654341290050330371	-0.3415256690093707026
	-0.21899966847350799126	-0.18857621172030353263	-0.35238643918765333307	-0.36298941574001603039	-0.31693952863726138069
	0.2517132071867498877	-0.11716200846131824553	-0.12541796174607078296	-0.036978166340040904969	-0.024045016908046581289
	-0.016883180128207064125	-0.15104518465572921992	-0.029748707327773012826	-0.054716854482043005004	-0.28844772562882792233
	-0.3072018031581305042	-0.2336039378138395628	-0.27352372145098158285	-0.31085345877071002274	-0.24572868405783424017
	-0.29325507080521756587	-0.29984216190350693187	-0.22217570268862163463	-0.38844885696998254776	-0.34626876709918624764
	-0.2538045591975667814	-0.18835537471382185482	-0.21264646711970502935	-0.29726430496415406912	0.28479503566630004485
	0.12975263388651031571	-0.047841775710495575147	-0.033273498621008493203	-0.021376794043511317123	-0.019695996783904826805
	-0.14540336190256974991	-0.060505619361828022473	-0.048773801381454200132	-0.2057184067711514408	-0.19402269572647107276
	-0.21123363197440503392	0.13134128839623690488	0.05061476005531257566	-0.11747480913502687805	-0.098107930466657208846
	-0.030074723262215920239	-0.055909777275097750915	-0.31738909074621668438	-0.1912240871338360404	-0.15930513113277605663
	-0.55911358601063865237	-0.35216780370996375593	-0.32900282532274222058	-0.68387902911112496973	-0.65479115498767537229
	-0.6494227297643092589	-0.040896706839815916146	-0.02855261166836580225	-0.019642165703028069412	-0.20256098235560104914
	-0.18380507294451772782	-0.086133415911751817773	-0.27509471284119169088	-0.32053763934963525051	-0.28617778973480878513
	-0.1570123352338632372	-0.18834888570401123187	-0.20934463340324022118	-0.22209768897648243802	-0.25110706079814243408
	-0.14130257667275922251	-0.39682124711310684528	-0.35902243735073136044	-0.23781919313426402862	-0.68068541019355233157
	-0.62555949048048331562	-0.4629912648442668921	-0.2861375654525539769	-0.22760164750477113182	-0.64132446123582764752
	-0.032372522397294441199	-0.020954708962732476046	-0.018828057824567649009	-0.11587204830487227158	-0.055042192178312104867
	-0.044356813932911805243	-0.11350853409153358053	-0.19466516350462106932	-0.19793134686042831993	0.37511656168000301337
	0.23350673455862325234	0.05263727462911898386	-0.1393087073378588836	-0.0080777695653556271654	0.18990178440302926677
	-0.32300991335457668319	-0.20251852010199145049	-0.14879820119390765876	-0.55331400579766110148	-0.38068249801394604681
	-0.29923641851355053944	-0.71269318899385358801	-0.69943892020627063122	-0.57571216304271177755	-0.040068182088381157357
	-0.028971818786683194158	-0.018813938546898913845	-0.14178869632087584551	-0.12448068211025117846	-0.066423342826309503262
	-0.051227910867999319755	-0.22110942957941975839	-0.23548475695381024253	0.71527039259242708447	0.93561795384207058213
	0.10311465160844751621	-0.063385511173616210234	-0.070023094166249119641	0.21772809716277868874	-0.40337300035129919351
	-0.30624867026208929532	-0.16930182302856200405	-0.66309035023961004907	-0.55315849663581895257	-0.35816976262069960546
	-0.68034238002389724187	-0.72814436978116792165	-0.64152110596558542532	-0.029801311066365972213	-0.018211340739622969981
	-0.015057853261381565213	-0.044807082800183951898	-0.061599395809364486387	-0.043621241208122309152	0.041007398789970249398
	0.068022818619148175956	0.054331971498129759401	-0.042788814901288364789	0.00031226098884982778124	0.044465260381344566543
	-0.25177983847363616388	-0.1384203074603134187	-0.059414049217354429622	-0.49301567420722447466	-0.38522446073403426858
	-0.24857533918413629581	-0.58675549110733482561	-0.49665268878464119418	-0.37991196418922595912	0.10802293393498500762
	-0.37266567019975099795	-0.49808850739586690848	-0.035471194107562720177	-0.024704885689280402933	-0.015206988746223750603
	-0.096091153525967532012	-0.094260696682751055064	-0.052414599453586542543	0.17942005010888179006	0.17572639520213945152
	-0.051636202830842005407	0.054435630341226955153	0.18072083751757198056	0.15107923982942614294	-0.2676078628835540929
	-0.14619496562679643037	-0.035521913804438476348	-0.52468829635852898274	-0.39496896503904954656	-0.23407203063881495964
	-0.63042351422448206222	-0.55061307768709866206	-0.37191155967544969885	0.17567175050480920984	-0.27808572813953674752
	-0.49236475761126974326	-0.028394634695457717649	-0.016578522776083910728	-0.011171487772510538955	-0.024185542782648273424
	-0.016727935283234823816	-0.026908222658935325444	-0.040956944134103862032	-0.024295812818684064949	-0.019007426902042694888
	-0.15106546026676712091	-0.088270625878471467574	-0.051557956523624430545	-0.55256744825185266645	-0.45845016881731170955
	-0.20094905945303503936	-0.40367009543300236274	-0.37886360557544934702	-0.36898190274008269007	-0.174011936366922082
	-0.23635427192598906787	-0.25926063417341682626	0.20226708614192329128	0.057551376547694287067	-0.077054662892305655908
	-0.031840295892168114789	-0.020054446438104382711	-0.011329865800655130464	-0.018382611274183516259	-0.01037025271951824007
	-0.032819567185474296522	-0.044851394414092138341	-0.027704444943858617945	-0.015604210355559859635	-0.1853518226789007961
	-0.11703423651615689483	-0.054252678512801529032	-0.53723839791607841399	-0.37430630951920312866	-0.16870971845876062134
	-0.45538236150214894682	-0.45365026752198567284	-0.36637478810392209994	-0.13464442030861609179	-0.22812962780725723477
	-0.29431240578655287754	0.22589813407998765582	0.16095671662104110711	-0.046614567703593005887	-0.019176173443632003879
	-0.015096873278986830402	-0.0093126780233088145289	-0.03919173982993318095	-0.029205931846463233786	-0.019503116265072187319
	-0.10386899478978210698	-0.082668315235624040271	-0.040471023113238309421	-0.437792909095568894	-0.25675485293378685903
	-0.11364967934967945551	-0.16747789045330854774	-0.1545229756076264005	-0.52555924364999828668	-0.13754111930014381593
	-0.13811529376552400539	-0.21502001977247905962	0.087308445829185746256	0.027957747024260650587	-0.078766045153046970739
	0.15980722606316882795	0.14118240846851171089	0.082575686304504875013	-0.020886124257646725838	-0.016490539572808254193
	-0.0094381151808825506505	-0.040790148898797028154	-0.032251962515548841803	-0.022553526764643068436	-0.097092075267397479066
	-0.075248009753269437527	-0.039987672059816688208	-0.43847201850200379081	-0.2587836954072302853	-0.10778135333886837421
	-0.28533978995715075788	-0.26411212806029793487	-0.5082994152981054059	-0.16196508841131279643	-0.20124052498900305008
	-0.26112096521972161245	0.088151956768670255982	0.021857697141480024461	-0.088299687312226510238	0.15980722606316882795
	0.14173443902724314203	0.083429441174560678429	
