5.00457
4.96651
4.92849
4.88914
4.8479
4.80495
4.76072
4.71541
4.66899
4.62123
4.57183
4.52048
4.46694
4.41131
4.35395
4.29544
4.23692
4.17968
4.1254
4.07571
4.03186
3.99517
3.96661
3.94677
3.93625
3.93597
3.94591
3.96421
3.98888
4.01761
4.04767
4.0777
4.10901
4.14446
4.1858
4.23184
4.28184
4.33238
4.38022
4.42521
4.46864
4.51062
4.55106
4.58975
4.62648
4.66141
4.69556
4.72931
4.76213
4.79404
4.82598
4.85856
4.89169
4.92502
4.95823
4.99095
5.02292
5.05412
5.08398
5.1116
5.13615
5.15723
5.17512
5.19034
5.2037
5.21639
5.23001
5.24586
5.26463
5.28626
5.31036
5.33622
5.3628
5.38889
5.41345
5.43568
5.45501
5.47106
5.48372
5.49309
5.49935
5.50276
5.50369
5.50239
5.49893
5.49336
5.48589
5.47692
5.46703
5.45675
5.44634
5.4358
5.42503
5.41369
5.40092
5.38526
5.36536
5.34038
5.31004
5.27453
5.23401
5.18849
5.13835
5.08463
5.02955
4.9757
4.92516
4.87943
4.83921
4.80335
4.76895
4.73161
4.68925
4.64618
4.60951
4.58295
4.56323
4.54318
4.51509
4.47373
4.42365
4.38032
4.36072
4.36205
4.36744
4.3669
4.35995
4.35368
4.36264
4.3985
4.44832
4.50004
4.5551
4.62167
4.70892
4.8171
4.93115
5.04422
5.16424
5.29893
5.44739
5.58889
5.71439
5.82819
5.93409
6.03439
6.12325
6.19266
6.24254
6.27937
6.31197
6.34792
6.39161
6.44293
6.49931
6.55959
6.62228
6.68481
6.74699
6.81065
6.87744
6.94782
7.02106
7.09641
7.17347
7.25208
7.3325
7.41469
7.49871
7.58467
7.67274
7.76325
7.85626
7.95126
8.04763
8.14464
8.24138
8.33672
8.42978
8.52087
8.61162
8.70307
8.79355
8.88088
8.96442
9.04425
9.12034
9.19298
9.26252
9.32937
9.39405
9.45718
9.51972
9.58215
9.64479
9.70844
9.77364
9.84044
9.90953
9.98174
10.0571
10.1352
10.2158
10.2985
10.3836
10.4723
10.5655
10.6636
10.7666
10.8736
10.9838
11.0958
11.2076
11.3171
11.4226
11.5234
11.6192
11.7093
11.7924
11.8668
11.9318
11.9873
12.0336
12.0713
12.1014
12.1248
12.1404
12.1464
12.1407
12.1226
12.0925
12.0516
12.0025
11.9502
11.8986
11.844
11.7865
11.7343
11.683
11.6233
11.5642
11.5063
11.445
11.3834
11.3215
11.2609
11.1982
11.1344
11.0695
11.0012
10.9317
10.8615
10.7905
10.7173
10.6412
10.5627
10.4832
10.4037
10.3243
10.2451
10.1647
10.0825
9.9997
9.91742
9.83716
9.76046
9.68767
9.61858
9.55212
9.48674
9.42213
9.35933
9.29982
9.24439
9.19358
9.14811
9.10898
9.07664
9.0515
9.03524
9.0284
9.02953
9.03687
9.04913
9.06518
9.08422
9.10703
9.13531
9.17075
9.21378
9.2639
9.3218
9.38883
9.46391
9.54305
9.62282
9.70165
9.78027
9.85955
9.9384
10.019
10.1043
10.1924
10.2769
10.3548
10.4276
10.4978
10.5676
10.6373
10.7052
10.7696
10.8298
10.8862
10.94
10.9924
11.0447
11.0971
11.1486
11.2006
11.2581
11.3175
11.378
11.4386
11.5007
11.5666
11.6392
11.7204
11.812
11.9127
12.021
12.1377
12.2631
12.3937
12.52
12.6407
12.7552
12.8614
12.9539
13.0278
13.0816
13.1161
13.132
13.1314
13.1147
13.0818
13.0354
12.9791
12.9118
12.828
12.7172
12.5915
12.4611
12.321
12.1892
12.0872
11.9539
11.7712
11.6134
11.4979
11.3491
11.1593
10.9769
10.826
10.6671
10.4775
10.2582
10.043
9.85542
9.66675
9.46687
9.27312
9.09428
8.92025
8.74602
8.56678
8.37779
8.18319
7.99814
7.8317
7.67595
7.52166
7.3574
7.18896
7.03238
6.90072
6.79189
6.69178
6.59009
6.48179
6.37462
6.28214
6.21269
6.16204
6.11103
6.04224
5.96188
5.88457
5.81516
5.75318
5.68929
5.61072
5.526
5.44812
5.38121
5.32309
5.27475
5.23505
5.20005
5.17283
5.1526
5.1345
5.1139
5.08999
5.06449
5.03756
5.00827
4.97829
4.9528
4.93816
4.93707
4.94687
4.96198
4.97922
4.99748
5.01593
5.03437
5.0549
5.08055
5.11313
5.15153
5.19351
5.23809
5.28275
5.32437
5.3609
5.39211
5.41846
5.439
5.45141
5.45636
5.4578
5.46115
5.46773
5.47439
5.48509
5.50945
5.54149
5.56393
5.57031
5.56839
5.56713
5.56429
5.55402
5.53724
5.51901
5.50297
5.48632
5.46679
5.44459
5.42122
5.39744
5.37253
5.34447
5.30996
5.26609
5.21162
5.14925
5.08653
5.03113
4.98091
4.92947
4.87364
4.81479
4.7566
4.70381
4.65782
4.61318
4.56642
4.52211
4.48879
4.47167
4.47371
4.49608
4.53821
4.60135
4.68681
4.79485
4.92224
5.06395
5.21496
5.37112
5.52901
5.67946
5.81849
5.95361
6.08797
6.21285
6.32663
6.43498
6.54242
6.651
6.75991
6.86838
6.9751
7.0812
7.1898
7.29891
7.40752
7.51909
7.63649
7.76142
7.89239
8.02527
8.15689
8.28457
8.40915
8.5361
8.66854
8.80745
8.95296
9.1048
9.25954
9.41046
9.55177
9.68804
9.82631
9.96965
10.1156
10.2607
10.4031
10.5422
10.6798
10.8186
10.9594
11.0986
11.2328
11.3621
11.489
11.616
11.7437
11.8706
11.9951
12.1163
12.2353
12.3533
12.4706
12.5863
12.6989
12.8077
12.9133
13.0162
13.1162
13.2126
13.305
13.394
13.4818
13.5709
13.6622
13.7549
13.8476
13.9375
14.0226
14.1044
14.1858
14.2678
14.3497
14.4296
14.5055
14.5769
14.6445
14.7094
14.773
14.8361
14.8983
14.9581
15.0132
15.0625
15.1072
15.1485
15.1876
15.2254
15.2621
15.2977
15.3324
15.3663
15.4001
15.433
15.4634
15.4889
15.5087
15.5233
15.5331
15.5366
15.5326
15.5214
15.5049
15.4849
15.4619
15.4356
15.4051
15.37
15.3303
15.2858
15.2346
15.1757
15.11
15.0381
14.959
14.8717
14.7761
14.672
14.5587
14.4376
14.3115
14.1822
14.0503
13.9171
13.7846
13.6549
13.5307
13.4142
13.3068
13.2092
13.1206
13.0385
12.9582
12.8747
12.7851
12.6895
12.5861
12.4743
12.355
12.2287
12.0932
11.9493
11.7984
11.6432
11.484
11.3189
11.1475
10.9704
10.7871
10.5979
10.4068
10.2141
10.0215
9.83192
9.64141
9.44779
9.25765
9.07642
8.91707
8.76201
8.5971
8.44122
8.29583
8.14961
8.01063
7.88604
7.76351
7.64844
7.54183
7.43637
7.33217
7.23781
7.15067
7.06735
6.99131
6.92462
6.86796
6.82307
6.78479
6.75015
6.71856
6.6911
6.6647
6.63543
6.60635
6.57949
6.54688
6.50914
6.47539
6.44506
6.41632
6.39105
6.36783
6.34159
6.3103
6.28342
6.26193
6.22506
6.17103
6.12156
6.08176
6.0393
5.98895
5.92943
5.86221
5.79323
5.72455
5.65538
5.58611
5.518
5.45266
5.38984
5.32771
5.2654
5.2048
5.14889
5.0996
5.05803
5.02512
5.00122
4.98552
4.97696
4.97445
4.97736
4.98518
4.99722
5.01314
5.03201
5.05283
5.07455
5.09601
5.11618
5.13481
5.15242
5.16998
5.18895
5.21098
5.23724
5.26817
5.30329
5.34153
5.38125
5.42022
5.45589
5.48591
5.50866
5.52324
5.5294
5.52768
5.51941
5.50608
5.48924
5.47078
5.45271
5.43645
5.42209
5.40732
5.38834
5.36305
5.33293
5.30465
5.28471
5.27521
5.27325
5.27467
5.27812
5.28509
5.29476
5.30212
5.30274
5.29653
5.28118
5.25378
5.21582
5.1737
5.13219
5.09254
5.05462
5.02251
5.0007
4.98418
4.97027
4.9536
4.92568
4.88366
4.82572
4.7492
4.66026
4.5765
4.51657
4.48813
4.48094
4.47503
4.45362
4.41485
4.36916
4.32092
4.26581
4.20169
4.12989
4.05525
3.98348
3.91878
3.86035
3.80127
3.73258
3.65079
3.55858
3.46036
3.36094
3.26187
3.16112
3.05748
2.95247
2.84932
2.751
2.65892
2.57348
2.49709
2.43299
2.37986
2.33263
2.2874
2.24483
2.20964
2.1857
2.17196
2.16293
2.15412
2.14686
2.14742
2.16168
2.18946
2.22199
2.25187
2.27643
2.29769
2.32065
2.34782
2.38083
2.42441
2.48609
2.56734
2.6632
2.77015
2.88835
3.01992
3.16906
3.33912
3.52598
3.72318
3.92918
4.13779
4.34552
4.54999
4.74748
4.94215
5.1293
5.30243
5.45931
5.59973
5.72445
5.84342
5.96587
6.09283
6.22205
6.35201
6.48235
6.61461
6.75024
6.88738
7.02291
7.15612
7.28691
7.41639
7.5466
7.68109
7.82265
7.97094
8.11995
8.25892
8.38848
8.51741
8.65071
8.78547
8.91846
9.04883
9.1752
9.30033
9.42993
9.56487
9.69733
9.8206
9.93463
10.0439
10.152
10.2591
10.3631
10.462
10.5544
10.6406
10.7218
10.8008
10.8801
10.9598
11.0384
11.1133
11.1822
11.2438
11.2983
11.3463
11.3883
11.4244
11.4545
11.4782
11.4938
11.5019
11.5057
11.508
11.5094
11.509
11.5047
11.4949
11.4782
11.4538
11.4209
11.3798
11.3308
11.2745
11.2116
11.1433
11.0711
10.9963
10.9205
10.8446
10.7683
10.6901
10.6086
10.5232
10.4342
10.3425
10.249
10.1553
10.0628
9.97164
9.88091
9.79037
9.70044
9.61157
9.52319
9.43375
9.34215
9.24839
9.15312
9.05758
8.96295
8.86944
8.77604
8.68166
8.58662
8.49189
8.39779
8.30357
8.20873
8.11453
8.0232
7.93646
7.85478
7.77751
7.70348
7.63151
7.5609
7.49171
7.42454
7.36012
7.29943
7.24374
7.19424
7.15157
7.1158
7.08676
7.06425
7.04824
7.03892
7.03637
7.04045
7.05081
7.06696
7.08829
7.11405
7.14348
7.17567
7.20998
7.24538
7.28052
7.31341
7.34234
7.3665
7.38544
7.39867
7.40605
7.40775
7.40326
7.39183
7.3726
7.34589
7.31296
7.27525
7.23381
7.18894
7.14084
7.08977
7.03627
6.98103
6.92461
6.8672
6.80875
6.74908
6.68801
6.62517
6.55994
6.49163
6.41984
6.34469
6.26621
6.18389
6.09753
6.00764
5.91516
5.82071
5.72458
5.62803
5.53293
5.43984
5.34894
5.26164
5.17752
5.09425
5.01144
4.93111
4.85665
4.7868
4.71843
4.65239
4.58948
4.53223
4.48512
4.44768
4.41009
4.37195
4.33768
4.31114
4.29129
4.27532
4.26284
4.25461
4.24854
4.24139
4.23634
4.24553
4.26982
4.29164
4.30378
4.31404
4.3323
4.3625
4.40345
4.44569
4.48471
4.52332
4.56577
4.61382
4.67002
4.73886
4.81969
4.90309
4.97843
5.04841
5.12084
5.19921
5.28239
5.36716
5.44913
5.52382
5.58768
5.63914
5.67931
5.71039
5.73396
5.75025
5.75897
5.76056
5.75655
5.74817
5.74165
5.74661
5.76296
5.78249
5.80701
5.84945
5.90391
5.95092
5.98216
6.00029
6.017
6.03231
6.04273
6.05002
6.05472
6.05632
6.05388
6.04591
6.03277
6.01812
6.00506
5.99343
5.98026
5.96245
5.9394
5.91241
5.88279
5.85136
5.81933
5.7879
5.75765
5.72749
5.69557
5.66171
5.62713
5.59343
5.56132
5.53146
5.50381
5.47752
5.45197
5.42688
5.40263
5.38084
5.36376
5.35268
5.34749
5.34739
5.35254
5.36331
5.38013
5.40319
5.43224
5.46613
5.50513
5.55064
5.60362
5.66384
5.73055
5.80339
5.88282
5.969
6.06127
6.15963
6.26476
6.37736
6.49803
6.62659
6.76268
6.90573
7.05527
7.21087
7.37199
7.53736
7.70504
7.87276
8.03904
8.20359
8.36671
8.52885
8.69099
8.85422
9.01834
9.18258
9.3467
9.51009
9.67144
9.83035
9.98705
10.1414
10.2928
10.441
10.5859
10.7276
10.8663
11.0017
11.1327
11.2592
11.3814
11.5001
11.6154
11.7263
11.8321
11.9326
12.0287
12.1213
12.2108
12.2954
12.3734
12.4444
12.5102
12.5733
12.6362
12.7013
12.77
12.8426
12.9178
12.9929
13.0647
13.1309
13.1911
13.2468
13.2992
13.3485
13.3941
13.4343
13.4684
13.4965
13.5189
13.5359
13.5478
13.5564
13.5636
13.5696
13.5739
13.5756
13.5745
13.57
13.5618
13.5495
13.5331
13.513
13.4893
13.4623
13.4327
13.401
13.3679
13.3337
13.2991
13.2642
13.2287
13.1925
13.1553
13.1171
13.0783
13.0399
13.003
12.9693
12.9396
12.9148
12.8948
12.8793
12.8678
12.8597
12.8539
12.85
12.8476
12.8468
12.8478
12.8507
12.8558
12.8632
12.8728
12.8842
12.8966
12.9095
12.9222
12.9342
12.9452
12.9548
12.9625
12.9681
12.9714
12.9728
12.9726
12.9711
12.968
12.9626
12.9539
12.9409
12.9228
12.8999
12.8726
12.8411
12.8052
12.7652
12.7214
12.6744
12.6251
12.5748
12.5252
12.4774
12.4322
12.3902
12.3524
12.3199
12.2933
12.2725
12.2566
12.2445
12.2354
12.2269
12.2185
12.2113
12.2084
12.2126
12.2234
12.238
12.2577
12.2824
12.3088
12.3331
12.3502
12.3577
12.357
12.3528
12.3434
12.3196
12.2769
12.2311
12.1806
12.1265
12.0678
11.9965
11.918
11.8338
11.748
11.6864
11.6351
11.5791
11.5222
11.4721
11.4513
11.455
11.4143
11.4147
11.431
11.3943
11.3952
11.4019
11.3735
11.3655
11.3523
11.3537
11.3555
11.332
11.3349
11.3302
11.308
11.3001
11.2884
11.2662
11.2383
11.2226
11.2027
11.1803
11.16
11.1515
11.1411
11.1239
11.1064
11.0888
11.0786
11.0668
11.044
11.0143
10.9837
10.9572
10.9308
10.8904
10.8409
10.7951
10.7398
10.6739
10.6116
10.557
10.5015
10.4436
10.3859
10.329
10.2755
10.2245
10.1738
10.1252
10.0794
10.0336
9.98662
9.93754
9.88537
9.8297
9.76949
9.7046
9.63677
9.5679
9.4986
9.42879
9.35731
9.28132
9.19813
9.10699
9.00922
8.9055
8.79473
8.67616
8.55253
8.43021
8.31571
8.21113
8.11388
8.02007
7.92963
7.84449
7.76498
7.69114
7.62409
7.56586
7.51838
7.48347
7.46252
7.45632
7.46527
7.48967
7.53007
7.58617
7.65605
7.73692
7.8253
7.91763
8.01135
8.10546
8.20004
8.29549
8.39191
8.48879
8.58478
8.67813
8.7675
8.85246
8.93251
9.0069
9.07542
9.13769
9.19438
9.2468
9.2966
9.34601
9.39642
9.44761
9.4982
9.54611
9.59033
9.62752
9.65209
9.65868
9.65125
9.63431
9.6124
9.58792
9.55986
9.5303
9.50367
9.47996
9.45543
9.42967
9.40361
9.38292
9.37001
9.36538
9.3722
9.38992
9.41707
9.4481
9.47806
9.50779
9.54043
9.57705
9.61804
9.6589
9.68603
9.68691
9.65865
9.61392
9.56566
9.50934
9.43831
9.35296
9.241
9.12456
9.03834
8.95413
8.86753
8.78643
8.70959
8.66174
8.63841
8.62034
8.60456
8.59336
8.57656
8.54732
8.53173
8.55062
8.54696
8.48615
8.4337
8.40653
8.37414
8.2645
8.12001
8.01314
7.95925
7.85922
7.68595
7.51212
7.38241
7.27739
7.16357
7.04917
6.94368
6.8558
6.77203
6.68405
6.59506
6.52263
6.47077
6.42079
6.37155
6.32743
6.29531
6.2771
6.27286
6.28279
6.30298
6.32916
6.36007
6.39414
6.43019
6.46739
6.50511
6.54301
6.58133
6.61994
6.65756
6.69287
6.72487
6.75277
6.77639
6.79444
6.80492
6.80621
6.79852
6.78595
6.77587
6.77446
6.78372
6.80319
6.83066
6.86288
6.8977
6.93199
6.96199
6.98639
7.00782
7.03086
7.059
7.0958
7.14338
7.19758
7.25131
7.30067
7.34673
7.39512
7.44918
7.50254
7.54596
7.57417
7.58792
7.59218
7.59324
7.59216
7.579
7.5432
7.48321
7.40657
7.32646
7.25481
7.19682
7.15529
7.13844
7.14043
7.15055
7.16931
7.19705
7.22584
7.24624
7.25226
7.24028
7.2078
7.15118
7.077
6.99362
6.90436
6.81085
6.71216
6.60508
6.48938
6.37009
6.24917
6.12658
6.00405
5.88389
5.76618
5.64901
5.53078
5.41067
5.29036
5.17482
5.06753
4.96992
4.88373
4.81253
4.75965
4.72497
4.70513
4.69716
4.70053
4.71741
4.7499
4.79683
4.85414
4.9167
4.98016
5.04336
5.1088
5.17871
5.25444
5.33582
5.42197
5.51233
5.60782
5.70873
5.81394
5.92227
6.03335
6.14684
6.26166
6.37753
6.49459
6.61253
6.73041
6.84748
6.96362
7.07894
7.19352
7.30727
7.41974
7.53005
7.63669
7.7381
7.83387
7.92434
8.00956
8.08971
8.16487
8.23465
8.29827
8.35494
8.40454
8.44831
8.48904
8.52984
8.57293
8.61883
8.66624
8.71245
8.75472
8.79178
8.82456
8.85663
8.89082
8.92728
8.96352
8.99822
9.03319
9.0682
9.10089
9.13076
9.16002
9.19069
9.22438
9.26305
9.30743
9.35281
9.39255
9.4258
9.45572
9.48487
9.51237
9.53553
9.55482
9.57291
9.5917
9.6121
9.63276
9.64828
9.65591
9.65867
9.66149
9.66608
9.66919
9.6713
9.67661
9.68848
9.70738
9.72998
9.75029
9.76257
9.76498
9.76169
9.75733
9.75493
9.75602
9.75956
9.75967
9.75106
9.7371
9.7248
9.71588
9.70568
9.68991
9.66773
9.63949
9.6076
9.57385
9.53565
9.49317
9.4527
9.4249
9.41446
9.41859
9.42483
9.41793
9.3979
9.37673
9.3607
9.34816
9.33429
9.31251
9.28067
9.24162
9.20015
9.16275
9.13343
9.11114
9.095
9.085
9.07709
9.06622
9.05229
9.03484
9.00965
8.97607
8.93985
8.90835
8.88543
8.87172
8.86607
8.86673
8.87176
8.87975
8.89046
8.90432
8.92146
8.94089
8.95915
8.97165
8.9759
8.97318
8.96596
8.95642
8.94528
8.93275
8.92081
8.91256
8.90927
8.91105
8.91792
8.93073
8.95028
8.97566
9.00424
9.03312
9.06001
9.08366
9.10307
9.11643
9.12335
9.12541
9.12446
9.12149
9.11578
9.10591
9.09114
9.07244
9.05246
9.03358
9.01634
8.99957
8.98095
8.95767
8.92763
8.89032
8.84591
8.7946
8.73611
8.6711
8.60209
8.52985
8.45514
8.37783
8.29786
8.21478
8.12803
8.03847
7.94646
7.85288
7.75794
7.66119
7.56166
7.45863
7.35159
7.24044
7.12556
7.00806
6.88925
6.77027
6.65198
6.53548
6.42163
6.31111
6.20451
6.10221
6.00422
5.9107
5.82175
5.73699
5.65654
5.58065
5.50939
5.44294
5.38132
5.32428
5.27136
5.22196
5.17586
5.1336
5.09604
5.064
5.03795
5.01757
5.00187
4.98959
4.97983
4.97233
4.96769
4.96701
4.97096
4.97949
4.9918
5.00662
5.02259
5.03875
5.05518
5.07244
5.09114
5.11199
5.13549
5.16183
5.19132
5.22458
5.26221
5.30469
5.35218
5.40441
5.46063
5.52003
5.58188
5.64557
5.71053
5.7762
5.84257
5.90987
5.97769
6.04616
6.11492
6.18298
6.24914
6.31307
6.37754
6.4462
6.51862
6.59231
6.6647
6.73793
6.81295
6.88615
6.95586
7.0241
7.09501
7.17154
7.2514
7.32668
7.39148
7.44411
7.4862
7.52178
7.55493
7.58813
7.62369
7.66247
7.70174
7.73629
7.76244
7.77994
7.78942
7.79018
7.78078
7.7613
7.73321
7.69756
7.65518
7.60792
7.55757
7.50425
7.44744
7.3872
7.3242
7.25973
7.19539
7.13235
7.07049
7.00866
6.94545
6.88076
6.81568
6.75199
6.69144
6.63533
6.58459
6.53897
6.49802
6.46094
6.426
6.39108
6.35559
6.32154
6.29203
6.26945
6.255
6.2489
6.25103
6.26117
6.27887
6.3036
6.33494
6.37303
6.4185
6.47234
6.53531
6.60751
6.68823
6.77653
6.87157
6.97301
7.08095
7.19594
7.31882
7.45004
7.58886
7.73342
7.88204
8.03451
8.19174
8.35441
8.52159
8.69059
8.85833
9.0228
9.18399
9.3427
9.49907
9.6512
9.79777
9.94024
10.0813
10.2216
10.3596
10.4939
10.6245
10.7518
10.8761
10.9976
11.1158
11.2297
11.339
11.4439
11.5442
11.6407
11.7349
11.8282
11.9206
12.011
12.0984
12.183
12.2662
12.3489
12.4301
12.5086
12.583
12.6523
12.716
12.7746
12.8286
12.879
12.9262
12.9711
13.0144
13.0564
13.097
13.1357
13.1721
13.2054
13.235
13.262
13.2882
13.3135
13.336
13.3538
13.3662
13.3736
13.3765
13.3756
13.3715
13.3643
13.3538
13.3397
13.3223
13.3019
13.2791
13.2544
13.2282
13.2009
13.1728
13.1444
13.116
13.0882
13.0615
13.0365
13.0136
12.9936
12.9769
12.9636
12.9539
12.9477
12.9448
12.9453
12.9489
12.9556
12.9652
12.9781
12.9947
13.0156
13.0409
13.0697
13.1006
13.1318
13.1624
13.1928
13.2244
13.2589
13.2971
13.3386
13.3822
13.4268
13.4711
13.5137
13.5534
13.5892
13.6207
13.6478
13.6703
13.6882
13.7017
13.7109
13.7161
13.7175
13.7154
13.7095
13.6995
13.6854
13.6678
13.6473
13.6246
13.6001
13.5739
13.5455
13.5136
13.4762
13.4321
13.3816
13.3251
13.264
13.1985
13.1272
13.0486
12.9627
12.871
12.7756
12.6775
12.5757
12.4713
12.365
12.2573
12.1483
12.0379
11.925
11.8083
11.6867
11.5603
11.4305
11.2992
11.168
11.038
10.9098
10.7835
10.6591
10.5363
10.4155
10.2977
10.1842
10.0762
9.97436
9.87828
9.78722
9.70032
9.61686
9.53669
9.46039
9.38923
9.32464
9.26762
9.21754
9.17246
9.13104
9.09366
9.06158
9.03532
9.01409
8.99685
8.98342
8.97461
8.97187
8.97655
8.98906
9.00835
9.03255
9.06011
9.09055
9.12405
9.1608
9.20081
9.24398
9.29014
9.33946
9.39247
9.44986
9.51252
9.58135
9.6565
9.7374
9.82278
9.91154
10.0034
10.0991
10.1998
10.306
10.4165
10.5285
10.6395
10.7485
10.8555
10.9601
11.0617
11.1596
11.2525
11.3391
11.418
11.4884
11.549
11.5993
11.6389
11.6675
11.6844
11.6886
11.6807
11.6633
11.6388
11.6069
11.5664
11.5174
11.4615
11.3997
11.3328
11.261
11.1854
11.1074
11.029
10.9524
10.8772
10.8015
10.7265
10.6528
10.5792
10.5036
10.4239
10.3391
10.2483
10.1517
10.0511
9.94829
9.84392
9.73762
9.62875
9.51759
9.40478
9.2904
9.17458
9.05809
8.94215
8.8277
8.71547
8.60608
8.50009
8.39779
8.29959
8.20598
8.11706
8.03252
7.95212
7.87642
7.80624
7.74213
7.68418
7.63226
7.58632
7.54602
7.51066
7.47912
7.45036
7.42398
7.40031
7.38
7.3633
7.35
7.34023
7.33433
7.33219
7.33291
7.33486
7.33596
7.3342
7.32805
7.31644
7.29866
7.27435
7.24338
7.20618
7.16375
7.11756
7.06955
7.0217
6.97523
6.9306
6.88801
6.84739
6.80842
6.77071
6.73397
6.69808
6.66322
6.6299
6.59896
6.57086
6.54536
6.52149
6.49872
6.47742
6.45802
6.44052
6.4246
6.40963
6.39492
6.3801
6.36507
6.34961
6.33308
6.3146
6.29342
6.26908
6.24158
6.21126
6.17867
6.14406
6.1074
6.06912
6.02963
5.98895
5.9467
5.90202
5.85409
5.80274
5.74825
5.69122
5.63212
5.57099
5.50767
5.44199
5.37425
5.30522
5.23597
5.16773
5.10163
5.03835
4.97815
4.92103
4.86659
4.81425
4.76431
4.71813
4.67556
4.6368
4.6017
4.57018
4.5418
4.51584
4.49094
4.46479
4.43429
4.39698
4.35294
4.30501
4.25676
4.21035
4.16469
4.11648
4.06288
4.00233
3.93411
3.86089
3.78832
3.72184
3.66384
3.61162
3.55905
3.50051
3.43379
3.36116
3.28788
3.21797
3.15257
3.09133
3.03457
2.98146
2.92909
2.87403
2.81541
2.75741
2.70671
2.66719
2.63662
2.60952
2.58351
2.56183
2.54902
2.54445
2.54213
2.53944
2.54426
2.56653
2.60654
2.65533
2.70868
2.77528
2.8647
2.97259
3.08465
3.19596
3.31691
3.45274
3.5945
3.7325
3.86842
4.00358
4.1282
4.23166
4.31785
4.39755
4.46577
4.50869
4.52828
4.53571
4.53578
4.53095
4.52704
4.52446
4.51982
4.51372
4.50757
4.50273
4.49943
4.49716
4.49573
4.49426
4.49082
4.48508
4.47841
4.47206
4.46599
4.45972
4.45299
4.446
4.43981
4.43632
4.43724
4.44341
4.45407
4.46642
4.47826
4.48995
4.50404
4.52299
4.545
4.56624
4.58379
4.59921
4.61683
4.64144
4.67633
4.72143
4.77317
4.82613
4.87576
4.92276
4.97283
5.03087
5.09685
5.16687
5.23694
5.30548
5.37549
5.45271
5.54282
5.64668
5.75915
5.87293
5.98589
6.10057
6.22229
6.35251
6.48784
6.6237
6.75837
6.89353
7.0337
7.17983
7.32974
7.48019
7.62995
7.77999
7.93076
8.07645
8.20808
8.32268
8.42407
8.51476
8.59531
8.66466
8.72322
8.77372
8.81752
8.85323
8.88155
8.90565
8.92706
8.94663
8.96487
8.98164
8.99631
9.00859
9.01895
9.02743
9.03323
9.03713
9.04084
9.04618
9.05461
9.06665
9.08165
9.09854
9.11581
9.13127
9.14438
9.15701
9.17145
9.18884
9.20895
9.23105
9.25521
9.28223
9.31327
9.34874
9.38893
9.43369
9.4818
9.53228
9.58537
9.64165
9.70054
9.76083
9.82185
9.88364
9.94732
10.0153
10.0897
10.1709
10.2575
10.347
10.4366
10.524
10.6092
10.695
10.7848
10.8793
10.9763
11.0711
11.1589
11.2377
11.3085
11.3731
11.4325
11.4857
11.5312
11.5679
11.5955
11.6156
11.6309
11.6436
11.6551
11.6657
11.6743
11.6805
11.6841
11.6857
11.6857
11.6839
11.6786
11.6683
11.6526
11.6326
11.6097
11.5845
11.5571
11.5275
11.4956
11.4615
11.4254
11.388
11.3497
11.3102
11.2685
11.2235
11.175
11.1226
11.0665
11.0066
10.9434
10.8768
10.8069
10.7335
10.6568
10.5771
10.4947
10.41
10.3232
10.2345
10.1437
10.0511
9.95712
9.86215
9.76665
9.67089
9.57474
9.47775
9.37936
9.27911
9.17695
9.07338
8.96917
8.86489
8.76096
8.65744
8.55424
8.45113
8.34775
8.24371
8.13862
8.03223
7.92435
7.81502
7.70415
7.59146
7.47653
7.35886
7.23791
7.11331
6.98489
6.85262
6.71656
6.57687
6.43372
6.28777
6.14021
5.99234
5.8452
5.69947
5.55531
5.41258
5.27095
5.13016
4.99029
4.85178
4.71551
4.58288
4.45546
4.33463
4.22154
4.11703
4.02164
3.93556
3.85865
3.79056
3.73073
3.67844
3.63271
3.59278
3.55827
3.52912
3.50581
3.48889
3.47827
3.47308
3.47198
3.47426
3.48084
3.49295
3.5101
3.53031
3.55106
3.57059
3.58801
3.60437
3.62034
3.63424
3.64251
3.64547
3.64546
3.6449
3.64286
3.63643
3.62259
3.60058
3.57203
3.53943
3.50529
3.47149
3.44003
3.41216
3.38697
3.36174
3.33327
3.29891
3.25602
3.20336
3.14227
3.07636
3.00944
2.94315
2.87636
2.80721
2.73635
2.66586
2.59566
2.52196
2.44173
2.35522
2.26558
2.17452
2.08246
1.98742
1.88584
1.77611
1.65962
1.53968
1.42003
1.304
1.19254
1.08209
0.96581
0.836526
0.69143
0.537554
0.389659
0.260701
0.153047
0.0578119
-0.0371999
-0.14036
-0.25251
-0.365639
-0.465303
-0.539257
-0.587493
-0.619684
-0.637924
-0.638749
-0.616624
-0.569285
-0.498233
-0.407736
-0.302803
-0.186211
-0.0573019
0.0835741
0.231909
0.373802
0.502563
0.619783
0.735623
0.855816
0.973302
1.08516
1.19452
1.30212
1.40729
1.50934
1.60961
1.71036
1.81344
1.92131
2.0356
2.155
2.27676
2.3996
2.52332
2.64798
2.77348
2.89976
3.02716
3.15618
3.28706
3.41969
3.55335
3.68721
3.82007
3.95034
4.07697
4.20014
4.32042
4.43837
4.55445
4.66902
4.78234
4.89447
5.00562
5.11628
5.22705
5.33844
5.45083
5.56428
5.67876
5.79427
5.9109
6.02869
6.14776
6.2686
6.39193
6.51808
6.64733
6.78041
6.91695
7.05422
7.18972
7.32292
7.45448
7.58596
7.71931
7.8556
7.99559
8.13919
8.28506
8.43086
8.57415
8.71378
8.85083
8.98815
9.1294
9.27656
9.42901
9.58397
9.73782
9.88762
10.033
10.1767
10.3226
10.4725
10.6246
10.7741
10.9171
11.0531
11.1846
11.3148
11.4454
11.5755
11.7022
11.823
11.9369
12.0447
12.1466
12.2401
12.3225
12.3938
12.4607
12.531
12.6042
12.6728
12.7313
12.7798
12.8195
12.8453
12.865
12.8845
12.8964
12.8889
12.8574
12.8073
12.7431
12.6652
12.5745
12.48
12.3873
12.2898
12.1795
12.056
11.9173
11.7648
11.6102
11.4597
11.3105
11.1581
10.9954
10.8195
10.6324
10.4318
10.2133
9.97541
9.71934
9.45122
9.18231
8.92091
8.66974
8.4293
8.19383
7.95984
7.73013
7.51136
7.30821
7.12046
6.94726
6.78222
6.61709
6.44609
6.26989
6.0942
5.92342
5.75562
5.589
5.42361
5.25989
5.09888
4.94269
4.79381
4.65404
4.52703
4.41722
4.3268
4.25621
4.20646
4.1787
4.17299
4.18879
4.2235
4.27255
4.33012
4.38933
4.44422
4.49167
4.53137
4.56661
4.60317
4.64712
4.70322
4.77408
4.85973
4.95789
5.06481
5.17616
5.2873
5.39374
5.49226
5.58163
5.66227
5.73564
5.80376
5.86863
5.93188
5.99446
6.0567
6.11858
6.17993
6.24046
6.29963
6.35672
6.41124
6.46305
6.51233
6.55939
6.60453
6.64793
6.68936
6.72848
6.76507
6.79911
6.83056
6.85926
6.88501
6.90775
6.92761
6.94479
6.95965
6.97251
6.98345
6.99226
6.99865
7.00249
7.00376
7.00237
6.99833
6.99196
6.98359
6.97319
6.96037
6.94491
6.92718
6.90828
6.88967
6.87279
6.85848
6.8468
6.83706
6.82858
6.82103
6.81436
6.80892
6.80515
6.80322
6.80288
6.80356
6.80476
6.80609
6.8074
6.80852
6.80916
6.80907
6.80837
6.80743
6.80662
6.80589
6.80487
6.80318
6.80053
6.79683
6.79215
6.78664
6.7805
6.77393
6.76715
6.76031
6.7535
6.74694
6.741
6.73618
6.73285
6.73129
6.73167
6.73396
6.7379
6.74334
6.74998
6.75707
6.76389
6.77036
6.77685
6.78373
6.79138
6.80032
6.81071
6.82152
6.83175
6.84195
6.85319
6.86576
6.87921
6.89319
6.90776
6.92302
6.9385
6.95321
6.96666
6.97921
6.99076
7.00048
7.00809
7.01465
7.02128
7.02829
7.03547
7.04278
7.05052
7.05897
7.06812
7.07754
7.08666
7.09434
7.09932
7.10106
7.0995
7.09419
7.08451
7.0701
7.05085
7.02713
7.00009
6.9708
6.94027
6.90934
6.8784
6.84707
6.81407
6.77799
6.73851
6.69731
6.6573
6.62097
6.58951
6.56123
6.53157
6.49776
6.45893
6.41681
6.37379
6.32731
6.2739
6.21285
6.14854
6.08649
6.031
5.98387
5.9427
5.90119
5.85138
5.78911
5.72018
5.65671
5.6036
5.55442
5.49962
5.43619
5.37104
5.31587
5.27798
5.25842
5.24766
5.23671
5.22632
5.22322
5.23399
5.25542
5.28242
5.31366
5.35003
5.39345
5.44232
5.49203
5.54244
5.59666
5.65612
5.71441
5.76075
5.79152
5.80915
5.81487
5.80836
5.79005
5.76347
5.73222
5.69848
5.66484
5.63297
5.60289
5.57363
5.54429
5.5149
5.486
5.45752
5.42905
5.39956
5.36765
5.33305
5.29683
5.26052
5.22542
5.19194
5.15952
5.12731
5.09461
5.06151
5.02894
4.99812
4.97015
4.94589
4.92522
4.90721
4.8906
4.87458
4.85895
4.84452
4.83301
4.82649
4.82607
4.83092
4.83899
4.84792
4.85577
4.86169
4.86647
4.87282
4.88415
4.90127
4.92119
4.93965
4.9531
4.95975
4.96131
4.96343
4.97257
4.99124
5.01505
5.03872
5.05938
5.0773
5.0957
5.11945
5.15276
5.19294
5.23507
5.27742
5.32291
5.37566
5.43802
5.50237
5.55717
5.59867
5.62639
5.64046
5.64063
5.62894
5.60589
5.56791
5.51292
5.4428
5.36211
5.27523
5.18606
5.09795
5.01236
4.9278
4.84338
4.76001
4.678
4.59613
4.51322
4.42937
4.34528
4.26113
4.17602
4.0892
4.00091
3.91208
3.82357
3.73743
3.65662
3.58405
3.52101
3.46625
3.4145
3.35945
3.30366
3.25466
3.21535
3.18329
3.15496
3.12932
3.11143
3.11058
3.13067
3.16133
3.19218
3.21993
3.24825
3.2847
3.33376
3.39291
3.45609
3.51995
3.58559
3.65419
3.72572
3.80089
3.88071
3.96387
4.04802
4.13321
4.22083
4.31113
4.40347
4.49764
4.593
4.68854
4.78342
4.87759
4.97247
5.06918
5.16775
5.26658
5.3644
5.4611
5.55675
5.6513
5.7448
5.83733
5.92865
6.0186
6.10721
6.19481
6.2819
6.36843
6.45395
6.53852
6.62267
6.70671
6.79064
6.87436
6.95753
7.03964
7.12008
7.19831
7.27416
7.34725
7.41656
7.48136
7.54165
7.59826
7.6519
7.70243
7.74911
7.79131
7.82864
7.86089
7.88838
7.91146
7.93008
7.9439
7.95253
7.95526
7.95151
7.94142
7.9267
7.90972
7.8919
7.87245
7.84938
7.8214
7.78866
7.75123
7.70806
7.65827
7.60205
7.54099
7.4788
7.41738
7.35627
7.29354
7.22732
7.15616
7.07942
6.99802
6.91344
6.82739
6.74073
6.65365
6.56708
6.48369
6.40697
6.3373
6.27193
6.20811
6.14615
6.08976
6.04486
6.01643
6.00204
5.9965
5.99731
6.00698
6.02895
6.0632
6.09993
6.13113
6.15669
6.18369
6.21694
6.25178
6.2792
6.29625
6.30177
6.29531
6.27903
6.25612
6.23211
6.21206
6.19644
6.18456
6.17734
6.17639
6.18215
6.19286
6.20511
6.21627
6.22618
6.23604
6.24688
6.25892
6.27191
6.28537
6.29919
6.31396
6.33063
6.35011
6.373
6.39934
6.42856
6.45975
6.4921
6.52489
6.55731
6.58842
6.61764
6.64525
6.6722
6.69949
6.7279
6.75785
6.7894
6.82228
6.85599
6.88978
6.92279
6.95423
6.98342
7.0101
7.03441
7.05668
7.07712
7.09563
7.11188
7.12569
7.13723
7.14691
7.15493
7.16134
7.16616
7.16993
7.17428
7.17995
7.18557
7.18943
7.19095
7.1911
7.19053
7.18884
7.18502
7.17787
7.16666
7.1508
7.12989
7.10251
7.06755
7.02678
6.98368
6.94079
6.89763
6.85143
6.80065
6.74534
6.68709
6.62835
6.56968
6.51056
6.45108
6.39281
6.338
6.28993
6.2517
6.22333
6.20352
6.19288
6.19382
6.20866
6.23716
6.27688
6.32476
6.37951
6.44171
6.50569
6.56131
6.60462
6.63476
6.65909
6.67157
6.66454
6.6367
6.59404
6.54276
6.48835
6.43518
6.38401
6.33135
6.27649
6.22056
6.16308
6.10447
6.04598
5.98909
5.93492
5.88377
5.83472
5.78576
5.73468
5.6797
5.62009
5.55589
5.48811
5.41849
5.34905
5.28143
5.21525
5.14772
5.07689
5.00396
4.93133
4.86037
4.79122
4.72455
4.66254
4.60673
4.55705
4.5135
4.47513
4.43977
4.40722
4.37859
4.35347
4.33532
4.3291
4.33145
4.33067
4.32059
4.30589
4.29629
4.29709
4.30285
4.30814
4.31366
4.32441
4.34146
4.36206
4.38561
4.41298
4.44422
4.47986
4.52041
4.5651
4.61413
4.67041
4.73991
4.82457
4.91936
5.01857
5.12146
5.22987
5.34563
5.46742
5.58963
5.70626
5.81566
5.9227
6.03615
6.16143
6.29456
6.42937
6.5631
6.69655
6.83296
6.97495
7.11674
7.25141
7.37851
7.50292
7.6299
7.76435
7.90689
8.05683
8.21535
8.3847
8.56544
8.7533
8.94277
9.13254
9.32453
9.51975
9.70775
9.88178
10.0392
10.1859
10.3274
10.4572
10.5692
10.6622
10.7417
10.8125
10.8762
10.938
11.0023
11.0637
11.1118
11.1471
11.1774
11.2061
11.2343
11.2629
11.2902
11.3135
11.3319
11.3463
11.3587
11.3695
11.3781
11.3844
11.389
11.3929
11.3967
11.3984
11.3974
11.3911
11.3795
11.3656
11.3516
11.3365
11.319
11.2978
11.2719
11.2421
11.21
11.174
11.1337
11.0917
11.05
11.0099
10.9741
10.9409
10.9041
10.8597
10.8116
10.7653
10.7243
10.6891
10.6601
10.6382
10.624
10.6172
10.6165
10.6185
10.6214
10.6274
10.6388
10.6556
10.6769
10.7024
10.7323
10.7654
10.8002
10.8356
10.8723
10.9118
10.9541
10.9968
11.0387
11.0813
11.124
11.1645
11.2041
11.2446
11.2872
11.3339
11.3871
11.4466
11.5086
11.5715
11.6337
11.6937
11.7564
11.825
11.895
11.9635
12.0306
12.0983
12.1669
12.2339
12.2979
12.362
12.4302
12.4962
12.5502
12.5956
12.6428
12.6932
12.7403
12.7808
12.8139
12.8396
12.8598
12.8743
12.8837
12.8913
12.8986
12.9027
12.9003
12.8904
12.8709
12.8397
12.797
12.7427
12.677
12.6021
12.5216
12.438
12.3509
12.2576
12.1576
12.0532
11.9467
11.8387
11.7279
11.6134
11.4951
11.3728
11.2453
11.1113
10.971
10.8269
10.6836
10.5455
10.4151
10.2917
10.1725
10.0557
9.9403
9.82644
9.71415
9.60319
9.49317
9.38369
9.27407
9.16284
9.04849
8.92951
8.80497
8.67523
8.54077
8.40204
8.2602
8.11759
7.97659
7.83894
7.70599
7.57926
7.45999
7.3487
7.24545
7.15075
7.06336
6.98072
6.89989
6.82013
6.74397
6.67356
6.60928
6.54898
6.4914
6.43972
6.3972
6.36282
6.32939
6.29
6.24657
6.20912
6.18018
6.15723
6.13757
6.11923
6.10157
6.08889
6.08134
6.07331
6.06242
6.05225
6.04572
6.04099
6.03406
6.02309
6.00362
5.974
5.9384
5.89704
5.84901
5.79505
5.73333
5.66297
5.58575
5.50221
5.41548
5.32967
5.24156
5.1484
5.05144
4.9529
4.8556
4.75676
4.65175
4.54364
4.43761
4.33485
4.23419
4.13377
4.03227
3.93032
3.83014
3.73476
3.64787
3.57151
3.50469
3.44738
3.40188
3.37194
3.36037
3.36878
3.39668
3.44277
3.50553
3.58423
3.67559
3.76664
3.8534
3.93698
4.0186
4.10439
4.18895
4.26414
4.3261
4.37808
4.42489
4.46939
4.51367
4.56048
4.60736
4.65239
4.69837
4.74449
4.78852
4.83106
4.8742
4.91846
4.96365
5.009
5.05311
5.0951
5.13524
5.17568
5.22052
5.27086
5.32214
5.36922
5.40869
5.44286
5.47769
5.52088
5.56989
5.6192
5.66192
5.69812
5.73516
5.77671
5.8135
5.84442
5.87634
5.91137
5.94735
5.98154
6.01445
6.04909
6.08702
6.12931
6.17796
6.23276
6.29065
6.34587
6.39719
6.44779
6.50078
6.55807
6.6197
6.68471
6.75134
6.81863
6.88656
6.95491
7.02221
7.08719
7.14945
7.20889
7.26546
7.31941
7.37042
7.41879
7.46494
7.50865
7.54969
7.58817
7.62407
7.65682
7.68514
7.70695
7.72045
7.72599
7.72603
7.72444
7.72111
7.71168
7.6923
7.66318
7.62827
7.59142
7.55405
7.5139
7.46578
7.40361
7.32503
7.23547
7.14461
7.05552
6.9612
6.85331
6.72674
6.58142
6.42309
6.2617
6.10156
5.93752
5.76594
5.59061
5.41997
5.26272
5.1249
5.00514
4.89804
4.79963
4.70883
4.62759
4.55786
4.49881
4.44909
4.40846
4.37792
4.34947
4.31285
4.26813
4.22073
4.18453
4.15697
4.1301
4.1036
4.08346
4.07442
4.07711
4.09142
4.11576
4.14631
4.18236
4.22769
4.28318
4.34659
4.41726
4.49612
4.58366
4.67967
4.7835
4.89417
5.01076
5.13226
5.25687
5.38372
5.51299
5.64517
5.78097
5.92096
6.06468
6.21028
6.35611
6.50104
6.64392
6.78348
6.91858
7.04905
7.17505
7.29567
7.40979
7.51717
7.61867
7.71565
7.80943
7.90055
7.98862
8.07322
8.15448
8.23264
8.30776
8.37972
8.44855
8.51451
8.57881
8.64387
8.71087
8.77745
8.84192
8.90669
8.97435
9.04524
9.11812
9.19307
9.2701
9.34902
9.43022
9.51381
9.59707
9.67597
9.74992
9.82025
9.88802
9.95323
10.0156
10.0754
10.1329
10.1878
10.2402
10.2901
10.3373
10.3811
10.4209
10.4562
10.4867
10.5123
10.5325
10.5469
10.5551
10.557
10.5534
10.5453
10.5331
10.5172
10.4984
10.4774
10.4535
10.4256
10.3928
10.3549
10.3135
10.2703
10.2258
10.1796
10.1328
10.0853
10.0382
9.99375
9.94939
9.89647
9.83632
9.77794
9.723
9.66656
9.60674
9.54432
9.48082
9.41973
9.36155
9.30324
9.24506
9.19475
9.15879
9.13642
9.12084
9.10347
9.07936
9.05015
9.02159
8.99702
8.97421
8.95059
8.92712
8.90657
8.89124
8.88137
8.87599
8.87461
8.87642
8.87975
8.88235
8.88119
8.87343
8.85823
8.83536
8.80403
8.76567
8.72387
8.68343
8.64884
8.62218
8.60252
8.58703
8.57318
8.55929
8.54366
8.52465
8.50271
8.48037
8.4593
8.43923
8.41854
8.39394
8.36343
8.32667
8.28546
8.24501
8.20946
8.17863
8.15074
8.12344
8.09467
8.06339
8.02998
7.99597
7.96358
7.93441
7.90829
7.88422
7.86005
7.83349
7.80403
7.77283
7.74062
7.7068
7.67057
7.63153
7.59041
7.54888
7.50792
7.46724
7.42565
7.38147
7.3337
7.2818
7.22591
7.16759
7.10887
7.05001
6.98872
6.92536
6.85941
6.79025
6.72178
6.65434
6.58345
6.50595
6.42195
6.34154
6.27044
6.19989
6.12199
6.04162
5.96011
5.87417
5.78987
5.71399
5.63987
5.55926
5.47397
5.38828
5.30315
5.21897
5.13858
5.06567
5.00144
4.94246
4.88622
4.83413
4.78955
4.75376
4.72522
4.70221
4.68451
4.67243
4.66708
4.66999
4.68283
4.70713
4.74348
4.79156
4.85072
4.92022
4.99866
5.0842
5.17447
5.26611
5.35576
5.44134
5.52217
5.5987
5.6721
5.74327
5.8122
5.87785
5.93907
5.99544
6.04719
6.0937
6.13432
6.16763
6.19279
6.21117
6.22531
6.23696
6.24613
6.2529
6.25882
6.26563
6.27388
6.28182
6.28675
6.28905
6.29131
6.29534
6.29824
6.29412
6.28125
6.2601
6.23163
6.19732
6.1631
6.13834
6.12543
6.11696
6.10649
6.09914
6.10212
6.11636
6.12987
6.12528
6.09313
6.04401
5.99119
5.94172
5.89163
5.8255
5.74812
5.65995
5.56184
5.46064
5.36147
5.26353
5.15959
5.04528
4.91887
4.77823
4.626
4.46989
4.31582
4.16375
4.01525
3.8723
3.73489
3.60358
3.47705
3.35214
3.22673
3.10303
2.98563
2.8805
2.79219
2.72299
2.67385
2.64521
2.63892
2.65857
2.70414
2.76938
2.8444
2.91685
2.98048
3.04368
3.10054
3.14421
3.17662
3.20187
3.22836
3.26573
3.31701
3.3787
3.44998
3.5262
3.5997
3.66919
3.73794
3.81086
3.89223
3.98297
4.07989
4.1781
4.27415
4.36785
4.46024
4.55137
4.64152
4.73288
4.82609
4.91984
5.01285
5.10341
5.19028
5.27371
5.35443
5.4328
5.5087
5.5815
5.65017
5.71389
5.77176
5.82346
5.87012
5.91407
5.9572
5.99956
6.0409
6.08314
6.12834
6.17705
6.22883
6.28372
6.34173
6.40208
6.46501
6.53043
6.59658
6.66312
6.73047
6.79802
6.86525
6.93369
7.00461
7.07803
7.15368
7.22988
7.30396
7.37694
7.45134
7.52762
7.6044
7.68103
7.75832
7.83553
7.91173
7.98721
8.06274
8.13756
8.21006
8.28119
8.35157
8.41984
8.48444
8.54516
8.60199
8.65467
8.70298
8.74617
8.7833
8.81459
8.84152
8.86519
8.88572
8.90193
8.91316
8.91947
8.92135
8.91936
8.91275
8.90273
8.8938
8.88925
8.88991
8.89298
8.8919
8.88614
8.87977
8.87511
8.87308
8.87007
8.86484
8.86056
8.86232
8.87522
8.89546
8.91367
8.92589
8.93489
8.94543
8.96046
8.98003
9.00351
9.03124
9.064
9.10061
9.13958
9.18275
9.23343
9.29204
9.35535
9.41931
9.48106
9.53997
9.59696
9.65281
9.7076
9.76062
9.81055
9.85598
9.8962
9.93114
9.96166
9.98883
10.0136
10.0363
10.057
10.0766
10.0962
10.1155
10.1344
10.1535
10.1727
10.1918
10.2114
10.2322
10.2553
10.28
10.3053
10.3319
10.36
10.3897
10.4214
10.4555
10.4923
10.5321
10.5755
10.6226
10.6726
10.7251
10.7801
10.838
10.8989
10.9623
11.0273
11.0941
11.1633
11.2353
11.3096
11.3862
11.465
11.546
11.6286
11.7122
11.7959
11.8791
11.961
12.0415
12.1204
12.1983
12.2763
12.3555
12.4358
12.5162
12.595
12.668
12.7308
12.7797
12.812
12.8269
12.8251
12.8076
12.7752
12.7287
12.6693
12.5986
12.5195
12.4352
12.3479
12.2573
12.1626
12.0631
11.9595
11.8538
11.7491
11.6466
11.5449
11.4423
11.3387
11.2345
11.1297
11.0232
10.915
10.8061
10.698
10.5914
10.4855
10.3789
10.2711
10.1623
10.052
9.93952
9.82461
9.70748
9.58917
9.47004
9.35124
9.23446
9.11975
9.00722
8.89826
8.79217
8.68934
8.59115
8.49579
8.40126
8.30824
8.21998
8.13655
8.05127
7.96328
7.87911
7.80089
7.72711
7.65807
7.59271
7.53052
7.47422
7.42386
7.37806
7.33715
7.30039
7.26714
7.23729
7.20987
7.18495
7.16306
7.14393
7.1285
7.11759
7.11042
7.10636
7.10476
7.10416
7.10305
7.10077
7.0985
7.09811
7.10077
7.10698
7.11707
7.13151
7.15069
7.175
7.20483
7.24054
7.28212
7.32932
7.38182
7.43866
7.49927
7.56352
7.63143
7.70272
7.7766
7.85208
7.92827
8.00435
8.07943
8.15271
8.2235
8.29132
8.35573
8.41649
8.47352
8.52729
8.57868
8.629
8.67992
8.73287
8.78854
8.84721
8.90892
8.97359
9.04112
9.11134
9.18348
9.2564
9.32923
9.40131
9.47192
9.53867
9.59855
9.6508
9.69587
9.73436
9.76422
9.78277
9.79357
9.80108
9.80677
9.81194
9.81158
9.79807
9.76756
9.7237
9.6776
9.63122
9.58088
9.52921
9.47261
9.4168
9.35953
9.30369
9.24019
9.17211
9.10741
9.04085
8.96905
8.89281
8.8073
8.71921
8.63572
8.55261
8.46514
8.375
8.27994
8.17455
8.06013
7.94634
7.83931
7.73532
7.62719
7.51451
7.4078
7.31981
7.25141
7.19663
7.14707
7.10355
7.07284
7.05571
7.04418
7.03116
7.0185
7.01279
7.01279
7.01003
7.00011
6.98717
6.97333
6.95271
6.91821
6.87038
6.81374
6.74405
6.65412
6.54727
6.43268
6.31582
6.19739
6.07695
5.95534
5.83504
5.71777
5.60662
5.50302
5.4036
5.30581
5.2101
5.1186
5.03339
4.95479
4.88197
4.81517
4.75482
4.70029
4.64935
4.60095
4.55666
4.51736
4.48174
4.44754
4.41288
4.37685
4.34062
4.30676
4.27779
4.25464
4.23646
4.22245
4.21233
4.20474
4.19746
4.1888
4.17785
4.16677
4.15906
4.15717
4.16133
4.16952
4.18011
4.19367
4.21208
4.23684
4.2673
4.3008
4.33593
4.37506
4.42236
4.4794
4.54463
4.61614
4.69493
4.78256
4.87773
4.97706
5.078
5.18198
5.29159
5.40426
5.51458
5.62097
5.72373
5.81809
5.8956
5.95342
5.99215
6.008
6.00089
5.97756
5.94655
5.91017
5.86799
5.81823
5.75783
5.69465
5.63376
5.57246
5.50815
5.44079
5.37362
5.30716
5.23971
5.17219
5.10639
5.04309
4.98212
4.92352
4.86735
4.8136
4.76259
4.71364
4.66553
4.61721
4.56826
4.51932
4.47272
4.43162
4.39757
4.36959
4.3454
4.32359
4.30404
4.28758
4.27575
4.26971
4.26887
4.27044
4.27073
4.26865
4.26721
4.27014
4.27738
4.28771
4.30042
4.31492
4.33234
4.35724
4.39629
4.45138
4.51437
4.57661
4.63468
4.69105
4.75227
4.8265
4.91678
5.01819
5.12636
5.24151
5.36703
5.5069
5.66364
5.83347
6.01144
6.19526
6.38613
6.5865
6.78804
6.98041
7.16161
7.33245
7.49316
7.6421
7.77713
7.89378
7.99147
8.07282
8.14272
8.20544
8.2647
8.32224
8.37754
8.42954
8.4783
8.52431
8.56749
8.60731
8.64393
8.6779
8.70969
8.73855
8.76154
8.77648
8.7836
8.78395
8.77858
8.76981
8.76081
8.75278
8.74552
8.73823
8.73062
8.7226
8.7129
8.6982
8.67751
8.65376
8.6305
8.60965
8.59066
8.57264
8.55533
8.53929
8.526
8.51738
8.51293
8.51269
8.51476
8.51722
8.52037
8.52438
8.53029
8.53868
8.55028
8.5652
8.58221
8.60018
8.61911
8.63955
8.66026
8.67987
8.69931
8.72032
8.74313
8.76703
8.79208
8.8195
8.85034
8.88474
8.92249
8.9634
9.00761
9.05506
9.10603
9.16181
9.22347
9.29087
9.36267
9.43707
9.51252
9.58818
9.66355
9.73854
9.81361
9.88953
9.96671
10.0441
10.1196
10.1917
10.2598
10.3248
10.3866
10.4447
10.499
10.5492
10.5952
10.6362
10.6717
10.7015
10.7261
10.7457
10.7608
10.7719
10.7793
10.7834
10.7845
10.7829
10.7785
10.771
10.7607
10.7478
10.7323
10.7134
10.6901
10.6619
10.6293
10.593
10.5531
10.5094
10.462
10.4115
10.3586
10.3036
10.2466
10.1873
10.1261
10.0633
9.99961
9.93526
9.87017
9.80357
9.73445
9.66282
9.59026
9.51882
9.4499
9.38421
9.3224
9.26504
9.21188
9.16222
9.11575
9.07282
9.03381
8.99904
8.96901
8.94435
8.92577
8.91381
8.90853
8.9098
8.91744
8.93108
8.95025
8.97475
9.0043
9.03856
9.07734
9.12068
9.16873
9.22145
9.27837
9.33862
9.40122
9.46522
9.52985
9.59456
9.65902
9.72306
9.78644
9.84875
9.9095
9.96818
10.0244
10.0777
10.1279
10.1751
10.2196
10.2625
10.3048
10.348
10.3929
10.4401
10.4894
10.5403
10.5921
10.6434
10.6921
10.736
10.7731
10.8029
10.8227
10.8299
10.8298
10.8271
10.8198
10.8088
10.795
10.7796
10.7628
10.744
10.723
10.7022
10.6834
10.6669
10.6528
10.641
10.6329
10.6298
10.6316
10.639
10.6524
10.6719
10.6968
10.726
10.7581
10.7912
10.822
10.8457
10.8586
10.8625
10.8593
10.8429
10.8089
10.7591
10.6948
10.6153
10.518
10.4042
10.2792
10.1387
9.99304
9.83091
9.65351
9.47377
9.30757
9.14911
8.97897
8.81282
8.6479
8.47596
8.31913
8.21056
8.07056
7.90389
7.79575
7.71393
7.56553
7.39201
7.2758
7.19312
7.05469
6.89408
6.7705
6.66229
6.54459
6.44568
6.37331
6.28751
6.20154
6.1523
6.11858
6.06503
6.00616
5.97038
5.95181
5.92546
5.88086
5.82859
5.78785
5.75604
5.70347
5.63123
5.56531
5.51117
5.4523
5.3832
5.31026
5.24534
5.19959
5.16851
5.13395
5.08337
5.01829
4.95248
4.90303
4.87297
4.84675
4.81129
4.76656
4.72104
4.68272
4.65652
4.64192
4.63991
4.65377
4.68548
4.73609
4.80667
4.90074
5.01967
5.15862
5.30883
5.46468
5.62306
5.77931
5.92603
6.05659
6.1702
6.26302
6.33832
6.40557
6.47218
6.54232
6.6134
6.68048
6.74314
6.80122
6.85618
6.91344
6.97465
7.03472
7.08802
7.13429
7.17604
7.21426
7.24932
7.28398
7.32161
7.3591
7.39196
7.41806
7.43321
7.43551
7.43107
7.4257
7.42185
7.41813
7.40979
7.39232
7.36626
7.336
7.30376
7.27078
7.23751
7.20448
7.17405
7.15018
7.13368
7.12168
7.1121
7.10436
7.09833
7.0948
7.09383
7.09298
7.08887
7.08003
7.06746
7.05406
7.0436
7.03826
7.03857
7.04465
7.05765
7.08035
7.11444
7.15893
7.21197
7.27168
7.33603
7.40269
7.47048
7.53916
7.60878
7.67919
7.75047
7.82273
7.89621
7.97163
8.05016
8.13303
8.22127
8.31561
8.41676
8.5254
8.64154
8.76461
8.89443
9.03048
9.17094
9.31377
9.45801
9.60393
9.75178
9.90086
10.0504
10.2008
10.3528
10.5056
10.6576
10.8089
10.9617
11.1162
11.2704
11.4222
11.5708
11.716
11.8576
11.9959
12.1311
12.2642
12.3955
12.525
12.6525
12.7781
12.9011
13.0215
13.14
13.2572
13.3731
13.4867
13.597
13.7043
13.8094
13.913
14.0152
14.1155
14.2131
14.3079
14.4007
14.492
14.5813
14.6674
14.7491
14.8263
14.8995
14.9693
15.0354
15.0967
15.1525
15.2026
15.2473
15.2879
15.3248
15.3582
15.3878
15.414
15.4372
15.4584
15.4776
15.4957
15.5117
15.5246
15.533
15.5365
15.5353
15.5338
15.5374
15.5465
15.5579
15.5664
15.5656
15.5529
15.5326
15.5098
15.4852
15.4569
15.4247
15.3903
15.359
15.3326
15.3075
15.2793
15.2486
15.2179
15.1893
15.1612
15.1323
15.1037
15.0755
15.0459
15.0101
14.9646
14.91
14.8494
14.7856
14.7196
14.6513
14.579
14.499
14.4079
14.3034
14.1855
14.0529
13.9047
13.7426
13.5685
13.3837
13.1895
12.9868
12.7749
12.5537
12.3264
12.0957
11.8633
11.6326
11.4053
11.1801
10.9553
10.7284
10.4991
10.2701
10.0453
9.82483
9.60732
9.39734
9.20115
9.02064
8.8528
8.69139
8.52997
8.36403
8.19148
8.01265
7.83069
7.64982
7.47146
7.29552
7.12353
6.95613
6.79396
6.63681
6.48358
6.33297
6.18493
6.04027
5.90081
5.76836
5.64415
5.52918
5.42401
5.32839
5.24205
5.16431
5.09396
5.03007
4.97004
4.91169
4.85598
4.80605
4.76173
4.72196
4.68591
4.6532
4.62749
4.61557
4.61767
4.62199
4.6235
4.6273
4.64221
4.67156
4.70796
4.74337
4.77787
4.81449
4.85354
4.89106
4.92469
4.9572
4.99095
5.02463
5.05541
5.08248
5.10717
5.13008
5.15043
5.16687
5.1794
5.18961
5.2007
5.2148
5.23202
5.25082
5.26895
5.28509
5.29841
5.30856
5.31622
5.32283
5.32953
5.33615
5.34191
5.3462
5.34872
5.35011
5.3517
5.35468
5.35918
5.36491
5.37187
5.38006
5.38882
5.39746
5.40606
5.41541
5.42644
5.43901
5.45182
5.46486
5.48045
5.50078
5.52582
5.55406
5.58379
5.61514
5.64959
5.68784
5.72939
5.77233
5.81377
5.85168
5.88667
5.92225
5.96344
6.01105
6.06135
6.10901
6.14774
6.18064
6.21594
6.24743
6.26865
6.28812
6.31199
6.33625
6.36049
6.38749
6.42146
6.46085
6.5018
6.5422
6.58143
6.61823
6.64978
6.67348
6.6893
6.69945
6.7066
6.7132
6.72334
6.74356
6.77441
6.80885
6.83814
6.85874
6.87137
6.87219
6.8518
6.80313
6.72797
6.63808
6.54871
6.46663
6.38676
6.30182
6.20681
6.09987
5.98076
5.85046
5.71027
5.56069
5.40207
5.23704
5.07012
4.90517
4.74438
4.58871
4.43381
4.27474
4.11243
3.95091
3.79363
3.63996
3.48671
3.33547
3.19357
3.0653
2.95121
2.84934
2.75422
2.65967
2.56493
2.47679
2.40439
2.35276
2.3199
2.30004
2.28904
2.2867
2.2959
2.31987
2.35911
2.4103
2.46863
2.53183
2.60171
2.68265
2.77839
2.88954
3.01283
3.14282
3.27438
3.40485
3.5349
3.66777
3.80675
3.95309
4.10516
4.25909
4.41043
4.55566
4.69383
4.82669
4.95737
5.0891
5.22419
5.36337
5.50589
5.64987
5.79298
5.93313
6.0694
6.20204
6.33181
6.45939
6.58507
6.70879
6.83023
6.94887
7.06413
7.17559
7.28322
7.3878
7.49091
7.59449
7.70014
7.80881
7.92084
8.03592
8.15327
8.2714
8.38812
8.50133
8.60917
8.71061
8.80612
8.89745
8.9867
9.07531
9.16366
9.25139
9.33796
9.42297
9.50626
9.58753
9.66602
9.74075
9.81129
9.87841
9.94358
10.0079
10.0712
10.1325
10.1909
10.246
10.2983
10.3489
10.3988
10.4476
10.4942
10.538
10.58
10.6217
10.664
10.7063
10.7461
10.7814
10.8112
10.8352
10.8543
10.874
10.8993
10.9292
10.9591
10.9826
10.9937
10.9908
10.9779
10.9601
10.94
10.9178
10.8933
10.8661
10.8363
10.805
10.7752
10.7493
10.7265
10.7032
10.677
10.6478
10.6158
10.5813
10.5446
10.5067
10.4686
10.431
10.3937
10.3553
10.3143
10.2703
10.2238
10.1759
10.1273
10.0785
10.0298
9.98113
9.93212
9.88246
9.83217
9.78163
9.73147
9.68234
9.63465
9.58862
9.54417
9.50077
9.45796
9.41592
9.37517
9.33624
9.29995
9.26754
9.23968
9.21606
9.19619
9.17993
9.16751
9.15887
9.15348
9.15074
9.15026
9.15169
9.15479
9.15949
9.16615
9.17545
9.18808
9.20443
9.22432
9.24702
9.27174
9.29792
9.32527
9.3538
9.38352
9.41438
9.44635
9.47947
9.51379
9.54935
9.58613
9.62408
9.66326
9.70374
9.74551
9.7883
9.83156
9.87457
9.91688
9.95903
10.0024
10.0479
10.0951
10.1426
10.1886
10.2319
10.2719
10.3077
10.3388
10.3653
10.3871
10.4042
10.4163
10.4231
10.424
10.4184
10.4068
10.3906
10.3709
10.3487
10.324
10.2968
10.2671
10.2356
10.2031
10.1706
10.139
10.1093
10.0826
10.0605
10.0455
10.0404
10.047
10.0657
10.096
10.1368
10.1869
10.2451
10.3106
10.383
10.4606
10.5405
10.6201
10.6987
10.7753
10.8461
10.906
10.9532
10.9923
11.0258
11.0516
11.0677
11.075
11.0748
11.064
11.0376
10.996
10.9431
10.8819
10.8124
10.7317
10.6378
10.5325
10.4201
10.3053
10.1913
10.0788
9.96829
9.86076
9.7569
9.6559
9.55572
9.45481
9.35417
9.25479
9.15724
9.0625
8.9718
8.88578
8.80348
8.72468
8.65065
8.58136
8.51607
8.45435
8.39503
8.33715
8.2801
8.22413
8.16923
8.11525
8.062
8.0127
7.97247
7.94374
7.92458
7.91024
7.89703
7.88413
7.87249
7.86328
7.85726
7.85487
7.85651
7.86234
7.87166
7.88356
7.898
7.91208
7.92043
7.91979
7.90723
7.88026
7.83645
7.77228
7.68751
7.5862
7.47442
7.35365
7.21686
7.05708
6.87746
6.68927
6.50654
6.34895
6.23796
6.17231
6.13603
6.12056
6.12195
6.12296
6.09942
6.04949
5.99446
5.95225
5.92593
5.90669
5.88522
5.85475
5.81252
5.7616
5.70655
5.64747
5.58148
5.50825
5.43125
5.3556
5.28595
5.21972
5.14692
5.06265
4.96934
4.86785
4.76119
4.65313
4.54043
4.41351
4.26658
4.10371
3.93476
3.76756
3.60601
3.44993
3.29708
3.14601
2.99816
2.85747
2.72682
2.60474
2.48487
2.36076
2.23008
2.09589
1.96303
1.83633
1.71817
1.60645
1.49757
1.39169
1.29334
1.2062
1.13044
1.06658
1.02095
1.00255
1.01217
1.03912
1.07282
1.11245
1.16132
1.21893
1.28509
1.36706
1.47092
1.59054
1.71752
1.85716
2.02516
2.22552
2.44336
2.66741
2.8917
3.10261
3.2873
3.44818
3.59353
3.71753
3.81521
3.89502
3.96621
4.03073
4.08973
4.14631
4.20291
4.26022
4.31957
4.38141
4.44529
4.51081
4.57665
4.6403
4.70118
4.76013
4.81827
4.87728
4.93879
5.00328
5.06999
5.13726
5.20326
5.26705
5.32926
5.39125
5.45379
5.51792
5.58535
5.65784
5.73635
5.81861
5.90168
5.98421
6.06714
6.15253
6.24171
6.33505
6.43138
6.52782
6.62078
6.70767
6.79054
6.87609
6.97055
7.07292
7.17771
7.27973
7.37456
7.46132
7.54511
7.6353
7.73804
7.84587
7.94794
8.03822
8.11599
8.18646
8.25965
8.34437
8.43499
8.52126
8.59786
8.66585
8.73226
8.80689
8.89316
8.98344
9.07144
9.15735
9.24608
9.34267
9.44711
9.54838
9.63725
9.70969
9.76781
9.81721
9.86039
9.89406
9.91758
9.93139
9.93554
9.92882
9.91021
9.88152
9.84655
9.8088
9.76972
9.72892
9.68584
9.64134
9.59864
9.5618
9.53338
9.51263
9.4969
9.48371
9.47122
9.4576
9.44228
9.42743
9.41578
9.40982
9.41026
9.41601
9.42466
9.43183
9.43355
9.42994
9.42444
9.42108
9.42138
9.42379
9.42629
9.42789
9.42952
9.43343
9.44159
9.4553
9.47347
9.49533
9.51977
9.54624
9.57518
9.60748
9.64461
9.68809
9.73874
9.79705
9.86329
9.93665
10.0154
10.098
10.1842
10.2738
10.3649
10.4559
10.5464
10.6372
10.7286
10.8205
10.9117
11.0005
11.085
11.1644
11.2394
11.311
11.3792
11.4419
11.496
11.5391
11.5696
11.5866
11.589
11.5759
11.5469
11.5012
11.4375
11.3562
11.2583
11.1481
11.0316
10.9088
10.7763
10.6441
10.5181
10.3836
10.2496
10.1244
9.99602
9.86537
9.73639
9.61437
9.49144
9.36866
9.24764
9.12006
8.99302
8.86991
8.74439
8.61974
8.49842
8.3763
8.25406
8.13106
8.00461
7.88148
7.7584
7.63631
7.51867
7.39568
7.27103
7.15307
7.03653
6.92213
6.80831
6.68889
6.57487
6.47488
6.37783
6.27738
6.1789
6.08319
5.98441
5.88297
5.78497
5.69148
5.60069
5.51199
5.42104
5.32384
5.22511
5.13201
5.04633
4.96719
4.89161
4.81487
4.73525
4.65337
4.5699
4.48623
4.40277
4.31764
4.22985
4.14083
4.05331
3.96838
3.88431
3.7987
3.71137
3.6229
3.53604
3.45173
3.36973
3.29039
3.21755
3.1569
3.10856
3.06962
3.03485
2.99794
2.95486
2.90706
2.85437
2.79537
2.72971
2.658
2.58419
2.51337
2.4487
2.39236
2.34098
2.28995
2.24277
2.20657
2.18258
2.16504
2.14596
2.11873
2.07711
2.02108
1.96001
1.90348
1.85472
1.81451
1.78411
1.76386
1.75182
1.74281
1.72938
1.70589
1.67119
1.62996
1.59045
1.55983
1.53637
1.51426
1.48999
1.46534
1.44351
1.42711
1.41733
1.41371
1.41663
1.43234
1.46462
1.51171
1.57562
1.6565
1.75354
1.86635
1.99451
2.13636
2.28901
2.4482
2.60947
2.77077
2.92846
3.07863
3.22416
3.36207
3.49048
3.61104
3.72565
3.83616
3.94404
4.05104
4.15695
4.26118
4.36658
4.47546
4.58611
4.69647
4.80709
4.9188
5.03107
5.14293
5.25391
5.36393
5.47326
5.58212
5.69081
5.79963
5.90819
6.01605
6.12295
6.22877
6.33355
6.43732
6.54027
6.64236
6.74371
6.84436
6.9444
7.04391
7.14304
7.24183
7.34029
7.43837
7.53591
7.63262
7.72815
7.82237
7.91551
8.00815
8.10081
8.19365
8.28653
8.37901
8.47066
8.56133
8.65097
8.73946
8.82668
8.91282
8.99838
9.08406
9.17022
9.25656
9.34253
9.42755
9.51114
9.593
9.67293
9.75075
9.8262
9.89905
9.96859
10.0336
10.0935
10.1493
10.2016
10.2506
10.2969
10.3415
10.3837
10.4189
10.4425
10.4563
10.4683
10.4846
10.5054
10.527
10.5424
10.5455
10.537
10.5222
10.5047
10.4831
10.4526
10.4111
10.3623
10.3101
10.2546
10.1938
10.127
10.0541
9.97545
9.89379
9.8119
9.73061
9.64962
9.56806
9.48558
9.40215
9.31737
9.23087
9.14262
9.05319
8.96342
8.8737
8.78389
8.69351
8.60214
8.50963
8.41594
8.32097
8.22455
8.12678
8.02801
7.92853
7.829
7.73011
7.63218
7.53505
7.43857
7.34304
7.24914
7.15772
7.06934
6.98438
6.90336
6.82697
6.75582
6.68997
6.6284
6.56913
6.50999
6.44948
6.38731
6.32485
6.26434
6.20771
6.15528
6.10567
6.05708
6.00818
5.95811
5.90678
5.85524
5.80578
5.76137
5.72459
5.69703
5.67943
5.6718
5.67335
5.68246
5.69674
5.71313
5.72889
5.742
5.75048
5.75326
5.75057
5.74324
5.73223
5.71852
5.70322
5.68746
5.67228
5.65867
5.64801
5.64211
5.64296
5.65229
5.67101
5.69897
5.73538
5.77946
5.83058
5.88818
5.9519
6.02166
6.09741
6.17865
6.26437
6.35187
6.43705
6.51699
6.59076
6.65893
6.72222
6.78092
6.83614
6.88972
6.94224
6.99132
7.03231
7.06029
7.07433
7.08176
7.09354
7.11614
7.14815
7.1825
7.20894
7.21679
7.20223
7.17516
7.15579
7.15517
7.15811
7.14692
7.11466
7.06364
7.00577
6.95848
6.92942
6.90461
6.87863
6.85897
6.85257
6.86145
6.88233
6.90802
6.93997
6.98209
7.03157
7.08372
7.12347
7.14576
7.14753
7.13285
7.10475
7.05471
6.98707
6.90911
6.82583
6.74274
6.6594
6.57365
6.48764
6.40213
6.31553
6.22853
6.14318
6.05957
5.97652
5.8936
5.81105
5.72967
5.65036
5.57396
5.50047
5.42883
5.35787
5.28724
5.21733
5.14874
5.08177
5.01591
4.94991
4.88227
4.81165
4.73846
4.6647
4.59251
4.52261
4.45503
4.38977
4.32783
4.2731
4.22507
4.17749
4.1236
4.06269
3.99924
3.93958
3.88793
3.84465
3.80641
3.76846
3.72593
3.67706
3.62684
3.58373
3.55092
3.5243
3.49776
3.46664
3.42998
3.39239
3.36169
3.34673
3.34411
3.3436
3.34064
3.33807
3.34184
3.36008
3.39292
3.43357
3.47864
3.5308
3.59377
3.67119
3.75871
3.85054
3.94754
4.05345
4.16773
4.27844
4.37936
4.47176
4.55657
4.63459
4.69987
4.7498
4.78757
4.81612
4.83989
4.86528
4.89486
4.92798
4.96416
5.00297
5.0434
5.08491
5.12769
5.17205
5.21802
5.26483
5.31178
5.35843
5.40474
5.45115
5.49811
5.54617
5.59594
5.6481
5.70318
5.76131
5.82247
5.88662
5.95407
6.02533
6.10143
6.18379
6.27395
6.37317
6.48164
6.59905
6.72454
6.85739
6.99703
7.14292
7.29327
7.44492
7.59641
7.74837
7.90228
8.05951
8.21995
8.38108
8.54098
8.69841
8.85239
9.00233
9.14727
9.28714
9.42252
9.55384
9.68035
9.80024
9.91388
10.0244
10.1343
10.2428
10.3487
10.4516
10.5496
10.6374
10.7091
10.7652
10.8128
10.8605
10.9123
10.9656
11.0089
11.037
11.0375
11.0137
10.9709
10.9169
10.8598
10.804
10.7522
10.777
10.6142
10.5365
10.4325
9.24323
10.9349
10.9616
10.3982
9.95811
9.54553
9.46497
9.41759
9.26537
9.15649
9.06625
8.83249
8.70151
8.54744
8.39872
8.23275
8.06883
7.88925
7.7149
7.54414
7.37868
7.22149
7.07055
6.79459
6.89471
4.65896
7.50578
6.57408
6.11809
8.48807
27.8288
6.36963
3.93478
4.03341
0.43691
-0.946345
1.2626
3.38125
4.85074
5.2678
4.82605
4.36153
3.97719
5.11726
2.66875
4.07178
3.73862
3.67231
3.54153
3.34766
3.12088
2.93905
2.82211
2.89022
2.943
3.51534
2.90655
3.43308
4.35103
4.91157
6.2284
6.95814
7.95634
8.97548
10.0466
10.9535
11.8162
12.4875
13.2991
13.621
13.9968
13.8978
13.7673
13.7009
13.7779
13.9893
14.2876
14.6174
14.9548
15.1185
15.1961
17.3291
16.042
15.5468
15.4898
14.7729
13.2797
11.0597
8.70918
6.71033
5.24129
3.26414
2.77797
1.90124
1.20749
0.919219
1.2387
2.41483
4.69958
8.88684
11.2779
15.1966
18.9203
22.7114
26.0263
29.1436
30.399
34.8725
36.4456
36.8414
40.9922
45.8979
50.7653
55.3079
60.88
62.2932
65.2327
54.6318
65.3752
64.3981
49.7398
42.8878
43.9274
44.7433
171.766
761.162
588.905
743.096
1171.36
1794.94
2793.58
4614.04
7785.89
12655.6
19394.2
28320.1
39428.3
51858.8
64476.6
78348.6
91291.2
101161
108911
115966
121749
127347
133050
137715
141634
144422
146393
151014
158906
168344
175793
178122
171057
159536
146867
135917
125174
116176
106690
99531.9
92392.8
87264.7
81998.2
78765
75634.6
73453.1
71411.2
70405.6
68464.8
66145.8
63654.2
60456.8
56812.8
54677.8
53131
52561.6
52852.3
54374.8
56107.7
57675.7
58599.3
59648.4
61089.5
62770.5
63411.1
61934.2
59199.3
56653.8
54037.8
51724.5
48591.9
44255.9
38874.1
33865.2
29219.6
26298.2
25716.7
26025
26731
27285.1
27788
28484
28649.5
27945.7
25872.9
23839.8
21998.1
20963.7
18884.6
16132.3
12854.4
10058.4
6323.57
2290.78
-2151.6
-5565.37
-7571.15
-8185.32
-7864.1
-6573.72
-4781.57
-3096.77
-1724.38
-1013.49
-1036.99
-1610.69
-1855.46
-1320.6
-140.992
1059.61
1653.94
1516.95
1260.09
1667.86
2918.89
4615.86
6256.91
7526.38
8231.31
8518.38
8493.05
8113.97
7400.9
6337.77
4995.06
3802.44
2863.36
2041.87
1590.12
1549.48
2164.33
3624.17
5949.83
8674.61
11314.6
13722.5
15970.7
18107.5
19757.4
20925.8
21457.4
21713.1
21957.6
22481.5
23219.4
23875.3
24070.8
23386.9
22659.2
21420.4
20245.5
18866.6
18006.5
17692.5
17261.8
16480.3
15337.1
13574.2
11525.8
9128.27
6727.52
4589.3
3100.68
2241.55
1855.83
1595.28
1403.1
1578.96
1567.93
1078.26
103.095
-995.184
-2110.99
-3129.47
-3859.07
-4268.65
-4552.05
-4609.76
-4473.53
-4340.3
-4264.74
-4276.85
-4377.07
-4652.51
-5141.67
-5834.55
-6507.8
-7164.49
-7661.98
-7883.94
-7773.45
-7407.62
-6891.33
-6296.02
-5711.7
-5258.72
-4982.59
-4874.85
-4982.45
-5373.64
-5983.33
-6732.42
-7570.52
-8459.23
-9348.92
-10217.6
-11074
-11881.2
-12508.3
-12867.8
-12954.7
-12748.9
-12342
-11813.5
-11172.9
-10481.7
-9757.49
-9016.91
-8309.33
-7692.67
-7215.35
-3859.03
-1440.5
2929.12
-27385.8
-1672.95
-8110.55
-12312.5
-14008.6
-14642.3
-14997.7
-14695
-13219.5
-10422.9
-6992.67
-3058.3
702.958
3766.03
5710.13
6207.88
5461.72
3985.15
2704.42
2588.34
2863.33
2696.17
1855.89
486.354
-595.231
-1199.42
-977.566
257.061
2609.84
5934.09
9837.61
13686
17190
20118
22493.4
24423.5
25997.7
27384.9
28578.2
29614.9
30564
31374.4
32160.6
32905.1
32873
31524.3
29306.3
26408
22168.7
17272.4
12660.2
8857.26
6224.08
4220.75
2861.2
1931.72
1485.6
1310.02
1364.98
1579.08
1662
1652.06
1581.78
1399.62
1174.01
937.978
760.151
695.38
715.43
784.845
624.674
15.0413
-1187.04
-2854.06
-4603.1
-6047.23
-6980.15
-7372.96
-7117.6
-6344.22
-5100.19
-3566.73
-1881.75
-260.485
1144.88
2188.06
3027.79
3377.32
3363.71
3071.67
2675.57
2327.18
2083.95
1852.09
1617
1472.1
1276.17
1018.72
689.923
309.422
-59.9745
-415.134
-791.167
-1100.29
-1248.42
-1282.15
-1239.86
-1172.48
-1118.6
-1126.95
-1257.32
-1481.02
-1739.96
-2055.53
-2364.59
-2601.96
-2774.62
-2870.35
-2970.67
-3079.61
-3276.98
-3580.09
-3987.28
-4434.72
-4940.71
-5464.74
-5955.6
-6410.81
-6763.6
-6969.31
-6981.14
-6821.02
-6435.05
-5829.79
-5020.03
-3998.42
-2813.4
-1579.01
-399.378
714.51
1703.1
2518.18
3181.07
3695.18
3972.88
4014.8
3874.03
3682.89
3551.05
3522.12
3649.05
3952.08
4396.38
4936.95
5605.01
6399.89
7317.96
8371.36
9566.57
10861.5
12093.9
13007.6
13413.4
13232.6
12564.9
11697
10892.6
10155.7
9434.04
8737.63
8114.86
7702.15
7509.52
7635.75
8027.41
8622.17
9456.04
10136.6
10850.2
10999.3
10386.4
9627.13
8962.78
8177.45
6879.6
5027.58
2592.57
403.383
-823.294
-1552.55
-1984.97
-1646.34
-1519.06
-688.882
630.004
2297.57
4407.93
6944.74
9527.18
12404.7
15461.4
18606.5
21906
25170.4
23310.1
28670.7
29395
29922.3
29550.3
28395.6
26641.2
24383.4
22148.7
20325.3
19180.4
18402.1
17815.9
17415.5
17052.1
16660.1
16240.1
15679.4
14993.9
14145.9
13237.6
12375.5
11651.8
11071.9
10617.1
10214
9885.46
9540.96
9048.25
8329.97
7501.64
7010.5
6653.43
6115.09
5775.78
5897.41
6184
6464.98
6683.39
6927.85
7002.49
7076.17
6896.02
6518.8
6062.34
5674.14
5334.74
5023.42
4551.98
4188.86
4132.69
4278.22
4214.1
4150.16
3716.28
2984.13
2074.91
1054.2
-193.703
-1247.16
-1685.61
-1590.76
-1134.32
-723.078
-774.392
-1112.23
-1512
-1833.64
-2255.66
-2870.51
-3377.15
-3966.11
-4460.33
-4840.67
-5063.68
-5161.93
-5093.66
-4810.53
-4113.2
-2838.76
-1222.63
351.49
1637.69
2746.18
4252.92
6514.13
9425.94
12697.2
16110.6
19240.2
21766.5
23380.2
24019.7
23813.8
23085.8
22340.5
21801.3
21604.2
21852.3
22500.1
24007.2
26063.3
28900.6
31236
30997.7
29373.9
25830.7
24496.4
24362.4
23761.7
24227.8
26399.3
28804.2
30534.4
30811.9
29419
26906.9
24744.1
22087.6
18649.6
17072.3
18096.7
19893.3
21190.3
22416.1
23558.1
23903.1
23251.9
21694.4
20081.4
18915.6
17946.4
17346.6
17527.1
18514.2
19530.3
20591.5
21154.8
21034.5
20303.7
19353.6
18382.8
17660.1
17344.4
17364.8
17634.4
17957.8
18109.2
18017.3
17730.4
17432.5
17259.9
17338.1
17906.9
18974.3
20378.5
21861.3
23284.6
24622.8
25784
26806.9
27990.7
29489.7
31161.7
32852
34330.4
35354.9
35693.2
35226.6
34455
33428.6
32353.4
31150.2
29890.4
28552.8
27140.7
25583.4
24030
22197.8
20663.1
19123.2
17554.1
15948.4
14481.7
13054.1
11626
10254.7
8833.96
7364.89
5866.73
4390.78
2934.93
1561.8
191.113
-1182.21
-2795.52
-4641.87
-6470.66
-8107.85
-9496.67
-10331.4
-10659.3
-10617.9
-10205.2
-9839.43
-9453.5
-8900.62
-8399.26
-8110.58
-7959.97
-7594.05
-7359.58
-7631.48
-7585.93
-8270.12
-7312.93
-8279.19
-8586.16
-8785.6
-9285.81
-9801.19
-10352.8
-10773.1
-11130
-11509.2
-12043.7
-12468.9
-12722.7
-12810.4
-12699.7
-12132.8
-11164.6
-10129.9
-9546.82
-9307.9
-9145.94
-8811.26
-8308.46
-7757.5
-7406.6
-7455.38
-7830.37
-8351.59
-8887.46
-9273.19
-9579.28
-9829.49
-10062.4
-10353.4
-10731.5
-11070.9
-11281.7
-11356.9
-11384.9
-11447.3
-11599.3
-11811.2
-11956
-11855.3
-11341.7
-10451.1
-9450.16
-8555.07
-7784.94
-7031.1
-6228.87
-5346.38
-4515.94
-3867.79
-3461.97
-3338.31
-3483.61
-3835.53
-4346.52
-4995.51
-5743.58
-6558.58
-7356.9
-7956.06
-8224.7
-8089.12
-7626.79
-6801.04
-5676.88
-4394
-3073.92
-1798.53
-563.03
808.989
2645.44
5157.46
8350.74
12101
16223.8
20379.8
24202.9
27967.4
32172.1
37070
42485.6
47140.1
50985.6
54423.1
57558.5
60942.4
64134.1
66652.8
68886.3
70826.1
71395.5
70152.6
66046.6
59844.2
54104.4
50080.8
48152.4
48201.7
48685.2
47672.7
44190.8
39219.8
34455.6
30637.8
27661.4
25875.1
26126.9
27016.6
27395.7
26794.9
25483.3
24438.5
23638.7
22815.1
22084.1
21482.6
21233.8
20875
19941.4
18293.6
16303.1
14246.8
12179.2
10083.3
8311
6803.8
5482.71
4464.69
3858.67
3823.26
4041.71
4192.05
4523.9
4980.1
5914.37
7204.35
9037.33
11523
14111.7
16186.3
17573.7
18404
18939.3
18797.3
18243
16691
15264.2
14610.2
14759.7
15963.5
18977.8
16748.6
19776.4
19944.7
20684.6
20767.5
21059.5
21637.9
22397.8
23953.2
26752.6
29244.3
31425.4
34550.7
37134.4
38416.4
39039.8
41081.6
46727.7
57234.8
67509.7
74604
77084.8
78461.2
83447.6
92693.9
101254
103707
98957.3
92163.5
86661.7
80364.9
77339.1
79153.5
80954.8
78517.8
74229.7
72012.4
78637.3
96879.4
123281
150637
171212
184277
193718
193610
184945
174611
162610
149162
134822
120618
108039
98938.1
90086.4
80522.7
72555.4
67588.4
65279.9
63869.5
63196.3
62183
59031.5
54673.7
49163.5
43457.6
38261.6
33323.8
28123.6
21635.9
16428.9
13376.3
11327.3
9142.71
8983.98
10536.7
14660.9
16136.8
17517.9
19040.9
19740.9
20195.9
19826
17197.1
13471.5
10515.5
8799.21
8073.86
8376
8306.26
6795.16
4023.71
846.898
-2517.84
-6384.33
-10687.3
-14383.1
-16993
-18214.2
-18245.7
-17670.3
-16856.4
-15922.4
-15112.7
-14399.1
-13826.2
-13380
-13119.4
-12926.3
-12639.5
-12225.4
-11804
-11397.3
-10964.4
-10632.4
-10570.2
-10808.9
-11227.5
-11636.5
-11773.2
-11570
-11117
-10450.9
-9568.12
-8483.51
-7228.85
-5862.6
-4506.08
-3194.73
-2015.73
-967.964
-159.307
296.409
504.904
372.832
-297.375
-1415.74
-2831.88
-3886.13
-4190.11
-4084.44
-3603.41
-2795.75
-1898.76
-1038.81
-478.591
-308.23
-350.387
-458.16
-786.013
-1258.06
-1328.3
-592.097
760.589
2311.22
3791.19
5119.53
6208.25
6964.49
7390.73
7548.14
7493.11
7249.37
6770.69
6015.84
4986.22
3847.31
2769.93
1909.19
1207.92
638.033
335.61
294.028
524.367
979.558
1601.3
2261.46
2904.59
3482.76
3815.87
4010.04
4048.67
4051.08
3963.14
3795.35
3484.8
3053.31
2609.92
2245.7
2040.27
1760.97
1658.23
1519.99
1542.52
1609.71
1690.77
1798.08
1878.59
1823.98
1677.71
1379.88
1039.04
752.857
593.282
487.055
300.377
27.4973
-288.888
-684.812
-1223.48
-1967.35
-2837.97
-3583.29
-3889.76
-3657.79
-3045.45
-2257.72
-1420.19
-538.451
425.145
1467.07
2362.27
2679.35
2406.8
1980.36
1850.41
2316.96
3593.54
5603.82
8416.84
11945.9
16307.4
21768.4
28428.8
36276.7
45136.4
54706.6
64683.4
74738.5
84613.4
94138.9
102800
108742
110773
107904
103543
98837
94122.9
91167.1
89142.3
84977.4
77925.9
69335.6
62317.6
58021.4
56349.3
54984.9
52297.8
48665
45237.4
42153.4
39900.2
38691.2
37523.1
35781.2
33389
30403.8
27535.3
24789.1
21853.7
18765.6
15153.2
11126.1
7088.99
3404.69
-244.421
-3287.01
-5347.99
-6544.18
-6919.5
-6554.43
-5892.31
-5322.28
-4401.19
-3256.15
-1667.3
-575.139
258.317
296.678
959.03
1900.62
2326.74
3643.72
3177.98
2620.95
1620.52
-225.172
-2381.34
-4412.33
-6123.88
-7267.95
-7830.93
-7718.13
-7257.73
-6891.1
-6354.59
-5973.78
-5756.56
-6006.36
-6579.67
-7562.75
-9053.97
-10747.8
-12480.8
-13975.5
-15088.5
-16081.2
-16919.6
-17313
-17238
-16701.1
-15851.8
-14796.5
-13675.2
-12614
