5000	
	0.9989888398	0.998982305	0.9963766528	0.9957148143	0.9931617338
	0.9909708205	0.9903225834	0.9862612757	0.9884277006	0.982784696
	0.9877426588	0.9812051268	0.9883186118	0.9817292012	0.9900956343
	0.9843167575	0.9929316094	0.9887487198	0.99581379	0.9934542141
	0.9928959482	0.9892903669	0.9857517791	0.9779865684	0.9767259303
	0.963659576	0.966064157	0.9468505228	0.9538969438	0.927854844
	0.9404277856	0.9070675199	0.9259621411	0.8850228512	0.9109047209
	0.8623753939	0.8957415387	0.8398581927	0.8810124794	0.8182330911
	0.8672786916	0.7982435144	0.8550865665	0.7805753403	0.8449233279
	0.7658186766	0.8371817743	0.754406627	0.8322769274	0.7467495588
	0.8307047936	0.7434189113	0.8328628641	0.7448735591	0.8390100739
	0.751464271	0.8492679836	0.7634640423	0.8635945208	0.7810448055
	0.8817379516	0.8042177756	0.9031804981	0.8327371737	0.9270819935
	0.8659654637	0.9522220395	0.902693144	0.9767307943	0.9407967388
	0.9896146868	0.9747333201	0.9741656557	0.9727036771	0.9604999587
	0.949360999	0.9514613154	0.9316428618	0.9468819391	0.9209981352
	0.9462261125	0.916816708	0.9488023243	0.9181319475	0.9538585498
	0.9238669012	0.9606547772	0.9329315506	0.968513543	0.9442848803
	0.9768283796	0.9569578419	0.9849989124	0.9699970368	0.9922815243
	0.9822890123	0.9976290062	0.9923205422	  1	0.9984069181
	0.9957029289	0.9963389574	0.9896953641	0.9896781984	0.9832046319
	0.9830810003	0.9777648114	0.9774889232	0.9747818112	0.9742834138
	0.9749959991	0.9744482182	0.978511172	0.9781924291	0.9842885364
	0.9837072056	0.9857725231	0.9815532804	0.9740224386	0.9656993111
	0.9545810649	0.942405635	0.9306377168	0.9143160073	0.9032026314
	0.8825583278	0.8730556842	0.8481230453	0.8410727199	0.8120937661
	0.8082439165	0.7756316556	0.7756109132	0.7398914434	0.7441853054
	0.7059308158	0.7148783774	0.6746436242	0.6884564203	0.6467284447
	0.6655224216	0.622688788	0.6465113543	0.6028447759	0.6317367945
	0.5873754085	0.6215396299	0.576502997	0.6162322489	0.5704353463
	0.6160830087	0.5693472506	0.6213705211	0.5734452658	0.6324079136
	0.5829967145	0.6495422739	0.598338287	0.6731269796	0.6198646082
	0.7034561136	0.6479878471	0.7406438286	0.6830520245	0.7844227953
	0.7251765613	0.8338050803	0.7739865288	0.8863662611	0.8281170098
	0.9354269125	0.8839937803	0.9549127709	0.9308875836	0.9314396715
	0.9392694683	0.9059849511	0.9145678918	0.889229102	0.8911088913
	0.8815172659	0.8767115932	0.8817726004	0.8715519046	0.8886572877
	0.874505136	0.9007825256	0.8841762375	0.916748587	0.8990860655
	0.9351151619	0.9176746875	0.9542941758	0.9382285305	0.9724177041
	0.9587994826	0.9874733959	0.9773596983	0.9975636542	0.9922260587
	0.9908910001	0.9930478275	0.9830588244	0.9831569113	0.9782617431
	0.9783335341	0.9762562084	0.9775400475	0.9773005661	0.9799730809
	0.9808257706	0.9835919108	0.9810286238	0.9793011964	0.9683438814
	0.9616108737	0.9452088615	0.9351385977	0.9153604206	0.90235927
	0.8805325077	0.8647089786	0.8420606549	0.8235734272	0.8013048708
	0.7804404534	0.7596815001	0.7368408956	0.7185774654	0.6942258422
	0.6792401226	0.6538467089	0.6426911048	0.6166763019	0.6096851813
	0.5833836389	0.5807133089	0.5543548407	0.5560348475	0.5297404749
	0.5357432503	0.509528286	0.5198783565	0.4936582219	0.5084373852
	0.4820400065	0.501389544	0.4745667388	0.4987291832	0.4711646144
	0.500510745	0.4718247682	0.5068703557	0.4766228486	0.518038886
	0.4857317352	0.5343465769	0.4994286288	0.5562160204	0.5180951011
	0.5841360278	0.5422059588	0.6186015745	0.5722982824	0.6599934732
	0.6089031149	0.7083539724	0.6524090772	0.7629755553	0.7028094451
	0.8215807702	0.7592415061	0.8782315478	0.819075743	0.9172207647
	0.875675571	0.9171299384	0.9128149546	0.8959944886	0.912382726
	0.8778520798	0.8932529932	0.8685781816	0.8773553525	0.8683314374
	0.870219366	0.8759622206	0.8719485255	0.8899232217	0.8812917951
	0.9084355994	0.8965382414	0.929536033	0.9157495602	0.9513071933
	0.9370373184	0.972501358	0.9592167518	0.9921252885	0.9821434021
	0.986110624	0.9901574074	0.9776683325	0.9779468481	0.9779196322
	0.977025583	0.9842140903	0.9845787615	0.9882700719	0.989406942
	0.97287041	0.9696297214	0.9470658182	0.9405802415	0.9147083966
	0.9055184252	0.8768247103	0.865308395	0.8345308879	0.8210118455
	0.78925956	0.774060367	0.7426540155	0.7261259688	0.6963803477
	0.6789004714	0.6519398048	0.6338827564	0.6105331242	0.5922349252
	0.5729989912	0.554727125	0.5398202459	0.521756988	0.5111750906
	0.4934141177	0.4870231079	0.4695738889	0.4672166958	0.4500114254
	0.4515391541	0.4344454866	0.4397392484	0.4225724894	0.4315838912
	0.4141156468	0.4268921372	0.4088556033	0.4255555813	0.4066476328
	0.4275514264	0.407431814	0.4329517212	0.4112399338	0.441930658
	0.4182013987	0.4547704362	0.4285492325	0.4718645961	0.4426259561
	0.4937156038	0.460887625	0.5209202111	0.4839021272	0.5541307378
	0.5123342919	0.5939720174	0.5469045631	0.6408813341	0.5882992193
	0.6948198218	0.6369979087	0.7547653406	0.6929675558	0.8177626003
	0.7551401862	0.8766993515	0.8204715275	0.9149306216	0.8817312476
	0.9151494607	0.921412411	0.8978151671	0.9203527097	0.8845067751
	0.9021632779	0.8801009876	0.8891598638	0.8842071235	0.8853914499
	0.895186047	0.8900125914	0.9112260349	0.9013243311	0.9311268784
	0.9180440707	0.9553044554	0.9403862294	0.984949578	0.9704550181
	0.9828336237	0.9884789341	0.9754125422	0.9760169309	0.9813143611
	0.9792870618	0.9861393885	0.9837356523	0.9630952491	0.9606781742
	0.9289788668	0.9245582008	0.888992023	0.8822886156	0.8445077741
	0.8357693527	0.7966946865	0.7863205095	0.7469785042	0.735377014
	0.697015091	0.6845620434	0.6484739543	0.6355060734	0.6027992526
	0.5896095906	0.561051564	0.547879276	0.5238595964	0.5108796255
	0.4914578654	0.4787763859	0.4637788	0.451434636	0.4405829341
	0.4285527214	0.421528885	0.4097382757	0.4062197035	0.3945548849
	0.394265595	0.3825826097	0.385323811	0.3734552175	0.3791196371
	0.3668781761	0.3754564146	0.3626356785	0.3742197116	0.3605921003
	0.3753792601	0.3606917137	0.3789912153	0.3629593226	0.385202342
	0.367503476	0.394256815	0.3745230354	0.4065053619	0.3843170639
	0.4224153445	0.3972971235	0.4425788851	0.4139999668	0.467713722
	0.4350970512	0.4986468231	0.461394698	0.5362633762	0.4938136349
	0.5813949542	0.5333284675	0.6346105484	0.5808380339	0.6958641369
	0.6369283594	0.7639419835	0.7014851703	0.835570653	0.7731182055
	0.9031931574	0.8483050131	0.9442421678	0.9191156824	0.9315739952
	0.9562667413	0.908358624	0.9320865731	0.8950487126	0.9071388413
	0.8922603161	0.8946400718	0.8985376567	0.8935138804	0.9133915969
	0.9027381126	0.9386568836	0.9234092572	0.9776088068	0.9593970498
	0.9823141353	0.9887255458	0.9775457586	0.9786082956	0.9799420664
	0.979171942	0.9576984051	0.9574869258	0.9183856336	0.9169460911
	0.8718802718	0.8684832649	0.8214341242	0.8161111776	0.7688482773
	0.7619557742	0.7156317364	0.7076043969	0.6633212041	0.6545546626
	0.6134249334	0.6042422305	0.5672223662	0.5578764719	0.5255985465
	0.5162805309	0.4889905374	0.4798345134	0.4574357033	0.4485217461
	0.430699804	0.4220567926	0.4083949429	0.4000089653	0.3900358314
	0.381859552	0.3751178484	0.3670791005	0.3631738655	0.3551827137
	0.353803041	0.3457563339	0.3466820823	0.3384652224	0.3415663764
	0.3330525084	0.3382864855	0.3293336203	0.3367440272	0.3271907054
	0.3369095867	0.3265695831	0.3388241568	0.3274805473	0.3426047466
	0.3300034949	0.3484541824	0.3342973505	0.3566746265	0.3406134134
	0.3676837635	0.3493119087	0.3820318372	0.3608805251	0.4004169104
	0.3759529306	0.4236950794	0.3953242404	0.452877712	0.4199591223
	0.4890959468	0.4509829742	0.5335063933	0.4896341805	0.5871051749
	0.5371458889	0.6504066595	0.5945174538	0.722954223	0.6621287787
	0.8026847067	0.7391736146	0.8851981092	0.8229631919	0.960892451
	0.9081211891	0.9574923426	0.9777432182	0.918688332	0.9420858278
	0.897291052	0.9075850959	0.8912618934	0.8916286766	0.8996556924
	0.8921749934	0.9247800595	0.9101731762	0.9712554483	0.9504169205
	0.9854665918	0.9914499877	0.9810401554	0.9834413732	0.9599077577
	0.9624443923	0.9172904758	0.9191012979	0.865169424	0.8653383813
	0.8089948856	0.8073031223	0.7516473419	0.748311976	0.6949583664
	0.6903747108	0.6403771787	0.6349462018	0.5891845661	0.5832365515
	0.5424311292	0.5362148653	0.5008056641	0.4945025148	0.4645726309
	0.458311141	0.4336195358	0.4274831157	0.407594748	0.4016286288
	0.3859926018	0.3802119153	0.3682318381	0.3626280321	0.3537408066
	0.3482881698	0.3420057416	0.3366663434	0.3325911148	0.3273174108
	0.3251427119	0.3198777738	0.3193816049	0.314057438	0.315095232
	0.3096298563	0.312129682	0.3064235639	0.3103853786	0.3043175365
	0.3098170038	0.3032408369	0.3104377605	0.3031764627	0.3123277655
	0.3041691228	0.3156462529	0.306336653	0.3206471752	0.3098847656
	0.3276976213	0.3151247256	0.3372981663	0.3224933987	0.3501036724
	0.3325748602	0.3669420308	0.3461221811	0.3888280689	0.3640767513
	0.4169695953	0.3875811057	0.452744328	0.4179788614	0.4976081092
	0.4567774406	0.5528971516	0.5055260389	0.619467168	0.5655562539
	0.6971111497	0.6375167448	0.7837435119	0.7206361937	0.8742921867
	0.8116647344	0.9555141387	0.902793621	0.9479397666	0.9605847266
	0.9086427708	0.9257548457	0.8897094873	0.8957251425	0.8910368454
	0.8872085693	0.9148713274	0.9016091811	0.9664838597	0.9441138799
	0.9912273738	0.9952053006	0.9703227727	0.9747009687	0.9258887614
	0.9305369572	0.8691470703	0.8726651508	0.8074769644	0.8093027164
	0.7451097304	0.7452323825	0.6844993734	0.6831931	0.6271809286
	0.6248099214	0.5742506647	0.5711495245	0.5265154581	0.5229467256
	0.4844561154	0.4806146708	0.4481758305	0.4442054343	0.4174429053
	0.4134476258	0.3918107417	0.3878654241	0.3706839474	0.3668398518
	0.3534137237	0.3497032803	0.3393805683	0.3358221555	0.3280361916
	0.3246374207	0.3189169822	0.315675994	0.3116404545	0.3085453528
	0.3058941012	0.3029211074	0.301423397	0.298534416	0.2980226919
	0.2951627724	0.2955303374	0.2926251782	0.2938280404	0.2907814134
	0.2928440057	0.289534812	0.2925594889	0.2888381469	0.2930185522
	0.2887024776	0.2943408837	0.2892089262	0.2967374714	0.2905232663
	0.300528802	0.2929130582	0.3061652083	0.2967669904	0.3142490283
	0.302616218	0.3255581121	0.3111577529	0.3410691448	0.3232798799
	0.361977113	0.3400881224	0.3897085692	0.3629266548	0.4259142787
	0.3933872149	0.4723777525	0.4332843878	0.5307786883	0.4845250043
	0.6022316824	0.5487816667	0.6864852253	0.6268648647	0.7806431835
	0.7176461843	0.8766283334	0.8162292147	0.9454619908	0.9085869362
	0.9243203297	0.9395500731	0.8945047234	0.9061879902	0.8881119921
	0.8884102091	0.9092195449	0.8978731456	0.9634001604	0.9404344815
	0.9842340774	0.9877056135	0.9421405228	0.9484170806	0.8826729869
	0.8888379811	0.8161903456	0.8210665202	0.7487380969	0.752013357
	0.683695715	0.6854385324	0.6229519593	0.6234120929	0.5675804427
	0.5670571569	0.5182015345	0.516963387	0.4750994705	0.4733611194
	0.4382254577	0.4361546423	0.4072426981	0.4049721488	0.3816227626
	0.3792613219	0.3606998898	0.3583360796	0.3437710335	0.3414764881
	0.3301754964	0.3280083225	0.3193324065	0.317339417	0.3107487594
	0.3089661637	0.3040107441	0.302463397	0.298769127	0.297468878
	0.2947258019	0.2936695887	0.2916246595	0.2907927798	0.2892471313
	0.2886017966	0.2874115412	0.2868955396	0.2859753484	0.2855104822
	0.2848398106	0.2843247356	0.2839570493	0.2832641913	0.2833397008
	0.2823110346	0.2830732818	0.2815149011	0.2833311582	0.2810066985
	0.2843917754	0.2810148157	0.2866577783	0.2818832759	0.290676992
	0.2840915984	0.2971659128	0.2882768143	0.3070369107	0.2952590697
	0.3214295184	0.3060728146	0.3417420973	0.3220041082	0.3696567151
	0.3446285758	0.4071491792	0.375835334	0.4564019883	0.4178145041
	0.5195008319	0.472915635	0.5977945269	0.5432095039	0.6907064728
	0.6295775655	0.7936247767	0.7300423641	0.8924617036	0.8365325933
	0.9353450443	0.9225417156	0.9061838058	0.9220360325	0.8910990875
	0.8961708064	0.9075464013	0.898707917	0.9617876673	0.93896174
	0.9641315631	0.9734864282	0.9037822933	0.9126294974	0.8334753093
	0.8408377225	0.7613518819	0.7672234662	0.6917240943	0.6961291501
	0.6269889686	0.6300183977	0.5684340153	0.5702740242	0.5166535745
	0.5175329806	0.4718027986	0.4719390682	0.4337054857	0.4332859829
	0.4019299863	0.4011150769	0.3758770221	0.3748080525	0.3548224183
	0.3536228111	0.3380141676	0.3367912261	0.3247507039	0.3235976783
	0.3144160711	0.3134137563	0.3064841285	0.3057014617	0.3005058749
	0.2999993674	0.2960921594	0.2959045049	0.2928994266	0.2930578628
	0.2906211885	0.2911361035	0.2889846522	0.2898486585	0.2877507593
	0.2889381761	0.2867161557	0.28818262	0.285716397	0.2873981962
	0.2846304314	0.2864431064	0.2833868302	0.2852226363	0.2819723285
	0.2836962683	0.2804430632	0.281887392	0.278938539	0.279895875
	0.2776979757	0.2779133326	0.2770784776	0.276240576	0.2775746888
	0.2753066559	0.2798404575	0.275689449	0.2847145075	0.2781390427
	0.2932535289	0.2836070783	0.3067757508	0.2932867126	0.3269126081
	0.3086666534	0.3556550314	0.3315946415	0.395382985	0.3643272664
	0.4487839107	0.4095298895	0.5184426614	0.4701123398	0.605896138
	0.5486066981	0.7097734604	0.6457681116	0.822199424	0.7578688808
	0.9169272164	0.8707631819	0.9236600061	0.9334875039	0.9001417476
	0.9107282911	0.9094014265	0.9038431092	0.9613034917	0.9392158667
	0.9379199949	0.9554973252	0.859067387	0.8708646688	0.7813365294
	0.7896431426	0.7072211958	0.713750261	0.6383814031	0.6435732943
	0.5761514461	0.5801006444	0.5212847753	0.5241047742	0.4739685553
	0.4758268715	0.4339758178	0.4350544544	0.400808011	0.4012827578
	0.3738107035	0.3738480696	0.3522124629	0.3519652771	0.3352156623
	0.3348220147	0.3220763132	0.3216598905	0.3121398756	0.3118109141
	0.3048436129	0.3046996414	0.2997007066	0.2998263893	0.2962802376
	0.2967462472	0.2941918215	0.2950531782	0.2930776458	0.2943721194
	0.2926106551	0.2943577009	0.2924962464	0.2946966763	0.2924752141
	0.2951115148	0.292326728	0.2953636935	0.2918711359	0.295256314
	0.2909730824	0.29463646	0.2895457846	0.2933981502	0.2875573582
	0.2914868915	0.2850399232	0.2889067519	0.2821018923	0.2857306392
	0.2789434149	0.2821140968	0.2758744743	0.2783124361	0.273334849
	0.2747005181	0.2719154651	0.2717942852	0.2723820334	0.2702737916
	0.2757044443	0.2710095178	0.28309823	0.2750971732	0.2960850949
	0.2839094459	0.3165729156	0.2991727415	0.3469358514	0.3230663769
	0.3900695549	0.3583112245	0.4493046848	0.4081836697	0.527814685
	0.4762953337	0.6271338313	0.5656423056	0.7441085552	0.6763321865
	0.8645056326	0.8010264187	0.9362712375	0.9130430526	0.9154456848
	0.9309809238	0.9145276008	0.9133381017	0.9616626291	0.9409094686
	0.9073523498	0.934527479	0.8109658332	0.8257837969	0.728977818
	0.7380076069	0.6557667115	0.6626689139	0.5898445044	0.5955105038
	0.5315331908	0.5360634523	0.4811693116	0.4846128958	0.4386374182
	0.4411135877	0.4034548747	0.4051236909	0.3749488448	0.3759854672
	0.3523209699	0.3528976717	0.3347356591	0.335014403	0.321406859
	0.321536369	0.3116390973	0.311754446	0.3048310634	0.3050544036
	0.3004575802	0.3008985403	0.2980463276	0.2988012863	0.2971602241
	0.2983105468	0.2973891924	0.2989990582	0.2983498934	0.3004644632
	0.2996899711	0.3023344545	0.3010935506	0.3042733925	0.3022858937
	0.305987947	0.3030363902	0.3072306651	0.3031600742	0.3078014872
	0.3025184918	0.3075479622	0.3010210322	0.3063652629	0.2986278438
	0.3041971621	0.2953553545	0.3010390959	0.2912853523	0.2969444374
	0.2865784255	0.292035094	0.2814920204	0.2865172797	0.2764025016
	0.2807025836	0.2718297746	0.2750333106	0.2684630378	0.2701100801
	0.2671882572	0.2667200834	0.2691224671	0.2658677349	0.2756656123
	0.2688158055	0.2885832977	0.2771517323	0.3101254406	0.2928947121
	0.3431547232	0.3186442053	0.3912367202	0.3577217807	0.4585147684
	0.4141961629	0.5487717826	0.4925276856	0.6629571489	0.5959785012
	0.7939815005	0.7227146166	0.914337563	0.8578620377	0.9361938045
	0.9454079141	0.9231221327	0.9277025351	0.9627741653	0.9441100848
	0.8739612869	0.9114408844	0.7620939459	0.7797856825	0.6785464194
	0.6881176109	0.6082628937	0.6153215172	0.5465834171	0.5524676788
	0.4929503182	0.4977800126	0.4474005278	0.4511758245	0.4096281382
	0.4124336687	0.3790316236	0.3810173312	0.3548327311	0.3561721327
	0.3361791038	0.3370472362	0.3222496751	0.3228131915	0.3123089464
	0.3127223744	0.305717149	0.3061227411	0.3019125419	0.3024411216
	0.3003847004	0.3011556127	0.3006530102	0.3017725274	0.3022564306
	0.3038150208	0.3047538645	0.3068232548	0.3077311846	0.3103621536
	0.3108105343	0.3140320337	0.3136585908	0.3174783462	0.315992009
	0.3203983609	0.317579677	0.3225441922	0.3182423854	0.3237227125
	0.3178510209	0.3237934694	0.3163247492	0.3226659173	0.3136302568
	0.3202969315	0.3097818408	0.3166887615	0.3048447196	0.3118890574
	0.2989441771	0.3059956355	0.2922815034	0.2991678627	0.2851575572
	0.2916465488	0.2780031831	0.2837831282	0.2714133524	0.2760761376
	0.2661809607	0.2692100998	0.2633294666	0.2640918792	0.2641518955
	0.2618856862	0.2702745846	0.2640599444	0.2837696107	0.2724716675
	0.3073274323	0.2895160735	0.3444521828	0.3183450321	0.3995939343
	0.3630775728	0.4778953775	0.4288149909	0.5835453997	0.5209560672
	0.7153886247	0.6422912489	0.8577629483	0.7860075053	0.9512635217
	0.9210928171	0.935870631	0.9470946076	0.9648004025	0.949279785
	0.8393126858	0.8872060168	0.7145843398	0.7348866571	0.6315185086
	0.6414985179	0.5653708965	0.572437942	0.5085987821	0.5145102993
	0.4599176721	0.4648299729	0.4191602624	0.4230417537	0.3859462683
	0.3888627028	0.359619532	0.3617117641	0.3393627181	0.3408003426
	0.3243418639	0.325298788	0.3137893051	0.3144325036	0.3070299736
	0.3075162598	0.303469513	0.3039460471	0.302565674	0.3031707429
	0.3038016344	0.3046637818	0.3066713769	0.3079066131	0.3106786764
	0.312386612	0.3153460108	0.3176061369	0.3202279786	0.3230971093
	0.324924377	0.3284357538	0.3290897435	0.3332538073	0.3324376708
	0.3372444047	0.3347404777	0.3401605107	0.3358369844	0.3418241074
	0.3356215973	0.3421202557	0.3340360236	0.3409827744	0.3310675804
	0.3383940892	0.3267449211	0.3343794467	0.3211347857	0.3290005969
	0.3143425408	0.3223517344	0.3065200919	0.3145614681	0.2978871654
	0.3058054577	0.2887672781	0.2963343285	0.2796319186	0.2865183475
	0.2711500613	0.2769029096	0.2642339106	0.2682643227	0.2600763716
	0.2616558466	0.2601926234	0.2584446162	0.2664980974	0.2603625366
	0.2814639331	0.2696158692	0.3083687595	0.2890993622	0.3515855813
	0.3227170218	0.4167469293	0.3756732221	0.5101296102	0.4544041687
	0.6354849735	0.5650681784	0.7858401354	0.7078357227	0.9268663097
	0.8640652556	0.9532682821	0.9636391834	0.9681329804	0.9571895635
	0.8048823329	0.8628091585	0.6699934619	0.6926116916	0.5887497258
	0.5990591728	0.5272880007	0.5342768109	0.4756024077	0.4814115528
	0.4318166949	0.4366553867	0.3956424108	0.3994676708	0.3666881858
	0.3695538833	0.3442809563	0.3463183069	0.3276270093	0.3289993316
	0.3159490545	0.3168255734	0.3085457158	0.3090907798	0.3047961103
	0.3051671491	0.3041345377	0.3044831339	0.3060191684	0.3064914028
	0.3099108191	0.3106452748	0.3152676514	0.3163913357	0.3215537963
	0.3231772556	0.3282559787	0.3304690185	0.3349014596	0.33777044
	0.3410712332	0.3446383566	0.3464079557	0.3506880597	0.3506340762
	0.3556184225	0.3535373037	0.3591963888	0.3549665621	0.3612509368
	0.3548331216	0.3616773585	0.3531068341	0.3604350238	0.3498093486
	0.3575417193	0.345004356	0.3530637617	0.338786123	0.3471023682
	0.3312695395	0.3397789643	0.3225867831	0.3312243457	0.3128967198
	0.3215783756	0.3024115061	0.3110075231	0.2914461205	0.2997453639
	0.2805005462	0.2881570274	0.2703290447	0.2768306942	0.2619958043
	0.2666592526	0.2569145265	0.2588895041	0.2568888414	0.2551552716
	0.2642113136	0.2575316821	0.2818880439	0.2686870004	0.3140111213
	0.2922018772	0.3661675046	0.3330404208	0.4455606633	0.3979123157
	0.5594234525	0.4948792678	0.7084365978	0.62972972	0.8711535259
	0.7942365171	0.9694622699	0.9434384315	0.9733059113	0.9686318166
	0.77194013	0.8391681131	0.6293231197	0.6539844792	0.5506066544
	0.5612178695	0.4939022353	0.5007763231	0.4471564885	0.452785789
	0.4080099692	0.4126731769	0.3761081963	0.3797670786	0.3510620245
	0.3537607166	0.3322259694	0.3340862044	0.3188654506	0.3200420821
	0.3102746828	0.3109299454	0.305816261	0.3061105771	0.3049103421
	0.3050016097	0.3070032356	0.3070481642	0.3115390709	0.3116927833
	0.317947186	0.3183600008	0.3256472356	0.3264594706	0.3340669174
	0.3354033785	0.3426638866	0.3446295798	0.3509422154	0.3536187838
	0.3584733794	0.3619148611	0.3649078403	0.3691444315	0.3699571509
	0.3749908408	0.3734003778	0.3792035888	0.3750881205	0.3816040192
	0.3749449655	0.3820907952	0.3729689252	0.3806432628	0.369224817
	0.3773183403	0.3638300845	0.3722380598	0.3569343374	0.365568095
	0.3486967024	0.357490969	0.3392672948	0.3481801254	0.3287807859
	0.3377826492	0.3173711785	0.3264197555	0.3052157676	0.3142151576
	0.2926070363	0.301359472	0.2800634927	0.2882071967	0.268454076
	0.2753983275	0.2590515877	0.2639881801	0.2535644081	0.2554900529
	0.2541729104	0.251890489	0.263668857	0.2557133044	0.2857994808
	0.2702526459	0.3258253979	0.3000691521	0.3910719174	0.3516700447
	0.4906916607	0.433853361	0.6314859865	0.5561736073	0.8035785874
	0.7198741331	0.9530099125	0.8941302962	0.9808000517	0.9822194942
	0.7414815072	0.817068544	0.5931089529	0.619590757	0.5171205117
	0.528049691	0.4649208479	0.4716832892	0.4227714306	0.428185917
	0.3879029601	0.3923347924	0.3599013888	0.3633248782	0.338394852
	0.3408475122	0.3227942503	0.324388155	0.3124386638	0.3133188046
	0.3066943852	0.307015044	0.3049782397	0.3048958834	0.3067372567
	0.3064109979	0.3114167835	0.3110096563	0.3184389469	0.3181165771
	0.3272005619	0.3271268027	0.3370887873	0.3374197881	0.3475057123
	0.3483844753	0.357889298	0.3594404158	0.3677416343	0.3700681448
	0.3766363221	0.3798201665	0.3841992162	0.3882947153	0.3901149601
	0.395142907	0.3941340678	0.4000751778	0.3960847185	0.4028754818
	0.3958862631	0.4034205289	0.3935571892	0.4016953812	0.3892108443
	0.3977961366	0.3830362868	0.3919146082	0.3752668726	0.3843064545
	0.3661430756	0.3752495943	0.3558775705	0.3650018941	0.3446308266
	0.3537667119	0.3325063746	0.3416744357	0.3195771503	0.328789896
	0.3059547894	0.3151589503	0.29190242	0.3009069445	0.2779802548
	0.2863850716	0.2652250639	0.272332312	0.2552041211	0.260042663
	0.2500177168	0.2513965824	0.2523365067	0.2488414825	0.2656290015
	0.2554918688	0.2947161931	0.2755248594	0.3466038879	0.3149695964
	0.4311034732	0.3826281101	0.5591290502	0.4900173867	0.7315448645
	0.645970569	0.9091059148	0.8341794302	0.989361068	0.9756313775
	0.7142079035	0.7971294337	0.5615334804	0.589677149	0.488118632
	0.4994137681	0.439968451	0.4466540791	0.4019687023	0.4071680701
	0.3709599809	0.3751389899	0.3464589672	0.3496112389	0.3281246656
	0.3302835614	0.3154356715	0.3167034605	0.3078063699	0.3083176822
	0.3046680377	0.3045692597	0.3054797789	0.3049240927	0.3097036956
	0.3088524057	0.3167766954	0.3158001325	0.3260984047	0.3251735323
	0.3370406523	0.3363457106	0.3489724889	0.348680875	0.3612862981
	0.3615609633	0.3734275992	0.3744178759	0.3849101623	0.3867528998
	0.3952866689	0.3981005443	0.4041464086	0.408024333	0.4111174067
	0.4161136781	0.4158819509	0.4219969262	0.4182063406	0.4253743427
	0.4179749841	0.4260620117	0.415213778	0.4240290733	0.4100900531
	0.4194103941	0.402885346	0.4124859823	0.393947562	0.4036319883
	0.3836349652	0.3932576596	0.3722640215	0.3817436806	0.3600692695
	0.3693923008	0.3471810275	0.3563943982	0.3336293468	0.3428180679
	0.3193891359	0.3286294338	0.3044850636	0.3137656013	0.2891595618
	0.2982804812	0.274073631	0.2825564792	0.260527994	0.267518767
	0.2505008287	0.2548221855	0.2466028551	0.2468402225	0.2521460314
	0.2466126693	0.2715616103	0.2580562808	0.3113156451	0.2866751336
	0.3810988439	0.3408033548	0.4939902219	0.4326371076	0.65961534
	0.5761266321	0.8551056584	0.769350009	0.9827448735	0.9467402249
	0.6905522614	0.7797972504	0.5345420796	0.5642561294	0.4633154328
	0.4750484344	0.4186540354	0.4253202745	0.3843066142	0.3893157707
	0.3567134206	0.360644239	0.3353096342	0.3381816809	0.3197878181
	0.3216320208	0.3096946715	0.310603624	0.3045142924	0.3046124674
	0.3037327417	0.3031592586	0.3068403983	0.3057459779	0.3133066903
	0.3118554526	0.3225587151	0.3209283682	0.3339804527	0.3323586663
	0.3469339524	0.3455121676	0.3607905328	0.3597579067	0.3749603874
	0.3744997896	0.3889240561	0.3892154581	0.4021979241	0.4034172041
	0.4143120034	0.4166281874	0.4247945856	0.4283582076	0.4331728932
	0.4380937262	0.4390041594	0.4453219807	0.4419350904	0.4495931549
	0.4417712602	0.4506053971	0.4385275864	0.4482801686	0.4324352644
	0.4427927718	0.4238993697	0.4345414241	0.4134226779	0.4240671017
	0.4015210418	0.4119549507	0.3886507836	0.3987461178	0.3751569167
	0.3848739677	0.3612417073	0.3706248856	0.3469530237	0.3561188215
	0.3322021184	0.3413102784	0.3168345424	0.3260265727	0.3007848408
	0.3100772267	0.2843185255	0.2934668474	0.268303388	0.2766908827
	0.2544520303	0.261001061	0.2452960987	0.2485803485	0.2440960829
	0.2424382376	0.2550355632	0.2463789635	0.2840239815	0.2654918205
	0.3401904114	0.3074323062	0.4373305262	0.3842464126	0.5911864041
	0.5127077515	0.7959006494	0.7033139782	0.9633777756	0.9103343889
	0.6707325374	0.7653617011	0.5119427122	0.543197767	0.4423771235
	0.4546401752	0.4006002043	0.4073198481	0.3693898204	0.3742514552
	0.3447667937	0.3484738815	0.3260656697	0.3286700161	0.3130065791
	0.3145381986	0.3051985997	0.305740855	0.302186593	0.3018544288
	0.3035009877	0.3024270562	0.308655001	0.3069881233	0.3171221396
	0.3150291037	0.3283239158	0.3259885341	0.341641418	0.3392594141
	0.3564472646	0.3542192749	0.3721399694	0.370265839	0.3881843867
	0.3868658351	0.4041033315	0.4035480852	0.4194289852	0.4198571031
	0.4336653068	0.4353097962	0.4462523112	0.4493452275	0.4565629693
	0.4613020951	0.4639530835	0.4704515804	0.4678652325	0.4760987502
	0.4679582084	0.4777344827	0.4642077001	0.475180856	0.4569271717
	0.4686577426	0.4466968579	0.4587332085	0.4342356396	0.4461846599
	0.4202688261	0.4318373802	0.4054282544	0.4164364543	0.3901926938
	0.4005707451	0.374859363	0.3846379335	0.359532518	0.3688319342
	0.34412396	0.3531410072	0.3283857712	0.337358932	0.3120167453
	0.3211437996	0.2948900886	0.3041817192	0.2773938789	0.2864977421
	0.2607756467	0.2688506491	0.247353013	0.2530249293	0.2403658192
	0.2419255127	0.2439061408	0.2393519019	0.2634557044	0.250158046
	0.3074018537	0.2813460343	0.389334607	0.3442901972	0.5285671161
	0.4569184443	0.7346229534	0.6390481958	0.9391171992	0.8689075745
	0.6548122242	0.7539827555	0.4934801057	0.5263001642	0.42496755
	0.4378707313	0.3854593849	0.3923178668	0.3568755136	0.3616455691
	0.334790738	0.3383134396	0.3184128686	0.3207790876	0.307477969
	0.3087186058	0.3016486252	0.3018385398	0.30052066	0.2997660791
	0.3036598285	0.3020876287	0.310596821	0.3083539889	0.3208099481
	0.3180648541	0.3337234101	0.3306632554	0.348731435	0.3455552966
	0.36523907	0.3621497959	0.3827021873	0.3799037141	0.4006655266
	0.3983688211	0.4187137819	0.4171477879	0.4364166465	0.4358448934
	0.4532587262	0.4539883701	0.4685746123	0.4709461244	0.4815285227
	0.4858734862	0.4911762956	0.4977381831	0.4966290719	0.5054633519
	0.4972848231	0.5081845663	0.4930282849	0.5055292038	0.4842860507
	0.4977645757	0.471902308	0.485718113	0.4569117044	0.4705244998
	0.4403237996	0.4533485396	0.4229857011	0.4351951433	0.4055239643
	0.4168265314	0.3883331412	0.3987498922	0.3715803497	0.3812300749
	0.3552119586	0.3642997698	0.3389588465	0.3477660419	0.3223850192
	0.3312253642	0.3050504355	0.3141531896	0.2868506294	0.2961576704
	0.2684784225	0.2774319103	0.251810831	0.2592354156	0.2399806865
	0.2441527807	0.2370946871	0.2359916514	0.2483991123	0.2395480701
	0.281576646	0.2613354165	0.3494747215	0.3118360026	0.4730047616
	0.4090140303	0.673952153	0.5787984855	0.9109630639	0.8240294177
	0.6427543299	0.7457202018	0.4788857114	0.5133386185	0.4107764859
	0.424446199	0.3729261327	0.3800204515	0.3464741616	0.3512190246
	0.3265160265	0.3299047734	0.3121004778	0.3142713238	0.3029637699
	0.3039509807	0.2988117391	0.298682657	0.2992819452	0.2981349035
	0.3039684467	0.3019249866	0.3124168381	0.3096216396	0.3241137152
	0.3207348246	0.3384960592	0.3347202446	0.3549873232	0.351010837
	0.3730448155	0.3690640742	0.3922104364	0.3884231103	0.4121270356
	0.4087389157	0.4324724569	0.4297198725	0.4528872603	0.4510662318
	0.4728672144	0.4723587813	0.4916531899	0.4929288473	0.5081635264
	0.5117462032	0.5210376061	0.5273920666	0.5288614659	0.5382172816
	0.5305671505	0.5427464242	0.5258405601	0.5402196613	0.5152690652
	0.5309403302	0.500117489	0.5161537883	0.4819040779	0.4975623379
	0.4620352193	0.4768272707	0.4416193665	0.4552861275	0.4214304602
	0.4338831222	0.4019417466	0.4132108712	0.3833678618	0.3935758217
	0.3656861357	0.3750411696	0.3486424946	0.3574356675	0.3317537091
	0.3403507963	0.3143841893	0.3231606636	0.2960096365	0.3051746168
	0.2767237867	0.2860443021	0.2578147647	0.2663949333	0.2420916361
	0.2483123532	0.2336830398	0.235461241	0.2377859772	0.2327032229
	0.2615508231	0.2462831882	0.3168571759	0.2858214242	0.4248535436
	0.3685919564	0.6160527412	0.5239971777	0.8796374091	0.7773093663
	0.6344634605	0.7405601885	0.4679087945	0.5040972217	0.3995350284
	0.4141132512	0.3627425413	0.3701811745	0.3379466756	0.3427417065
	0.3197259443	0.3230395012	0.306931834	0.3089599318	0.2992814093
	0.3000652204	0.2965129363	0.2961135459	0.2982976984	0.2968063012
	0.3042530616	0.3017860272	0.3139390136	0.3106378251	0.3268551365
	0.3228851377	0.3424607427	0.3380040106	0.3602215623	0.3554648973
	0.3796624102	0.3747873352	0.4004305673	0.3956145311	0.4222845388
	0.4177109188	0.4450298439	0.4409199966	0.4684266496	0.4650834212
	0.4920469904	0.4899041145	0.5151034957	0.5147652876	0.5362875282
	0.5385232325	0.5537169817	0.5593456392	0.565168161	0.5747760025
	0.5687263765	0.582286044	0.56363596	0.5803179172	0.5507113241
	0.5691434046	0.5319256801	0.5507191566	0.5095709758	0.5276958853
	0.4856174199	0.5024784078	0.4614820258	0.476821116	0.4380648965
	0.4518357835	0.4158711761	0.4281482558	0.3951180628	0.4060496533
	0.3757914796	0.3855898604	0.3576515063	0.3666062289	0.3402165153
	0.348703466	0.3227650555	0.3312312098	0.3044824846	0.3133315187
	0.2849049448	0.2942268474	0.2646404468	0.2738686396	0.2459670603
	0.2537125431	0.2329003109	0.2370546439	0.2307154335	0.2288279658
	0.2462594657	0.2352247162	0.2904608989	0.265181088	0.3838340628
	0.3348938053	0.5624440719	0.4753153387	0.8460010148	0.7303315569
	0.6298153461	0.7384360396	0.4603341717	0.4983873448	0.3910229198
	0.4066670754	0.3546992358	0.3626028899	0.3311003464	0.3360295596
	0.3142491133	0.3175527967	0.3027559751	0.3047010893	0.2962955652
	0.2969351984	0.2946273018	0.2940179061	0.2974494595	0.2956757661
	0.3043993803	0.3015725324	0.3150520833	0.3113092731	0.3289246019
	0.3244260763	0.3455056418	0.3404248844	0.3643108582	0.358819362
	0.3849408919	0.3791977732	0.4071553559	0.4013044064	0.4308417271
	0.425025206	0.4559636443	0.4503589709	0.482459038	0.4773341055
	0.5100761311	0.5058649533	0.5381414092	0.5355357465	0.5652580112
	0.5652851896	0.5890167916	0.5930026155	0.6060321946	0.615248287
	0.6128375668	0.6277297782	0.60765242	0.6271732724	0.5915877134
	0.6135529661	0.5678900074	0.5901198315	0.5401441361	0.5612022956
	0.5111179335	0.5303276114	0.4825582129	0.4997299243	0.4554255818
	0.4706157458	0.4301764628	0.4435464365	0.4069605331	0.4187140264
	0.3857214191	0.3960916977	0.3662161047	0.375485585	0.3479776907
	0.3565116137	0.3302715823	0.3385332496	0.3121275679	0.3206315416
	0.2926468574	0.3017472752	0.2717344646	0.2812294439	0.2509927984
	0.2597863178	0.2341062364	0.2401852567	0.2264474999	0.2272729413
	0.2347874087	0.2273602388	0.2692713747	0.2489429578	0.3493042824
	0.3070455703	0.5139855505	0.432819105	0.8110174919	0.6844943364
	0.6286751664	0.739242561	0.4559909876	0.4960567945	0.385071183
	0.4019543121	0.3486344162	0.3571373823	0.3257848315	0.3309415678
	0.3099532699	0.3133180986	0.2994603519	0.3013872989	0.2939105344
	0.2944715344	0.2930721932	0.2923212341	0.296664826	0.2946808262
	0.3043435566	0.3012322584	0.3156993863	0.3115926229	0.330269958
	0.3253208872	0.3475767806	0.3419474292	0.3671863167	0.361029072
	0.3887754198	0.3822214222	0.4122094314	0.4053592002	0.4375066907
	0.4304449262	0.4648052354	0.4576355533	0.4942705132	0.4871737949
	0.5259397761	0.5192658471	0.5594660542	0.5538757681	0.5936854233
	0.5903546199	0.6259526404	0.626771438	0.6515123629	0.6589259936
	0.6641323699	0.6798808135	0.6595243337	0.6825634137	0.6390597795
	0.6656608406	0.6084802069	0.6350015666	0.5736287827	0.5980928314
	0.5383459289	0.5601096143	0.5046290524	0.5237003108	0.4733460792
	0.4899682198	0.4447761884	0.4592449957	0.4189106101	0.4315121238
	0.395587951	0.4065934513	0.3745232417	0.3842154774	0.3552613551
	0.3639818369	0.3370903335	0.3452857657	0.3189898443	0.3272149856
	0.2997784658	0.3085671688	0.2787344064	0.2882276451	0.256679329
	0.2661318119	0.2367775868	0.2443778273	0.2243852549	0.2275160513
	0.2263789589	0.2220441942	0.2523631975	0.2362739096	0.3204706677
	0.2841631979	0.470969309	0.3961618487	0.775650709	0.6408874534
	0.6309065869	0.7428441755	0.4547555737	0.4969923669	0.3815621864
	0.3998730628	0.3444323032	0.3536841646	0.3218888412	0.3273772765
	0.3067402402	0.3102430054	0.2969647301	0.2989420017	0.2920635194
	0.292615435	0.2917999273	0.2909810226	0.2959092831	0.2937934087
	0.3040628761	0.3007501915	0.3158683346	0.3114844515	0.3308852198
	0.3255748895	0.3486673325	0.3425796954	0.3688263226	0.362093897
	0.3911075323	0.3838305471	0.4154619385	0.4076942657	0.4420238393
	0.4337831735	0.4710964905	0.4623907053	0.5030880275	0.4939637188
	0.5384003641	0.5290267728	0.5772237947	0.5680469688	0.6191015157
	0.6111420589	0.6619714889	0.657369743	0.7003448345	0.7030249315
	0.7237491048	0.738576809	0.7214842291	0.7488294815	0.6944096648
	0.7272753693	0.653785495	0.6855615769	0.6095462284	0.6377262472
	0.5667187113	0.5910314209	0.5272011286	0.5480635454	0.4914724585
	0.5094087603	0.4594541339	0.474930727	0.4308764628	0.4442754375
	0.4054122723	0.417049975	0.3826948815	0.3928601073	0.3622616567
	0.371270112	0.3434396761	0.3517002916	0.3252256282	0.3332843905
	0.3062955791	0.314782527	0.2854413611	0.2947749154	0.2626802477
	0.2725009082	0.2404977073	0.2492586373	0.2240551641	0.2291457302
	0.2204268672	0.2187661427	0.2389402132	0.2264873518	0.2965086998
	0.2654149081	0.4332699863	0.364769667	0.7407627712	0.6002408122
	0.6363732999	0.7490778223	0.4565502497	0.5011174747	0.3804283341
	0.4003711101	0.3420216611	0.3521890867	0.3193378342	0.3252751621
	0.304542245	0.3082664929	0.2952163507	0.2973155171	0.2907190026
	0.2913337158	0.2907913862	0.2899810219	0.2951788386	0.2930132131
	0.3035672457	0.300140856	0.3155808418	0.3110125221	0.3308005264
	0.325226062	0.3488084684	0.3423641732	0.3692518119	0.3620519592
	0.3919267816	0.3840423678	0.4168412911	0.4082827666	0.4442118372
	0.4349310016	0.474466027	0.4643696457	0.5082138037	0.4971916378
	0.5462013693	0.5341766427	0.5892237314	0.5762564943	0.6378885886
	0.6244218241	0.6918715095	0.679376982	0.7475056891	0.7402015559
	0.7912339146	0.799179687	0.7965723336	0.8285884039	0.758426973
	0.7998838352	0.7026226484	0.740162698	0.6463680912	0.6779125657
	0.5949884645	0.6213528225	0.5493916687	0.571620865	0.5092230182
	0.5281583075	0.4738528446	0.4901195602	0.44266761	0.456726295
	0.4151352057	0.427335	0.390783225	0.40141371	0.369123782
	0.3784734647	0.3495241797	0.3579533482	0.3310387317	0.339052503
	0.3123078372	0.3205647261	0.2917962003	0.3009089574	0.2687852862
	0.2787651816	0.2449492479	0.2545710531	0.2250891806	0.2318467192
	0.2164535315	0.2171304729	0.2283435009	0.219032603	0.2766334952
	0.2500673926	0.4005061687	0.3379979578	0.70704206	0.5629389307
	0.6449345531	0.7577518857	0.4613389818	0.5083856686	0.3816499241
	0.4034427918	0.3413746672	0.352642987	0.3180928468	0.3246119291
	0.3033196134	0.3073575289	0.2941864142	0.296482373	0.2898643355
	0.2906150889	0.2900508377	0.2893267518	0.294493984	0.2923624567
	0.3028922228	0.2994422261	0.3148855559	0.3102289252	0.3300740766
	0.3243377485	0.3480620531	0.3413708456	0.3685201303	0.360973404
	0.3912711504	0.3829168237	0.4163461675	0.4071605421	0.4439957894
	0.4338771327	0.4747039749	0.4634730345	0.5091856324	0.4965909705
	0.5483923334	0.53411819	0.5935359693	0.5772194029	0.6461135558
	0.6274047078	0.7078176863	0.6866178135	0.7796910958	0.75719642
	0.8560468983	0.8404863171	0.8879517363	0.9179485742	0.8278337269
	0.8786392501	0.7500409305	0.7908240403	0.6804854402	0.7132367461
	0.620865002	0.6478378662	0.5697925023	0.5924614177	0.5257403533
	0.5450798027	0.4874604909	0.5041353696	0.4539973707	0.4684746277
	0.424627025	0.4372469862	0.3987791008	0.4098103101	0.3759396898
	0.3856342345	0.3555145299	0.3641777297	0.3366378749	0.3447138017
	0.3179881817	0.3261149621	0.2978484327	0.3067519008	0.2748930452
	0.2849022923	0.2499173769	0.2601789498	0.2272090914	0.2353860472
	0.2140910438	0.2168379078	0.2200422539	0.2134774555	0.260142935
	0.2375015318	0.3721733941	0.3152085232	0.6749710041	0.5290790059
	0.6564359195	0.7686426868	0.469120067	0.5187702253	0.3852522138
	0.409124421	0.3425061135	0.3550802919	0.3181504343	0.3254026399
	0.303059965	0.3075151004	0.2938679589	0.296440104	0.2895066166
	0.2904677797	0.2896021097	0.2890423406	0.2938952291	0.291882129
	0.3020939216	0.2987114423	0.3138522616	0.3092053396	0.3287863279
	0.3229936619	0.3465152007	0.3396922752	0.3667200072	0.3589557058
	0.389224858	0.3805528154	0.414048702	0.4044247706	0.4414232591
	0.4307130962	0.4718091658	0.4597794438	0.5059010449	0.4922094382
	0.5446459367	0.5288206675	0.5892954275	0.5706933445	0.6415095795
	0.6192367818	0.7035272565	0.6762919817	0.7783721602	0.7442052091
	0.869461358	0.825296967	0.9563381575	0.9130705647	0.875890364
	0.9045087475	0.7824611344	0.8147975037	0.7051363327	0.7337827066
	0.6407708019	0.6655937985	0.5864049381	0.6079516193	0.539868214
	0.5586767266	0.4996010394	0.5161054047	0.4644807027	0.4790142578
	0.4336913707	0.4465094246	0.4066199066	0.4179285855	0.3827524663
	0.3927468963	0.3615417448	0.3704630786	0.3422141826	0.3504329985
	0.3235348247	0.3316354589	0.3037213249	0.3124739984	0.2809936136
	0.2909730393	0.2552834114	0.2660220322	0.2302123164	0.2395955911
	0.2130629715	0.2176697063	0.2136178569	0.2094897582	0.2464351476
	0.2272090709	0.3477224831	0.2957923758	0.6448300903	0.4985482371
	0.6706965997	0.7814902975	0.4799154533	0.5322495848	0.3913013064
	0.4174876637	0.3454726729	0.3595771646	0.3195435649	0.3277014044
	0.3037788822	0.3087695884	0.2942752263	0.2972096105	0.2896709124
	0.290918554	0.2894861351	0.2891686981	0.2934402212	0.2916297164
	0.3012458079	0.298022265	0.3125684377	0.3080303043	0.3270363983
	0.3212950228	0.3442764565	0.3374403993	0.3639677443	0.356120161
	0.3859134665	0.3770832166	0.4100888481	0.4002267033	0.436659263
	0.4256227032	0.4659906185	0.4535314832	0.4986450183	0.4843956666
	0.5353766261	0.5188259102	0.5771340496	0.5575833804	0.6250523778
	0.601542846	0.6803449957	0.6515602854	0.7436977048	0.7079639401
	0.8121568048	0.7685783679	0.8637824356	0.8214003134	0.845893963
	0.833101053	0.7804331222	0.791062261	0.7118362241	0.729768458
	0.6503971237	0.6695274059	0.596837898	0.6152192852	0.5502134935
	0.5672513209	0.5094476594	0.5250049621	0.4736335498	0.4877299003
	0.4420639332	0.4547686422	0.4141919702	0.4255909258	0.3895614273
	0.3997609364	0.3676978633	0.3768592901	0.3479323711	0.3563426139
	0.329147574	0.3373147315	0.3095818993	0.3182673205	0.2871498261
	0.2970973356	0.2610005599	0.2721063343	0.2339615325	0.2443810261
	0.2131688309	0.2194745275	0.2087468026	0.2068207547	0.2350086453
	0.2187811814	0.3266024471	0.2791928483	0.6167284566	0.471103893
	0.6874949449	0.7959954999	0.4937559165	0.548788333	0.3998980538
	0.4286298541	0.3503716926	0.3662484775	0.3223431255	0.331602138
	0.3055220184	0.3111852819	0.2954446363	0.2988371588	0.2903999011
	0.2920132878	0.2897598319	0.2897630395	0.2932023168	0.2916782766
	0.3004371692	0.2974640337	0.3111376932	0.3068081847	0.3249403858
	0.3193594771	0.3414735013	0.334744981	0.3604038362	0.3526094295
	0.3814973147	0.3726695697	0.4046619659	0.394760705	0.4299631285
	0.4188601896	0.4576245421	0.4450927646	0.4880084657	0.4737128814
	0.5215792402	0.5050665375	0.558842569	0.5395287339	0.6002187407
	0.5773886688	0.6457241281	0.6186014176	0.6941174135	0.6622079055
	0.7407089499	0.7050249503	0.773427203	0.7393818401	0.7750831561
	0.7528520181	0.7440597265	0.7379838589	0.6968525649	0.702114597
	0.6466594456	0.6576358682	0.5989537032	0.6122694526	0.5553606095
	0.5692934149	0.5160859674	0.5297854184	0.4808842557	0.4939303983
	0.4494094637	0.4615954855	0.4213272781	0.4325583739	0.3963227749
	0.406578184	0.3740381565	0.3833776612	0.3539287505	0.3625436113
	0.3350158055	0.3433219276	0.3156193348	0.3243296154	0.2934783511
	0.3034343118	0.2670809669	0.2784948846	0.2383855526	0.2497303063
	0.2142712687	0.2221574448	0.2051851945	0.2052912358	0.2254539345
	0.2118949078	0.3082909786	0.2649208061	0.5906475368	0.4464380106
	0.7065545351	0.8118192915	0.5106611587	0.5683137842	0.4111687378
	0.4426598252	0.3573386551	0.3752424891	0.3266594659	0.3372386167
	0.308368437	0.3148635988	0.2974374955	0.3013980334	0.2917551035
	0.2938192874	0.2904963246	0.2908998651	0.2932704362	0.2921167709
	0.2997729513	0.2971418677	0.3096796784	0.305659441	0.3226311998
	0.3173213669	0.3382523501	0.3317535447	0.3561904929	0.3485862195
	0.3761648401	0.3674975102	0.3980035592	0.3882526706	0.4216560077
	0.4107244177	0.4471864098	0.4348930408	0.4747432193	0.4608222614
	0.5045034826	0.4886102349	0.5365834192	0.5183120099	0.5708845128
	0.5498163491	0.6068078771	0.5826385271	0.6427278016	0.6155706246
	0.675169146	0.6461630184	0.698193626	0.6702707462	0.704948421
	0.6825935163	0.69262398	0.6793222216	0.6652623088	0.661161541
	0.6298270312	0.6326992787	0.5917885951	0.5990817067	0.5542398091
	0.5640030475	0.5186464577	0.5295898248	0.4856100745	0.4969222988
	0.4553234503	0.4664999441	0.4277966203	0.4385254245	0.4029447239
	0.41304517	0.380580551	0.3899872018	0.3603111296	0.3691050262
	0.3413137181	0.3498053087	0.322031716	0.3308560104	0.3001341042
	0.3101682131	0.2735873424	0.2852967465	0.2434727977	0.2556715293
	0.216285446	0.2256696533	0.2027559436	0.2047807337	0.2174422795
	0.206300484	0.2923135724	0.2525577542	0.5664780856	0.4242101706
	0.7275332928	0.8285855069	0.5306141865	0.590689004	0.4252508476
	0.4596775503	0.3665420369	0.3867316356	0.3326430919	0.3447826961
	0.3124347202	0.3199462683	0.3003444982	0.3050016741	0.2938199669
	0.2964296118	0.2917866537	0.2926736718	0.2937501174	0.2930517145
	0.299374678	0.2971779313	0.3083310489	0.304721848	0.32025945
	0.3153329224	0.3347777222	0.3286322946	0.3515102994	0.3442330202
	0.3701271701	0.3617736178	0.390375211	0.3809504688	0.4120892392
	0.401536207	0.4351835901	0.4233793038	0.4596206345	0.4463816769
	0.4853556618	0.4704542145	0.5122558433	0.4954509398	0.5399836641
	0.5210789452	0.5678295512	0.546777907	0.5944895796	0.5715690747
	0.6178482723	0.5939066093	0.6349903039	0.6116455155	0.6428391472
	0.622342212	0.6395204955	0.6240346184	0.6255038036	0.6161764618
	0.6032979787	0.5999455939	0.5760657866	0.5776196495	0.5465038304
	0.5516346321	0.5164927057	0.5239940165	0.4872087113	0.4961248904
	0.4593470389	0.468968415	0.4333032393	0.4431209708	0.409277792
	0.4189427322	0.387299908	0.3966053227	0.3671570987	0.3760596136
	0.3481985294	0.356890735	0.3290190771	0.3380352493	0.3072992208
	0.3174996662	0.2806251263	0.2926581596	0.2492536087	0.262268886
	0.219169821	0.2299945261	0.2013389656	0.205219601	0.2107147345
	0.2018109179	0.2782515016	0.2417521926	0.544040583	0.4040611047
	0.7500168959	0.8458866034	0.5535303414	0.6156838807	0.4422718676
	0.4797458541	0.3781737911	0.4008973143	0.3404832255	0.3544391045
	0.3178790361	0.3266173343	0.3042918877	0.3097978089	0.2967051507
	0.2999696074	0.2937433419	0.2952038686	0.2947659014	0.2946104691
	0.2993823216	0.2977138068	0.3072471533	0.3041524604	0.3179949559
	0.3135659927	0.3312340899	0.3255674982	0.3465658877	0.3397525481
	0.3636146797	0.3557237945	0.3820544385	0.3731177808	0.4016209141
	0.3916230529	0.4221068187	0.4109835457	0.4433382996	0.4309845576
	0.4651339186	0.451422312	0.4872492786	0.4720608532	0.5093098033
	0.4925804404	0.5307352712	0.5125218851	0.5506678308	0.5312347473
	0.5679352626	0.5478467162	0.58111034	0.5612860413	0.5887365126
	0.5703975436	0.5897204982	0.5741699217	0.5837305682	0.572018981
	0.5713400872	0.5639896903	0.5538092985	0.5507516553	0.5326753257
	0.5333947479	0.5094018871	0.5131553532	0.4852021168	0.4912025428
	0.4610040607	0.4685291509	0.4374833458	0.4459236352	0.4151024331
	0.4239770608	0.3941162098	0.4030832522	0.3745076251	0.3833931794
	0.3558077655	0.3646765819	0.3367797651	0.3460468251	0.3151761018
	0.3256405894	0.2883362865	0.3007563382	0.2557937991	0.2696227333
	0.2229202368	0.235148832	0.2008643226	0.2065836782	0.2050730489
	0.1982944572	0.2657425285	0.2322137737	0.5230979728	0.3856257882
	0.773516204	0.863292665	0.5792228355	0.64294586	0.46231881
	0.5028529317	0.3924330946	0.4179060118	0.3504024791	0.3664346846
	0.3249039186	0.3351024101	0.3094488023	0.3159826581	0.3005563328
	0.3046056588	0.2965064422	0.2986425277	0.296465519	0.2969468627
	0.2999572882	0.2989143815	0.3066043252	0.3041304046	0.3160285446
	0.3122141153	0.3278269253	0.3227669334	0.3415801961	0.3353684126
	0.3568753697	0.3495926972	0.3733292287	0.3650312253	0.3906033021
	0.3813119725	0.408406355	0.3981090344	0.4264831661	0.4151397296
	0.444591509	0.4321501132	0.4624718489	0.4488927154	0.4798148332
	0.4651013248	0.4962316177	0.4804673352	0.5112330437	0.4946218244
	0.5242262178	0.5071279231	0.5345398352	0.5174890318	0.5414886935
	0.5251787599	0.5444776159	0.5296957025	0.5431238785	0.5306383059
	0.5373559253	0.5277834523	0.5274453345	0.5211438793	0.5139579606
	0.510982809	0.4976494034	0.4977804699	0.4793488277	0.4821663659
	0.4598647029	0.4648402372	0.4399218443	0.4464996768	0.4201182595
	0.4277789154	0.4008766154	0.4091879586	0.3823530579	0.3910255538
	0.3642517954	0.3732212454	0.3455065049	0.3550548298	0.3239828746
	0.3348099509	0.2968949788	0.3097952303	0.2631930538	0.2778675599
	0.2275755684	0.2412177725	0.2013080997	0.2088911996	0.2003732891
	0.195670199	0.2544785624	0.2237080556	0.5033697575	0.368546817
	0.7974693009	0.8803635142	0.6073662151	0.6719717191	0.485396584
	0.5288652769	0.4095004048	0.4378737757	0.3626453729	0.3809993895
	0.3337560878	0.3456632008	0.3160348748	0.3238038247	0.3055646521
	0.3105557808	0.3002528973	0.3031856133	0.2990267906	0.3002502069
	0.3012871309	0.3009741726	0.3066030264	0.3048610375	0.3145740529
	0.311495077	0.3247837936	0.3204612314	0.336796734	0.3313255158
	0.3501742633	0.3436434219	0.3644962706	0.3569795313	0.379379639
	0.3709284668	0.3944887809	0.3851306931	0.4095362839	0.3992795772
	0.4242746584	0.4131193082	0.4384824163	0.4264358449	0.4519482456
	0.4390441298	0.4644563518	0.4507744939	0.4757750398	0.4614602379
	0.4856499771	0.4709275195	0.4938035149	0.4789883078	0.4999417638
	0.4854373737	0.5037712167	0.4900548362	0.5050257748	0.4926161939
	0.5035024916	0.4929113922	0.4991005164	0.4907727529	0.4918542123
	0.4861084915	0.48195059	0.4789349682	0.4697243454	0.4693985582
	0.4556295336	0.4577786853	0.4401914716	0.4444668952	0.4239419097
	0.4299200693	0.4073327575	0.414584838	0.3906084486	0.3987814908
	0.3735966799	0.3825181353	0.3553773746	0.3651927799	0.3339482956
	0.3452260392	0.306504259	0.320001312	0.2715836452	0.2871702038
	0.2332208786	0.2483193047	0.2026906725	0.2122013976	0.1965226328
	0.1939069871	0.2442032613	0.2160534199	0.4845476672	0.3524854287
	0.8212504295	0.8966625951	0.6374563386	0.7020828211	0.5113744175
	0.5574708994	0.4294984338	0.4608160705	0.3774579279	0.3983358736
	0.3447213208	0.3585850311	0.3243267356	0.3335622059	0.3119795298
	0.3181012404	0.3052100747	0.3090881405	0.3026686	0.304759068
	0.3035932154	0.3041276113	0.3074726428	0.3065826603	0.3138708862
	0.3116546722	0.3223552335	0.3189053571	0.3324793532	0.3278899501
	0.3437927596	0.3381566418	0.3558608874	0.3492630602	0.3682864095
	0.360798255	0.3807258851	0.372402649	0.3928984747	0.3837811901
	0.404586127	0.3947077645	0.4156267841	0.4050214438	0.4259031017
	0.414616666	0.435329047	0.4234298459	0.4438360684	0.4314245464
	0.4513598689	0.4385766867	0.457828446	0.4448606883	0.4631521077
	0.4502371641	0.4672165672	0.4546427975	0.469880793	0.4579834031
	0.4709817254	0.4601316736	0.4703478603	0.4609315678	0.4678225139
	0.4602112964	0.4632949524	0.4578058533	0.456733756	0.4535875195
	0.4482128743	0.447498706	0.4379183711	0.4395767042	0.4261232758
	0.4299557736	0.4131174523	0.4188292073	0.3990749226	0.4063510977
	0.3838299972	0.392450927	0.3665341848	0.3765301716	0.3453008989
	0.3570877875	0.3173916818	0.3316154416	0.2811294483	0.2977278362
	0.2399755662	0.2565937678	0.2050767988	0.2166137907	0.1934796551
	0.1930257374	0.2347114114	0.2091210772	0.4663116136	0.3371313186
	0.8441850539	0.9117684143	0.6687670623	0.7324059534	0.5399201748
	0.5881116812	0.4524367377	0.4865805422	0.3950552837	0.4185744798
	0.3581123418	0.3741551598	0.3346619511	0.345609413	0.320123252
	0.3275982213	0.3116741775	0.3166834095	0.3076676353	0.3107812284
	0.3071432405	0.308665377	0.3094794863	0.3095777721	0.314188142
	0.3129731363	0.3208158867	0.3183811118	0.3289114027	0.3253486833
	0.3380270863	0.3334288011	0.3477365874	0.3421922561	0.3576568096
	0.3512485494	0.3674669603	0.3602664476	0.3769201083	0.3689882628
	0.3858455339	0.3772349936	0.394142633	0.384902304	0.4017686995
	0.3919493599	0.4087233612	0.398383442	0.4150320967	0.4042431359
	0.4207305084	0.4095821699	0.4258502408	0.4144550561	0.4304068584
	0.4189048999	0.4343897373	0.42295325	0.4377541049	0.4265917129
	0.4404157415	0.4297752264	0.4422494311	0.4324173195	0.4430928586
	0.4343883176	0.442757849	0.4355180891	0.441050014	0.4356051614
	0.4377950954	0.4344330902	0.4328650591	0.4317918073	0.4261894763
	0.4274953868	0.4177295598	0.4213784773	0.4073849841	0.4132432355
	0.3947985521	0.4027196653	0.3790351213	0.389005003	0.3582425504
	0.3705310504	0.3297989776	0.3448725054	0.2920244217	0.3097629914
	0.2479893695	0.2662105464	0.2085763138	0.2222631567	0.191258478
	0.193105458	0.2258512713	0.2028388281	0.4483469326	0.3222139395
	0.8655620136	0.9252745922	0.7003061945	0.7618542623	0.5704194882
	0.6199023613	0.4781376139	0.5147602882	0.4155745979	0.4417111279
	0.3742481909	0.3926303352	0.3474394973	0.3603400879	0.3304068017
	0.3394891497	0.3200340573	0.3264065034	0.3143827126	0.3187212485
	0.3122711301	0.3149592578	0.3129404188	0.3141916346	0.3158321679
	0.3157766516	0.3204670927	0.3192024096	0.3263948315	0.3240101064
	0.3331856518	0.3297697397	0.3404428765	0.3360844738	0.3478221006
	0.3426068381	0.3550481602	0.349055569	0.3619245746	0.3552263587
	0.3683335913	0.3609936273	0.3742278067	0.3663036403	0.3796160941
	0.3711614178	0.3845470451	0.3756146713	0.3890926203	0.379737659
	0.3933337097	0.3836168826	0.3973482793	0.3873394782	0.4012019862
	0.3909842836	0.4049406808	0.3946150091	0.408584055	0.3982746875
	0.4121197792	0.4019805456	0.4154977345	0.4057185503	0.4186243804
	0.4094370952	0.4213578148	0.4130395831	0.4235045903	0.4163760017
	0.4248192436	0.4192337796	0.4250060528	0.4213278468	0.4237181017
	0.4222879221	0.4205406953	0.4216365418	0.4149344871	0.4187431796
	0.4061029231	0.412729076	0.3927581825	0.4022965209	0.3728865987
	0.3855323092	0.3439551442	0.3599508847	0.3044876287	0.3235086929
	0.2574441557	0.2773694265	0.2133444527	0.2292967885	0.1899373352
	0.1942933438	0.2175306625	0.1971992025	0.4303656029	0.3075177083
	0.8846216619	0.9367612585	0.7307615647	0.7890844353	0.601872612
	0.6515289217	0.5061416414	0.5445832793	0.4390116429	0.4675263198
	0.3934246362	0.4141932408	0.3631173105	0.3781801692	0.3433475477
	0.3543150898	0.3308013379	0.338823294	0.3232885971	0.329117354
	0.3194071876	0.3234982294	0.31824528	0.3208614637	0.3191603643
	0.3204571638	0.3216431101	0.3217260231	0.3252507305	0.3242074931
	0.3295861132	0.3275011751	0.3343012857	0.3312599326	0.3391095019
	0.3351969813	0.3437958321	0.3390947764	0.3482209802	0.3428089231
	0.3523170242	0.3462648172	0.3560765938	0.3494479157	0.3595383906
	0.3523902131	0.362772029	0.3551558004	0.3658643962	0.3578277396
	0.3689086695	0.3604974866	0.3719962038	0.3632571724	0.375210875
	0.3661944203	0.3786251244	0.3693890268	0.3822968037	0.3729106786
	0.3862658793	0.3768168147	0.3905500113	0.3811496646	0.3951379393
	0.385931332	0.3999793734	0.3911554277	0.4049697704	0.3967731416
	0.4099276885	0.4026705969	0.4145617508	0.4086329663	0.4184229327
	0.4142891388	0.4208375047	0.4190301232	0.4208157062	0.4218967068
	0.41693502	0.4214419354	0.4072164791	0.4156033405	0.389120373
	0.4017078811	0.3600083144	0.3768517633	0.3187466141	0.3391656723
	0.268555589	0.2902976626	0.2195931853	0.2379422798	0.1896725876
	0.1968197701	0.2097274007	0.1922729244	0.4121337497	0.2929021057
	0.900477694	0.945702621	0.7583994078	0.8123711227	0.6327567082
	0.6810985046	0.5355861715	0.5747656473	0.4651395056	0.4954790828
	0.4158762817	0.4388964813	0.3822097673	0.3995736755	0.3595922869
	0.3727338791	0.3446498934	0.354669558	0.3350222373	0.3426915
	0.3291218538	0.3349393526	0.3258917867	0.330159975	0.3246047525
	0.3275042109	0.3247240036	0.3263711812	0.3258238223	0.3263083149
	0.3275541936	0.3269585938	0.3296311667	0.328039011	0.3318375723
	0.3293344802	0.3340241535	0.3306957952	0.3361064208	0.3320355621
	0.3380565028	0.3333203552	0.3398915694	0.3345599888	0.3416611684
	0.3357958197	0.3434355209	0.3370899086	0.3452960331	0.3385162134
	0.3473284564	0.3401542642	0.3496185295	0.3420852087	0.352249604
	0.3443898042	0.3553016192	0.3471478093	0.3588507368	0.3504381978
	0.3629688856	0.3543395728	0.3677222952	0.3589300361	0.3731677494
	0.3642854603	0.3793445098	0.3704744578	0.3862586251	0.3775471475
	0.3938539419	0.3855125919	0.4019611131	0.3942962912	0.4102111529
	0.4036635314	0.4178985675	0.4130885568	0.4237845077	0.4215476375
	0.4258665059	0.4272363883	0.4212352397	0.4273057797	0.4063147446
	0.4179243369	0.3778588411	0.3951212676	0.3349855203	0.356784162
	0.2815723182	0.3052328337	0.2276233506	0.2485412523	0.1907201553
	0.2010200799	0.2025047129	0.1882295147	0.3935068915	0.2783263971
	0.9118897483	0.9512387158	0.7808271744	0.8292782391	0.6608113585
	0.7058626048	0.5650290423	0.6032838955	0.4933942108	0.5245440908
	0.4417252588	0.4665771656	0.4052877876	0.4249651388	0.379952698
	0.3955505316	0.3624721832	0.3749100534	0.3504473986	0.3604213496
	0.3421876146	0.3501797213	0.3365366961	0.3428575749	0.3327087593
	0.3375520983	0.3301584591	0.3336510565	0.3284940487	0.3307324902
	0.3274273563	0.3284998052	0.3267483603	0.3267443366	0.3263122244
	0.3253245993	0.3260304221	0.3241533534	0.3258619071	0.3231873326
	0.3258034483	0.3224176848	0.3258798251	0.3218610132	0.3261349608
	0.3215515642	0.3266247903	0.3215350594	0.3274121944	0.3218643788
	0.3285639362	0.3225970137	0.3301493005	0.3237940331	0.3322400496
	0.3255202435	0.334911305	0.3278452286	0.3382429636	0.3308449751
	0.3423212109	0.3346037653	0.3472395147	0.3392159029	0.3530981081
	0.3447865559	0.3600001184	0.351430386	0.3680410599	0.3592654881
	0.37728528	0.3683977983	0.3877183233	0.3788870579	0.3991544584
	0.3906771973	0.4110683064	0.403461568	0.4223062873	0.4164338529
	0.4306655203	0.4278722714	0.4324806189	0.4345927271	0.4227610326
	0.4316451804	0.3967639281	0.4132476472	0.3531903825	0.3759465088
	0.2967605789	0.3223502957	0.2378310891	0.2614767608	0.193467873
	0.2073671828	0.1960336796	0.1853704098	0.3744689938	0.2638767017
	0.9167523029	0.9516891666	0.7944787805	0.8359686517	0.6826362927
	0.7216856702	0.5921259104	0.6269341648	0.5226561041	0.5528754299
	0.4708780748	0.4966622987	0.4329724557	0.4547424226	0.4054630969
	0.4237598323	0.3854694211	0.4008357526	0.3707529446	0.3836553728
	0.3596690557	0.3704650876	0.351068556	0.3600115382	0.3441800125
	0.3514457264	0.3384986753	0.3442174832	0.3336978053	0.3379810413
	0.3295666124	0.3325226265	0.3259707341	0.3277112336	0.3228280566
	0.3234678605	0.3200934762	0.3197470146	0.3177485171	0.3165255305
	0.3157937518	0.3137955823	0.31424318	0.311560208	0.3131202233
	0.3098304921	0.3124551434	0.3086239531	0.3122836874	0.3079638615
	0.3126467559	0.3078792945	0.3135908974	0.3084057853	0.3151694596
	0.3095864646	0.3174442554	0.3114736164	0.3204876004	0.3141305768
	0.324384538	0.3176338743	0.3292349244	0.3220754156	0.3351547675
	0.3275643259	0.3422755649	0.3342276299	0.3507393069	0.3422081841
	0.3606841434	0.351656525	0.3722117355	0.3627102905	0.3853164926
	0.3754475182	0.3997428517	0.3897879259	0.4147007337	0.4052871342
	0.4283549973	0.420731495	0.4370531335	0.4334127362	0.4347820613
	0.4381996972	0.4144698121	0.4275386169	0.3727051513	0.3949566595
	0.3143185379	0.3414939658	0.2507131592	0.2771835354	0.1984851438
	0.2165149507	0.1906280563	0.1841833135	0.3551759509	0.2497905505
	0.9112595172	0.9437797645	0.7938509611	0.8264358942	0.6930071985
	0.722379381	0.6129633362	0.6405425782	0.5507136075	0.5770315882
	0.5027148336	0.5276142484	0.4658477051	0.4889844307	0.4374500623
	0.4585473788	0.4152976462	0.4342108469	0.3976122176	0.4143051529
	0.3830594656	0.3975635828	0.3707090141	0.3830954347	0.3599588429
	0.3703260896	0.350444847	0.3589144671	0.3419572996	0.348670457
	0.334376909	0.3394889274	0.3276328416	0.3313058273	0.3216786205
	0.3240736788	0.3164799578	0.3177504542	0.3120094807	0.3122961186
	0.3082449937	0.3076728158	0.3051693573	0.3038463794	0.3027710163
	0.300788047	0.3010447529	0.2984759551	0.2999925218	0.2968963409
	0.2996243529	0.296044525	0.2999593595	0.2959257953	0.3010268988
	0.2965563042	0.3028679234	0.297964069	0.3055365305	0.3001901252
	0.3091016645	0.3032898353	0.3136488405	0.3073342856	0.3192816253
	0.3124116154	0.3261223258	0.3186279844	0.3343107904	0.3261076482
	0.3439983694	0.3349905442	0.3553316165	0.3454238312	0.3684125547
	0.357539399	0.3832124225	0.3714025259	0.3993758212	0.386892223
	0.415812561	0.4034356253	0.429861878	0.4194123791	0.4360575574
	0.4310205537	0.425690811	0.4308628977	0.3910557512	0.4090739128
	0.3340054799	0.3612687371	0.26687469	0.296024224	0.2065912332
	0.2292403011	0.1868053153	0.185458691	0.3359854263	0.2365026012
	0.8892275205	0.9218833746	0.7715292391	0.7931127475	0.684626796
	0.7004165587	0.6211554369	0.6366574077	0.5730930743	0.5907581006
	0.5351633549	0.5555518603	0.5040200267	0.5265412352	0.4775248435
	0.5009985353	0.4542994384	0.4774310018	0.4334686197	0.455174449
	0.4145127809	0.4340653463	0.3971613529	0.4141920289	0.3812986416
	0.395723506	0.3668848466	0.378808806	0.353901137	0.3635335655
	0.3423199471	0.3499139936	0.3320946917	0.3379091817	0.3231610306
	0.3274392035	0.3154431533	0.3184024231	0.3088609946	0.3106893102
	0.3033364109	0.3041922462	0.2987977041	0.2988118314	0.2951825697
	0.2944605313	0.2924398155	0.2910644842	0.2905302386	0.2885641415
	0.2894269936	0.2869142363	0.2891157106	0.2860834248	0.2895945712
	0.2860538339	0.2908745716	0.2868207223	0.292980177	0.288392477
	0.2959502137	0.290791003	0.2998385845	0.294052162	0.30471481
	0.2982260352	0.310664524	0.3033772242	0.3177895657	0.3095852334
	0.3262066031	0.316944497	0.3360423419	0.3255631167	0.3474196979
	0.3355577676	0.3604246391	0.3470392907	0.375017872	0.3600711346
	0.39082885	0.3745632052	0.4066140711	0.3899747943	0.4191218294
	0.4045920398	0.4211110979	0.4138654964	0.4014922148	0.40836676
	0.3537866014	0.3764899049	0.2868682923	0.3174960526	0.2189937409
	0.2468160167	0.185419248	0.1904801993	0.3175064233	0.2246340093
	0.8425673404	0.8776604315	0.7215274966	0.7308074845	0.651300332
	0.652038344	0.6090205119	0.6093843898	0.58207153	0.5860109017
	0.5627335596	0.5727481677	0.5455441054	0.5627720664	0.5269736773
	0.5506420724	0.5056087822	0.5331620653	0.4818486104	0.5101026497
	0.4570414692	0.4834562015	0.4326197735	0.4558024695	0.4096416202
	0.4291590811	0.3887086413	0.4046938921	0.3700614226	0.3828981679
	0.3537086841	0.3638465386	0.3395313067	0.3473975699	0.3273512861
	0.3333173966	0.3169728433	0.3213473244	0.3082050692	0.3112375734
	0.3008733254	0.3027623089	0.2948241545	0.295724901	0.2899266043
	0.2899583433	0.2860716659	0.2853234456	0.2831708135	0.281706149
	0.2811542175	0.2790146533	0.2799689682	0.2771767049	0.2795774847
	0.2761372092	0.2799561887	0.2758562239	0.2810944702	0.2763073405
	0.2829939537	0.2774764412	0.2856680713	0.2793608309	0.2891419629
	0.2819687654	0.2934527618	0.2853194484	0.2986503276	0.2894436315
	0.3047985323	0.2943850471	0.3119770104	0.3002029443	0.3202826364
	0.306975962	0.3298285015	0.3148069199	0.3407289951	0.3238252805
	0.3530508908	0.3341777314	0.3666190142	0.3459614201	0.3805140227
	0.3590063521	0.3914836858	0.3720610916	0.3913109717	0.3807985312
	0.3660710389	0.3741585648	0.3100296043	0.3370310235	0.2376718811
	0.2710298758	0.1879322035	0.2016863017	0.3006635281	0.2154312212
	0.7654834633	0.8039467491	0.6454721854	0.6425968777	0.5960010283
	0.5855304415	0.5760459661	0.5658222947	0.5722493168	0.5649998666
	0.5773826799	0.5758599651	0.584132839	0.5918876198	0.5842104317
	0.6039584802	0.5713538708	0.6014944458	0.5455340317	0.5798042096
	0.5120706817	0.5443215373	0.4768338103	0.5040868764	0.4435353144
	0.4652948074	0.4137979674	0.4306393867	0.3880081131	0.4007685572
	0.365976103	0.3754391121	0.347298868	0.3541086186	0.3315303254
	0.3361899128	0.3182522862	0.3211461748	0.3070987724	0.3085180282
	0.2977600449	0.2979239412	0.2899785944	0.2890514869	0.2835425527
	0.2816465626	0.2782788328	0.2755032194	0.2740468827	0.2704549189
	0.2707333231	0.2663673141	0.2682474765	0.263132401	0.2665177054
	0.2606638272	0.2654884575	0.2588931525	0.265117922	0.2577668989
	0.2653762342	0.2572442689	0.2662442065	0.2572954668	0.2677126166
	0.257900618	0.269782178	0.2590493621	0.272464409	0.2607413065
	0.275783852	0.2629876882	0.2797821687	0.2658148154	0.2845252727
	0.2692702435	0.2901141026	0.2734329416	0.2967004455	0.2784295291
	0.3045048629	0.2844577852	0.3138168698	0.2918160585	0.3249352072
	0.3009240026	0.3376958919	0.3122211151	0.3501463928	0.3256927891
	0.3534567648	0.3382785901	0.3290408186	0.3377257005	0.2650183226
	0.2997137686	0.1972158517	0.2232992685	0.2869083037	0.2101466167
	0.6624804047	0.7147477509	0.5631115726	0.5465327599	0.5429938772
	0.5287752662	0.5477477286	0.5448215192	0.5674761787	0.5743502805
	0.5972097317	0.6130161443	0.6293750003	0.6524372228	0.6486756846
	0.6730829437	0.6377072066	0.6543285497	0.5978380273	0.6043357944
	0.5463570094	0.546078022	0.4961242703	0.4921396064	0.4519742608
	0.4459857715	0.4146828799	0.4075387606	0.3836166069	0.3757404512
	0.3578122383	0.3494230081	0.3363441421	0.3275597388	0.3184246451
	0.3093108718	0.3034128997	0.2940073257	0.2907963217	0.2811203446
	0.2801669989	0.2702321439	0.27120022	0.2610115083	0.2636368346
	0.2531945995	0.2572693267	0.2465701808	0.2519309884	0.240968312
	0.2474875364	0.2362516895	0.2438306133	0.2323089842	0.2408727377
	0.2290496887	0.2385433756	0.2264001186	0.2367859004	0.2243003117
	0.2355552863	0.2227016535	0.2348164507	0.2215651261	0.2345432356
	0.2208601447	0.2347181106	0.220564024	0.2353327887	0.2206622112
	0.236390148	0.2211495609	0.2379080284	0.2220331378	0.2399261539
	0.2233373475	0.2425173438	0.225112764	0.2458072341	0.227450897
	0.2500034528	0.230508635	0.2554478035	0.2345493514	0.2626857093
	0.2400096718	0.2725428049	0.2476093196	0.2861543365	0.2585178579
	0.3035965354	0.2742676301	0.3192320536	0.2959802849	0.2986018713
	0.3107987557	0.2187426088	0.2621358919	0.279832288	0.216935254
	0.5196343597	0.5451661733	0.4896113799	0.4784600846	0.5361833881
	0.5491823893	0.58858185	0.5728253908	0.6164596073	0.5392690893
	0.6056715243	0.4906779586	0.5672470934	0.4460619388	0.5196438819
	0.4081119295	0.4731402915	0.3759342856	0.431350162	0.3483782074
	0.3950234199	0.3245692491	0.3638861487	0.3038856857	0.3373473369
	0.2858704957	0.3147642804	0.2701661684	0.2955394562	0.2564768376
	0.2791505061	0.2445488487	0.2651537259	0.2341612038	0.2531776073
	0.225120499	0.2429132774	0.2172576649	0.2341046949	0.2104253707
	0.2265397366	0.2044956813	0.2200425301	0.1993578611	0.2144670419
	0.194916319	0.2096917932	0.1910887142	0.2056155336	0.1878042364
	0.2021537092	0.1850020643	0.1992355795	0.1826299991	0.1968018668
	0.1806432678	0.1948028477	0.1790034865	0.193196821	0.1776777852
	0.1919489152	0.1766380954	0.1910302272	0.1758606221	0.1904173208
	0.1753255352	0.1900921627	0.1750169512	0.1900426453	0.1749233182
	0.1902639532	0.1750383922	0.1907611947	0.1753631094	0.1915540349
	0.1759088355	0.1926843852	0.1767028291	0.1942296399	0.177797182
	0.196323494	0.1792839567	0.1991961591	0.1813198835	0.203231708
	0.1841720992	0.2091146453	0.1882954979	0.2180086281	0.1944973928
	0.2321225894	0.2042781569	0.2554354089	0.220489324	0.2876491324
	0.2483993285	0.260790743	0.2879516587	0.2878975357	0.2348566193
	0.3317919724	0.2032203431	0.3005228259	0.1880852573	0.2705756612
	0.1775254408	0.2498581784	0.1704107788	0.2351134389	0.1655325842
	0.2240804631	0.1619997442	0.2153770133	0.1592424229	0.2081360416
	0.1569547762	0.201838334	0.1549558877	0.1961816839	0.1531386338
	0.1909975718	0.1514415622	0.1861977568	0.1498325156	0.1817399907
	0.1482977104	0.1776062709	0.1468342711	0.1737893902	0.1454450862
	0.1702851551	0.1441353952	0.1670883915	0.1429106614	0.1641913092
	0.1417753684	0.1615832061	0.1407324446	0.1592508534	0.1397830981
	0.1571791549	0.1389268971	0.155351851	0.1381619797	0.1537521468
	0.1374853142	0.1523632208	0.1368929646	0.1511686194	0.1363803424
	0.1501525643	0.1359424519	0.1493001966	0.1355741329	0.1485977554
	0.1352702886	0.1480326763	0.1350260604	0.1475936172	0.1348369199
	0.1472704514	0.1346986995	0.1470542858	0.1346076132	0.146937563
	0.1345603127	0.146914309	0.1345540076	0.1469806045	0.1345866762
	0.1471354013	0.1346574109	0.1473818683	0.1347669638	0.147729553
	0.1349186021	0.1481978352	0.1351194335	0.1488213888	0.1353824656
	0.1496590068	0.1357297761	0.1508079054	0.1361974824	0.15242758
	0.1368435402	0.1547846974	0.1377599373	0.1583244422	0.1390962434
	0.1639043435	0.1410887326	0.1730465297	0.1441985384	0.1905091183
	0.1492603716	0.2270689	0.1592727918	0.2896625559	0.1805284544
	
