5000	
	0.004545971955	0.004502121947	0.01634669472	0.0188030757	0.03267374632
	0.04137614381	0.04718188776	0.06383493657	0.0563915276	0.07951254062
	0.0607769907	0.08754940833	0.06335991526	0.09154004877	0.06779416643
	0.09682301446	0.0765197884	0.1079247616	0.09382239412	0.1327105607
	0.1442590689	0.2096653995	0.1560685921	0.221805031	-0.01229322832
	-0.03134215273	-0.03367967924	-0.05226880514	-0.003104505614	-0.007636045773
	0.04055372128	0.04586506322	0.08662160285	0.09189997162	0.1277813813
	0.121779906	0.1591317298	0.1325806758	0.1786398029	0.1261713779
	0.1868975867	0.1073099152	0.1864045409	0.08165136442	0.1810824906
	0.05451678883	0.1745602652	0.03076671687	0.1677970381	0.01160735675
	0.1631800189	-7.636804652e-16	0.1622542756	-0.002300409065	0.1646736611
	0.005296076684	0.1676590381	0.02209785181	0.1650573393	0.04515909331
	0.1463086219	0.06726343275	0.09657787974	0.07372897273	0.001652755116
	0.03989929276	-0.1114229095	-0.05622724843	0.4538733544	0.01057599564
	0.4356204875	0.6295167984	0.3987788532	0.4958728393	0.3526170645
	0.4150898462	0.3004499683	0.3439485838	0.2471613403	0.2829609358
	0.194818684	0.2298272349	0.1450598894	0.1814160153	0.1000300476
	0.1360669936	0.06218725731	0.09434011556	0.03349971642	0.05851467571
	0.01459045092	0.03116439631	0.004262746576	0.01341154877	-6.220416565e-05
	0.003955679099	-0.0009139788181	4.987046839e-05	  0	-0.0004346064016
	0.01842449505	0.0156382199	0.04865921698	0.04917911507	0.07958209943
	0.08382119567	0.1035443026	0.1103342089	0.1182791615	0.1275392726
	0.1265520736	0.1380193773	0.1345587762	0.1480384259	0.1517533521
	0.1703844282	0.2063963922	0.2405062103	0.2777463522	0.2633997176
	0.09084561617	0.02367575745	-0.02812883542	-0.02539834981	0.001165102613
	0.02054482633	0.05086277113	0.06574413258	0.08528584417	0.08503225899
	0.09327217218	0.07394785511	0.07534887379	0.0384192461	0.03843068625
	-0.01148385032	-0.008549975509	-0.06602406819	-0.05750676957	-0.1179679898
	-0.1021756951	-0.1624694903	-0.1412157226	-0.1989451658	-0.1726489776
	-0.2272642002	-0.194786774	-0.2465089032	-0.2076311544	-0.2574603463
	-0.2112600082	-0.260686517	-0.205490822	-0.2563231166	-0.1897587797
	-0.2439470848	-0.1631925888	-0.2225240049	-0.1250228342	-0.1904778964
	-0.07567839493	-0.1459936723	-0.01947677454	-0.08794514402	0.03102407956
	-0.01912935516	0.05491615062	0.04987537137	0.07567726361	0.1000347075
	0.3966993807	0.1458274073	0.4495847159	0.3342217807	0.348287461
	0.3389018154	0.2737748939	0.2686995524	0.2198764908	0.2134125068
	0.1810350772	0.1741870048	0.1505890382	0.1466230636	0.123159785
	0.1249134639	0.09599756397	0.1044289544	0.06934932025	0.08306107934
	0.04554228591	0.06142530855	0.02683377779	0.04162193248	0.01350380437
	0.02515551179	0.004294981767	0.01196679125	-0.0002276379896	0.002309770992
	0.04211417912	0.03359531678	0.08799830568	0.08744343241	0.1211019076
	0.1262336849	0.1423678842	0.1497369831	0.1569475213	0.1656913729
	0.1745008068	0.1889379079	0.2203317018	0.2524542968	0.2790396701
	0.2732755096	0.1294367737	0.07204507306	-0.004331139358	-0.005080594376
	0.01852192998	0.03069687285	0.06156503318	0.06725096578	0.07923568901
	0.07188228385	0.06302623952	0.04246979532	0.01970481867	-0.01043283329
	-0.03845435725	-0.07331503916	-0.09976013351	-0.1350800992	-0.1557304774
	-0.188699861	-0.2023718548	-0.2310832726	-0.2401801717	-0.2638940793
	-0.2679733664	-0.2869350592	-0.286816395	-0.301729188	-0.2984597369
	-0.310318717	-0.3044009085	-0.3143811191	-0.3057227516	-0.3151255472
	-0.3030233583	-0.3132742781	-0.2963691159	-0.309054541	-0.2852467676
	-0.302184525	-0.2684934995	-0.2918336895	-0.24420655	-0.276537881
	-0.2097165477	-0.2540765347	-0.1618277309	-0.2214184508	-0.09771347165
	-0.1749194292	-0.01733629226	-0.1111464763	0.07116438071	-0.02925796015
	0.1430645342	0.06332268096	0.1603847187	0.1398703298	0.1546633825
	0.1470251549	0.1682947098	0.09243067862	0.1586703755	0.1128086843
	0.1401627274	0.128081117	0.1237706485	0.123015225	0.1106806861
	0.1133200632	0.098422603	0.1033602891	0.08458128231	0.09225288526
	0.068382952	0.07850231322	0.05072934265	0.06196380922	0.03326165294
	0.0441579473	0.0173277801	0.02733704683	0.004408474075	0.01207468104
	0.07371902294	0.05785958778	0.1316972978	0.1312333152	0.1649398676
	0.1718422432	0.1846655865	0.1950312748	0.2289613256	0.2544090985
	0.3227127937	0.3568006678	0.1933069542	0.1378751132	0.02279812887
	0.01241467865	0.01576907055	0.02222414751	0.05076712695	0.05258132909
	0.06615918483	0.0583874466	0.04585850109	0.02904449354	-0.00375885008
	-0.02657149403	-0.068093302	-0.09313461639	-0.1334244488	-0.1575162906
	-0.190358648	-0.211521703	-0.2358245095	-0.252702064	-0.2701579801
	-0.282558286	-0.2933685614	-0.3017013178	-0.3076984822	-0.3126835986
	-0.3157330743	-0.3182264163	-0.3196714144	-0.3205448257	-0.3212031443
	-0.3212687642	-0.3215051349	-0.3214838893	-0.3212834963	-0.3218135791
	-0.3208281965	-0.3225079978	-0.3200585194	-0.3235154683	-0.3185420466
	-0.3245209263	-0.3154759188	-0.3249432006	-0.3096245835	-0.3238878892
	-0.2992101072	-0.320054256	-0.2817346037	-0.3115937794	-0.253743708
	-0.2959061205	-0.2109142462	-0.2693866345	-0.1488370685	-0.2274497245
	-0.06524609299	-0.1652758842	0.03381232903	-0.08013812581	0.1203903041
	0.02218703559	0.1240587173	0.1130136486	0.002505737636	0.1168955056
	0.05419287876	-0.02657259319	0.10830726	0.05936361278	0.1141845994
	0.1141228336	0.1064152715	0.1148426592	0.09455998396	0.1029283985
	0.07967649716	0.0873122869	0.06226069529	0.06947132387	0.04504184628
	0.05184733728	0.03082977126	0.0383640032	0.01372282626	0.02523781308
	0.1123958373	0.08884740886	0.1802623494	0.1809015825	0.2158848043
	0.2242370937	0.298456214	0.3049327854	0.3892556335	0.3806729856
	0.03733564529	-0.005636932472	0.01125991798	0.01033077237	0.03550114573
	0.03845038721	0.05135480305	0.04752503463	0.03868010831	0.02749844693
	-0.005054653874	-0.02105494081	-0.06834274582	-0.08616938182	-0.1357942573
	-0.1529449614	-0.1955195383	-0.2103771661	-0.2423959854	-0.2538401367
	-0.2767108915	-0.2845757176	-0.2986168554	-0.3032048214	-0.3108245645
	-0.3127125984	-0.316509544	-0.3163681854	-0.3183592688	-0.3168149341
	-0.3183867011	-0.315936681	-0.3179508731	-0.3149346363	-0.3178667942
	-0.3144862266	-0.3185498999	-0.3149191228	-0.3201487344	-0.3163537908
	-0.3226387983	-0.3187932579	-0.3258697788	-0.3221618596	-0.3295702377
	-0.3263045176	-0.3333168573	-0.3309581336	-0.3364721371	-0.3357008375
	-0.3380897455	-0.3398767744	-0.3367875478	-0.3424886758	-0.3306011079
	-0.3420538354	-0.3167574816	-0.3364370363	-0.2911333627	-0.3226241104
	-0.2484657931	-0.2962428402	-0.1834648775	-0.2517590682	-0.09342882717
	-0.1838318901	0.01426912886	-0.0904566099	0.1064642819	0.01870835569
	0.09924455861	0.106506844	-0.04234956709	0.09196274352	0.1212790235
	0.07239794681	0.1270328859	0.1423234788	0.1067201104	0.1212295538
	0.08390699102	0.09343579228	0.06297487902	0.06884186261	0.04787344577
	0.05122685141	0.04048446345	0.04380314515	0.024139205	0.0367429754
	0.1590804402	0.1265895751	0.2367099246	0.2394345472	0.3079943489
	0.3113118329	0.3476240403	0.3571464832	-0.06168905095	-0.07691762484
	0.01097774158	0.00847309846	0.04375042502	0.044857633	0.03970765823
	0.03578137386	0.006653092876	-0.002477563259	-0.04935557587	-0.06111077892
	-0.1162578914	-0.1282471286	-0.1804083543	-0.191090071	-0.2323159536
	-0.2406977503	-0.2707449282	-0.2764823957	-0.2953280975	-0.2985138804
	-0.3083814201	-0.3093616048	-0.3135254258	-0.3127670723	-0.3139929529
	-0.3119378491	-0.3121947102	-0.3091640914	-0.3097080197	-0.3058711137
	-0.3074369538	-0.3028343198	-0.3058390077	-0.3004359852	-0.3051309902
	-0.2988741451	-0.3054276343	-0.2982876307	-0.3068084589	-0.2988054724
	-0.3093313781	-0.3005473875	-0.3130162975	-0.3036009792	-0.317815581
	-0.307992051	-0.3235792599	-0.3136552976	-0.3300137375	-0.3204050266
	-0.3366241392	-0.3278982158	-0.3426241467	-0.3355742749	-0.346800347
	-0.3425502745	-0.3473481683	-0.3474573435	-0.3417448927	-0.3482402578
	-0.3264148736	-0.3420050297	-0.2959797036	-0.3247864592	-0.2446511188
	-0.2909059316	-0.1679932077	-0.2345043324	-0.06768037412	-0.152261259
	0.03793302436	-0.04936794832	0.1022446185	0.04905115473	0.1240106548
	0.09583617221	0.168029818	0.1745608856	0.1241766198	0.1452746367
	0.08676913874	0.1007777182	0.05992755292	0.06717844939	0.04664299888
	0.04869209764	0.04580582091	0.04591417596	0.03233268183	0.04419369579
	0.2150267174	0.1705281374	0.3218857315	0.3244778909	0.4093962961
	0.4380513326	-0.05250518918	-0.002818006727	0.002206932687	-0.003278240301
	0.04784855072	0.04883043503	0.03081101195	0.0298319395	-0.01682118406
	-0.02171407324	-0.08000915952	-0.08691643497	-0.1471894182	-0.1541688902
	-0.2070650912	-0.2130299906	-0.2530371699	-0.2572943541	-0.2846667852
	-0.2871762584	-0.3023611043	-0.3031873977	-0.309571297	-0.3089481221
	-0.3101390314	-0.3083430023	-0.3071123504	-0.304352817	-0.3025297176
	-0.298896069	-0.2975540661	-0.2930205345	-0.2927629142	-0.2872314993
	-0.2884421954	-0.2817946977	-0.2847906421	-0.2769290202	-0.282016508
	-0.2728856595	-0.2803553034	-0.2699521815	-0.2800471665	-0.2684230108
	-0.2813020523	-0.2685626254	-0.2842667089	-0.270572558	-0.2889981135
	-0.274564703	-0.2954439985	-0.2805411806	-0.3034287554	-0.2883813932
	-0.3126378976	-0.2978351304	-0.3225842451	-0.3085128373	-0.3325272848
	-0.319849662	-0.3413146244	-0.3310055219	-0.3471472139	-0.3406641369
	-0.3473725118	-0.3467363385	-0.3384354055	-0.3460893557	-0.3149699087
	-0.3345264807	-0.2704307821	-0.3062546936	-0.2003365439	-0.2544972205
	-0.1064486473	-0.1761595542	-0.006345632494	-0.07786687095	0.05880485815
	0.01322790583	0.09243010098	0.05313233777	0.1310503947	0.1051080221
	0.09191656437	0.1062610189	0.05981638846	0.07031955275	0.04635668214
	0.04955310792	0.04871150959	0.04781039117	0.03722181598	0.04818438922
	0.2887703384	0.2281298402	0.49075084	0.5029285288	0.1735807246
	0.2888010453	-0.01331487776	-0.01536796672	0.05100852081	0.05091854753
	0.03201134774	0.03495275831	-0.02660415442	-0.02638893784	-0.09608632728
	-0.09819065903	-0.163852519	-0.1666430079	-0.2209409242	-0.2233873853
	-0.2631665309	-0.2647527177	-0.2902658705	-0.2909085246	-0.3035582165
	-0.3032095494	-0.3069836111	-0.3057138047	-0.3044042192	-0.3023024094
	-0.2986580389	-0.2957550654	-0.291466464	-0.2877045412	-0.2836958519
	-0.2789423601	-0.2757402244	-0.2698259705	-0.2678408163	-0.260599337
	-0.2602637303	-0.2515588273	-0.2533511608	-0.2430911563	-0.2475005531
	-0.2356431814	-0.2431201957	-0.2296728932	-0.2405874811	-0.2256069981
	-0.2402170078	-0.2238111379	-0.2422357409	-0.2245684154	-0.2467603551
	-0.228059019	-0.2537757375	-0.2343366353	-0.2631200857	-0.2433044664
	-0.2744842222	-0.2547012048	-0.2874252347	-0.2681088398	-0.3013739573
	-0.2829814642	-0.315587427	-0.2986636099	-0.3289789284	-0.3143279809
	-0.3397835639	-0.328747047	-0.3451517545	-0.3398567187	-0.3409986816
	-0.3442310175	-0.3216466114	-0.3368746711	-0.2790468992	-0.3113033946
	-0.208263979	-0.2591020485	-0.1133253519	-0.1770865315	-0.01866806896
	-0.07648631519	0.02687288217	0.004171129999	0.05894507986	0.01936012493
	0.0953456626	0.08417826092	0.06709814801	0.08051695696	0.05074145872
	0.05739669519	0.0519411408	0.05242336723	0.03987851125	0.05111346744
	0.4556267707	0.3564633374	0.5127817097	0.5835249623	-0.003859672546
	0.01685471774	0.04682215033	0.04111805228	0.04413859675	0.04938455611
	-0.02062785443	-0.01506520607	-0.09767128996	-0.09488049363	-0.1683732308
	-0.1673447543	-0.2252770621	-0.2248613204	-0.2660221466	-0.2656512826
	-0.290917258	-0.2903603456	-0.3018287353	-0.3008765812	-0.3029391856
	-0.3014861953	-0.2981277061	-0.29610014	-0.2900970274	-0.2873966316
	-0.280353652	-0.2768302907	-0.2695673268	-0.2650245043	-0.2580253596
	-0.2522470473	-0.2459732645	-0.2387561346	-0.2337731621	-0.2249531583
	-0.2219176044	-0.2113852334	-0.2109718141	-0.1986742127	-0.2015038602
	-0.1874352122	-0.1940336341	-0.1782192189	-0.1890050292	-0.1714878719
	-0.1867700661	-0.1676117172	-0.1876302295	-0.1669051877	-0.191788946
	-0.1696249556	-0.1993080754	-0.1759223031	-0.2100892044	-0.1858202654
	-0.2238314054	-0.1991540423	-0.2400172576	-0.215513023	-0.2579554876
	-0.234234975	-0.2768662502	-0.2544822705	-0.2959264938	-0.2753686798
	-0.3141328896	-0.2960093668	-0.3298606144	-0.3153059771	-0.3401559207
	-0.331341469	-0.3402036224	-0.3404731585	-0.3233032137	-0.3366514052
	-0.2792331186	-0.3117886519	-0.2015359751	-0.2550331425	-0.09799048828
	-0.1624732703	-0.007767699001	-0.0535713839	0.006083719727	0.01053226342
	0.06851602144	0.007937109569	0.08275187926	0.09081486009	0.06258991578
	0.07457731444	0.05843607357	0.06257999207	0.0426453039	0.05616362796
	0.5686085879	0.35804759	0.05652269731	0.05778478513	0.01621402267
	-0.004858245426	0.05763101389	0.0578922398	0.0007462855273	0.01025328855
	-0.08425042977	-0.07632569052	-0.161393996	-0.1564059803	-0.221409476
	-0.2182598092	-0.2632100069	-0.2610838215	-0.2881843082	-0.2866503061
	-0.2985146093	-0.2971715462	-0.298552769	-0.2971148075	-0.2922788582
	-0.2905268732	-0.2823840385	-0.2801217611	-0.2702696412	-0.2672881797
	-0.2564788521	-0.2525450143	-0.2412284647	-0.236099308	-0.2247959246
	-0.2182511474	-0.2076791911	-0.1995574274	-0.1905701355	-0.1807950719
	-0.1742011148	-0.1628032088	-0.1592347784	-0.146256993	-0.146443937
	-0.1319451256	-0.136312633	-0.1203636142	-0.1291678938	-0.1117871633
	-0.1252740194	-0.1064062855	-0.1248449197	-0.1043819459	-0.1280924422
	-0.10589759	-0.1352564911	-0.1112206041	-0.1465139981	-0.1206471397
	-0.1618592627	-0.1343905316	-0.1809401458	-0.1524250937	-0.2029731123
	-0.1743106283	-0.2269399593	-0.1991160835	-0.2516851315	-0.2255721558
	-0.2761427964	-0.2523525516	-0.2993483113	-0.2783476757	-0.319905227
	-0.3025622396	-0.3348669942	-0.3233193023	-0.338612097	-0.3368156761
	-0.3227033919	-0.3357269108	-0.2738249693	-0.3094818322	-0.1831524218
	-0.243641225	-0.06516790406	-0.1338371025	0.01361878346	-0.01518130116
	-0.002649636553	0.01386329132	0.09814996946	0.06156339395	0.08389644549
	0.1008232688	0.07103126862	0.08064385123	0.04819573592	0.06620142307
	-0.08525826363	-0.1423723959	-0.08435942464	-0.1322862913	0.04065494634
	0.0193480269	0.02880561052	0.03502046743	-0.05565403051	-0.04347815058
	-0.1420896758	-0.1326916864	-0.2091436898	-0.2029179501	-0.2549768121
	-0.250900242	-0.2824181091	-0.2798068577	-0.2939981716	-0.2922266258
	-0.2942359573	-0.2928273411	-0.2873366811	-0.2859270283	-0.276136478
	-0.2744427908	-0.2620548256	-0.2598286275	-0.2455716582	-0.2425642318
	-0.2268575131	-0.2228180632	-0.2062521194	-0.2009607554	-0.1844538005
	-0.1777729079	-0.1623720888	-0.154306722	-0.1410826515	-0.1316940301
	-0.1217830015	-0.1112320978	-0.1052746809	-0.09376139175	-0.09179615346
	-0.07957674324	-0.08132573838	-0.06849798314	-0.07383194078	-0.06036904453
	-0.06927130662	-0.05500911137	-0.06767650732	-0.05231407472	-0.06922465701
	-0.05234252875	-0.07426550833	-0.05536926113	-0.08329375311	-0.06189561386
	-0.09685000969	-0.07259559854	-0.1153638782	-0.0881703938	-0.1388897239
	-0.1091004167	-0.1666753661	-0.1353047335	-0.1970137572	-0.1658022429
	-0.2280117508	-0.198643833	-0.258160938	-0.2315777619	-0.2863902189
	-0.2630421488	-0.3115475158	-0.2920445661	-0.3307203616	-0.3171680504
	-0.3372928036	-0.3343656805	-0.3203209481	-0.334600635	-0.2620584656
	-0.3038171859	-0.1514982876	-0.2225775274	-0.01785070384	-0.08908446704
	0.0250661299	0.02887395108	0.06731068748	0.004652807008	0.1135575169
	0.1258527324	0.09124940609	0.1069934013	0.05827795252	0.08236154324
	-0.1929621613	-0.1307206655	-0.05459767769	-0.09175333658	0.03135175451
	0.01781774967	-0.01868189575	-0.008708534485	-0.1094672408	-0.09612580373
	-0.1870118132	-0.1770936699	-0.2404706999	-0.2339125159	-0.2730537183
	-0.2689917255	-0.2879505359	-0.2854993667	-0.2898691761	-0.2883408598
	-0.2833739942	-0.2822424801	-0.2716299671	-0.2705157759	-0.2562304034
	-0.2548491055	-0.2376725366	-0.235772896	-0.2161005282	-0.213435486
	-0.191930348	-0.1882806275	-0.1660927257	-0.1613347454	-0.1398413831
	-0.1339835657	-0.1150410163	-0.1082110149	-0.09318953282	-0.08568156623
	-0.07479498977	-0.06698887178	-0.05996327183	-0.05215667357	-0.04852685151
	-0.0409241382	-0.04008747498	-0.03276739688	-0.03417583468	-0.02707895017
	-0.03038739345	-0.0233121525	-0.02848278889	-0.02108083155	-0.02846054702
	-0.02022804376	-0.03061028287	-0.02088134788	-0.03554337816	-0.02350293375
	-0.04417707612	-0.02892338762	-0.05762181943	-0.03831834032	-0.0769111327
	-0.05305473175	-0.1025825918	-0.07432698342	-0.1343983258	-0.1025946411
	-0.1705727015	-0.1371394572	-0.2077251335	-0.1757289756	-0.2434850886
	-0.2146685291	-0.2765186808	-0.2513768509	-0.3058747049	-0.2848113901
	-0.3285516907	-0.3137664558	-0.336450796	-0.3336218759	-0.314926074
	-0.3327380671	-0.2401535639	-0.2920439118	-0.1019493816	-0.1861096269
	0.03518609276	-0.02614094266	0.01225991483	0.05342213015	0.1414986728
	0.1007128489	0.1181487977	0.1388688395	0.07273333114	0.1034146946
	-0.1089264755	-0.05492581112	-0.03082715157	-0.05165389694	-0.002527943453
	-0.00929713099	-0.06875933683	-0.05717082367	-0.1534550749	-0.1400741973
	-0.2179610498	-0.2082187034	-0.2587370654	-0.252602129	-0.2794074298
	-0.2758167093	-0.2848360771	-0.282870806	-0.2800586178	-0.279002294
	-0.268763491	-0.2681094018	-0.2529183211	-0.2523297228	-0.2331585933
	-0.2323830828	-0.2096225388	-0.2084222002	-0.1827717602	-0.1809173841
	-0.153738292	-0.1510727906	-0.1243733391	-0.1208531933	-0.09722075759
	-0.09298711586	-0.07390884252	-0.06932271618	-0.05500737664	-0.05044378048
	-0.04062945644	-0.03643970814	-0.03033419331	-0.0267813635	-0.02335514794
	-0.02058708336	-0.01883266745	-0.01688393887	-0.0159767874	-0.01478284911
	-0.01415877308	-0.01356686205	-0.01295784606	-0.01272310902	-0.01219339861
	-0.0119542819	-0.01196111209	-0.01119646124	-0.01269308815	-0.01066775325
	-0.01524146153	-0.01095934991	-0.02094313979	-0.01315031095	-0.03157181096
	-0.01888595834	-0.0490399754	-0.03029359788	-0.07474080533	-0.0495542627
	-0.1087135297	-0.07801715995	-0.1494181264	-0.1151408225	-0.192313552
	-0.1583996702	-0.2332518585	-0.202859016	-0.2705946699	-0.2442630539
	-0.303551641	-0.2815331083	-0.3286763054	-0.3135668059	-0.3353767481
	-0.3344182632	-0.3031594027	-0.3282338281	-0.200829044	-0.2683106431
	-0.03050450608	-0.1253827868	0.06390875825	0.04612776552	0.1239549168
	0.03359898772	0.1487585939	0.1696286036	0.08982100242	0.1269953161
	-0.0374319976	0.01319662048	-0.03676172904	-0.04415673334	-0.04593051481
	-0.04860381161	-0.1127761831	-0.1010821206	-0.1857619912	-0.173012204
	-0.2374696851	-0.2285199159	-0.2667805665	-0.2613889703	-0.2780003683
	-0.2750991394	-0.2766277987	-0.2752923275	-0.2670385174	-0.2665906593
	-0.2518103382	-0.251821184	-0.2319031006	-0.2321036817	-0.2074974588
	-0.2076622812	-0.1790257156	-0.1789117242	-0.1477612796	-0.147133286
	-0.1160457136	-0.1147551427	-0.08707643302	-0.08520332743	-0.06277376392
	-0.06058369764	-0.0439985251	-0.04183683373	-0.03081742835	-0.02903533609
	-0.02252616282	-0.02139786555	-0.0180143872	-0.01770558496	-0.01609180718
	-0.01667122402	-0.01568874418	-0.017145086	-0.01599792762	-0.0182736739
	-0.01642522423	-0.01945749676	-0.01654415685	-0.02025369523	-0.01608475979
	-0.02035262976	-0.01493840588	-0.01955448984	-0.01321063448	-0.01779291825
	-0.01132992251	-0.01522398066	-0.01021027626	-0.01238773174	-0.01147234903
	-0.01043116175	-0.01753572964	-0.0113485214	-0.03133580113	-0.0180413201
	-0.05543837533	-0.03386186083	-0.09056046945	-0.0613566618	-0.1348541736
	-0.1004265089	-0.1828026318	-0.1477150062	-0.2282089114	-0.1969545713
	-0.2691054486	-0.2422204565	-0.3048538932	-0.2825153884	-0.3307710186
	-0.3165681415	-0.3318930364	-0.3355706485	-0.2781870066	-0.3168258677
	-0.1331238931	-0.2220084009	0.05202866332	-0.03322418107	0.0406937941
	0.07969356361	0.1785700037	0.1783720951	0.1076616412	0.1513433016
	0.0002343553004	0.06033056971	-0.06307575404	-0.06125196688	-0.08836035857
	-0.08921019437	-0.1475460096	-0.1366357959	-0.2075648126	-0.1958825948
	-0.2479472086	-0.2400169364	-0.2676741467	-0.2631571164	-0.2718488576
	-0.2697134276	-0.265550592	-0.2649169105	-0.2521864371	-0.25247461
	-0.2333001107	-0.2341843333	-0.2092438733	-0.2105076123	-0.1803479541
	-0.1817483107	-0.147873244	-0.1491015147	-0.1143633889	-0.1151099269
	-0.0836340264	-0.08381979906	-0.05822077528	-0.05794821137	-0.0393381666
	-0.03886775744	-0.02709050983	-0.02674669477	-0.02054924675	-0.02060815945
	-0.01825854845	-0.01889644521	-0.0187040426	-0.01997218983	-0.02068068103
	-0.02256170676	-0.02328562139	-0.0257437612	-0.02588977099	-0.02890386181
	-0.02807796004	-0.03166638557	-0.02955793251	-0.03378415199	-0.03008654783
	-0.03504464686	-0.0294363415	-0.0352136588	-0.02741925081	-0.03402833773
	-0.02398448524	-0.03125315935	-0.01939958283	-0.02681977099	-0.01450972952
	-0.02107121869	-0.01105485155	-0.0151074501	-0.01204112483	-0.01117244019
	-0.02154391564	-0.01294476299	-0.04354542893	-0.0251118894	-0.07964457276
	-0.05163025123	-0.1274174409	-0.09283550283	-0.1797671122	-0.1441367091
	-0.2286731701	-0.1973149482	-0.2721675767	-0.2453462495	-0.309628797
	-0.2877064797	-0.3334730356	-0.3221292184	-0.3209050601	-0.3339866635
	-0.2274158594	-0.2893437256	-0.02870218664	-0.1371339169	0.08258689685
	0.06951593676	0.1973982512	0.06129912635	0.125057788	0.1751001124
	0.00855360175	0.0851976987	-0.09724823243	-0.08982994711	-0.1246623336
	-0.1252186816	-0.1729225796	-0.1632107243	-0.2211466923	-0.2107792898
	-0.2516920498	-0.2448270905	-0.2639816217	-0.2603581495	-0.262974191
	-0.2616154742	-0.2529560535	-0.2530825233	-0.2363391214	-0.2375000792
	-0.2139025419	-0.2158627833	-0.1858967746	-0.1884380733	-0.153349943
	-0.1561373545	-0.1186883275	-0.1212502044	-0.08609212028	-0.088117931
	-0.05903277087	-0.06040323133	-0.03922493348	-0.04005115913	-0.02699888857
	-0.02755832795	-0.02130690132	-0.02189138381	-0.02035687718	-0.02117111465
	-0.02234116562	-0.02345127038	-0.02584260992	-0.02722927479	-0.02984930336
	-0.03144870819	-0.03376618424	-0.03552518153	-0.03730672733	-0.0392220163
	-0.04034845384	-0.04248819852	-0.04280232975	-0.0453129025	-0.04452001137
	-0.04761948994	-0.04524532349	-0.04920398024	-0.04461139967	-0.04971481516
	-0.04219238693	-0.04867477588	-0.03763819286	-0.04555973255	-0.0309419695
	-0.03997215635	-0.02279015627	-0.03197186944	-0.01505207464	-0.02256569585
	-0.01132936549	-0.01430095712	-0.01697492551	-0.01174177131	-0.03758020769
	-0.02110321988	-0.07552148626	-0.04782176785	-0.127304356	-0.09222982564
	-0.1833388569	-0.1478101428	-0.2345024397	-0.2038006272	-0.2795503181
	-0.2533292671	-0.3170923342	-0.2966765576	-0.3333383525	-0.3283522641
	-0.2912516797	-0.3227525932	-0.1317313503	-0.2272126779	0.08107166521
	-0.005246407503	0.09209981077	0.07199170731	0.1406826912	0.1976255527
	-0.002670841041	0.09193447683	-0.1304641247	-0.1204003074	-0.1533897972
	-0.1545401165	-0.1902904977	-0.1820106025	-0.2282927633	-0.2192291647
	-0.2508480996	-0.2450126623	-0.2575341809	-0.2547619611	-0.2526848184
	-0.2520935733	-0.239701619	-0.2406469955	-0.2201420663	-0.2223013228
	-0.1943937831	-0.1975754598	-0.1630992752	-0.1670034927	-0.1282952273
	-0.132384092	-0.09394621255	-0.09764828287	-0.06461657721	-0.06754880445
	-0.04280920971	-0.04484061929	-0.02936137007	-0.0306736175	-0.02333486534
	-0.02423801307	-0.02268597798	-0.0234564145	-0.02526494759	-0.02603945876
	-0.02933909109	-0.0301249001	-0.03371584664	-0.03443209841	-0.03778404089
	-0.03833076184	-0.04138853071	-0.04169674962	-0.04462755632	-0.04469599675
	-0.04766672097	-0.04758280129	-0.0506035932	-0.05054836967	-0.05338538195
	-0.05362755681	-0.05577034251	-0.05665422662	-0.057321805	-0.05925061885
	-0.05743016004	-0.06083921813	-0.05537376461	-0.06067586625	-0.05045790899
	-0.05792630053	-0.04232296992	-0.05184576864	-0.03151504579	-0.0421713516
	-0.02009608816	-0.02985660802	-0.01245266927	-0.01790423446	-0.01549230964
	-0.01205551678	-0.03650294519	-0.02034839001	-0.07807141063	-0.04949551295
	-0.134572458	-0.09872584951	-0.1931359142	-0.1585814272	-0.2451374931
	-0.2157282342	-0.290687491	-0.2655631473	-0.3251216297	-0.3083654051
	-0.3222409858	-0.3303322986	-0.2210514424	-0.2869611317	0.01477607475
	-0.104201517	0.06023540084	0.09907430859	0.1546646572	0.1851886911
	-0.02353770914	0.08678378678	-0.1589064824	-0.1479218747	-0.1750468974
	-0.1770283476	-0.2014069314	-0.1946677409	-0.2307363867	-0.2229040108
	-0.2470660233	-0.2421753502	-0.249578965	-0.2475916183	-0.2418361827
	-0.2419981828	-0.2264000578	-0.2282123623	-0.204210846	-0.2074493398
	-0.1756525216	-0.1801004204	-0.1421156099	-0.1473038277	-0.1068229006
	-0.1119992522	-0.07486867982	-0.079362695	-0.05005780616	-0.05340972796
	-0.03403015666	-0.03621987047	-0.02635140325	-0.02766194672	-0.02494310516
	-0.02574457881	-0.02728788286	-0.02784427827	-0.03124142548	-0.03164846332
	-0.0352849314	-0.03548830545	-0.03866374045	-0.03853552793	-0.04128207851
	-0.04068069555	-0.04343152344	-0.0422596511	-0.04554753083	-0.04379267714
	-0.04802181012	-0.04577506855	-0.05108110493	-0.04853719021	-0.05472682513
	-0.05217227526	-0.05872006206	-0.05651629509	-0.06259470898	-0.06116469773
	-0.06567955626	-0.0655028139	-0.06712031612	-0.06872745584	-0.06592072148
	-0.06985975168	-0.06106746111	-0.06779057931	-0.05186562199	-0.06145586789
	-0.03871741907	-0.05030547668	-0.02410094787	-0.03531431492	-0.01356406662
	-0.02028014822	-0.0159854815	-0.01260814501	-0.04020270197	-0.02247652508
	-0.08766464344	-0.05709251163	-0.1489555911	-0.112611112	-0.20819158
	-0.1756197197	-0.259789384	-0.2319935745	-0.3043962427	-0.2812703264
	-0.32813689	-0.3199131186	-0.2810993243	-0.3160344352	-0.08042385967
	-0.1937310993	0.1004203587	0.06434807586	0.1437523039	0.003703021507
	-0.04656853018	0.07574537197	-0.1814158937	-0.1702601318	-0.1905987418
	-0.1934149973	-0.2077737444	-0.2025505911	-0.2299597143	-0.2232623881
	-0.2415259032	-0.2374742604	-0.2409561714	-0.239680402	-0.2310134252
	-0.2319069624	-0.213547955	-0.2162455663	-0.1891510647	-0.1934795326
	-0.1585233868	-0.1641683184	-0.1239465067	-0.1302011503	-0.08982829925
	-0.09578508729	-0.06142447579	-0.06627667931	-0.04156838826	-0.04492870428
	-0.03082196309	-0.03282193575	-0.02751022627	-0.02856547447	-0.02886913942
	-0.02940665212	-0.03227625125	-0.03255876996	-0.03571856402	-0.03579240823
	-0.03809936514	-0.03785882939	-0.03922333173	-0.03847651841	-0.0394785896
	-0.03802698829	-0.03953796208	-0.03724168275	-0.0401087985	-0.03693125699
	-0.04175060348	-0.03777730885	-0.04476781796	-0.04020610615	-0.04916391267
	-0.04432281963	-0.05465334845	-0.04990840579	-0.06071525796	-0.05647857918
	-0.06664899935	-0.06336490654	-0.0715951046	-0.06976338534	-0.07451891104
	-0.0747230341	-0.07420030116	-0.07709791479	-0.06933531655	-0.07554112388
	-0.05894063987	-0.06868786263	-0.04338380557	-0.0557713311	-0.02592032042
	-0.03803135091	-0.01387620924	-0.02060284466	-0.01860264165	-0.01327983887
	-0.04965027161	-0.02843505947	-0.1048904045	-0.07177262997	-0.1693362875
	-0.1339124368	-0.227131641	-0.1970991954	-0.2776260823	-0.2515034741
	-0.31741001	-0.2990348009	-0.3115256034	-0.3227828814	-0.1709482434
	-0.2577741756	0.08983576747	-0.01232372905	0.004161708796	0.05558202892
	-0.06723040507	0.06339163549	-0.1980869544	-0.1869290611	-0.2012568791
	-0.2048610153	-0.2107212991	-0.2069496741	-0.2270917872	-0.2214277351
	-0.2350509602	-0.231729037	-0.2322340472	-0.2315934006	-0.2206384988
	-0.2222257211	-0.2015658183	-0.2051232287	-0.1755014526	-0.1808540895
	-0.1436602769	-0.1503389216	-0.1091938234	-0.1162620382	-0.077390757
	-0.08379028679	-0.05292821666	-0.05779248387	-0.03771887069	-0.0408212612
	-0.03115278077	-0.03280514809	-0.03064551896	-0.03139567157	-0.03313647645
	-0.0334725477	-0.03601672805	-0.03618331552	-0.03759909655	-0.03760095149
	-0.03733398656	-0.03699289307	-0.03551744815	-0.03456390448	-0.03294648309
	-0.03110756241	-0.03061268998	-0.02768688811	-0.02944955501	-0.02535530423
	-0.03016325003	-0.02496418942	-0.03312205636	-0.02704264909	-0.03829338463
	-0.03169551952	-0.04527355944	-0.0385888699	-0.05340653312	-0.04706343613
	-0.06191577082	-0.05631137979	-0.0699641641	-0.0654983427	-0.07661251858
	-0.07376330415	-0.08071934988	-0.08010996643	-0.08086648196	-0.08326689256
	-0.07545654753	-0.08164167214	-0.06326839443	-0.07356265174	-0.04492166803
	-0.05817363096	-0.02506506592	-0.03749336055	-0.01372947226	-0.01884984432
	-0.02493844019	-0.01533011533	-0.06658512893	-0.04046834991	-0.1296333722
	-0.09459425888	-0.1936583629	-0.1612692377	-0.2487950946	-0.2211433361
	-0.2971182132	-0.2735048078	-0.319479965	-0.3139772741	-0.2389319307
	-0.2938477031	0.03169591574	-0.09943909629	0.04720649133	0.1044062828
	-0.0832465033	0.05268046822	-0.2095919217	-0.1982482574	-0.2082310789
	-0.2124673458	-0.2113382942	-0.2089399829	-0.2229581676	-0.2182345646
	-0.2282068196	-0.225509374	-0.2237980799	-0.2237109629	-0.2110212412
	-0.2132410268	-0.190790468	-0.1951347968	-0.1636646718	-0.1699123727
	-0.1314331109	-0.1389282364	-0.09798035858	-0.1055996107	-0.06900797884
	-0.07554881563	-0.0483439226	-0.05299954983	-0.03700475005	-0.03973211652
	-0.03337849588	-0.03467472386	-0.0343223105	-0.0348622045	-0.03666192794
	-0.0369737002	-0.03794171451	-0.03825711515	-0.0369348033	-0.03720298156
	-0.03355122588	-0.03351502439	-0.02849074378	-0.02779156918	-0.02288658316
	-0.02115922859	-0.01800159929	-0.0149668929	-0.01497013058	-0.01046890803
	-0.01467218769	-0.008704433607	-0.01759177989	-0.01037998952	-0.02367060017
	-0.01566756089	-0.03230866078	-0.02408367156	-0.04257996582	-0.03465476839
	-0.05351285211	-0.04627676847	-0.06424088027	-0.05798470826	-0.07396438163
	-0.06899036557	-0.08177404075	-0.07852942325	-0.08643956257	-0.08561605107
	-0.08630200656	-0.08881617569	-0.0794313385	-0.08621706895	-0.06448354764
	-0.07583518401	-0.04290246982	-0.05702561694	-0.02175412547	-0.0335269751
	-0.01493132307	-0.01614134394	-0.03797536804	-0.02170263386	-0.09237855859
	-0.06137576745	-0.159732135	-0.125322477	-0.2197913454	-0.190911101
	-0.2725743618	-0.2467724631	-0.3122465298	-0.2959990004	-0.2804638791
	-0.3082172165	-0.04778530415	-0.1752763817	0.1026020923	0.1119906141
	-0.09374913403	0.04523141463	-0.2167446307	-0.2048197811	-0.212514911
	-0.2171463631	-0.2104649505	-0.209353182	-0.2181513798	-0.2142924965
	-0.2213748151	-0.219203555	-0.2159045507	-0.2162817405	-0.2023783954
	-0.205144393	-0.1814557492	-0.1864737819	-0.1538688637	-0.1608440356
	-0.1219221462	-0.1300120959	-0.09005023348	-0.09799638309	-0.06394157751
	-0.07042936741	-0.04658123729	-0.05092942815	-0.03817654273	-0.04052716493
	-0.03638308642	-0.03740448409	-0.03775005744	-0.03822803323	-0.03910074007
	-0.03959402062	-0.03826584379	-0.03899332752	-0.03439980251	-0.03525937051
	-0.02776775226	-0.02842164166	-0.01938768855	-0.01937951883	-0.01067496754
	-0.009538031939	-0.003133491402	-0.0005178928174	0.001952876835	0.006302601719
	0.003501471576	0.009738758594	0.0007512053387	0.008770399183	-0.006363951694
	0.002885082855	-0.01699143777	-0.007355645317	-0.0297204737	-0.02045334183
	-0.04318023369	-0.03473844221	-0.05636414194	-0.04894944386	-0.06858937909
	-0.06231529945	-0.07924624887	-0.07432015974	-0.08747669917	-0.08436072988
	-0.09188268797	-0.09140012562	-0.09044315679	-0.09370890263	-0.08086043087
	-0.08893385386	-0.06198988505	-0.07486776072	-0.03717684669	-0.05180020208
	-0.01746923875	-0.02671655235	-0.02120732446	-0.01548430838	-0.06107503339
	-0.03684132913	-0.1261795354	-0.09243154789	-0.1912713369	-0.1610355548
	-0.2470235038	-0.2205227452	-0.2959736624	-0.2738646777	-0.2999835302
	-0.3076467757	-0.1255338418	-0.2307447805	0.1379234956	0.08202250124
	-0.09864205531	0.04169071576	-0.2202768643	-0.2072480433	-0.2148600246
	-0.2195875532	-0.2087285157	-0.2088035281	-0.2130911061	-0.2100417051
	-0.2148035256	-0.2130689511	-0.2087118048	-0.209456054	-0.1948406209
	-0.1980445513	-0.1736837375	-0.1792351672	-0.1461721042	-0.153694773
	-0.1149899751	-0.1234922433	-0.08495954209	-0.09306326198	-0.06142603905
	-0.06776976104	-0.0467018659	-0.05074038662	-0.04034179442	-0.04238341742
	-0.0395120838	-0.04037287108	-0.04063574884	-0.04118882276	-0.04062741377
	-0.0414673117	-0.03757867732	-0.03892417035	-0.0309060586	-0.03262102709
	-0.02110962868	-0.02278251079	-0.009461198801	-0.01052160781	0.002298177144
	0.002426611532	0.01245914022	0.01414671803	0.01975326049	0.02321485539
	0.02309889781	0.02876423972	0.02113687666	0.02943485409	0.01310058692
	0.02352157377	4.304694774e-05	0.01120581509	-0.01573996103	-0.005099593035
	-0.0321181797	-0.0226364563	-0.04778969834	-0.03959342442	-0.06216298954
	-0.05516741363	-0.07494995699	-0.06911282088	-0.08573601203	-0.08124744569
	-0.09358977486	-0.09102308534	-0.0967636618	-0.09715790073	-0.09271921917
	-0.09742123253	-0.07887752385	-0.08893501248	-0.05512470211	-0.06966467249
	-0.02848723484	-0.04235293722	-0.01591713868	-0.01939380167	-0.03783606856
	-0.02230688585	-0.09523028738	-0.06463633108	-0.1633945694	-0.1315699896
	-0.2221092111	-0.1953996893	-0.2753903758	-0.2507065125	-0.3036218313
	-0.2969767856	-0.1885252954	-0.2650380025	0.1460606442	0.02951103787
	-0.09820764774	0.04202765997	-0.2207458866	-0.2060125103	-0.2157921964
	-0.2202614424	-0.2065825777	-0.2077207718	-0.2080716664	-0.2057969935
	-0.2086452297	-0.20726937	-0.2023002739	-0.2033085925	-0.1884594517
	-0.1919777071	-0.1674928829	-0.1734244829	-0.1404985939	-0.1483962575
	-0.1103907893	-0.1191580071	-0.0822019546	-0.09035388575	-0.06078697542
	-0.06697922147	-0.04800041654	-0.05179222964	-0.04292965059	-0.04475850295
	-0.04246281414	-0.04326415646	-0.04302307779	-0.04374211748	-0.04164088252
	-0.04291972359	-0.03658133401	-0.03866453984	-0.02738552789	-0.03013624128
	-0.01465510958	-0.01760634524	0.0001202289532	-0.002304491748	0.01474425154
	0.01362513109	0.02699599002	0.02749144019	0.03598946423	0.03766467378
	0.04193914467	0.04522705768	0.04264990458	0.04985063328	0.03462683073
	0.04605007309	0.01865957597	0.03169603448	-0.001111199912	0.01114980104
	-0.02109095855	-0.01056342533	-0.03949940407	-0.03072336623	-0.05586596482
	-0.04852293552	-0.07027587522	-0.06406785663	-0.08278840396	-0.07764118693
	-0.09299362616	-0.0892056118	-0.09963525792	-0.09800771552	-0.1003703841
	-0.1022385919	-0.09204777002	-0.09895382132	-0.07227396092	-0.08487241914
	-0.04375041433	-0.05929202668	-0.01976512924	-0.02999622295	-0.02361568764
	-0.01714991424	-0.06873692784	-0.04316859228	-0.1363575995	-0.1041086819
	-0.1984909012	-0.1715639203	-0.2535619034	-0.2282143773	-0.2965646118
	-0.2807143393	-0.232582977	-0.2817016033	0.1296187675	-0.03037701516
	-0.09290594705	0.0457247382	-0.2185098824	-0.2014265499	-0.2156369387
	-0.2194391155	-0.2043388893	-0.2063773174	-0.2032982053	-0.2017804294
	-0.2029830595	-0.2019035872	-0.196688085	-0.1978561861	-0.1832183046
	-0.1869194817	-0.1628186775	-0.1689755638	-0.1366870153	-0.1448050954
	-0.1078257401	-0.1167458901	-0.08129854679	-0.08946179865	-0.06150215752
	-0.06759560724	-0.05000424376	-0.05365032086	-0.04562489348	-0.04734341871
	-0.04516022928	-0.04597354611	-0.04510183262	-0.04601872098	-0.04258018165
	-0.04430594949	-0.03593512869	-0.03877529931	-0.02468978997	-0.02855853054
	-0.009377211522	-0.01380308745	0.008429198296	0.004351931552	0.02582387005
	0.02338011791	0.03889389914	0.03883908236	0.04645597904	0.04648009061
	0.05474181565	0.05188609112	0.06341640772	0.06565421792	0.05864278118
	0.07078311726	0.0391184132	0.05478730133	0.01385554058	0.02813954225
	-0.01068781837	0.0009216887944	-0.03218526655	-0.02298222595	-0.05047702427
	-0.04304755716	-0.06614236626	-0.05992842345	-0.07974931323	-0.07444043022
	-0.09140476248	-0.08705342111	-0.1003855912	-0.09753020456	-0.1047964239
	-0.1045768476	-0.1014728436	-0.1055546392	-0.08681824977	-0.09671828017
	-0.06001707894	-0.07510349861	-0.02964690486	-0.04392913489	-0.01784686626
	-0.01950327976	-0.04771721106	-0.0286868148	-0.1111235292	-0.08034753994
	-0.1763174098	-0.1489977772	-0.2322210115	-0.2071665469	-0.2831953771
	-0.2621170966	-0.2594608796	-0.286769338	0.09585884485	-0.08694940013
	-0.08330663085	0.05187834257	-0.2137358074	-0.1936442284	-0.2145438038
	-0.2172141658	-0.2021884928	-0.2049063085	-0.1989130808	-0.198142882
	-0.1978527785	-0.1970279404	-0.1918453741	-0.1930735927	-0.1790467004
	-0.1827984232	-0.1595386415	-0.1657710837	-0.1345346215	-0.1427379228
	-0.1069980625	-0.1159933606	-0.0818768763	-0.09006420753	-0.06321493766
	-0.06930030897	-0.05244007909	-0.05606186291	-0.04829500233	-0.05000622794
	-0.04764650398	-0.04851454848	-0.04708369135	-0.04817579282	-0.04381642567
	-0.04591540332	-0.03617734916	-0.03968592862	-0.02354699154	-0.02849769134
	-0.006178712732	-0.01221149307	0.01463470192	0.008474239761	0.03557085386
	0.03131564687	0.04935585814	0.05026742795	0.04731473768	0.05226524156
	0.04802011342	0.03523108125	0.08023860381	0.06668707854	0.08764977776
	0.102216577	0.06201243463	0.08220320267	0.02852343023	0.04517537497
	-0.001705579684	0.01078271519	-0.02651295915	-0.01717115436	-0.04657074753
	-0.03932845446	-0.06314862072	-0.05721034491	-0.07735205562	-0.07222563112
	-0.08976579134	-0.08531392206	-0.1001554719	-0.09669055832	-0.1071303982
	-0.105547378	-0.1078439629	-0.109701903	-0.09824969845	-0.1054525267
	-0.0752112762	-0.08859822615	-0.0426110704	-0.05865420639	-0.01892790225
	-0.02703110963	-0.03267460551	-0.02081597378	-0.08870218941	-0.06045055286
	-0.1554913624	-0.1273657428	-0.2122149337	-0.1878196994	-0.2667596313
	-0.2431755678	-0.2731364849	-0.2835091537	0.05306101969	-0.1346247526
	-0.07010959495	0.05925001837	-0.2064239537	-0.1826984356	-0.2125057444
	-0.2135224961	-0.2002118486	-0.2033110645	-0.1950129842	-0.1949743898
	-0.1932612333	-0.1926741565	-0.1877082398	-0.1889084943	-0.1758351558
	-0.1795096999	-0.157494742	-0.1636609835	-0.1338281437	-0.1419959979
	-0.107650629	-0.116665925	-0.08367861394	-0.09192742337	-0.06571998998
	-0.07190769306	-0.05519185998	-0.05892232599	-0.05093397997	-0.05273904699
	-0.05000827713	-0.05095761515	-0.04913587519	-0.05034297451	-0.04559481093
	-0.04792603226	-0.03766715857	-0.04164702403	-0.0245279707	-0.03036561493
	-0.0059978987	-0.01359473824	0.01742629197	0.008682022813	0.04360653533
	0.03567099734	0.0650114064	0.06381815076	0.0572170544	0.07885198083
	-0.001255710099	0.02656757684	0.1031310157	0.05467708653	0.1327269312
	0.1692901045	0.0869965284	0.1146612237	0.04078756121	0.05899230413
	0.004344736181	0.01675393829	-0.02335661922	-0.01451433992	-0.04466079095
	-0.0379999259	-0.06167927542	-0.05628871962	-0.07601668239	-0.0713238724
	-0.08864743995	-0.08440717695	-0.09973229739	-0.09609540402	-0.1083313322
	-0.1059742454	-0.1120405815	-0.1123146031	-0.1068497232	-0.1117282183
	-0.08832081242	-0.09951129597	-0.05643945238	-0.07258233022	-0.02485617463
	-0.03747219161	-0.02337906472	-0.01849348942	-0.0693933684	-0.04465279325
	-0.1358598203	-0.1070800606	-0.1938628016	-0.1701630404	-0.2493624028
	-0.2249853042	-0.2768795481	-0.2746231081	0.008269122252	-0.1714903462
	-0.05421902244	0.06632326411	-0.1964461399	-0.1685681185	-0.2093737842
	-0.2081606513	-0.1983793663	-0.2014681837	-0.1916561444	-0.1923029513
	-0.1892020407	-0.1888619584	-0.1841925098	-0.1852961216	-0.1734487797
	-0.1769280261	-0.1565097845	-0.1624765057	-0.1343595841	-0.1423787467
	-0.1095752264	-0.1185618954	-0.08654393887	-0.09489602678	-0.0689367587
	-0.07534141307	-0.05826312969	-0.06224253354	-0.05361323699	-0.05561919451
	-0.05234301889	-0.05340315019	-0.05135749949	-0.05260754806	-0.04801175792
	-0.05039382667	-0.04054145266	-0.04470276395	-0.02794811433	-0.03428661191
	-0.009670535281	-0.01841713082	0.01469178456	0.003477635496	0.04539550338
	0.0321185036	0.08208743145	0.06878058395	0.1230177838	0.1177711046
	0.1750943664	0.2136617452	0.400387303	0.6393940657	0.2015361156
	0.270362769	0.10359001	0.128812433	0.04482691289	0.05955031557
	0.004769791972	0.01473847131	-0.02393480556	-0.01674147449	-0.04531051112
	-0.03981402903	-0.06204071732	-0.05751653303	-0.07600720452	-0.07196452389
	-0.08840484665	-0.08459459936	-0.09965130475	-0.09614073426	-0.1091490779
	-0.1064514605	-0.1149186022	-0.1141686816	-0.1132389987	-0.1163017963
	-0.09909740923	-0.1081091774	-0.06969104252	-0.08491711914	-0.03367963838
	-0.0490337273	-0.01905733037	-0.02042380893	-0.05334216715	-0.03292239985
	-0.1177009225	-0.08930506981	-0.177192965	-0.154064509	-0.2322363038
	-0.2080724359	-0.2735990426	-0.2625589342	-0.03356906019	-0.1977430186
	-0.03682725264	0.0714157143	-0.1836030787	-0.1512817961	-0.2048697401
	-0.2008072587	-0.1965450376	-0.199127741	-0.1888581238	-0.1900816607
	-0.1856675738	-0.1856043182	-0.1812074476	-0.1821733552	-0.1717390182
	-0.1749198127	-0.156397548	-0.1620398936	-0.1359299387	-0.1436883466
	-0.1126043922	-0.1215029145	-0.09038803611	-0.09887198595	-0.07287885811
	-0.07960451734	-0.06174839526	-0.06611981225	-0.05646016048	-0.05879037198
	-0.0547554627	-0.05597966923	-0.0537883696	-0.05502847106	-0.05102271243
	-0.05327317754	-0.04468728013	-0.04869332188	-0.03371247923	-0.04001453879
	-0.01740596944	-0.02647137154	0.004947477371	-0.007443417163	0.03457676595
	0.01794746696	0.07438006159	0.05143000646	0.1336204702	0.09690194908
	0.2368772139	0.1585362637	0.175452235	0.1524950889	0.137661929
	0.08281361336	0.07902459196	0.07189093628	0.0312930413	0.03410776533
	-0.003716454605	0.000635258137	-0.02953794448	-0.02540757364	-0.0490440573
	-0.04539659774	-0.06445231282	-0.0611435189	-0.0774530288	-0.0742603095
	-0.08920403425	-0.08598424264	-0.1002059367	-0.09702290259	-0.1100669529
	-0.1073361443	-0.1171434172	-0.1158182199	-0.1180860179	-0.11984763
	-0.1077829308	-0.1148950229	-0.08164200808	-0.09544764017	-0.04382337947
	-0.06051384542	-0.01867978706	-0.02524373247	-0.04051803177	-0.02482814009
	-0.1014243811	-0.07401441968	-0.1620862289	-0.1393418072	-0.2160346581
	-0.192627901	-0.2658282682	-0.2490523226	-0.06982538102	-0.2150111902
	-0.01943708956	0.07279892487	-0.1677133994	-0.1310682625	-0.1986021565
	-0.1910561684	-0.1944373692	-0.1959148283	-0.1865748254	-0.1881657755
	-0.1826546314	-0.1829017345	-0.1786694004	-0.1794911167	-0.1705543419
	-0.1733553364	-0.1569685114	-0.1621713739	-0.1383457827	-0.145728047
	-0.1165926632	-0.1253175355	-0.09517211336	-0.1037875162	-0.07762177293
	-0.0847459994	-0.06580975104	-0.07070990777	-0.05965565707	-0.06245366361
	-0.05737364544	-0.05885640878	-0.05644210807	-0.05766999009	-0.05448239985
	-0.05646534165	-0.04976563418	-0.05330676494	-0.0412501675	-0.04695788074
	-0.02835716869	-0.03676102922	-0.01068886891	-0.0224052688	0.01216218208
	-0.003773637284	0.04044263229	0.0188663945	0.07204245744	0.04340706612
	0.0893346654	0.05982891177	0.04720726013	0.04211555604	0.01972044158
	0.005291197778	0.01678042532	-0.0007894837804	-0.0009822168554	-0.008796745346
	-0.02201085674	-0.0241480274	-0.04065607242	-0.04036145553	-0.05610225632
	-0.05479880614	-0.06902876693	-0.06722614383	-0.08043089455	-0.07825946627
	-0.09115351661	-0.08864732148	-0.1015980824	-0.09888011614	-0.1114353993
	-0.1088819054	-0.1192432967	-0.1176739448	-0.1220175598	-0.1229217265
	-0.1148018052	-0.1203994273	-0.09198820776	-0.1042650369	-0.05414085224
	-0.07118643595	-0.02111845432	-0.0317050956	-0.03066806337	-0.01974911927
	-0.08695671422	-0.06074430375	-0.1483394526	-0.1257730025	-0.2010445668
	-0.1786488585	-0.2554694773	-0.2351824235	-0.09996608018	-0.2255335698
	-0.003864517825	0.06867412868	-0.1487508081	-0.1085531741	-0.1900936919
	-0.1784747176	-0.1916532909	-0.1913377856	-0.1846732506	-0.1862847414
	-0.1801592515	-0.1807213455	-0.1765144385	-0.1772218145	-0.1697513803
	-0.1721217271	-0.158034053	-0.162696005	-0.1414131151	-0.1482992636
	-0.1213922245	-0.1298258242	-0.1008713908	-0.1095720366	-0.08326791683
	-0.09082441473	-0.07065265397	-0.07619585531	-0.06343367165	-0.06685702344
	-0.06037343218	-0.06225872981	-0.05935505672	-0.06064438961	-0.05821637942
	-0.05988835282	-0.0553101194	-0.05818354759	-0.04966037544	-0.05435208233
	-0.04086772353	-0.04785066169	-0.02897460688	-0.03866108858	-0.01450471976
	-0.02726554695	0.001009747001	-0.0149223603	0.01344966233	-0.004499312726
	0.01393125824	-0.001592323151	-0.0045202193	-0.01211661256	-0.02497176995
	-0.03051569714	-0.03202005324	-0.04161917289	-0.03715852615	-0.04608182677
	-0.04574003669	-0.05135729998	-0.05593548399	-0.0587361965	-0.06605037353
	-0.06701256892	-0.07562637995	-0.07540634107	-0.08489973241	-0.08383953825
	-0.09427246555	-0.09256284048	-0.1039206695	-0.1017659449	-0.1134587948
	-0.1112361456	-0.1215724326	-0.1200142939	-0.1255270702	-0.1259543134
	-0.1206359498	-0.1251336027	-0.1008243648	-0.1116924559	-0.06396459726
	-0.08074946295	-0.02534628654	-0.03886926885	-0.02341877031	-0.01711871548
	-0.0740309319	-0.04933662328	-0.1356713772	-0.1128307576	-0.1873420414
	-0.1660381296	-0.2438296583	-0.2215825507	-0.1244347167	-0.2308139699
	0.007339279742	0.05724667315	-0.1270367306	-0.08496327234	-0.1788329406
	-0.1627056002	-0.1876623085	-0.1848108864	-0.1828949024	-0.1840188685
	-0.178155072	-0.1789586337	-0.1747067106	-0.1753557312	-0.1692077316
	-0.1711362296	-0.1594122192	-0.1634531994	-0.1449325433	-0.1512022824
	-0.126831612	-0.1348358181	-0.1074392077	-0.1161159459	-0.08990802061
	-0.09786953795	-0.07649512719	-0.08275023819	-0.06807270748	-0.07227362186
	-0.06399908029	-0.06647368061	-0.06263896277	-0.06415045607	-0.06211139432
	-0.06355350419	-0.06087940746	-0.06304804217	-0.0580113035	-0.06150478922
	-0.05319303418	-0.05840842829	-0.04666089386	-0.05381616419	-0.03921091688
	-0.04831272157	-0.03238406481	-0.04305496805	-0.02873317939	-0.0398661246
	-0.03139520169	-0.04099941102	-0.04127401485	-0.04772050487	-0.05338709522
	-0.05787049469	-0.06125672874	-0.06648779945	-0.06501472164	-0.07119195945
	-0.06817139246	-0.07377172253	-0.07237572392	-0.07646406088	-0.07765298059
	-0.08013443966	-0.08377236457	-0.08488097178	-0.09071152312	-0.09070596014
	-0.09856169046	-0.09766657303	-0.107264593	-0.1057302638	-0.1163139746
	-0.1145267924	-0.1244152446	-0.1230505497	-0.1290187341	-0.1292591505
	-0.125714505	-0.1294821492	-0.1082953657	-0.1179997327	-0.07281535472
	-0.08903083109	-0.03043991374	-0.04595169478	-0.01832271535	-0.01624783292
	-0.06248972687	-0.0396141327	-0.1237631428	-0.1002843149	-0.1748779118
	-0.1546480488	-0.2317357896	-0.2085740564	-0.1435928909	-0.23197051
	0.01078864176	0.03742486001	-0.1034542596	-0.06231233993	-0.1643703293
	-0.1436357292	-0.1818299225	-0.1757034265	-0.180822996	-0.1807939717
	-0.1765513855	-0.1773855744	-0.1732356533	-0.1738778937	-0.1688358534
	-0.170355909	-0.1609376878	-0.1643104842	-0.1486999975	-0.1542433244
	-0.1327152587	-0.1401411388	-0.1147682629	-0.1232465918	-0.0975800873
	-0.1058434753	-0.0835258454	-0.09048931625	-0.07386937132	-0.07896190247
	-0.06856567396	-0.07183277979	-0.06652056767	-0.06849078135	-0.0662009593
	-0.0676261036	-0.06621152859	-0.06782660182	-0.06562797023	-0.06800583733
	-0.0640881948	-0.067586959	-0.06174924623	-0.06650598219	-0.059213616
	-0.06513331312	-0.05746020844	-0.06417326363	-0.05769857072	-0.0645227677
	-0.06093042465	-0.0669869872	-0.06709028986	-0.07176555796	-0.0744058805
	-0.07794631669	-0.08035525143	-0.0837305636	-0.08380072141	-0.08767465207
	-0.08555477975	-0.08971787964	-0.0870419721	-0.09085762414	-0.08925259527
	-0.09221684812	-0.09267808929	-0.09457318102	-0.09755040082	-0.09836625374
	-0.1039380418	-0.103788204	-0.1116631728	-0.1107673549	-0.1201128521
	-0.1188426006	-0.1279684947	-0.1269529319	-0.1327914329	-0.133102594
	-0.130417494	-0.1338127644	-0.1147216263	-0.1235770064	-0.08060722379
	-0.09615183088	-0.03575058673	-0.05252888255	-0.01492950842	-0.01656037732
	-0.05217924363	-0.03131419394	-0.1126166347	-0.08873250113	-0.1635498557
	-0.1443187508	-0.219692367	-0.1963102206	-0.1579890702	-0.2301404645
	0.00347582953	0.009561930346	-0.07960158203	-0.04366247167	-0.1464845027
	-0.1216472684	-0.1734720578	-0.1634337562	-0.1778703496	-0.175907776
	-0.1751341923	-0.175599802	-0.1720920269	-0.1727185653	-0.1685934885
	-0.169774772	-0.1624769579	-0.1651799174	-0.1525159988	-0.1572493124
	-0.1388259371	-0.1455211505	-0.1226672123	-0.1307296831	-0.1062292097
	-0.1146043469	-0.09185158614	-0.09942293584	-0.08108765929	-0.08710605395
	-0.07442951205	-0.07866209924	-0.0713477846	-0.07404984956	-0.07071754592
	-0.07244461598	-0.07133109706	-0.07271482742	-0.07226315516	-0.07384149456
	-0.07302333794	-0.07515275485	-0.07354580041	-0.07637684228	-0.07409288238
	-0.07757728616	-0.07512040006	-0.07903172705	-0.07710794809	-0.08108473741
	-0.08033748805	-0.08398090326	-0.0846522828	-0.08769488692	-0.0893546444
	-0.09182970448	-0.09345757816	-0.09570206555	-0.09624862824	-0.09865810208
	-0.09772179871	-0.100447552	-0.09851270262	-0.1013747684	-0.09950477914
	-0.1021404092	-0.1014876113	-0.1035483595	-0.1050003219	-0.1062676602
	-0.1102696823	-0.1106905273	-0.1171415057	-0.1168353932	-0.1249645624
	-0.12424427	-0.1323981988	-0.1318348588	-0.1370688647	-0.1376365564
	-0.1350037005	-0.1383050278	-0.1202402471	-0.128547799	-0.08707393778
	-0.1019967503	-0.0406140744	-0.05807479052	-0.01266859058	-0.01732164819
	-0.04291201991	-0.02408396947	-0.1025127404	-0.07878478698	-0.1532213242
	-0.1348841054	-0.2079739014	-0.1848160845	-0.168378375	-0.2262026743
	-0.01633171559	-0.0242690102	-0.05825045247	-0.03317451784	-0.1254416263
	-0.09792624816	-0.1619573173	-0.1476337413	-0.1733063341	-0.1686002054
	-0.1735066972	-0.1730005514	-0.1712141355	-0.1716801532	-0.1684800609
	-0.1693946638	-0.1639461988	-0.1660296465	-0.1562042975	-0.1600892187
	-0.1449271875	-0.1507592188	-0.1308687321	-0.1382930211	-0.1156735295
	-0.1238896809	-0.1014421059	-0.109409668	-0.08988607477	-0.09674488163
	-0.08191805303	-0.08719851467	-0.07754343341	-0.08122001282	-0.07608373762
	-0.07847482028	-0.07657799698	-0.07816611843	-0.07813771102	-0.07940030023
	-0.08014540394	-0.08144521329	-0.08229686259	-0.08383767791	-0.08454033087
	-0.08637001382	-0.08696883155	-0.08901004365	-0.08970292494	-0.09180082012
	-0.09278541225	-0.09476897161	-0.09610775164	-0.0978590772	-0.09939654294
	-0.1009086278	-0.1022875857	-0.1036773451	-0.1044814892	-0.1059338609
	-0.1059157327	-0.1075763569	-0.1068560655	-0.1087348193	-0.1078509719
	-0.1097976732	-0.1095738974	-0.1113368851	-0.1126233818	-0.1139516734
	-0.1173370939	-0.1180777777	-0.1236388617	-0.1238056604	-0.1309058255
	-0.1307256708	-0.1378067196	-0.137776132	-0.1420137386	-0.1430131461
	-0.1397004623	-0.1431884979	-0.1251288295	-0.1332203253	-0.09238943118
	-0.1068245047	-0.04473001138	-0.06248986448	-0.01115248948	-0.01819143529
	-0.03458092752	-0.01784279183	-0.09345352042	-0.06997435156	-0.1437666502
	-0.1261939756	-0.1967381583	-0.1740857161	-0.1756561045	-0.2209627508
	-0.04840428762	-0.06042204393	-0.04363351143	-0.03542055116	-0.1023242212
	-0.07479635646	-0.1468824196	-0.1284108278	-0.166338208	-0.1581815149
	-0.1710600298	-0.1688211878	-0.1704072024	-0.1703629028	-0.1685034862
	-0.169158919	-0.1653225868	-0.1668754204	-0.1596372198	-0.1626958184
	-0.1507896825	-0.1556739138	-0.1390657596	-0.145653673	-0.1255951269
	-0.1333428767	-0.1120871724	-0.1201343388	-0.1002372957	-0.1077078968
	-0.09122462484	-0.09748674427	-0.08549814224	-0.09027784267	-0.08282255377
	-0.08618784791	-0.08253856829	-0.08478401769	-0.08386735133	-0.08537012778
	-0.08613181254	-0.08723630874	-0.08885502774	-0.08980960368	-0.09175888308
	-0.09270064137	-0.09470877555	-0.09568012302	-0.09764450909	-0.09862563001
	-0.1005223351	-0.1014683842	-0.1032799065	-0.1041554701	-0.1058282132
	-0.106632874	-0.1080710259	-0.1088494314	-0.1099486402	-0.1107794846
	-0.1114958651	-0.1124593557	-0.1128937512	-0.1140271915	-0.1144862903
	-0.1157479548	-0.1167350628	-0.11799939	-0.1201026291	-0.1211986662
	-0.1248821746	-0.1256669459	-0.1310101887	-0.1314533034	-0.1378901025
	-0.1381498441	-0.1442092628	-0.1447054345	-0.1476673292	-0.1491861901
	-0.1445345277	-0.1483924577	-0.1292835623	-0.1374082556	-0.0961080171
	-0.1102208531	-0.04741657469	-0.06513720621	-0.009694152413	-0.01828878133
	-0.02705351961	-0.01230104818	-0.08523362499	-0.06192443895	-0.1350451056
	-0.1181131303	-0.1860449693	-0.1640548186	-0.1806280777	-0.2148945281
	-0.08980493693	-0.09419583675	-0.04072375327	-0.05414602812	-0.07931539224
	-0.05611985746	-0.1283500655	-0.1067069598	-0.1562581387	-0.144236756
	-0.1670093709	-0.1622370117	-0.1692619306	-0.1681316757	-0.1686053577
	-0.1688547919	-0.166631136	-0.1677318447	-0.1627585989	-0.1650725593
	-0.1562298239	-0.160152846	-0.1469493971	-0.1525579062	-0.1355799242
	-0.1425724334	-0.1233864923	-0.1311334922	-0.1118674863	-0.1195868992
	-0.1022936654	-0.1092900803	-0.09541693819	-0.1012387433	-0.09138743735
	-0.09587730392	-0.08987299883	-0.09312145036	-0.0902828053	-0.09252795476
	-0.09197982202	-0.09350424316	-0.09441776446	-0.0954751884	-0.09719458449
	-0.09797504565	-0.1000472662	-0.1006730097	-0.1028195255	-0.1033587124
	-0.1054260086	-0.1059129449	-0.1078255374	-0.1082799973	-0.1100074508
	-0.1104491324	-0.1119907967	-0.1124467731	-0.1138339008	-0.1143381696
	-0.1156506026	-0.1162354776	-0.1176260779	-0.1183073852	-0.1200207237
	-0.1207820169	-0.1231454175	-0.1239308901	-0.127291995	-0.128019251
	-0.1326121411	-0.1332116785	-0.1389550176	-0.1394326505	-0.1456817263
	-0.1461925528	-0.1514546871	-0.1523838419	-0.1539560548	-0.156021359
	-0.1495013173	-0.1538904735	-0.1328047221	-0.1412250919	-0.09847288706
	-0.1124301931	-0.04864207951	-0.06610017415	-0.008136741976	-0.01763926432
	-0.02041585733	-0.007535240841	-0.07758062708	-0.05459030087	-0.1269557881
	-0.1105126653	-0.1759428292	-0.1546953681	-0.1840613927	-0.2085435515
	-0.1346760553	-0.1205630782	-0.0543428802	-0.09056512648	-0.06019660267
	-0.04733127414	-0.1073553155	-0.08470425252	-0.1426703453	-0.1269284964
	-0.1605173707	-0.152553033	-0.1671215816	-0.1641699163	-0.1685538273
	-0.1680229938	-0.1678851743	-0.1685133219	-0.1655856609	-0.1672613054
	-0.1611463465	-0.1641728353	-0.1542572972	-0.158830876	-0.1451941815
	-0.1512195902	-0.1347962006	-0.1418760822	-0.1242487196	-0.1317738359
	-0.114741884	-0.1220603053	-0.1071658464	-0.1137450866	-0.1019485347
	-0.1074690776	-0.09906186686	-0.1034293107	-0.09815345421	-0.1014485882
	-0.09871991417	-0.1011229727	-0.1002523809	-0.1019737318	-0.1023237685
	-0.1035577841	-0.1046210733	-0.1055247946	-0.1069419333	-0.1076317842
	-0.1091754171	-0.1097335749	-0.1112810058	-0.1117646865	-0.1132726976
	-0.1137223705	-0.1152103777	-0.1156548812	-0.1171972644	-0.1176554254
	-0.1193806976	-0.1198597379	-0.1219509693	-0.1224433757	-0.1251312661
	-0.1256127274	-0.1291482397	-0.1295815194	-0.1341726297	-0.1345226493
	-0.1402205088	-0.1404854772	-0.1470127234	-0.1472712494	-0.1537931718
	-0.1542634159	-0.1591015657	-0.160209035	-0.1604865306	-0.1629450174
	-0.1541921401	-0.1590936213	-0.1351112637	-0.1439200801	-0.09848138709
	-0.1123918979	-0.04730462964	-0.0642251168	-0.005469036622	-0.01487304264
	-0.01442804732	-0.002886598685	-0.07042802808	-0.0479593635	-0.1193344304
	-0.1032816219	-0.1664282606	-0.14593611	-0.1865497481	-0.2020826991
	-0.1747831793	-0.1340538986	-0.0874613761	-0.1415958339	-0.05053060851
	-0.05458066382	-0.08616525596	-0.06626507283	-0.1258080003	-0.1073710605
	-0.1508993087	-0.1394571909	-0.1631450436	-0.1576326837	-0.1678492543
	-0.1659350114	-0.1689722108	-0.1689066966	-0.1681617885	-0.1692476047
	-0.1655334113	-0.1677775937	-0.1608260496	-0.1644086772	-0.1540655382
	-0.1590253188	-0.1457322983	-0.1518696972	-0.1366703894	-0.1435725652
	-0.1278653254	-0.1350052097	-0.120189512	-0.127054219	-0.1142145227
	-0.1204101113	-0.1101447516	-0.1154463314	-0.1078672975	-0.1122134938
	-0.1070685	-0.1105198751	-0.1073590423	-0.1100453945	-0.1083688969
	-0.1104439527	-0.1098001491	-0.1114115846	-0.11144461	-0.1127189293
	-0.1131800846	-0.1142179646	-0.1149578717	-0.1158350394	-0.1167895548
	-0.1175595266	-0.1187369024	-0.1194332933	-0.120905034	-0.1215427312
	-0.1234373194	-0.1240125475	-0.1265077048	-0.126998591	-0.1303055327
	-0.1306752531	-0.1350040652	-0.1352108445	-0.1407039332	-0.1407218232
	-0.1473388726	-0.1471941049	-0.1545333857	-0.1543564463	-0.1614015776
	-0.1614912262	-0.1662865747	-0.1671742702	-0.1664690881	-0.1689684676
	-0.1579691585	-0.1631826139	-0.1358413407	-0.1450242888	-0.09631819199
	-0.1101493386	-0.04371110125	-0.05977240556	-0.002065947763	-0.01071800432
	-0.009509249617	0.0009779932431	-0.06381470715	-0.04204096803	-0.1120742414
	-0.09597148503	-0.1575403841	-0.1377775204	-0.1885565294	-0.1959199446
	-0.19911404	-0.1191528093	-0.1390114609	-0.1986983041	-0.05670009975
	-0.08285227137	-0.06863636291	-0.05699519941	-0.1068966175	-0.08795475792
	-0.1378820609	-0.1233044218	-0.1564711591	-0.1478657261	-0.1657081875
	-0.1616803432	-0.1695163633	-0.1682785504	-0.1704397453	-0.1708098908
	-0.1694387928	-0.1709826604	-0.1666139569	-0.1693195823	-0.1619521941
	-0.1658729763	-0.1556939088	-0.1607579308	-0.1483846378	-0.1543498091
	-0.1407599007	-0.1472539512	-0.133565046	-0.1401677284	-0.1273889888
	-0.1337192931	-0.12256908	-0.1283467258	-0.1191841998	-0.124252426
	-0.1171144972	-0.1214292336	-0.1161289195	-0.1197286381	-0.1159662749
	-0.1189373822	-0.1163915471	-0.1188392362	-0.1172250668	-0.1192533726
	-0.1183512578	-0.1200516535	-0.1197157967	-0.1211617848	-0.1213181602
	-0.1225632625	-0.123203758	-0.1242808427	-0.1254567706	-0.1263778389
	-0.1281934324	-0.1289494893	-0.1315525815	-0.1321148108	-0.1356805282
	-0.1360040402	-0.1407019712	-0.1407361643	-0.1466691978	-0.1463782548
	-0.1534711926	-0.1528723652	-0.1606838628	-0.1599079129	-0.1673345062
	-0.1667120095	-0.1715793585	-0.1717366819	-0.1703653345	-0.1722840719
	-0.1593219395	-0.1642614025	-0.1334554674	-0.1425945992	-0.09003054137
	-0.103572224	-0.03597010232	-0.05076787981	0.003760786255	-0.002894383546
	-0.005066031868	0.005454483704	-0.05772039394	-0.03691936987	-0.104783964
	-0.08769852858	-0.1492489118	-0.1301617965	-0.1904085592	-0.1899334332
	-0.1754155173	0.07589861688	-0.2020870316	-0.2465108725	-0.08381543088
	-0.132933618	-0.06016000354	-0.0628371854	-0.08830381299	-0.07236189817
	-0.1218341829	-0.1052647559	-0.1464201021	-0.134583453	-0.1611546928
	-0.1543204802	-0.1687876237	-0.1656774754	-0.1721111659	-0.1713688159
	-0.1728356877	-0.1736007806	-0.1716518282	-0.1735742836	-0.1687655074
	-0.1717590653	-0.1643559675	-0.16836632	-0.1587721127	-0.1636618566
	-0.1525287037	-0.1580594011	-0.1462050113	-0.1520738811	-0.1403231632
	-0.146220256	-0.1352584948	-0.1409182436	-0.1312059526	-0.1364380639
	-0.1281982527	-0.1328952758	-0.1261545833	-0.1302816696	-0.1249365783
	-0.1285117946	-0.1243952635	-0.1274681203	-0.1244021127	-0.127035286
	-0.1248648803	-0.1271209912	-0.1257325184	-0.1276656212	-0.1269938602
	-0.1286443624	-0.1286734896	-0.1300651543	-0.130826284	-0.1319645031
	-0.1335310594	-0.1344018766	-0.1368811494	-0.1374517198	-0.1409702848
	-0.1411912541	-0.1458658573	-0.1456790036	-0.1515635254	-0.1509172569
	-0.1579008637	-0.1567833455	-0.164410605	-0.1629085854	-0.1700724537
	-0.1684730067	-0.172955375	-0.171886223	-0.1698171244	-0.1703795928
	-0.1559873383	-0.1597049146	-0.1264220134	-0.1346823808	-0.0796302884
	-0.09220983382	-0.02510346882	-0.03795982553	0.01027771386	0.006182770596
	-0.002435812973	0.008345548468	-0.05280761024	-0.03360938832	-0.09762809846
	-0.08045200399	-0.1416031725	-0.123101985	-0.1920930205	-0.1844360508
	0.146839518	0.4416636674	-0.2637714381	-0.2523568971	-0.1324358734
	-0.2000300909	-0.06575406293	-0.08721107514	-0.07325760821	-0.06469450617
	-0.1037924672	-0.08720143846	-0.1326131478	-0.1178946822	-0.1531456098
	-0.1429901372	-0.1656999822	-0.1599014176	-0.1724466402	-0.1698990642
	-0.1754170521	-0.1750338449	-0.1758909497	-0.1769561425	-0.1745020121
	-0.1766539505	-0.1715871538	-0.1746515364	-0.1674563945	-0.1712987997
	-0.1624946921	-0.1669490918	-0.1571435525	-0.1620030509	-0.1518330561
	-0.1568731718	-0.1469160417	-0.1519260533	-0.1426311984	-0.1474387441
	-0.1391002167	-0.1435833066	-0.1363497177	-0.1404367866	-0.1343438382
	-0.1380057834	-0.1330162015	-0.136254613	-0.1322951963	-0.1351300076
	-0.1321207041	-0.1345793137	-0.1324529769	-0.1345617991	-0.1332756438
	-0.1350540466	-0.1345948545	-0.1360509563	-0.1364357327	-0.1375634991
	-0.1388365122	-0.1396137134	-0.1418387701	-0.1422260669	-0.1454723425
	-0.1454136476	-0.1497275839	-0.1491544038	-0.1545110567	-0.1533526985
	-0.1595631043	-0.1577728574	-0.1643281205	-0.1619332873	-0.1677342536
	-0.1649350896	-0.1678815865	-0.165207485	-0.1616540772	-0.1601691759
	-0.1445475374	-0.1459328513	-0.111719367	-0.1177558266	-0.06247237099
	-0.07315768074	-0.008962184239	-0.01939169515	0.0199523725	0.01949697242
	-0.0002025090261	0.01237401925	-0.04929035891	-0.03217746646	-0.0919163532
	-0.07630150639	-0.1345212741	-0.1165509746	-0.1935927834	-0.1789463919
	0.7085535732	0.62275363	-0.3153139295	-0.1352820315	-0.2010108967
	-0.2879287164	-0.0881617164	-0.1320397068	-0.06508876983	-0.06850974434
	-0.08513966701	-0.07134782905	-0.1148513753	-0.09806285389	-0.140581092
	-0.126750014	-0.1588499603	-0.1494841803	-0.170212937	-0.1649071268
	-0.1763766757	-0.1741171354	-0.178946593	-0.1787604908	-0.1790344486
	-0.1802334268	-0.1773243277	-0.1794929387	-0.1742792292	-0.1771664944
	-0.1702953836	-0.1737177034	-0.1657582843	-0.1695488332	-0.1610331401
	-0.1650291156	-0.1564338419	-0.1604823622	-0.152198492	-0.1561670935
	-0.1484823229	-0.1522665573	-0.1453667438	-0.148892337	-0.1428776365
	-0.1460977872	-0.1410057016	-0.1438953833	-0.1397241525	-0.1422732397
	-0.1390018218	-0.1412082055	-0.1388114702	-0.1406747941	-0.1391337817
	-0.1406500506	-0.1399576049	-0.1411147094	-0.141276737	-0.1420507479
	-0.1430830177	-0.1434352225	-0.1453543948	-0.1452293156	-0.148036331
	-0.1473613977	-0.1510112422	-0.1497004098	-0.1540540837	-0.1520177153
	-0.156759157	-0.153928506	-0.1584417628	-0.154813569	-0.1579820901
	-0.1537046581	-0.1536382421	-0.1491465938	-0.1428088169	-0.1390301907
	-0.12196162	-0.1204990647	-0.08745141145	-0.09034056655	-0.03957414728
	-0.04735110988	0.00891203598	0.001205409137	0.02774111816	0.03020327825
	-0.001686311734	0.01190344236	-0.04864079017	-0.03457566221	-0.08743234139
	-0.07428318034	-0.1280657866	-0.1105220163	-0.1944102245	-0.1736376915
	  1	0.7259913416	-0.413046351	-0.0390728556	-0.3050496467
	-0.4278500056	-0.133271307	-0.2071905136	-0.06841189022	-0.09069155175
	-0.06808773782	-0.06188631705	-0.0930124622	-0.0760514717	-0.122046555
	-0.1044463931	-0.1463323524	-0.1323962727	-0.1635369034	-0.1542122081
	-0.1742050214	-0.1689231539	-0.1798073112	-0.1775300233	-0.1818017127
	-0.1815526476	-0.1813090203	-0.1823676899	-0.1791196115	-0.1810149018
	-0.175806268	-0.178237397	-0.1718167021	-0.174579599	-0.1675169268
	-0.1704589725	-0.1632023641	-0.1662009046	-0.1590982334	-0.1620525411
	-0.1553619464	-0.1581907366	-0.1520911821	-0.1547311352	-0.1493361591
	-0.1517395684	-0.1471130257	-0.1492442829	-0.1454157958	-0.1472470762
	-0.1442253647	-0.145732	-0.1435150596	-0.1446709868	-0.1432526723
	-0.1440262121	-0.1433990154	-0.1437492084	-0.1439029058	-0.1437766329
	-0.144692066	-0.1440224681	-0.1456591961	-0.144365981	-0.1466420975
	-0.1446350009	-0.1473966227	-0.1445835065	-0.1475626606	-0.1438652772
	-0.1466185847	-0.142001538	-0.1438298606	-0.1383477451	-0.1381807164
	-0.1320516992	-0.1283260312	-0.1220370521	-0.1125517585	-0.1069985793
	-0.0888870091	-0.08552755835	-0.05563820129	-0.05639421185	-0.01373595809
	-0.01961269492	0.02559871714	0.01872506272	0.03395332301	0.03711189739
	-0.004598298672	0.01005983261	-0.05105196358	-0.04004137706	-0.08431600941
	-0.07402840856	-0.122056343	-0.1051588303	-0.193967878	-0.167874843
	0.7805617336	0.4833294639	-0.4818095982	-0.2527277658	-0.404846761
	-0.4462881121	-0.2001469533	-0.2656797899	-0.09174431267	-0.1312104409
	-0.05841598333	-0.06723679448	-0.06805650266	-0.05577758133	-0.09567306983
	-0.07509014788	-0.1254074603	-0.1055474884	-0.1497174776	-0.1344972993
	-0.1665592844	-0.1565018557	-0.1766110764	-0.1708013212	-0.1814488695
	-0.1786641424	-0.1826396395	-0.1818287101	-0.1814236327	-0.1818303215
	-0.1786971853	-0.1798237146	-0.1750934882	-0.1766209596	-0.1710622183
	-0.1727824978	-0.1669238465	-0.1686937582	-0.1629028819	-0.1646171626
	-0.1591493714	-0.1607256294	-0.1557549619	-0.157125107	-0.1527661056
	-0.1538709172	-0.150194957	-0.1509800216	-0.1480277587	-0.1484401301
	-0.1462304668	-0.1462158951	-0.1447515086	-0.1442523677	-0.1435218438
	-0.1424758941	-0.1424529904	-0.1407929474	-0.1414338674	-0.1390878597
	-0.1403256274	-0.1372198986	-0.1389524947	-0.1350180794	-0.1370891865
	-0.132273184	-0.134448403	-0.1287297681	-0.1306701772	-0.1240825128
	-0.1253170403	-0.1179806266	-0.1178668646	-0.1100405268	-0.1076952569
	-0.09984006038	-0.09409715775	-0.08692558341	-0.07632664876	-0.07084968722
	-0.05390690147	-0.05141632018	-0.02686580103	-0.0288717561	0.00278028686
	-0.004569516689	0.02705597755	0.0170450892	0.02532259932	0.02272516083
	-0.01592277808	-0.005816720639	-0.05928418788	-0.05269845028	-0.08297258852
	-0.07660004492	-0.1164725401	-0.1003897002	-0.1920310928	-0.1612752557
	-0.1134680428	-0.2156500132	-0.3277007336	-0.2773571646	-0.2591948164
	-0.208355273	-0.1733190635	-0.1441265195	-0.1067222953	-0.1041270846
	-0.0616127413	-0.07028278151	-0.04620536249	-0.04489819979	-0.06051485621
	-0.04247329376	-0.0909859991	-0.06471760078	-0.1229093061	-0.09807390594
	-0.1482004199	-0.1290412569	-0.1649512574	-0.1516561499	-0.1743436908
	-0.1655911793	-0.1783712001	-0.1727153628	-0.1788257791	-0.1751347374
	-0.1770431244	-0.1745272528	-0.1739421855	-0.1720734809	-0.1701326069
	-0.1685581716	-0.1660105176	-0.1644880149	-0.1618268863	-0.1601822144
	-0.1577330548	-0.1558342676	-0.1538107138	-0.1515526312	-0.1500920694
	-0.1473873537	-0.1465735607	-0.143347795	-0.1432251138	-0.1394144136
	-0.1399961839	-0.1355465755	-0.1368195632	-0.1316876869	-0.1336138511
	-0.127768725	-0.1302858392	-0.1237113053	-0.1267350259	-0.1194321458
	-0.1228604996	-0.1148510799	-0.1185501546	-0.1098943906	-0.113638966
	-0.1044660955	-0.1079045275	-0.09842214986	-0.10110095	-0.09159411597
	-0.09301627579	-0.08384626547	-0.08350122805	-0.07513366763	-0.07247250954
	-0.06549422837	-0.05997548601	-0.05508741629	-0.04624118353	-0.0442329315
	-0.03182523026	-0.03349811173	-0.01764768943	-0.02370168314	-0.005433024638
	-0.01606851503	0.001416179864	-0.01240429176	-0.006209164608	-0.01711428927
	-0.03759209558	-0.03744560228	-0.07428852085	-0.07297076879	-0.0843318033
	-0.0852989777	-0.1107212795	-0.09315400362	-0.1870596735	-0.1542634418
	-0.3178120337	-0.224524213	-0.1239596199	-0.1647857104	-0.05179249164
	-0.02909121568	-0.03566392502	-0.00642651828	-0.03675445318	-0.01206616649
	-0.03532091141	-0.01841137017	-0.02613708911	-0.01857760024	-0.01931435249
	-0.01044776876	-0.0329063374	-0.004937788997	-0.06472330152	-0.0206371207
	-0.09823410044	-0.05119412424	-0.1240995073	-0.08165838002	-0.1408137502
	-0.1049749077	-0.1500158181	-0.1201798342	-0.1539020924	-0.1287488388
	-0.154279373	-0.1325655303	-0.1524333289	-0.133179617	-0.1492280601
	-0.1317100647	-0.1452294088	-0.128924449	-0.1408029025	-0.1253379837
	-0.1361806836	-0.1212929048	-0.1315039944	-0.1170130683	-0.1268493151
	-0.1126394385	-0.1222453643	-0.1082531784	-0.1176839737	-0.1038913043
	-0.1131284579	-0.09955752122	-0.1085347321	-0.09523640534	-0.1038727733
	-0.0909153011	-0.09911570662	-0.08658963254	-0.09423002278	-0.08225335186
	-0.08917909093	-0.07789776919	-0.08392921674	-0.07351654405	-0.0784562758
	-0.06911180504	-0.07275403609	-0.06470106264	-0.06684547184	-0.060325665
	-0.06079737393	-0.05606088421	-0.05473888603	-0.05202847888	-0.04888177567
	-0.04840800196	-0.04354148484	-0.04545177056	-0.0391489477	-0.04348407025
	-0.03625747714	-0.04291468323	-0.0355039959	-0.04419577669	-0.03763733057
	-0.04784416749	-0.04345788823	-0.05437942749	-0.05488320747	-0.06460956977
	-0.07426953042	-0.07982189148	-0.09787222508	-0.1013922974	-0.09361682465
	-0.1043795636	-0.1054097997	-0.09523706291	-0.1792497658	-0.1441937111
	-0.1726926236	-0.166979334	-0.07337214923	-0.06995136093	-0.0002593108379
	-0.007501038986	0.004701987229	-0.0007177395206	-0.002802217445	-0.006042159739
	0.0003005597569	0.007630945119	0.0232915031	0.07308530244	0.06101178365
	0.2102928645	0.08684789368	0.2858890736	0.08948840653	0.1958602148
	0.06949181717	0.1364083677	0.03528771445	0.1005926285	0.001626064577
	0.06486897137	-0.02510299941	0.03249099408	-0.04430636426	0.006337881117
	-0.05730211644	-0.01345719544	-0.0656582568	-0.02791063093	-0.07069507676
	-0.03823111951	-0.07341097002	-0.04547678906	-0.07452885302	-0.05048165034
	-0.07456260942	-0.05387362388	-0.07387447139	-0.05611551706	-0.07271858694
	-0.05754474128	-0.07127246219	-0.05840583526	-0.06965936814	-0.05887529269
	-0.06796427588	-0.05908009103	-0.06624533737	-0.05911139306	-0.06454229299
	-0.05903472523	-0.0628828159	-0.05889764051	-0.0612875388	-0.05873563123
	-0.05977437798	-0.05857690057	-0.05836257881	-0.05844647188	-0.05707681473
	-0.05836999767	-0.05595158826	-0.05837755607	-0.05503613252	-0.05850762439
	-0.05439955849	-0.05881136389	-0.0541366538	-0.05935717793	-0.05437222557
	-0.06023526508	-0.05526665011	-0.06156291785	-0.05701596984	-0.06348686383
	-0.05985591638	-0.06619442513	-0.06406293145	-0.06990534824	-0.06995696108
	-0.07491984729	-0.07796913293	-0.08159079755	-0.08871513966	-0.09050919778
	-0.1032255402	-0.1025463282	-0.1209105974	-0.1186317005	-0.1138231092
	-0.1298071245	-0.1046725822	-0.1028323509	-0.1675227719	-0.1358355446
	-0.07412964169	-0.04265913649	-0.01196859535	-0.03848014022	0.02812430178
	0.1040570384	0.1076596013	0.3616621514	0.298579486	0.3578259911
	0.5709251814	0.1064739634	0.6364715305	-0.1093125926	0.2834697918
	-0.2001313362	-0.07062874533	-0.2031581384	-0.1349605236	-0.1690134622
	-0.09028275128	-0.1298693515	-0.04997043956	-0.09876488307	-0.03030272177
	-0.07819153816	-0.02480792498	-0.06641138366	-0.02652568962	-0.06064111105
	-0.03121666043	-0.05855878466	-0.0366912556	-0.05853976306	-0.04194044979
	-0.05955609837	-0.04656871734	-0.06100162129	-0.05047927902	-0.06254177848
	-0.05370936142	-0.06400722993	-0.05634779592	-0.06532419468	-0.05849531091
	-0.06647149309	-0.06024681575	-0.06745486122	-0.06168457763	-0.06829220078
	-0.06287673261	-0.06900543784	-0.06387821867	-0.0696163431	-0.06473272391
	-0.07014467007	-0.06547495998	-0.07060763837	-0.06613299018	-0.0710202047
	-0.06673052518	-0.07139582466	-0.06728922606	-0.07174755913	-0.06783110223
	-0.07208949103	-0.06838113019	-0.0724384615	-0.06897017399	-0.07281619466
	-0.06963838234	-0.0732518493	-0.0704390572	-0.07378509272	-0.07144305695
	-0.07446976808	-0.07274437743	-0.07537803028	-0.0744646321	-0.0766055773
	-0.07676413762	-0.07827619209	-0.07984020624	-0.08054879696	-0.08396159155
	-0.083620435	-0.08943905906	-0.08772773678	-0.09676808045	-0.09317146118
	-0.1065023443	-0.1002110796	-0.1194643946	-0.1094223741	-0.1317072934
	-0.119853533	-0.1106804714	-0.1266646077	-0.1479814701	-0.1205114089
	-0.1042732096	-0.1044876921	-0.0890807021	-0.0956731546	-0.07834882289
	-0.08864384893	-0.07181452124	-0.08399298833	-0.06891851512	-0.08102495396
	-0.06777283961	-0.07911118314	-0.06781050989	-0.07789974985	-0.06845950932
	-0.07708291799	-0.06938125953	-0.07656331033	-0.07032338752	-0.07624627135
	-0.07113290587	-0.07606860704	-0.07177209928	-0.07598350924	-0.07225597225
	-0.07595487446	-0.07264400104	-0.07596417923	-0.07298322213	-0.0759970939
	-0.07330369855	-0.07604621902	-0.07361648135	-0.07610523176	-0.07392046905
	-0.07616928022	-0.07420930012	-0.07623416313	-0.0744762534	-0.07629675957
	-0.07471685303	-0.07635506643	-0.07492951307	-0.07640819467	-0.07511511977
	-0.07645610892	-0.07527609679	-0.07649924392	-0.07541548457	-0.07653810865
	-0.07553631942	-0.07657304057	-0.07564143484	-0.07660422442	-0.07573357541
	-0.07663193733	-0.07581561665	-0.07665681676	-0.07589076977	-0.07667996848
	-0.075962815	-0.07670294417	-0.076036474	-0.07672775694	-0.07611800748
	-0.07675705463	-0.07621606156	-0.07679447007	-0.07634277751	-0.07684512046
	-0.0765151587	-0.07691623827	-0.07675669689	-0.07701792206	-0.07709922868
	-0.07716398088	-0.0775847659	-0.07737283852	-0.07826728771	-0.07766816751
	-0.07921250447	-0.07807917377	-0.08049679103	-0.078638642	-0.08219548691
	-0.07937900052	-0.08436891351	-0.08032128187	-0.08703023918	-0.081455213
	-0.09006575289	-0.08274969862	-0.09359984352	-0.08408510202	-0.09738944552
	-0.08586517555	-0.1098484626	-0.08858986217	-0.1217552055	-0.09890308083
	
