1331	
	0.03667552738	0.03132413177	-0.01552190865	-0.009817155302	0.009094717874
	-0.007130098777	7.23449017e-05	-0.008312682974	-0.00253452055	-0.01134356483
	0.07699851944	0.01739305838	-0.007207409825	0.04206916354	-0.541245114
	-0.1259978736	-0.103628334	-0.01943448911	0.0006547136634	-0.0005799952557
	-0.0006560685888	0.00511987485	0.0005600729082	-0.0004155267071	2.765005097e-05
	-0.002364202913	-0.0007098201555	0.005624641212	-0.001305422947	0.02820489337
	0.006103516207	0.005705210663	0.005750347293	-0.001074969615	0.00694058549
	0.006903013813	-0.0006682093015	-0.000931830433	0.005710176387	-0.0008276431576
	-0.0006732165813	-0.00220572566	0.01249532347	0.01323680549	0.0133228904
	0.01170788523	0.01333683164	0.01319099737	0.01150525255	0.01109055919
	0.01305719261	0.01261747483	0.01163476404	0.01194184009	0.01306124571
	0.014099597	0.01334852037	0.01306882619	0.01456517955	0.01386482189
	0.01400451128	0.01416101019	0.0131648923	0.01392443923	0.01414639784
	0.01434952904	0.04434098364	0.04341495479	0.01247853245	0.004232549796
	-0.8806594923	-0.1928558313	-0.162050016	-0.2174199773	-0.7296607651
	-0.001219193247	-0.001432692389	0.001298062293	-0.004426774152	0.02349360231
	0.02634393089	0.007063655437	0.006396296508	-0.001198613708	0.007369303443
	-0.0008390269092	-0.0006069548425	0.01298770157	0.01209546602	0.01193958045
	0.01312339814	0.01142379168	0.01235740589	0.01349853306	0.01299834471
	0.01322166713	0.01341353475	0.01440074033	0.01391924691	0.003201892627
	2.76026168e-05	-0.0005005501994	-0.0004240251231	-0.001009351714	-0.001144204557
	0.00236238383	0.001860484876	-0.0002878933037	0.009506733907	9.422109727e-05
	0.002407832377	0.005115890106	0.01980202741	0.03761462818	-0.008822677243
	-0.008628872482	-0.0015375126	-0.004631657719	-0.004533290968	-0.00404139282
	-0.004042998792	-0.008392869288	-0.0008545547326	-0.005210668949	-0.005550855001
	-0.004020358774	-0.005511525555	0.001534192644	0.002202490026	-0.01033546444
	-0.01054926468	-0.00440152026	-0.005834720198	-0.01096037149	0.00720524422
	0.007673663585	0.007801810903	0.01081322339	0.01116590973	0.002753949732
	0.00272980699	0.007740594907	0.007306774177	0.00339983757	0.007765604878
	0.005589499459	0.01021682745	0.009347857204	0.007520561147	0.007466503477
	0.006642298571	0.005643938234	0.01063227502	0.008271644215	0.001168968251
	-0.001890748955	0.01280842818	-0.0007371179166	-0.004661960605	-0.005272753907
	0.001444986039	0.007999226428	0.0108716801	0.01009227664	0.009289684491
	-0.01321149846	-0.01215675075	-0.01238188863	-0.005902850191	-0.006670118318
	-0.007439007879	-0.01422188117	-0.01404132744	-0.01239685195	-0.01537829534
	-0.005244641373	-0.01564748499	-0.01357944928	-0.002566758268	-0.001081649615
	-0.01407087203	-0.0143388922	-0.01173206256	-0.01362186767	-0.01256192547
	-0.009507822086	-0.009828190239	-0.01424523222	-0.01135570922	-0.008762666327
	-0.007240480114	-0.008840257436	-0.01665553752	-0.01509901525	-0.01370780737
	-0.01658252235	-0.0176476783	-0.007959694498	-0.01744038374	-0.01721084951
	0.009462519397	0.01073239171	-0.00102866414	0.007088859775	0.007418642537
	0.001228664772	0.001962212884	0.01004795589	-0.001941826913	0.00115285655
	0.01125020218	0.01142918981	0.007690969905	0.008949939377	0.007178308572
	0.01040278766	0.01102292105	0.00952474117	0.009006268928	0.01090783869
	-0.006036622925	-0.008837091628	-0.003943516166	-0.01130418159	-0.0134125428
	-0.01652259908	-0.01150993022	-0.0007414125799	0.00670207093	0.007377455935
	0.008245052891	0.05278256087	0.03000141292	0.02297538823	-0.01306159418
	-0.004985916889	-0.008362407685	0.03024035513	0.03182033042	0.02377587829
	0.04257869569	-0.009966945068	0.03370488659	0.04920271397	0.0005289648789
	-0.005820303398	-0.006543154341	-0.007746682068	-0.007852203973	-0.005630064936
	-0.006515139834	-0.002059986084	-0.00644136713	-0.005946709571	-0.006318061024
	9.742499226e-05	0.007610623463	0.009503798643	-0.0059724351	0.001436073225
	0.000211002982	0.00672664653	0.006831741494	0.009621373654	-0.005260495872
	0.003859941617	0.01437220909	0.0141172656	0.00943177581	0.0153006627
	0.01431741785	0.01177975905	0.0122585174	0.0141909648	0.008447126858
	0.01058662952	0.0143161338	0.01380816203	0.01272668395	0.01380188675
	0.01267328612	0.01372925127	0.01356195945	0.01357867091	0.01439977086
	0.0140758471	-0.005272442173	-0.009338847319	0.007463494211	-0.01074976782
	-0.01060783237	-0.007787970057	0.0007776039176	0.008673827999	0.01338074194
	0.01273563892	0.01355271333	0.3274532581	0.1259718536	0.1039721436
	0.08683096932	0.07896426366	0.06955114194	0.200601127	0.2124727827
	0.1019406711	0.3619661553	0.1035352123	0.2710846235	0.3167012965
	0.1224165716	0.1319054668	-0.009639823124	-0.02194760755	-0.01619304929
	-0.0112795038	-0.01169532239	-0.01000940278	-0.0157035981	-0.01753560851
	-0.01152546059	0.004606941619	0.02151696966	0.009465688683	0.007174339771
	0.01193243543	0.008901956459	0.007438812764	0.004742989042	0.01187775673
	0.0089480129	0.01590126259	0.01664231752	0.01428056228	0.01172873878
	0.01418811297	0.01354559264	0.0116775923	0.01180496391	0.01467803349
	0.01329753268	0.0180643859	0.01134392237	0.009878165995	0.01371474804
	0.0135780301	0.01266175335	0.0135607557	0.01359897641	0.009967411531
	0.01425774711	0.01533696502	0.1177511459	0.07164350295	0.1507959572
	-0.0170055024	-0.01407163003	0.00807790606	0.009793307494	0.01259064668
	0.01379358514	0.01352703125	0.01284548299	0.04189014389	-0.00796117463
	0.01068888489	0.004656931208	-0.002594451321	0.00285830627	-0.008023555321
	0.03576409547	-0.1895036972	-0.001079182683	0.001499241916	-0.0007621809981
	-0.001316817887	-0.002385515336	-0.0006233835667	0.008172334303	8.963892285e-05
	0.008691292683	-0.000380913732	0.0001333816188	0.006973256846	0.01631688365
	0.01403962213	0.0157634376	0.01287106436	0.0142174109	0.01508126687
	0.01471252668	0.01484525181	0.01549411353	0.01475911548	0.01634774753
	0.01432392441	0.0320366591	0.03942769291	0.008467478337	0.003363649654
	-1.119505438	-0.2554172656	-0.237097923	-0.2847100316	-0.9972068061
	0.00178357726	0.0005193397784	0.002304148981	-0.003276438771	0.01930377222
	0.02400018506	0.0104575576	0.009015043419	0.0005264842945	0.01052410626
	0.001362107869	0.00104602879	0.01670472499	0.01573034616	0.01627533262
	0.01676040347	0.01496709112	0.01681629394	0.0160784562	0.01555640292
	0.01605408273	0.01561656754	0.01614594299	0.01669633666	0.01026277954
	-0.0002057115789	0.003230967809	8.549786707e-05	0.001554760886	0.003919861694
	-0.0004164370089	0.00399664549	0.01890504078	-0.008944809506	-0.001915396081
	-0.00496674425	-0.004345848982	-0.004958517192	-0.009223732784	-0.00414341048
	-0.005036372883	0.002014751513	-0.01003521836	-0.00975766828	-0.004453038939
	0.008340408671	0.00833409828	0.01158336139	0.002654628163	0.002518742228
	0.007923846339	0.007081460339	0.01080722525	0.008819036167	0.007670104619
	0.008007369556	0.007385395284	0.005508806777	0.001110836331	0.02525685053
	-0.0006604302139	-0.004906494341	-0.004382605349	0.001939293402	0.008996921799
	0.01254220179	0.01133703475	0.009731960731	-0.01163490327	-0.01173050457
	-0.006753018779	-0.007654066151	-0.01299406683	-0.01272432245	-0.01209730243
	-0.01332713892	-0.003372168535	-0.01415402978	-0.01127250646	-0.01265338243
	-0.01100102879	-0.01031826861	-0.01461271572	-0.01207960762	-0.01648372917
	-0.01300579075	-0.01811504644	-0.01863710807	-0.01057680738	0.01551568214
	-0.001784130332	0.007487614005	0.00163942275	2.171729097e-05	0.01341881007
	0.01983061743	0.01064384605	0.01246720036	0.01663237474	0.01931098146
	0.01804181627	-0.005781874683	-0.008975109928	-0.0008291655122	-0.01145567319
	-0.01445827402	-0.01643545472	-0.0120287662	-0.002474194314	0.008136169174
	0.01158957088	0.01291208631	0.07088209215	0.0321379963	-0.004062289242
	-0.004472044783	0.04002045746	0.04476669024	0.02750541113	0.06931389215
	0.01405993836	-0.01199756859	-0.007645147101	-0.01107632589	-0.004667404435
	-0.005882884536	-0.01094489001	0.008329434436	-0.01182775385	-0.002527044391
	0.003100244767	0.002022387833	0.009815593672	0.01721087032	0.008591842462
	0.01649546781	0.01254820499	0.01381741972	0.01494379965	0.01789536922
	0.01650227435	0.01820279595	0.0156398456	0.01772345635	0.01623144359
	0.001793111122	-0.006408650848	0.0186116181	-0.01084412841	-0.01305767904
	-0.0120267058	-0.00340535538	0.008589476097	0.01901120953	0.02094936975
	0.02140550285	0.422450145	0.1454621125	0.138831469	0.0848594659
	0.3031553831	0.274854282	0.1176031487	0.4382286367	0.1962497505
	-0.02784925286	-0.01698545248	-0.0162913535	-0.01490701171	-0.009135102135
	-0.02502553261	0.009435686127	0.006124016204	0.01083620555	0.002593194252
	0.001664337628	0.009669658021	0.01736081696	0.01232460954	0.01438965704
	0.01157574967	0.01254929326	0.01567745847	0.01141149772	0.01503178594
	0.01386220899	0.01546142197	0.01706671764	0.01111336165	0.1410774378
	0.09230166802	0.1922508897	-0.01043218634	-0.01901398713	0.004805473337
	0.01027421647	0.01357034765	0.01622759682	0.01693193506	0.01479658518
	0.036436102	-0.007110003954	0.003627651693	0.003517650196	-0.002306895004
	0.003343636287	-0.005931820311	0.03397245788	-0.2532032397	-0.001051900524
	0.0005081877253	-7.677672557e-05	-0.001429715039	-0.002138978741	-0.001311185179
	0.008143803243	0.001534252947	0.0109074379	0.0007276391443	0.0004130220733
	0.008954145966	0.01454701798	0.01579962998	0.01649966585	0.01455102255
	0.01293205304	0.01600804596	0.01362624958	0.01601474836	0.01606582619
	0.01558300179	0.01456234643	0.01509576629	0.03898699847	0.03579072498
	0.009979214216	0.001473309382	-1.15805575	-0.2856855749	-0.2606414076
	-0.274832584	-1.147901032	-0.001929502116	0.001602957887	-3.845658234e-05
	-0.002441780835	0.0202798801	0.01842747807	0.01081299598	0.01146759492
	0.001102716999	0.01043798808	0.001732904231	0.001000982443	0.01606430673
	0.01677553668	0.01463475254	0.01543840171	0.01646716223	0.01574709953
	0.01498330465	0.01667491065	0.01475181722	0.01424444441	0.01668597506
	0.01591897524	0.01342825906	-0.001047148655	0.005244881306	0.0002875070821
	0.003007818027	0.003890515909	-0.0003106008163	0.01001138875	0.02414884061
	-0.009275920337	-0.002798198498	-0.004869535973	-0.004668671072	-0.005567502332
	-0.008848720974	-0.004367470203	-0.004016105363	0.002967377421	-0.008972872441
	-0.009941842196	-0.003928506827	0.008376821396	0.009637342364	0.01229650416
	0.002767613052	0.002643528059	0.008161578697	0.007824253376	0.01183391518
	0.01013053522	0.008185897741	0.008378859442	0.007981078589	0.006729349364
	-0.0003184711136	0.02949614744	-0.002842858275	-0.006129091294	-0.004582642651
	0.001940312479	0.008846335616	0.01197858726	0.0112575796	0.01043524749
	-0.01122103367	-0.01212673695	-0.006382936899	-0.008622712999	-0.01197852268
	-0.01259841349	-0.01154868228	-0.01182446545	-0.001742176717	-0.01484872305
	-0.01129895146	-0.01305068303	-0.01107593734	-0.01139052013	-0.01420276875
	-0.01055755302	-0.01583944711	-0.01214397532	-0.0177145766	-0.01792146066
	-0.01129188564	0.01312273319	-0.00230231737	0.007631603797	0.001032611019
	0.0009049987592	0.01442135017	0.01732142269	0.01073222593	0.01180589561
	0.01804482567	0.01621094745	0.01853456644	-0.006482801783	-0.009268455699
	-0.0002488136816	-0.01192728804	-0.01491211037	-0.01615344935	-0.0110253039
	-0.001672443721	0.007446355744	0.01015149326	0.01137882164	0.0678974464
	0.03329137008	0.0008422724258	-0.0001416532309	0.04689112536	0.04605248511
	0.031691459	0.07491004432	0.01544966511	-0.01162050025	-0.006554336455
	-0.01237808882	-0.002651347589	-0.003885597399	-0.01216928674	0.0076537858
	-0.01275907053	-0.003747114006	-0.0006542211476	3.141802359e-05	0.007818289097
	0.01605890571	0.009142711854	0.01878299134	0.01416134074	0.01394917874
	0.01685228967	0.01714825764	0.01934845454	0.01992491936	0.01764948898
	0.01652626645	0.01798907763	0.004410366877	-0.002902206114	0.01746258076
	-0.008739114145	-0.01347593175	-0.01232685997	-0.002323319907	0.009207450843
	0.01683906541	0.01810261136	0.01901890769	0.4151550697	0.1473031383
	0.1453145371	0.09015208915	0.3234150069	0.2691224803	0.1309968978
	0.4791028579	0.2127894593	-0.02706792029	-0.01271281789	-0.01894610926
	-0.009768873665	-0.003125463332	-0.02820726379	0.007467138881	0.002655510949
	0.0096696486	-0.001298492328	-0.002031986381	0.00845147215	0.01710965744
	0.01374063707	0.01639143708	0.01264570971	0.0121902034	0.01829475308
	0.01174660398	0.01736490578	0.01585322782	0.01799769883	0.01675286861
	0.0126860721	0.1406720587	0.09180354377	0.1838814237	-0.003767722881
	-0.01802764317	0.001512114271	0.008777225213	0.01307273227	0.01550880544
	0.01610952081	0.01471702204	0.04391536607	-0.01361557172	0.00628581485
	-0.00234552765	-0.005022197835	-0.003745829984	-0.009872898153	0.0405974034
	-0.2330739399	-0.001516931791	-0.004479063516	-0.001850671196	-0.001058521788
	-0.002449772886	-0.002116463375	0.005241348394	0.0006873591718	0.007903436612
	-0.0001760226003	-0.0006989863797	0.006517688578	0.01099818194	0.01183309919
	0.01278536164	0.0110122595	0.009147337872	0.01247157346	0.0109538142
	0.012472831	0.01276618028	0.01221992635	0.01107095242	0.01223884733
	0.03294846826	0.03610574404	0.001928713179	-0.01320921041	-1.010671232
	-0.2523271853	-0.2067063518	-0.2332179851	-1.081062595	-0.003175669471
	-0.00347280496	-0.005696132269	-0.003343441798	0.01193248702	0.01177068675
	0.00583011844	0.007956553123	-0.0002932888346	0.005798808287	0.0009051643543
	-2.05439134e-05	0.01104326082	0.01284992703	0.00969254525	0.01107195116
	0.01237294519	0.0101479736	0.01140051363	0.0126781642	0.01102337359
	0.01112410662	0.01282285653	0.01135581	0.007560819683	-0.003403868659
	0.004672075332	-0.001319075129	0.001478902838	0.0001571423599	-0.001322235744
	0.008695938347	0.02211587931	-0.009655729534	-0.005375164343	-0.00603425057
	-0.004713060807	-0.006267871894	-0.01014130532	-0.003813457926	-0.004943398839
	0.001815379485	-0.01035240562	-0.009742202249	-0.004527781932	0.008008462465
	0.007713314818	0.01075029373	0.002589717751	0.003357487605	0.007802006051
	0.00668573519	0.01015951784	0.009282799598	0.007594377935	0.007270784621
	0.007270008243	0.001965966175	-0.003859846484	0.02831844037	-0.004917534516
	-0.005664515131	-0.004360375118	0.001594717405	0.007331220967	0.01041788342
	0.009478387452	0.009125677085	-0.01321374735	-0.01473919356	-0.006702184553
	-0.00930625574	-0.01338646986	-0.01426356009	-0.0129962377	-0.01306095492
	-0.001878353485	-0.01547196534	-0.01357336334	-0.0155542076	-0.01259554814
	-0.01439304505	-0.01599204102	-0.006068792395	-0.01633325706	-0.01059134082
	-0.01681359422	-0.01520415934	-0.008578499191	0.009569611362	-0.001161226146
	0.00704407881	0.002403157828	0.003595465506	0.01114075771	0.01056306341
	0.008452167571	0.008525527057	0.01340365552	0.01052203284	0.01344721637
	-0.005766434392	-0.00760223642	-0.00148078322	-0.01323794419	-0.01529061199
	-0.0154475204	-0.008945785001	0.00037086068	0.006591924557	0.007421264773
	0.007433273814	0.04467645553	0.02413848913	0.001048908839	0.0005641552323
	0.04002968976	0.03294843114	0.02785316008	0.06177003469	0.009091968947
	-0.00834992775	-0.008436904469	-0.01351789369	-0.002257451387	-0.004004633447
	-0.01043677449	0.007807860283	-0.01111180527	-0.0007217630563	0.0004712032088
	0.001326141387	0.007824362284	0.0134992918	0.009214991155	0.01449993224
	0.01299412531	0.01280002075	0.01436085442	0.0136366518	0.01503939029
	0.01573414613	0.01484846669	0.01358962968	0.01503076227	0.001174332971
	-0.0006664937686	0.006443595682	-0.009539717211	-0.01243091116	-0.00877214392
	0.0007575109763	0.008935343849	0.01243258467	0.0132633625	0.01355088797
	0.4031677007	0.1178684014	0.1452052336	0.08321903404	0.3313450699
	0.2419211378	0.1185516175	0.4963420764	0.2067071974	-0.0201004234
	-0.01559975046	-0.01518726341	-0.01515118374	-0.005455105316	-0.02315758612
	0.007120561037	0.003282853388	0.008668732821	-0.0001852408887	-0.0008646917344
	0.007898861164	0.01448978886	0.01259809206	0.01427781979	0.01227214465
	0.0115731748	0.01558161987	0.01201404386	0.0146703738	0.01399734224
	0.0149425276	0.01427583239	0.01161431151	0.1251385736	0.07420024717
	0.1564932149	-0.005190347479	-0.01267576475	0.001487942384	0.007691035285
	0.0120703983	0.01361044392	0.01367600315	0.01329832568	0.07885832331
	-0.01514953472	0.005431993341	-0.008001217015	-0.01319709617	0.00323965078
	-0.01378569785	0.04992687634	-0.1655034532	-0.0008899789973	-0.003658221496
	-0.001853561516	-0.002451870738	-0.003855113549	-0.001931303453	0.006384033971
	0.0001602533918	0.006097507157	0.000150693493	0.0009871692511	0.005381057541
	0.01182849857	0.01001803079	0.01118751782	0.009739616436	0.01080279159
	0.01116693424	0.01325675106	0.0106421953	0.01101643833	0.01046315292
	0.01186898492	0.01081243482	-0.002782106367	0.02483920358	0.01027953902
	-0.01736845418	-0.8963709336	-0.2200224104	-0.136161063	-0.2264247429
	-0.9401499209	-0.009528340483	-0.004737428372	-0.007686929866	-0.001997694484
	0.003008312444	-0.01433575988	0.002649121386	0.004512421946	0.0003510933148
	0.006131919613	-0.001464514399	-0.005077946591	0.009322610201	0.0100170531
	0.01063805792	0.01138331042	0.009266561731	0.008094719217	0.01273699412
	0.01103997008	0.01185151098	0.01343438605	0.01017833892	0.01049100066
	0.01564565667	-0.004532365175	0.004577877744	-0.00111562175	-0.0005788405664
	0.002150434918	-0.004267617607	0.009424665418	0.0256682936	-0.01021172525
	-0.004533414986	-0.004977155377	-0.007014953713	-0.008226060124	-0.0100420238
	-0.003397836894	-0.003525623134	0.001874542203	-0.009580169847	-0.009758057679
	-0.003758080033	0.008153358121	0.007518981093	0.01040054751	0.004232002201
	0.004888833673	0.008126575313	0.009117660268	0.009464926737	0.009627649513
	0.007307299605	0.008625212704	0.007118917419	0.004714426423	0.001628494874
	0.04398766305	-0.003824703221	-0.004324294298	-0.002897934072	0.002195975958
	0.008277174452	0.01015316947	0.01032771261	0.01169176426	-0.01093478263
	-0.01597994933	-0.005574771713	-0.007899108011	-0.01458236227	-0.01420871553
	-0.01539886239	-0.0124700431	-0.001368255842	-0.01605978116	-0.01335363528
	-0.01507955069	-0.0149667769	-0.01534593744	-0.01513066215	-0.005052729966
	-0.01535624593	-0.008740728536	-0.01445404481	-0.01500072214	-0.005326403535
	0.0112169681	0.0007127553742	0.006775882332	0.004580493258	0.005436601329
	0.01034166524	0.00828127308	0.007301797695	0.006304929173	0.01095119162
	0.01131847541	0.009191676322	-0.005553962911	-0.007405432407	0.001062316774
	-0.01377573625	-0.01598180359	-0.01607709642	-0.009079558966	0.001121269327
	0.006654968739	0.008023905629	0.007052026962	0.03044654778	0.02780755962
	-0.0001018243606	0.001197157096	0.030833546	0.03390402775	0.02603226992
	0.03352675301	-0.001813288453	-0.008404886424	-0.009223135911	-0.01190758385
	0.0003215505602	7.605708479e-05	-0.007226551707	0.008004670916	-0.008536656802
	0.001294272747	-0.0002574788086	-0.001615172264	0.007867675476	0.01487743926
	0.008872060534	0.01254165653	0.01243634687	0.01244845257	0.01372582859
	0.01223480752	0.01335804507	0.01234054667	0.01409205678	0.0147300688
	0.01297490143	0.001174902472	-0.0003809408362	-0.002563940686	-0.00897251159
	-0.01336863587	-0.00928573452	0.001505242377	0.009335162945	0.01380085929
	0.01400713795	0.01127414609	0.2750093152	0.09085660144	0.1125424177
	0.06426128409	0.2415117635	0.1745510955	0.08752930475	0.3815114258
	0.1243349411	-0.01556454226	-0.006708167674	-0.009772768996	-0.009785539173
	0.001132729459	-0.0158413876	0.007952254219	0.0008261382278	0.008265377575
	-0.001747666132	-0.002423610523	0.006851500197	0.01362427122	0.01253104294
	0.01392225696	0.01196454272	0.01212325479	0.01400596022	0.01316205105
	0.01415507321	0.01343321875	0.01386933297	0.01380555409	0.01281814731
	0.09320214811	0.06710014937	0.09678373202	0.004028342298	-0.01063051967
	-8.018025101e-05	0.009639395506	0.01320838923	0.01447525665	0.01420181501
	0.01283129082	
