5000	
	6.994329401e-05	6.993890195e-05	6.916554714e-05	6.893553763e-05	6.841236716e-05
	6.771001094e-05	6.787934505e-05	6.671294012e-05	6.758528974e-05	6.608628893e-05
	6.748544753e-05	6.579441663e-05	6.751981627e-05	6.574929277e-05	6.763405917e-05
	6.586262738e-05	6.778646379e-05	6.606272145e-05	6.794837957e-05	6.629768755e-05
	6.81020323e-05	6.653329409e-05	6.82376769e-05	6.674910381e-05	6.835095232e-05
	6.693447343e-05	6.844077191e-05	6.708512192e-05	6.850780654e-05	6.72005034e-05
	6.855348582e-05	6.728197196e-05	6.857939796e-05	6.733160665e-05	6.858697054e-05
	6.735153105e-05	6.857733817e-05	6.734357559e-05	6.855132879e-05	6.730916311e-05
	6.850951791e-05	6.724933086e-05	6.845230912e-05	6.716482651e-05	6.838001749e-05
	6.705623774e-05	6.829295831e-05	6.692413923e-05	6.81915518e-05	6.676925775e-05
	6.807644667e-05	6.659265788e-05	6.794865895e-05	6.639594571e-05	6.780972112e-05
	6.618148529e-05	6.766183667e-05	6.595262012e-05	6.750803309e-05	6.571388949e-05
	6.735230268e-05	6.54712256e-05	6.71997163e-05	6.523211225e-05	6.70564897e-05
	6.500567959e-05	6.692997612e-05	6.480270268e-05	6.682855407e-05	6.463546604e-05
	6.676137738e-05	6.451745617e-05	6.673795861e-05	6.446284894e-05	6.676756779e-05
	6.448576729e-05	6.68584437e-05	6.459929539e-05	6.701684049e-05	6.481424857e-05
	6.724595211e-05	6.513771919e-05	6.754481526e-05	6.557145206e-05	6.790726243e-05
	6.611014289e-05	6.832118569e-05	6.673983187e-05	6.876792597e-05	6.743651132e-05
	6.922254813e-05	6.816535575e-05	6.965323082e-05	6.887989289e-05	7.002211035e-05
	6.952293408e-05	7.028730911e-05	7.002729395e-05	7.034666436e-05	7.034647782e-05
	6.888440552e-05	6.907191901e-05	6.733184547e-05	6.727208793e-05	6.574476958e-05
	6.565306495e-05	6.444876571e-05	6.416073409e-05	6.360812057e-05	6.305222001e-05
	6.319078909e-05	6.239488347e-05	6.309392694e-05	6.212076233e-05	6.32089348e-05
	6.212228324e-05	6.344487021e-05	6.229706934e-05	6.373394632e-05	6.256313667e-05
	6.402986485e-05	6.286111554e-05	6.430365337e-05	6.315147567e-05	6.453903953e-05
	6.341013451e-05	6.472830306e-05	6.362401338e-05	6.486898121e-05	6.378723614e-05
	6.496148879e-05	6.389821631e-05	6.500754501e-05	6.395762143e-05	6.500923286e-05
	6.396707694e-05	6.496851289e-05	6.392843162e-05	6.488704076e-05	6.384341726e-05
	6.47661758e-05	6.371356788e-05	6.460710388e-05	6.354030125e-05	6.441102877e-05
	6.332509891e-05	6.417940675e-05	6.306974571e-05	6.391420987e-05	6.277660532e-05
	6.361820727e-05	6.244891522e-05	6.329525403e-05	6.209108695e-05	6.295057535e-05
	6.170899671e-05	6.259103056e-05	6.13102491e-05	6.222533758e-05	6.090439429e-05
	6.186423468e-05	6.050307628e-05	6.152055318e-05	6.012008781e-05	6.120917377e-05
	5.977130853e-05	6.094683992e-05	5.947450563e-05	6.075180518e-05	5.924898192e-05
	6.064329431e-05	5.911505965e-05	6.064075876e-05	5.909338746e-05	6.07629036e-05
	5.920404993e-05	6.10264542e-05	5.946544365e-05	6.14446254e-05	5.989286619e-05
	6.202524758e-05	6.049674418e-05	6.276853801e-05	6.128043321e-05	6.366450621e-05
	6.223752754e-05	6.46902031e-05	6.33487549e-05	6.580679985e-05	6.457856562e-05
	6.695773268e-05	6.58721923e-05	6.806692678e-05	6.71538989e-05	6.904557613e-05
	6.833133788e-05	6.980446136e-05	6.931130917e-05	7.02884985e-05	7.003443741e-05
	6.740868623e-05	6.806244287e-05	6.545757771e-05	6.531928318e-05	6.404971908e-05
	6.392935159e-05	6.273606941e-05	6.273515265e-05	6.168592605e-05	6.162685748e-05
	6.101321877e-05	6.079047415e-05	6.069374559e-05	6.029402339e-05	6.064273518e-05
	6.009519889e-05	6.076759875e-05	6.011195978e-05	6.098955933e-05	6.026226817e-05
	6.124934339e-05	6.047909773e-05	6.150613163e-05	6.071346222e-05	6.173403295e-05
	6.093247323e-05	6.19180735e-05	6.111576564e-05	6.205061193e-05	6.125183376e-05
	6.212853198e-05	6.133494686e-05	6.215125552e-05	6.136284756e-05	6.211946747e-05
	6.133519869e-05	6.203439053e-05	6.12526426e-05	6.189745225e-05	6.111631486e-05
	6.171021519e-05	6.092767257e-05	6.147447566e-05	6.068852879e-05	6.119246569e-05
	6.040121528e-05	6.08671144e-05	6.006881931e-05	6.050233775e-05	5.96954564e-05
	6.010333273e-05	5.928654976e-05	5.967685448e-05	5.884909181e-05	5.923145556e-05
	5.839186542e-05	5.877766589e-05	5.792560312e-05	5.832809303e-05	5.746306476e-05
	5.789742427e-05	5.7019017e-05	5.750231697e-05	5.661010432e-05	5.716116996e-05
	5.625460848e-05	5.689377473e-05	5.597210071e-05	5.6720849e-05	5.578299462e-05
	5.666345234e-05	5.570800531e-05	5.674227263e-05	5.576750929e-05	5.697675263e-05
	5.59807796e-05	5.738399675e-05	5.636504174e-05	5.797736868e-05	5.693426324e-05
	5.876465823e-05	5.76975567e-05	5.974570487e-05	5.865706773e-05	6.090937615e-05
	5.980523792e-05	6.223004846e-05	6.112150648e-05	6.366388756e-05	6.256877772e-05
	6.514673166e-05	6.409107881e-05	6.659579378e-05	6.561496582e-05	6.792534653e-05
	6.706216642e-05	6.907664268e-05	6.837782347e-05	7.003796479e-05	6.956426733e-05
	6.589358296e-05	6.709872064e-05	6.341247027e-05	6.332043568e-05	6.245958951e-05
	6.210162779e-05	6.166623126e-05	6.154626357e-05	6.079141812e-05	6.085702674e-05
	6.003585906e-05	6.009095289e-05	5.953228887e-05	5.946995725e-05	5.92842532e-05
	5.908344207e-05	5.92341477e-05	5.891295149e-05	5.931219843e-05	5.889932152e-05
	5.945745021e-05	5.898013374e-05	5.962373243e-05	5.91038887e-05	5.977915728e-05
	5.923296758e-05	5.990330351e-05	5.934207229e-05	5.998401247e-05	5.941531315e-05
	6.001462236e-05	5.944334692e-05	5.999190027e-05	5.942109231e-05	5.991465752e-05
	5.934612459e-05	5.97829238e-05	5.921766713e-05	5.959753427e-05	5.903604158e-05
	5.936000051e-05	5.880244135e-05	5.907256481e-05	5.851891827e-05	5.873836416e-05
	5.818849908e-05	5.836165026e-05	5.781537064e-05	5.794802549e-05	5.740508841e-05
	5.750466298e-05	5.696477247e-05	5.704048399e-05	5.650326253e-05	5.656627002e-05
	5.603120816e-05	5.609469109e-05	5.556107591e-05	5.564023796e-05	5.51070618e-05
	5.521905346e-05	5.468490563e-05	5.484866647e-05	5.431161292e-05	5.454764021e-05
	5.400509808e-05	5.433515017e-05	5.378376706e-05	5.423050582e-05	5.366605697e-05
	5.425262086e-05	5.366994191e-05	5.441941923e-05	5.381239837e-05	5.474713875e-05
	5.410880151e-05	5.524946374e-05	5.457219643e-05	5.593639057e-05	5.521236464e-05
	5.681270892e-05	5.603459095e-05	5.787601287e-05	5.703806003e-05	5.911422946e-05
	5.821389013e-05	6.050300668e-05	5.954308086e-05	6.200374914e-05	6.099510185e-05
	6.356491714e-05	6.252910867e-05	6.513030757e-05	6.41011118e-05	6.66621132e-05
	6.568246213e-05	6.817249648e-05	6.728784386e-05	6.970679088e-05	6.899192792e-05
	6.451855008e-05	6.624319543e-05	6.141350626e-05	6.147963497e-05	6.076021012e-05
	6.023243262e-05	6.065210323e-05	6.025830028e-05	6.026635259e-05	6.021616389e-05
	5.964292011e-05	5.977255642e-05	5.90530338e-05	5.917162059e-05	5.863804011e-05
	5.865879295e-05	5.841026208e-05	5.831935169e-05	5.832656497e-05	5.813977409e-05
	5.833310972e-05	5.807323622e-05	5.838320774e-05	5.807130865e-05	5.844188976e-05
	5.809483093e-05	5.848512925e-05	5.811557753e-05	5.849740791e-05	5.811459563e-05
	5.846921165e-05	5.807979823e-05	5.83950334e-05	5.800383252e-05	5.827199075e-05
	5.788251678e-05	5.809897757e-05	5.771383227e-05	5.787621795e-05	5.749735402e-05
	5.760509673e-05	5.723399212e-05	5.72881654e-05	5.692593377e-05	5.692924644e-05
	5.657670165e-05	5.653357908e-05	5.619126512e-05	5.610796273e-05	5.577615633e-05
	5.566086448e-05	5.533955504e-05	5.520246481e-05	5.489131428e-05	5.474462273e-05
	5.444290773e-05	5.430074996e-05	5.40072878e-05	5.388559256e-05	5.359865295e-05
	5.351492784e-05	5.323213245e-05	5.320519269e-05	5.292340484e-05	5.297306464e-05
	5.268827261e-05	5.283501781e-05	5.25422163e-05	5.280687015e-05	5.249994781e-05
	5.290332739e-05	5.257497302e-05	5.313751286e-05	5.277916183e-05	5.352045524e-05
	5.312231106e-05	5.406049231e-05	5.361167876e-05	5.476254919e-05	5.425147563e-05
	5.562727052e-05	5.5042327e-05	5.665006937e-05	5.598079053e-05	5.782028557e-05
	5.705912529e-05	5.912100239e-05	5.826574077e-05	6.053051405e-05	5.95870943e-05
	6.202823376e-05	6.101289381e-05	6.360708063e-05	6.254626595e-05	6.529372386e-05
	6.421963211e-05	6.71730439e-05	6.611609272e-05	6.933626583e-05	6.837429013e-05
	6.332932958e-05	6.550792638e-05	5.95972385e-05	5.986550555e-05	5.90317771e-05
	5.844886079e-05	5.949857373e-05	5.884925331e-05	5.975290548e-05	5.946078109e-05
	5.947232596e-05	5.952639183e-05	5.892923781e-05	5.911140765e-05	5.841157272e-05
	5.856465659e-05	5.803401728e-05	5.810120678e-05	5.779928956e-05	5.777729563e-05
	5.766969611e-05	5.757394045e-05	5.760242818e-05	5.745148256e-05	5.756189871e-05
	5.737214488e-05	5.752203706e-05	5.730650399e-05	5.746503318e-05	5.723368905e-05
	5.737927308e-05	5.713967958e-05	5.72575012e-05	5.701543536e-05	5.709549261e-05
	5.685542826e-05	5.689121566e-05	5.665666374e-05	5.664437275e-05	5.641810932e-05
	5.635619887e-05	5.614041159e-05	5.602941761e-05	5.582579474e-05	5.56682776e-05
	5.547805647e-05	5.527861173e-05	5.510259802e-05	5.486787615e-05	5.470644143e-05
	5.444513756e-05	5.429819998e-05	5.402098721e-05	5.388797843e-05	5.36073697e-05
	5.348719005e-05	5.321732424e-05	5.310828705e-05	5.286464581e-05	5.276441113e-05
	5.256348231e-05	5.246897908e-05	5.232788974e-05	5.223522531e-05	5.217137031e-05
	5.20757258e-05	5.21064172e-05	5.20019285e-05	5.214408455e-05	5.202371172e-05
	5.229359635e-05	5.214899086e-05	5.256200558e-05	5.238339634e-05	5.295392306e-05
	5.273006165e-05	5.347135766e-05	5.318959206e-05	5.411375366e-05	5.376033522e-05
	5.487836386e-05	5.443912596e-05	5.576116179e-05	5.522270669e-05	5.67584869e-05
	5.610996187e-05	5.786965853e-05	5.710503135e-05	5.910134809e-05	5.82216255e-05
	6.047548476e-05	5.948930485e-05	6.203848158e-05	6.096076846e-05	6.387619177e-05
	6.272315273e-05	6.613619185e-05	6.491763888e-05	6.895011068e-05	6.774117559e-05
	6.232137959e-05	6.488504254e-05	5.800500764e-05	5.848037935e-05	5.737700423e-05
	5.682132462e-05	5.821824018e-05	5.739945681e-05	5.909131021e-05	5.853322829e-05
	5.93041054e-05	5.918062503e-05	5.895542069e-05	5.910548644e-05	5.842309597e-05
	5.8637301e-05	5.794283471e-05	5.81134462e-05	5.758356176e-05	5.768116021e-05
	5.733442097e-05	5.736347674e-05	5.716141823e-05	5.713632175e-05	5.70308082e-05
	5.696650177e-05	5.69159003e-05	5.682509348e-05	5.679752247e-05	5.669033991e-05
	5.666261877e-05	5.654698489e-05	5.650266476e-05	5.638480364e-05	5.631243182e-05
	5.619728381e-05	5.608917568e-05	5.598069522e-05	5.583216956e-05	5.573352148e-05
	5.554247224e-05	5.545615365e-05	5.522283386e-05	5.515074525e-05	5.487766383e-05
	5.482114644e-05	5.451300439e-05	5.447285586e-05	5.413646947e-05	5.411294535e-05
	5.375712116e-05	5.374992722e-05	5.338526747e-05	5.339354539e-05	5.303217553e-05
	5.3054483e-05	5.270970434e-05	5.274398846e-05	5.242986939e-05	5.247343106e-05
	5.220435853e-05	5.225380344e-05	5.204402212e-05	5.20951926e-05	5.195836226e-05
	5.200624338e-05	5.195504675e-05	5.199364008e-05	5.203947745e-05	5.206163899e-05
	5.221445668e-05	5.221170256e-05	5.248002613e-05	5.244232579e-05	5.283360679e-05
	5.274921061e-05	5.327063643e-05	5.312602603e-05	5.378595596e-05	5.356604869e-05
	5.437616319e-05	5.406492425e-05	5.504296691e-05	5.462453342e-05	5.579715895e-05
	5.525747042e-05	5.666267611e-05	5.599138974e-05	5.768127313e-05	5.687295965e-05
	5.891747566e-05	5.797120167e-05	6.046390762e-05	5.938127492e-05	6.245534685e-05
	6.123492502e-05	6.509494669e-05	6.372382725e-05	6.855865202e-05	6.710518895e-05
	6.147360877e-05	6.436053335e-05	5.663143722e-05	5.730181184e-05	5.585371194e-05
	5.537171907e-05	5.688746599e-05	5.598559223e-05	5.82546216e-05	5.74727657e-05
	5.901585876e-05	5.866577695e-05	5.89960094e-05	5.903694828e-05	5.855210558e-05
	5.876563379e-05	5.803037159e-05	5.8258792e-05	5.758329235e-05	5.776443351e-05
	5.723917479e-05	5.736228847e-05	5.697892392e-05	5.705214793e-05	5.67734582e-05
	5.680929489e-05	5.659692242e-05	5.660717491e-05	5.642964556e-05	5.642416799e-05
	5.62576965e-05	5.624441007e-05	5.607167925e-05	5.605691249e-05	5.586563759e-05
	5.585446937e-05	5.563628331e-05	5.563280073e-05	5.538252389e-05	5.538999256e-05
	5.510520012e-05	5.51261676e-05	5.480694352e-05	5.484329844e-05	5.449208059e-05
	5.454508514e-05	5.416652984e-05	5.423683811e-05	5.383765387e-05	5.392532433e-05
	5.351404266e-05	5.36185493e-05	5.320521571e-05	5.332546003e-05	5.292124153e-05
	5.305556461e-05	5.267228089e-05	5.281847277e-05	5.246806722e-05	5.26233681e-05
	5.231734126e-05	5.247842662e-05	5.222725994e-05	5.239019837e-05	5.22028026e-05
	5.236297272e-05	5.224620812e-05	5.239815821e-05	5.235650303e-05	5.249373762e-05
	5.252923567e-05	5.264392062e-05	5.275662319e-05	5.283922224e-05	5.302843357e-05
	5.306733301e-05	5.333400546e-05	5.331524794e-05	5.366573144e-05	5.357304147e-05
	5.402394223e-05	5.383923075e-05	5.442243738e-05	5.412685953e-05	5.48932342e-05
	5.446869135e-05	5.548953811e-05	5.492019709e-05	5.628752705e-05	5.556036e-05
	5.73877409e-05	5.649162565e-05	5.891979278e-05	5.784285424e-05	6.105950627e-05
	5.978253562e-05	6.406391119e-05	6.254994803e-05	6.816472412e-05	6.647009108e-05
	6.076209433e-05	6.391985214e-05	5.545417362e-05	5.630158534e-05	5.448256886e-05
	5.409657224e-05	5.557577468e-05	5.465511502e-05	5.728548431e-05	5.634610742e-05
	5.856143013e-05	5.798445983e-05	5.896347957e-05	5.884119935e-05	5.871422185e-05
	5.887222718e-05	5.822270369e-05	5.846792901e-05	5.773222212e-05	5.796584749e-05
	5.732276387e-05	5.751430647e-05	5.699744975e-05	5.714626823e-05	5.673536279e-05
	5.685031905e-05	5.651312548e-05	5.66045201e-05	5.631144e-05	5.638849075e-05
	5.611601948e-05	5.618637041e-05	5.591692912e-05	5.598677617e-05	5.570770075e-05
	5.578204196e-05	5.548462426e-05	5.556747543e-05	5.524627582e-05	5.534081867e-05
	5.499322762e-05	5.51019005e-05	5.47278617e-05	5.485241237e-05	5.445421986e-05
	5.459573812e-05	5.417783802e-05	5.433678156e-05	5.39055296e-05	5.408175181e-05
	5.364509636e-05	5.383788081e-05	5.340495645e-05	5.361305966e-05	5.31936888e-05
	5.341538945e-05	5.301949876e-05	5.325264897e-05	5.288961353e-05	5.313168414e-05
	5.280961695e-05	5.305772491e-05	5.278273522e-05	5.30336357e-05	5.280909554e-05
	5.305911399e-05	5.288501054e-05	5.312988177e-05	5.30024142e-05	5.323698889e-05
	5.314870629e-05	5.336649082e-05	5.330744942e-05	5.349997858e-05	5.346053243e-05
	5.36166529e-05	5.359237293e-05	5.369763605e-05	5.36962108e-05	5.373267431e-05
	5.378145785e-05	5.372816375e-05	5.387996988e-05	5.37141187e-05	5.404906172e-05
	5.374758223e-05	5.437103129e-05	5.391190899e-05	5.495140264e-05	5.431386301e-05
	5.591897263e-05	5.508205326e-05	5.743281914e-05	5.637174842e-05	5.970545316e-05
	5.838340206e-05	6.304984086e-05	6.140416087e-05	6.776884578e-05	6.583714973e-05
	6.01651365e-05	6.355016868e-05	5.444737611e-05	5.545306984e-05	5.326368562e-05
	5.298201277e-05	5.432817277e-05	5.343079101e-05	5.624552739e-05	5.521203256e-05
	5.794904399e-05	5.717750884e-05	5.880941559e-05	5.849701926e-05	5.884910955e-05
	5.890520004e-05	5.846530514e-05	5.868911596e-05	5.798180336e-05	5.823946127e-05
	5.754025012e-05	5.777759345e-05	5.717406391e-05	5.73788351e-05	5.687479388e-05
	5.705073364e-05	5.662355809e-05	5.677876867e-05	5.640239002e-05	5.654509629e-05
	5.619715995e-05	5.633450343e-05	5.599769091e-05	5.613556418e-05	5.57971761e-05
	5.594035081e-05	5.559157106e-05	5.57438628e-05	5.537913643e-05	5.554353135e-05
	5.516012695e-05	5.533886335e-05	5.493657e-05	5.513118873e-05	5.471207335e-05
	5.492345394e-05	5.449161362e-05	5.472001011e-05	5.428127108e-05	5.452635721e-05
	5.40878898e-05	5.434881878e-05	5.391865194e-05	5.419413264e-05	5.378056213e-05
	5.406894963e-05	5.367983981e-05	5.397923516e-05	5.362121656e-05	5.392956631e-05
	5.360713268e-05	5.392231242e-05	5.36368297e-05	5.395668639e-05	5.370535974e-05
	5.402767161e-05	5.380260398e-05	5.412489553e-05	5.391254831e-05	5.423167726e-05
	5.401332929e-05	5.432476288e-05	5.407888837e-05	5.437564708e-05	5.408322585e-05
	5.435463383e-05	5.400776209e-05	5.423838579e-05	5.385083938e-05	5.402015116e-05
	5.363649526e-05	5.371961393e-05	5.341903518e-05	5.338835505e-05	5.32818996e-05
	5.310894734e-05	5.333299875e-05	5.298966811e-05	5.370085965e-05	5.31591915e-05
	5.453577678e-05	5.376579469e-05	5.602109952e-05	5.498590649e-05	5.840403648e-05
	5.704927076e-05	6.205717311e-05	6.029251236e-05	6.737138149e-05	6.520791549e-05
	5.966470657e-05	6.324092693e-05	5.358711276e-05	5.473360922e-05	5.218795531e-05
	5.201139437e-05	5.316860812e-05	5.232000935e-05	5.51890699e-05	5.41117937e-05
	5.721628969e-05	5.629603571e-05	5.851860418e-05	5.801534762e-05	5.891538846e-05
	5.883496805e-05	5.871616285e-05	5.888319013e-05	5.82942236e-05	5.854889187e-05
	5.785656873e-05	5.811882771e-05	5.747482593e-05	5.77179242e-05	5.71579756e-05
	5.737881273e-05	5.689413925e-05	5.709776095e-05	5.666784277e-05	5.686107976e-05
	5.646566834e-05	5.665495264e-05	5.627748361e-05	5.64682761e-05	5.609629226e-05
	5.629304431e-05	5.591778165e-05	5.612403332e-05	5.57399038e-05	5.59583854e-05
	5.556255631e-05	5.579526184e-05	5.538733698e-05	5.563557402e-05	5.521732364e-05
	5.548175428e-05	5.505683468e-05	5.533752164e-05	5.491113631e-05	5.520760512e-05
	5.478607381e-05	5.50973977e-05	5.468761143e-05	5.501252184e-05	5.462126882e-05
	5.495829094e-05	5.459143863e-05	5.493904781e-05	5.460056181e-05	5.495735172e-05
	5.464812816e-05	5.501297287e-05	5.472947414e-05	5.51016491e-05	5.483439606e-05
	5.521359256e-05	5.494573764e-05	5.533185897e-05	5.503841267e-05	5.543099036e-05
	5.507981824e-05	5.547687709e-05	5.503310807e-05	5.542943409e-05	5.486470929e-05
	5.524982692e-05	5.455588191e-05	5.491251672e-05	5.411512544e-05	5.441904664e-05
	5.358616398e-05	5.380766667e-05	5.304798851e-05	5.315428695e-05	5.260829108e-05
	5.256568534e-05	5.23955961e-05	5.217049419e-05	5.25554628e-05	5.211358884e-05
	5.325450529e-05	5.255781316e-05	5.46968919e-05	5.369712673e-05	5.716361399e-05
	5.578892957e-05	6.109068256e-05	5.922102991e-05	6.697357288e-05	6.458517081e-05
	5.924644535e-05	6.29837476e-05	5.285304595e-05	5.412481195e-05	5.124314435e-05
	5.116866729e-05	5.210718132e-05	5.132184255e-05	5.415539354e-05	5.30707147e-05
	5.640888266e-05	5.538563564e-05	5.810097156e-05	5.742549718e-05	5.888865485e-05
	5.86517257e-05	5.894248957e-05	5.902157398e-05	5.863850846e-05	5.886425994e-05
	5.824278566e-05	5.851013166e-05	5.787142839e-05	5.813661094e-05	5.755620004e-05
	5.780739381e-05	5.729521004e-05	5.753338431e-05	5.707692907e-05	5.730703408e-05
	5.688931597e-05	5.711685356e-05	5.672259048e-05	5.695248342e-05	5.656970793e-05
	5.680602877e-05	5.642614218e-05	5.667211875e-05	5.628954043e-05	5.654762342e-05
	5.615941454e-05	5.643134067e-05	5.603688567e-05	5.632372687e-05	5.592445155e-05
	5.622665989e-05	5.58257374e-05	5.614319971e-05	5.574519687e-05	5.607731129e-05
	5.568773621e-05	5.603351971e-05	5.565823908e-05	5.601647154e-05	5.566096665e-05
	5.603037427e-05	5.56987965e-05	5.607827445e-05	5.577224485e-05	5.616111403e-05
	5.587819749e-05	5.627647833e-05	5.600827788e-05	5.641693675e-05	5.614685901e-05
	5.656792766e-05	5.626897642e-05	5.67053523e-05	5.633896069e-05	5.679358451e-05
	5.631151329e-05	5.678559187e-05	5.613767545e-05	5.662790755e-05	5.577723751e-05
	5.62727652e-05	5.521533263e-05	5.569592296e-05	5.447623691e-05	5.491291345e-05
	5.36272623e-05	5.39850435e-05	5.277195436e-05	5.301306038e-05	5.20385095e-05
	5.212459695e-05	5.157079974e-05	5.146356835e-05	5.152651025e-05	5.118623491e-05
	5.208484909e-05	5.146629542e-05	5.346841209e-05	5.251270598e-05	5.599129372e-05
	5.460924625e-05	6.015595556e-05	5.81960057e-05	6.657759103e-05	6.397282147e-05
	5.889913676e-05	6.277207921e-05	5.222856056e-05	5.361206502e-05	5.04168011e-05
	5.043962795e-05	5.114594276e-05	5.043136023e-05	5.316975466e-05	5.210257569e-05
	5.556814378e-05	5.448095248e-05	5.758140712e-05	5.676273239e-05	5.875991832e-05
	5.836150715e-05	5.911948774e-05	5.908566604e-05	5.898847895e-05	5.916078403e-05
	5.867398505e-05	5.892732906e-05	5.833928186e-05	5.861133845e-05	5.804417527e-05
	5.831245797e-05	5.780017218e-05	5.806039947e-05	5.760146197e-05	5.785611672e-05
	5.743821222e-05	5.769160632e-05	5.730136085e-05	5.755777506e-05	5.718396633e-05
	5.744705767e-05	5.708134028e-05	5.735401544e-05	5.69908276e-05	5.727526075e-05
	5.691153372e-05	5.720921361e-05	5.684407579e-05	5.71558515e-05	5.679035297e-05
	5.711648024e-05	5.675330589e-05	5.70935065e-05	5.673663218e-05	5.709018011e-05
	5.674442613e-05	5.711027278e-05	5.678070948e-05	5.715765818e-05	5.68488097e-05
	5.723574839e-05	5.695051962e-05	5.734671995e-05	5.708493683e-05	5.749042416e-05
	5.724684226e-05	5.766282756e-05	5.742446889e-05	5.785379339e-05	5.759662237e-05
	5.804407082e-05	5.772954579e-05	5.820170284e-05	5.777496267e-05	5.827904885e-05
	5.767234988e-05	5.821342962e-05	5.735933555e-05	5.79359726e-05	5.679115031e-05
	5.739116103e-05	5.59623361e-05	5.656128641e-05	5.491862921e-05	5.548212483e-05
	5.375289455e-05	5.424084275e-05	5.25907414e-05	5.296100852e-05	5.157606686e-05
	5.178638432e-05	5.086333167e-05	5.087137507e-05	5.06187057e-05	5.037999799e-05
	5.103144265e-05	5.049430914e-05	5.23407927e-05	5.143646513e-05	5.489308867e-05
	5.35153734e-05	5.925902517e-05	5.722358242e-05	6.618630103e-05	6.337544057e-05
	5.861406884e-05	6.260080871e-05	5.170031299e-05	5.318383871e-05	4.969747364e-05
	4.98121865e-05	5.028263843e-05	4.964202021e-05	5.224686315e-05	5.121363039e-05
	5.472625664e-05	5.360581693e-05	5.699022068e-05	5.606011545e-05	5.853294196e-05
	5.798077139e-05	5.923007759e-05	5.906640043e-05	5.9321838e-05	5.94183508e-05
	5.912812481e-05	5.934905695e-05	5.885649184e-05	5.91210463e-05	5.859918558e-05
	5.887242473e-05	5.838483432e-05	5.865590686e-05	5.821546238e-05	5.848367985e-05
	5.808448508e-05	5.83526516e-05	5.798401949e-05	5.8255656e-05	5.790740961e-05
	5.818573139e-05	5.784986067e-05	5.813746477e-05	5.78084164e-05	5.810722534e-05
	5.778175665e-05	5.809303894e-05	5.776997472e-05	5.809438198e-05	5.777436653e-05
	5.811197684e-05	5.779721586e-05	5.81475924e-05	5.784154514e-05	5.820382494e-05
	5.791079456e-05	5.828382384e-05	5.8008384e-05	5.839091665e-05	5.813709201e-05
	5.852806971e-05	5.82981478e-05	5.869708366e-05	5.848987097e-05	5.88973606e-05
	5.87056156e-05	5.912398864e-05	5.893072536e-05	5.936479676e-05	5.913834862e-05
	5.95960692e-05	5.928469399e-05	5.97771562e-05	5.930619007e-05	5.984596157e-05
	5.912389066e-05	5.972059437e-05	5.866111342e-05	5.931476618e-05	5.787255242e-05
	5.856825253e-05	5.676934611e-05	5.747732756e-05	5.542345944e-05	5.610392905e-05
	5.395250196e-05	5.456108015e-05	5.249955399e-05	5.299064171e-05	5.121913102e-05
	5.154715323e-05	5.027249709e-05	5.039154612e-05	4.983192444e-05	4.969323148e-05
	5.009510784e-05	4.964115226e-05	5.131656795e-05	5.046940509e-05	5.387368074e-05
	5.251068654e-05	5.840575953e-05	5.630920427e-05	6.580292349e-05	6.279776522e-05
	5.838444506e-05	6.246591249e-05	5.125763528e-05	5.283101739e-05	4.90751018e-05
	4.927622829e-05	4.951292653e-05	4.894691481e-05	5.139426652e-05	5.040552512e-05
	5.390605295e-05	5.277542195e-05	5.635650716e-05	5.534476414e-05	5.822037893e-05
	5.753082866e-05	5.926477033e-05	5.896321763e-05	5.961994219e-05	5.962159172e-05
	5.958546438e-05	5.975640193e-05	5.94033354e-05	5.964672323e-05	5.920072822e-05
	5.946783968e-05	5.902719869e-05	5.929918867e-05	5.88950769e-05	5.916724322e-05
	5.880231336e-05	5.907555474e-05	5.874279514e-05	5.901972504e-05	5.871038731e-05
	5.899375363e-05	5.870025866e-05	5.89923754e-05	5.870915115e-05	5.901173385e-05
	5.873529398e-05	5.904943756e-05	5.877823098e-05	5.910442996e-05	5.883864464e-05
	5.917682735e-05	5.891818354e-05	5.926776284e-05	5.901926868e-05	5.937922426e-05
	5.914483816e-05	5.951385112e-05	5.929797236e-05	5.967463679e-05	5.948130977e-05
	5.986445285e-05	5.969610401e-05	6.008525773e-05	5.994067003e-05	6.033675123e-05
	6.020781892e-05	6.061407429e-05	6.048074723e-05	6.090395723e-05	6.072699021e-05
	6.117868072e-05	6.089119466e-05	6.138797271e-05	6.089086846e-05	6.145199557e-05
	6.062460513e-05	6.126487729e-05	6.000167978e-05	6.072144519e-05	5.898340779e-05
	5.976315789e-05	5.760600651e-05	5.841006778e-05	5.596992327e-05	5.675411809e-05
	5.421328615e-05	5.493031264e-05	5.249057318e-05	5.30922554e-05	5.096229141e-05
	5.140011479e-05	4.979394581e-05	5.001856525e-05	4.916268655e-05	4.912126043e-05
	4.927380908e-05	4.890341227e-05	5.039600853e-05	4.96102196e-05	5.293619069e-05
	5.159675004e-05	5.76013293e-05	5.545719191e-05	6.543072961e-05	6.224427696e-05
	5.820490401e-05	6.236417699e-05	5.089197455e-05	5.254634083e-05	4.854103807e-05
	4.882334366e-05	4.883162735e-05	4.833938321e-05	5.061492536e-05	4.967722541e-05
	5.31226514e-05	5.199879992e-05	5.57047872e-05	5.463709176e-05	5.783955574e-05
	5.703343287e-05	5.922112495e-05	5.878224328e-05	5.986794798e-05	5.976008546e-05
	6.002834062e-05	6.013286582e-05	5.996200499e-05	6.017119297e-05	5.983039766e-05
	6.008125743e-05	5.970749085e-05	5.997174319e-05	5.961872351e-05	5.988665487e-05
	5.956816591e-05	5.983826413e-05	5.955223797e-05	5.982601191e-05	5.956564108e-05
	5.984533481e-05	5.960360412e-05	5.989128557e-05	5.966256686e-05	5.995980882e-05
	5.974027082e-05	6.004806324e-05	5.983566634e-05	6.015440771e-05	5.994878875e-05
	6.027830289e-05	6.008064318e-05	6.042021342e-05	6.023308646e-05	6.058152025e-05
	6.040866615e-05	6.076441476e-05	6.061034908e-05	6.097171639e-05	6.084102579e-05
	6.120651395e-05	6.110258968e-05	6.147145271e-05	6.139423263e-05	6.176734154e-05
	6.17093442e-05	6.20904979e-05	6.203009133e-05	6.242786642e-05	6.231874451e-05
	6.274863483e-05	6.250648317e-05	6.299192505e-05	6.248671672e-05	6.305543863e-05
	6.213043872e-05	6.280262452e-05	6.133595129e-05	6.210982401e-05	6.008305876e-05
	6.093233745e-05	5.844131086e-05	5.932513725e-05	5.653725686e-05	5.740922319e-05
	5.452187713e-05	5.53333611e-05	5.255450316e-05	5.325540357e-05	5.079808451e-05
	5.133700292e-05	4.942108813e-05	4.974511132e-05	4.860531272e-05	4.865753435e-05
	4.856342847e-05	4.827581722e-05	4.957745672e-05	4.885577457e-05	5.208209123e-05
	5.077340672e-05	5.684984645e-05	5.467050854e-05	6.507279496e-05	6.171889633e-05
	5.807115507e-05	6.229299137e-05	5.059643085e-05	5.232397355e-05	4.808792629e-05
	4.84465501e-05	4.823340768e-05	4.781329112e-05	4.990899222e-05	4.902623661e-05
	5.238548616e-05	5.128081098e-05	5.505405884e-05	5.395152749e-05	5.740889827e-05
	5.650808429e-05	5.910257478e-05	5.853397031e-05	6.005507618e-05	5.982837738e-05
	6.044116389e-05	6.046453283e-05	6.051648618e-05	6.067902706e-05	6.047188028e-05
	6.069720465e-05	6.04083037e-05	6.065739971e-05	6.036735299e-05	6.062433839e-05
	6.036114921e-05	6.062145447e-05	6.038963402e-05	6.065339045e-05	6.044877594e-05
	6.071766119e-05	6.053400628e-05	6.080988259e-05	6.064146884e-05	6.092584955e-05
	6.076836574e-05	6.10622305e-05	6.091298182e-05	6.121672254e-05	6.107463215e-05
	6.138804158e-05	6.125361859e-05	6.157589757e-05	6.145120611e-05	6.178099744e-05
	6.166958607e-05	6.200506196e-05	6.191175427e-05	6.225080031e-05	6.218117071e-05
	6.25217315e-05	6.248095394e-05	6.282164281e-05	6.281214068e-05	6.315328181e-05
	6.317012858e-05	6.351549427e-05	6.353775548e-05	6.38973106e-05	6.387293513e-05
	6.426651095e-05	6.409085569e-05	6.455061094e-05	6.405275047e-05	6.461737405e-05
	6.359551001e-05	6.428954234e-05	6.261599521e-05	6.343077424e-05	6.113048546e-05
	6.203155637e-05	5.924615117e-05	6.019044501e-05	5.710663109e-05	5.804853213e-05
	5.486569552e-05	5.57566433e-05	5.268175677e-05	5.346996874e-05	5.071813811e-05
	5.134910122e-05	4.914615769e-05	4.956304442e-05	4.815282133e-05	4.829450342e-05
	4.795842709e-05	4.775193637e-05	4.885770489e-05	4.820158376e-05	5.13112824e-05
	5.003899219e-05	5.615418462e-05	5.395070834e-05	6.473182065e-05	6.12247916e-05
	5.797971812e-05	6.225020353e-05	5.036540514e-05	5.215919211e-05	4.770954728e-05
	4.814005651e-05	4.77131483e-05	4.736314561e-05	4.927499009e-05	4.844936671e-05
	5.170000316e-05	5.06234968e-05	5.441817267e-05	5.329773066e-05	5.694553331e-05
	5.597085269e-05	5.891675936e-05	5.823096102e-05	6.017476727e-05	5.982561992e-05
	6.081055424e-05	6.074032944e-05	6.105249317e-05	6.115652758e-05	6.111097542e-05
	6.130215176e-05	6.11147766e-05	6.13424438e-05	6.112475459e-05	6.13655645e-05
	6.116339793e-05	6.140889803e-05	6.123545265e-05	6.14840126e-05	6.133875055e-05
	6.159137006e-05	6.146914293e-05	6.172751088e-05	6.162250483e-05	6.188817434e-05
	6.179543561e-05	6.206950019e-05	6.198544884e-05	6.226842007e-05	6.219101313e-05
	6.248276684e-05	6.241159351e-05	6.271133725e-05	6.264773845e-05	6.295399842e-05
	6.290119667e-05	6.32118506e-05	6.317499642e-05	6.348740235e-05	6.347334732e-05
	6.378464906e-05	6.380108903e-05	6.410883388e-05	6.416212433e-05	6.446543741e-05
	6.455565488e-05	6.485741898e-05	6.496776851e-05	6.527854572e-05	6.535401891e-05
	6.56982851e-05	6.561002443e-05	6.603179406e-05	6.555064776e-05	6.610344668e-05
	6.497121427e-05	6.567920907e-05	6.379147546e-05	6.463125025e-05	6.208689427e-05
	6.301808505e-05	5.999565384e-05	6.097868588e-05	5.76624973e-05	5.865548691e-05
	5.523380928e-05	5.618893217e-05	5.286322602e-05	5.372679584e-05	5.07139599e-05
	5.142791529e-05	4.896098198e-05	4.946409936e-05	4.779762297e-05	4.802427712e-05
	4.745241766e-05	4.732475955e-05	4.823240571e-05	4.764227153e-05	5.062229575e-05
	4.939063688e-05	5.551595537e-05	5.329802993e-05	6.441001978e-05	6.076429162e-05
	5.79277481e-05	6.223402698e-05	5.019434738e-05	5.204817058e-05	4.740067992e-05
	4.789908435e-05	4.726614137e-05	4.698413609e-05	4.871058284e-05	4.79432055e-05
	5.106889372e-05	5.002707947e-05	5.380673736e-05	5.26818077e-05	5.646406448e-05
	5.543422191e-05	5.867371291e-05	5.788599845e-05	6.022455504e-05	5.975479823e-05
	6.112555232e-05	6.095226521e-05	6.155741988e-05	6.159174914e-05	6.173558644e-05
	6.188444532e-05	6.181475812e-05	6.201570416e-05	6.187786237e-05	6.209870724e-05
	6.196046902e-05	6.218783096e-05	6.207378598e-05	6.230373005e-05	6.221833723e-05
	6.245099131e-05	6.239073141e-05	6.262761558e-05	6.258664884e-05	6.282946253e-05
	6.280202302e-05	6.305212736e-05	6.303345685e-05	6.329165364e-05	6.327838178e-05
	6.354479795e-05	6.353519455e-05	6.380919232e-05	6.380346713e-05	6.408356201e-05
	6.408424534e-05	6.436805365e-05	6.438038755e-05	6.466465819e-05	6.46968142e-05
	6.497763847e-05	6.504039409e-05	6.531375549e-05	6.541887155e-05	6.568184839e-05
	6.583742953e-05	6.609072138e-05	6.628936302e-05	6.654260064e-05	6.673232085e-05
	6.701461308e-05	6.703714761e-05	6.74105683e-05	6.694309417e-05	6.748287367e-05
	6.620063923e-05	6.691436916e-05	6.48094578e-05	6.565135092e-05	6.291845486e-05
	6.385333526e-05	6.067083898e-05	6.166924338e-05	5.819318885e-05	5.921824298e-05
	5.561727933e-05	5.662154361e-05	5.309069566e-05	5.401796169e-05	5.077744248e-05
	5.156556766e-05	4.885752566e-05	4.944035512e-05	4.753205284e-05	4.783911154e-05
	4.703865354e-05	4.698716901e-05	4.76964852e-05	4.717200252e-05	5.001258093e-05
	4.882461196e-05	5.493560552e-05	5.271159153e-05	6.410906587e-05	6.033888848e-05
	5.791292452e-05	6.224298572e-05	5.007958726e-05	5.198784262e-05	4.715699544e-05
	4.771974414e-05	4.688820076e-05	4.667214842e-05	4.82130822e-05	4.750443305e-05
	5.049303792e-05	4.949071565e-05	5.322611531e-05	5.21073438e-05	5.597622362e-05
	5.490747881e-05	5.838426704e-05	5.751087339e-05	6.020558398e-05	5.962166368e-05
	6.137783138e-05	6.109553771e-05	6.2020283e-05	6.197453896e-05	6.23356358e-05
	6.243416219e-05	6.249891114e-05	6.266855495e-05	6.26170344e-05	6.281545464e-05
	6.274171802e-05	6.294929606e-05	6.289275767e-05	6.310248754e-05	6.307452172e-05
	6.328533375e-05	6.328489757e-05	6.349808755e-05	6.351953475e-05	6.373704383e-05
	6.377366491e-05	6.399729875e-05	6.404281913e-05	6.427388939e-05	6.432313118e-05
	6.456225294e-05	6.461157239e-05	6.485849246e-05	6.49062871e-05	6.515969913e-05
	6.520709611e-05	6.546445398e-05	6.551615815e-05	6.577354534e-05	6.583869024e-05
	6.609085124e-05	6.618351109e-05	6.642422008e-05	6.656288697e-05	6.678598637e-05
	6.699035556e-05	6.719227565e-05	6.747243223e-05	6.765855813e-05	6.797968206e-05
	6.818162815e-05	6.835253671e-05	6.86653733e-05	6.817944203e-05	6.871368017e-05
	6.720318464e-05	6.789884365e-05	6.561529433e-05	6.642233798e-05	6.359913499e-05
	6.450656547e-05	6.125929605e-05	6.224913767e-05	5.869078846e-05	5.972939063e-05
	5.600909361e-05	5.704807485e-05	5.335699559e-05	5.433678796e-05	5.090115961e-05
	5.175499451e-05	4.882826202e-05	4.948453871e-05	4.734877035e-05	4.773176059e-05
	4.67104339e-05	4.673231274e-05	4.724453047e-05	4.678486009e-05	4.947883023e-05
	4.833668052e-05	5.441259894e-05	5.218964643e-05	6.383009674e-05	5.994931249e-05
	5.79333877e-05	6.22758851e-05	5.0018229e-05	5.197581981e-05	4.697498785e-05
	4.759895923e-05	4.657573191e-05	4.642377572e-05	4.777978933e-05	4.713002805e-05
	4.997222738e-05	4.901303781e-05	5.268031218e-05	5.157620975e-05	5.54910485e-05
	5.439731774e-05	5.805888474e-05	5.711577361e-05	6.012181943e-05	5.943358749e-05
	6.156182196e-05	6.11684052e-05	6.243163931e-05	6.229656812e-05	6.290285413e-05
	6.294284367e-05	6.316071231e-05	6.329477285e-05	6.333627965e-05	6.351093695e-05
	6.350064715e-05	6.36884487e-05	6.36848934e-05	6.38746835e-05	6.38988274e-05
	6.408780843e-05	6.414241288e-05	6.433148964e-05	6.441159036e-05	6.460299591e-05
	6.470093253e-05	6.489709887e-05	6.500475142e-05	6.520776856e-05	6.531756257e-05
	6.552886124e-05	6.563439493e-05	6.585446074e-05	6.595121998e-05	6.61792489e-05
	6.626565674e-05	6.649913788e-05	6.657801709e-05	6.681230351e-05	6.689264389e-05
	6.712064643e-05	6.721934689e-05	6.743154422e-05	6.757455678e-05	6.775956622e-05
	6.798144699e-05	6.812765009e-05	6.846657472e-05	6.856679612e-05	6.903885117e-05
	6.910961958e-05	6.95269246e-05	6.972310837e-05	6.911370656e-05	6.960479251e-05
	6.785313883e-05	6.844784916e-05	6.616011667e-05	6.687861321e-05	6.41134204e-05
	6.495996579e-05	6.175479387e-05	6.271283066e-05	5.915043295e-05	6.018503412e-05
	5.640383356e-05	5.746386842e-05	5.365598673e-05	5.467769944e-05	5.107851715e-05
	5.199000973e-05	4.886641524e-05	4.959020851e-05	4.724104904e-05	4.769571889e-05
	4.646142605e-05	4.655388806e-05	4.6871132e-05	4.647516287e-05	4.901730554e-05
	4.792242603e-05	5.394564845e-05	5.17298636e-05	6.357376422e-05	5.959565934e-05
	5.798770569e-05	6.233179826e-05	5.000809263e-05	5.201034865e-05	4.685193687e-05
	4.753442655e-05	4.632578586e-05	4.623633572e-05	4.740823524e-05	4.681741896e-05
	4.950569869e-05	4.859254139e-05	5.217169221e-05	5.108919553e-05	5.501531354e-05
	5.390847663e-05	5.770697152e-05	5.670912734e-05	5.997909595e-05	5.919853948e-05
	6.167465909e-05	6.117178579e-05	6.278345598e-05	6.255131152e-05	6.34303742e-05
	6.34030577e-05	6.379626732e-05	6.38901477e-05	6.403339352e-05	6.418370691e-05
	6.42352157e-05	6.440480483e-05	6.444745169e-05	6.461949576e-05	6.468755544e-05
	6.485668413e-05	6.49587707e-05	6.512514049e-05	6.525791116e-05	6.542399294e-05
	6.557910405e-05	6.574810137e-05	6.59153924e-05	6.609047587e-05	6.625934703e-05
	6.644320926e-05	6.660334709e-05	6.679777824e-05	6.693994456e-05	6.714523521e-05
	6.726263076e-05	6.747669428e-05	6.756725683e-05	6.778450327e-05	6.785419639e-05
	6.806441886e-05	6.813097511e-05	6.831871005e-05	6.841460914e-05	6.8559251e-05
	6.873257167e-05	6.880866479e-05	6.912064603e-05	6.909644145e-05	6.960597615e-05
	6.94385338e-05	6.996298892e-05	6.971288971e-05	6.92661952e-05	6.938049106e-05
	6.802494319e-05	6.840015814e-05	6.642059679e-05	6.699841885e-05	6.4458136e-05
	6.521342822e-05	6.215601172e-05	6.306096164e-05	5.956931538e-05	6.058354223e-05
	5.679721516e-05	5.786537432e-05	5.398245311e-05	5.503600318e-05	5.130380586e-05
	5.22652863e-05	4.89661059e-05	4.975184976e-05	4.720297557e-05	4.772537766e-05
	4.62859098e-05	4.644634554e-05	4.657116888e-05	4.623771538e-05	4.862414179e-05
	4.757753941e-05	5.353296753e-05	5.132960516e-05	6.334031746e-05	5.927754861e-05
	5.807485826e-05	6.241005909e-05	5.004768619e-05	5.209029048e-05	4.678589643e-05
	4.752460315e-05	4.613610951e-05	4.610789724e-05	4.709636022e-05	4.656460318e-05
	4.909252655e-05	4.822787097e-05	5.170155443e-05	5.064662663e-05	5.455404158e-05
	5.34443202e-05	5.733659119e-05	5.629773374e-05	5.978418103e-05	5.892432035e-05
	6.17158909e-05	6.110861976e-05	6.306890473e-05	6.273392134e-05	6.391203204e-05
	6.380772765e-05	6.440379788e-05	6.445167072e-05	6.470992305e-05	6.4835439e-05
	6.494809141e-05	6.51023845e-05	6.518270898e-05	6.534116175e-05	6.544191767e-05
	6.55952517e-05	6.573403649e-05	6.588098581e-05	6.605773959e-05	6.620075309e-05
	6.640724151e-05	6.65503115e-05	6.677454262e-05	6.692218934e-05	6.715012218e-05
	6.730687634e-05	6.75228677e-05	6.769278056e-05	6.787973889e-05	6.806544968e-05
	6.820570605e-05	6.840646657e-05	6.848490743e-05	6.869306915e-05	6.870445687e-05
	6.890143676e-05	6.886136511e-05	6.901766388e-05	6.896860354e-05	6.905196034e-05
	6.905211575e-05	6.90377487e-05	6.913344684e-05	6.900997208e-05	6.919271228e-05
	6.89763086e-05	6.910657086e-05	6.888294544e-05	6.866602559e-05	6.859018376e-05
	6.776749277e-05	6.793524968e-05	6.641927881e-05	6.683694852e-05	6.464207778e-05
	6.528495802e-05	6.246480213e-05	6.32983854e-05	5.994564524e-05	6.092429503e-05
	5.71856145e-05	5.824954009e-05	5.433194363e-05	5.540763806e-05	5.157219077e-05
	5.257630084e-05	4.912242215e-05	4.996490365e-05	4.722957379e-05	4.781611054e-05
	4.617895049e-05	4.640502334e-05	4.634003323e-05	4.606799458e-05	4.829561084e-05
	4.729805554e-05	5.317251806e-05	5.09861808e-05	6.312970664e-05	5.899429429e-05
	5.819422637e-05	6.251025411e-05	5.013619483e-05	5.221511099e-05	4.677570026e-05
	4.7568708e-05	4.600519662e-05	4.603731411e-05	4.68426567e-05	4.63702482e-05
	4.873192173e-05	4.791804143e-05	5.127079724e-05	5.024885432e-05	5.411100504e-05
	5.30073417e-05	5.695446733e-05	5.588704378e-05	5.954399517e-05	5.861808257e-05
	6.16869477e-05	6.098309854e-05	6.328204878e-05	6.284094255e-05	6.434124872e-05
	6.414917699e-05	6.49825289e-05	6.497599921e-05	6.537079138e-05	6.547006461e-05
	6.564679293e-05	6.578964547e-05	6.589817254e-05	6.604918077e-05	6.616798022e-05
	6.631181327e-05	6.647227351e-05	6.660503223e-05	6.68131599e-05	6.69366237e-05
	6.71859873e-05	6.730461373e-05	6.758254791e-05	6.770218214e-05	6.799181591e-05
	6.811932889e-05	6.839878739e-05	6.854207204e-05	6.878099408e-05	6.894829829e-05
	6.910172881e-05	6.929657392e-05	6.930453411e-05	6.950726075e-05	6.933818606e-05
	6.949457039e-05	6.922039172e-05	6.929557205e-05	6.902689199e-05	6.902290105e-05
	6.882179237e-05	6.874796485e-05	6.863592706e-05	6.850135618e-05	6.846615077e-05
	6.828700555e-05	6.826380592e-05	6.807797391e-05	6.791870581e-05	6.779969441e-05
	6.727809164e-05	6.732117109e-05	6.621689838e-05	6.649087033e-05	6.468275644e-05
	6.520435688e-05	6.268447633e-05	6.343208089e-05	6.027776242e-05	6.120667434e-05
	5.756564184e-05	5.861330066e-05	5.470058679e-05	5.578892402e-05	5.187966681e-05
	5.291928346e-05	4.933143174e-05	5.022574297e-05	4.731686676e-05	4.796430185e-05
	4.613650989e-05	4.642622263e-05	4.617379526e-05	4.596227743e-05	4.80283373e-05
	4.70805363e-05	5.286223612e-05	5.069706633e-05	6.294169452e-05	5.874507153e-05
	5.834557713e-05	6.26322068e-05	5.02734742e-05	5.23848671e-05	4.682097592e-05
	4.766672817e-05	4.593233934e-05	4.60242619e-05	4.664628923e-05	4.62337808e-05
	4.842346493e-05	4.766261612e-05	5.088042224e-05	4.989640036e-05	5.368917543e-05
	5.259958135e-05	5.65661555e-05	5.548149829e-05	5.926505884e-05	5.828610628e-05
	6.159044051e-05	6.079989206e-05	6.341740868e-05	6.286985438e-05	6.470937596e-05
	6.4417906e-05	6.553046439e-05	6.545671664e-05	6.602319035e-05	6.609170624e-05
	6.634361064e-05	6.647895415e-05	6.660664926e-05	6.675836799e-05	6.687615819e-05
	6.701924233e-05	6.717991972e-05	6.730563162e-05	6.752577448e-05	6.763382286e-05
	6.791177043e-05	6.800587387e-05	6.833114701e-05	6.841711262e-05	6.877375393e-05
	6.885929618e-05	6.922352361e-05	6.932003751e-05	6.96435773e-05	6.977156406e-05
	6.990175175e-05	7.006656976e-05	6.97625407e-05	6.983743315e-05	6.939756702e-05
	6.940741864e-05	6.899948248e-05	6.897008218e-05	6.862148603e-05	6.855900499e-05
	6.828219445e-05	6.818716323e-05	6.79881793e-05	6.786105011e-05	6.773332268e-05
	6.757945721e-05	6.748864138e-05	6.732602681e-05	6.718491495e-05	6.705505937e-05
	6.669990909e-05	6.667378668e-05	6.587980166e-05	6.604016015e-05	6.46013217e-05
	6.500355606e-05	6.281851209e-05	6.346946837e-05	6.056351209e-05	6.142943129e-05
	5.793378624e-05	5.895319123e-05	5.508488952e-05	5.617631929e-05	5.222299789e-05
	5.329113102e-05	4.959014414e-05	5.053160021e-05	4.746188753e-05	4.816732727e-05
	4.615550395e-05	4.65072339e-05	4.606931418e-05	4.591771729e-05	4.781946418e-05
	4.69222022e-05	5.260022494e-05	5.046007997e-05	6.277596516e-05	5.852906719e-05
	5.852903591e-05	6.277594931e-05	5.046003688e-05	5.260018074e-05	4.692215778e-05
	4.781941931e-05	4.591767669e-05	4.606927121e-05	4.65071976e-05	4.615546543e-05
	4.816729603e-05	4.746185409e-05	5.053157342e-05	4.959011566e-05	5.329110724e-05
	5.222297308e-05	5.617629788e-05	5.508486759e-05	5.895317038e-05	5.793376568e-05
	6.142940885e-05	6.05634909e-05	6.346944229e-05	6.281848806e-05	6.500352508e-05
	6.460129298e-05	6.604012468e-05	6.587976766e-05	6.667374895e-05	6.669987132e-05
	6.70550219e-05	6.718487634e-05	6.732599113e-05	6.74886044e-05	6.75794238e-05
	6.773328852e-05	6.78610189e-05	6.798814822e-05	6.818713403e-05	6.828216648e-05
	6.855897773e-05	6.862146139e-05	6.897005719e-05	6.899946209e-05	6.940739743e-05
	6.939755378e-05	6.983742223e-05	6.976254383e-05	7.006659529e-05	6.990178577e-05
	6.977160107e-05	6.964361915e-05	6.932007219e-05	6.922356235e-05	6.88593292e-05
	6.877378997e-05	6.841714473e-05	6.833118126e-05	6.800590563e-05	6.791180359e-05
	6.763385474e-05	6.752580711e-05	6.730566409e-05	6.717995234e-05	6.70192758e-05
	6.687619126e-05	6.675840267e-05	6.660668311e-05	6.647898981e-05	6.634364534e-05
	6.609174178e-05	6.602322538e-05	6.545675016e-05	6.553049836e-05	6.441793566e-05
	6.470940704e-05	6.286987975e-05	6.341743573e-05	6.079991426e-05	6.159046395e-05
	5.828612723e-05	5.926508025e-05	5.548151997e-05	5.656617687e-05	5.259960541e-05
	5.368919861e-05	4.989642753e-05	5.0880448e-05	4.766264775e-05	4.842349456e-05
	4.623381717e-05	4.664632352e-05	4.602430254e-05	4.593237771e-05	4.766677083e-05
	4.682101802e-05	5.238490942e-05	5.027351538e-05	6.26322217e-05	5.834560685e-05
	5.874503875e-05	6.294167773e-05	5.069702128e-05	5.286219004e-05	4.708048948e-05
	4.802829015e-05	4.596223449e-05	4.617374986e-05	4.642618417e-05	4.613646907e-05
	4.796426883e-05	4.731683134e-05	5.022571495e-05	4.933140176e-05	5.291925905e-05
	5.187964118e-05	5.578890256e-05	5.470056456e-05	5.861328051e-05	5.756562174e-05
	6.120665338e-05	6.027774254e-05	6.343205679e-05	6.268445442e-05	6.520432756e-05
	6.468273014e-05	6.649083487e-05	6.621686586e-05	6.732113108e-05	6.727805289e-05
	6.779965378e-05	6.791866407e-05	6.807793647e-05	6.826376642e-05	6.828697331e-05
	6.846611736e-05	6.850133001e-05	6.863590151e-05	6.874794561e-05	6.882177583e-05
	6.902289057e-05	6.902688631e-05	6.929557427e-05	6.922040007e-05	6.949459115e-05
	6.933821125e-05	6.950729936e-05	6.930457314e-05	6.92966185e-05	6.910177316e-05
	6.894834147e-05	6.878103795e-05	6.854211233e-05	6.83988289e-05	6.811936654e-05
	6.799185486e-05	6.77022177e-05	6.758258462e-05	6.730464775e-05	6.71860222e-05
	6.693665669e-05	6.681319344e-05	6.660506467e-05	6.647230614e-05	6.631184562e-05
	6.616801238e-05	6.604921339e-05	6.589820463e-05	6.578967849e-05	6.56468252e-05
	6.547009766e-05	6.537082375e-05	6.49760312e-05	6.498256075e-05	6.414920642e-05
	6.43412788e-05	6.284096849e-05	6.328207589e-05	6.098312137e-05	6.168697161e-05
	5.861810378e-05	5.95440169e-05	5.588706521e-05	5.69544886e-05	5.300736505e-05
	5.411102765e-05	5.024888035e-05	5.127082216e-05	4.79180714e-05	4.873194989e-05
	4.637028258e-05	4.684268912e-05	4.603735255e-05	4.600523291e-05	4.756874854e-05
	4.677574013e-05	5.221515145e-05	5.013623416e-05	6.251026804e-05	5.81942545e-05
	5.899426008e-05	6.312968892e-05	5.098613379e-05	5.317247014e-05	4.729800625e-05
	4.829556137e-05	4.606794916e-05	4.63399853e-05	4.640498255e-05	4.617890724e-05
	4.781607557e-05	4.722953622e-05	4.99648742e-05	4.912239047e-05	5.257627575e-05
	5.157216415e-05	5.54076165e-05	5.433192101e-05	5.824952076e-05	5.718559486e-05
	6.092427596e-05	5.994562692e-05	6.329836431e-05	6.246478305e-05	6.528493242e-05
	6.464205559e-05	6.68369161e-05	6.641925096e-05	6.793520959e-05	6.776745693e-05
	6.85901399e-05	6.866598212e-05	6.888290722e-05	6.910652921e-05	6.897628325e-05
	6.919268638e-05	6.900996152e-05	6.913343977e-05	6.903775298e-05	6.905212494e-05
	6.905197903e-05	6.896862623e-05	6.901769522e-05	6.886139834e-05	6.890147681e-05
	6.870449708e-05	6.869311314e-05	6.848495102e-05	6.840651093e-05	6.820575023e-05
	6.806549254e-05	6.787978197e-05	6.769282119e-05	6.752290887e-05	6.730691466e-05
	6.715016118e-05	6.692222551e-05	6.677457948e-05	6.655034583e-05	6.640727644e-05
	6.620078594e-05	6.605777285e-05	6.588101755e-05	6.573406842e-05	6.559528275e-05
	6.544194862e-05	6.534119247e-05	6.518273931e-05	6.510241514e-05	6.494812142e-05
	6.483546954e-05	6.470995289e-05	6.445170067e-05	6.440382734e-05	6.3807756e-05
	6.391206045e-05	6.273394708e-05	6.306893111e-05	6.110864276e-05	6.171591472e-05
	5.892434163e-05	5.97842028e-05	5.629775489e-05	5.733661228e-05	5.344434287e-05
	5.455406362e-05	5.06466517e-05	5.170157866e-05	4.822789943e-05	4.909255339e-05
	4.65646357e-05	4.709639091e-05	4.610793359e-05	4.613614384e-05	4.752464166e-05
	4.678593417e-05	5.20903291e-05	5.004772373e-05	6.241007203e-05	5.807488476e-05
	5.927751306e-05	6.334029883e-05	5.13295562e-05	5.353291783e-05	4.757748762e-05
	4.862408998e-05	4.623766738e-05	4.657111833e-05	4.644630226e-05	4.628586396e-05
	4.772534054e-05	4.720293566e-05	4.975181867e-05	4.89660723e-05	5.22652604e-05
	5.130377803e-05	5.503598145e-05	5.398242997e-05	5.786535583e-05	5.679719594e-05
	6.058352535e-05	5.956929876e-05	6.306094446e-05	6.215599606e-05	6.52134086e-05
	6.44581195e-05	6.69983944e-05	6.642057755e-05	6.840012585e-05	6.802491906e-05
	6.938044852e-05	6.926616311e-05	6.97128609e-05	6.996295947e-05	6.943853803e-05
	6.960599023e-05	6.909646219e-05	6.912067301e-05	6.880869524e-05	6.873260543e-05
	6.855928799e-05	6.841464754e-05	6.831875127e-05	6.813101662e-05	6.806446227e-05
	6.785423959e-05	6.778454718e-05	6.756730045e-05	6.747673745e-05	6.726267378e-05
	6.714527684e-05	6.693998625e-05	6.679781792e-05	6.660338702e-05	6.644324685e-05
	6.625938499e-05	6.609051142e-05	6.591542834e-05	6.574813502e-05	6.557913806e-05
	6.542402492e-05	6.525794341e-05	6.51251711e-05	6.495880142e-05	6.485671367e-05
	6.468758489e-05	6.461952458e-05	6.444748017e-05	6.44048332e-05	6.42352435e-05
	6.418373499e-05	6.403342087e-05	6.389017534e-05	6.379629427e-05	6.340308434e-05
	6.343040047e-05	6.255133638e-05	6.278348096e-05	6.117180847e-05	6.167468223e-05
	5.919856057e-05	5.997911741e-05	5.670914813e-05	5.770699227e-05	5.390849863e-05
	5.501533502e-05	5.108921978e-05	5.217171574e-05	4.859256848e-05	4.950572433e-05
	4.681744975e-05	4.740826433e-05	4.62363701e-05	4.632581836e-05	4.753446311e-05
	4.685197256e-05	5.201038545e-05	5.000812844e-05	6.23318102e-05	5.798773055e-05
	5.95956226e-05	6.357374471e-05	5.172981274e-05	5.394559707e-05	4.792237174e-05
	4.901725142e-05	4.647511219e-05	4.687107879e-05	4.655384215e-05	4.64613775e-05
	4.769567941e-05	4.72410066e-05	4.959017554e-05	4.886637949e-05	5.198998276e-05
	5.107848782e-05	5.467767739e-05	5.365596289e-05	5.746385072e-05	5.640381463e-05
	6.018501959e-05	5.915041805e-05	6.271281803e-05	6.175478194e-05	6.495995394e-05
	6.41134106e-05	6.687860171e-05	6.616010893e-05	6.844783973e-05	6.785313535e-05
	6.960479866e-05	6.911371811e-05	6.972315136e-05	6.952696935e-05	6.910966048e-05
	6.903889706e-05	6.856683693e-05	6.84666183e-05	6.812769191e-05	6.798149011e-05
	6.775960906e-05	6.757460007e-05	6.743158765e-05	6.721939029e-05	6.712068983e-05
	6.689268706e-05	6.681234624e-05	6.657805957e-05	6.649917941e-05	6.626569809e-05
	6.617928882e-05	6.595125985e-05	6.585449881e-05	6.563443305e-05	6.552889735e-05
	6.531759881e-05	6.520780271e-05	6.500478574e-05	6.489713115e-05	6.470096497e-05
	6.460302647e-05	6.441162102e-05	6.433151869e-05	6.414244191e-05	6.408783622e-05
	6.389885502e-05	6.387471031e-05	6.368491985e-05	6.36884748e-05	6.350067267e-05
	6.351096255e-05	6.33363045e-05	6.329479802e-05	6.316073666e-05	6.294286817e-05
	6.290287796e-05	6.229659148e-05	6.243166236e-05	6.116842703e-05	6.156184386e-05
	5.943360806e-05	6.012184017e-05	5.711579392e-05	5.805890496e-05	5.439733909e-05
	5.549106937e-05	5.157623322e-05	5.26803349e-05	4.901306366e-05	4.997225195e-05
	4.713005724e-05	4.777981694e-05	4.642380824e-05	4.65757627e-05	4.759899395e-05
	4.697502158e-05	5.197585483e-05	5.001826317e-05	6.227589602e-05	5.79334109e-05
	5.994927473e-05	6.38300764e-05	5.218959376e-05	5.441254606e-05	4.833662377e-05
	4.947877388e-05	4.678480668e-05	4.724447458e-05	4.673226404e-05	4.671038252e-05
	4.773171855e-05	4.73487252e-05	4.948450361e-05	4.882822388e-05	5.175496616e-05
	5.090112849e-05	5.433676541e-05	5.335697079e-05	5.704805779e-05	5.600907477e-05
	5.972937844e-05	5.869077514e-05	6.224912979e-05	6.125928785e-05	6.450656203e-05
	6.359913204e-05	6.642234088e-05	6.561529819e-05	6.789885896e-05	6.720319985e-05
	6.87137177e-05	6.817947578e-05	6.866542311e-05	6.835258478e-05	6.818167657e-05
	6.797973129e-05	6.765860431e-05	6.747247927e-05	6.719232049e-05	6.699040084e-05
	6.678603032e-05	6.656293099e-05	6.642426319e-05	6.618355404e-05	6.609089336e-05
	6.583873208e-05	6.577358621e-05	6.551619874e-05	6.546449336e-05	6.520713524e-05
	6.515973683e-05	6.490632461e-05	6.485852834e-05	6.461160815e-05	6.456228695e-05
	6.432316511e-05	6.427392152e-05	6.404285121e-05	6.399732907e-05	6.377369516e-05
	6.373707244e-05	6.351956325e-05	6.349811462e-05	6.328492443e-05	6.328535947e-05
	6.307454711e-05	6.310251213e-05	6.289278178e-05	6.294931976e-05	6.274174107e-05
	6.281547767e-05	6.261705663e-05	6.266857748e-05	6.249893275e-05	6.243418422e-05
	6.233565696e-05	6.197456031e-05	6.20203037e-05	6.109555815e-05	6.137785151e-05
	5.962168336e-05	6.020560355e-05	5.751089302e-05	5.838428648e-05	5.490749948e-05
	5.597624382e-05	5.210736646e-05	5.322613722e-05	4.94907404e-05	5.049306155e-05
	4.750446077e-05	4.821310848e-05	4.66721792e-05	4.688822998e-05	4.771977709e-05
	4.715702729e-05	5.19878759e-05	5.007961989e-05	6.224299561e-05	5.791294602e-05
	6.033884992e-05	6.410904479e-05	5.271153721e-05	5.493555135e-05	4.882455285e-05
	5.00125225e-05	4.717194637e-05	4.769642668e-05	4.698711743e-05	4.703859929e-05
	4.783906674e-05	4.753200482e-05	4.944031763e-05	4.885748491e-05	5.15655376e-05
	5.077740928e-05	5.401793836e-05	5.309066961e-05	5.662152693e-05	5.561726027e-05
	5.921823286e-05	5.819317678e-05	6.166923994e-05	6.067083407e-05	6.385333949e-05
	6.291845792e-05	6.565136545e-05	6.480947087e-05	6.691439806e-05	6.620066541e-05
	6.748291696e-05	6.694313414e-05	6.741061748e-05	6.703719517e-05	6.701466164e-05
	6.673236916e-05	6.654264714e-05	6.628940958e-05	6.609076597e-05	6.583747409e-05
	6.568189134e-05	6.54189143e-05	6.531379692e-05	6.50404352e-05	6.497767838e-05
	6.469685372e-05	6.466469651e-05	6.438042547e-05	6.43680903e-05	6.40842816e-05
	6.408359691e-05	6.380350167e-05	6.380922543e-05	6.353522733e-05	6.354482924e-05
	6.327841278e-05	6.329168314e-05	6.303348606e-05	6.305215514e-05	6.280205049e-05
	6.282948867e-05	6.258667462e-05	6.262764019e-05	6.23907556e-05	6.245101455e-05
	6.221835997e-05	6.23037521e-05	6.207380741e-05	6.218785204e-05	6.196048934e-05
	6.209872755e-05	6.187788179e-05	6.201572389e-05	6.181477686e-05	6.188446462e-05
	6.173560472e-05	6.159176805e-05	6.15574379e-05	6.095228374e-05	6.112557021e-05
	5.975481657e-05	6.022457299e-05	5.788601716e-05	5.867373127e-05	5.543424185e-05
	5.646408391e-05	5.268182958e-05	5.380675851e-05	5.002710327e-05	5.106891656e-05
	4.79432319e-05	4.871060792e-05	4.698416524e-05	4.726616916e-05	4.789911563e-05
	4.740070996e-05	5.204820216e-05	5.019437856e-05	6.22340358e-05	5.792776784e-05
	6.076425255e-05	6.440999808e-05	5.32979742e-05	5.551590024e-05	4.939057562e-05
	5.062223547e-05	4.764221269e-05	4.823234468e-05	4.732470503e-05	4.745236051e-05
	4.80242294e-05	4.779757198e-05	4.946405923e-05	4.89609384e-05	5.142788319e-05
	5.071392432e-05	5.372677138e-05	5.286319835e-05	5.618891548e-05	5.523378959e-05
	5.865547832e-05	5.766248592e-05	6.097868599e-05	5.999565135e-05	6.301809508e-05
	6.208690168e-05	6.463127203e-05	6.379149425e-05	6.567924343e-05	6.497124519e-05
	6.61034904e-05	6.555068853e-05	6.603184116e-05	6.561006983e-05	6.569833161e-05
	6.535406463e-05	6.527859031e-05	6.496781264e-05	6.485746147e-05	6.455569695e-05
	6.446547789e-05	6.416216435e-05	6.410887246e-05	6.380112708e-05	6.378468582e-05
	6.347338352e-05	6.348743732e-05	6.317503081e-05	6.321188379e-05	6.29012293e-05
	6.295402985e-05	6.264776933e-05	6.271136694e-05	6.241162266e-05	6.248279481e-05
	6.219104056e-05	6.226844635e-05	6.198547458e-05	6.206952484e-05	6.17954597e-05
	6.188819744e-05	6.162252734e-05	6.172753254e-05	6.146916393e-05	6.15913904e-05
	6.133877017e-05	6.148403177e-05	6.123547103e-05	6.140891622e-05	6.116341521e-05
	6.136558188e-05	6.112477098e-05	6.134246058e-05	6.111479231e-05	6.130216813e-05
	6.111099069e-05	6.115654374e-05	6.105250829e-05	6.074034561e-05	6.081056953e-05
	5.982563648e-05	6.017478316e-05	5.82309785e-05	5.891677627e-05	5.59708718e-05
	5.694555181e-05	5.329775182e-05	5.441819308e-05	5.062351984e-05	5.170002537e-05
	4.844939193e-05	4.927501411e-05	4.736317326e-05	4.771317481e-05	4.81400862e-05
	4.770957555e-05	5.215922202e-05	5.036543499e-05	6.225021125e-05	5.797973601e-05
	6.122475233e-05	6.473179851e-05	5.39506515e-05	5.615412891e-05	5.003892905e-05
	5.131122059e-05	4.820152237e-05	4.885764156e-05	4.775187891e-05	4.795836714e-05
	4.829445266e-05	4.815276731e-05	4.956300141e-05	4.914611113e-05	5.134906674e-05
	5.071809987e-05	5.346994272e-05	5.268172709e-05	5.575662605e-05	5.486567468e-05
	5.804852425e-05	5.710661964e-05	6.019044727e-05	5.924614983e-05	6.203156968e-05
	6.113049505e-05	6.343079909e-05	6.261601618e-05	6.428957741e-05	6.359554137e-05
	6.461741554e-05	6.405278904e-05	6.455065452e-05	6.409089733e-05	6.426655384e-05
	6.387297677e-05	6.389735162e-05	6.353779559e-05	6.351553312e-05	6.317016663e-05
	6.315331848e-05	6.281217658e-05	6.28216774e-05	6.248098775e-05	6.252176412e-05
	6.218120255e-05	6.225083107e-05	6.191178425e-05	6.200509094e-05	6.166961428e-05
	6.178102472e-05	6.14512326e-05	6.157592319e-05	6.125364342e-05	6.13880656e-05
	6.107465537e-05	6.1216745e-05	6.091300347e-05	6.106225147e-05	6.076838587e-05
	6.09258691e-05	6.064148753e-05	6.080990082e-05	6.053402361e-05	6.071767821e-05
	6.044879202e-05	6.065340639e-05	6.038964897e-05	6.062146949e-05	6.036116317e-05
	6.062435264e-05	6.036736614e-05	6.065741338e-05	6.040831623e-05	6.069721795e-05
	6.047189242e-05	6.067904024e-05	6.051649825e-05	6.046454628e-05	6.044117632e-05
	5.982839171e-05	6.005508961e-05	5.85339862e-05	5.910258985e-05	5.650810242e-05
	5.740891562e-05	5.395154797e-05	5.505407849e-05	5.128083347e-05	5.238550795e-05
	4.902626083e-05	4.990901535e-05	4.78133174e-05	4.823343308e-05	4.844657828e-05
	4.808795285e-05	5.232400184e-05	5.059645952e-05	6.229299794e-05	5.807117095e-05
	6.171885724e-05	6.50727726e-05	5.467045101e-05	5.684979065e-05	5.077334211e-05
	5.208202835e-05	4.885571088e-05	4.957739142e-05	4.827575694e-05	4.856336589e-05
	4.86574805e-05	4.86052557e-05	4.974506525e-05	4.942103846e-05	5.133696572e-05
	5.079804337e-05	5.325537549e-05	5.255447105e-05	5.53333426e-05	5.452185451e-05
	5.740921495e-05	5.653724437e-05	5.932513992e-05	5.844130913e-05	6.093235133e-05
	6.008306813e-05	6.210984841e-05	6.133597127e-05	6.28026571e-05	6.213046735e-05
	6.305547584e-05	6.24867508e-05	6.299196358e-05	6.250651939e-05	6.274867256e-05
	6.231878054e-05	6.242790235e-05	6.20301259e-05	6.209053167e-05	6.170937679e-05
	6.176737311e-05	6.13942631e-05	6.147148217e-05	6.110261809e-05	6.120654145e-05
	6.084105227e-05	6.097174208e-05	6.061037376e-05	6.076443878e-05	6.040868914e-05
	6.058154269e-05	6.023310787e-05	6.042023434e-05	6.008066306e-05	6.027832237e-05
	5.994880715e-05	6.015442579e-05	5.983568333e-05	6.004808e-05	5.974028647e-05
	5.995982433e-05	5.966258125e-05	5.989129993e-05	5.960361734e-05	5.984534812e-05
	5.956565324e-05	5.98260243e-05	5.955224919e-05	5.983827573e-05	5.956817631e-05
	5.988666581e-05	5.961873324e-05	5.997175364e-05	5.970750009e-05	6.008126757e-05
	5.98304066e-05	6.017120306e-05	5.996201395e-05	6.013287632e-05	6.002835006e-05
	5.976009719e-05	5.986795868e-05	5.878225718e-05	5.922113781e-05	5.70334498e-05
	5.783957166e-05	5.463711157e-05	5.570480601e-05	5.199882213e-05	5.312267295e-05
	4.967724881e-05	5.061494776e-05	4.833940829e-05	4.883165187e-05	4.882337042e-05
	4.854106297e-05	5.254636751e-05	5.089200223e-05	6.236418231e-05	5.820491764e-05
	6.22442385e-05	6.543070732e-05	5.545713422e-05	5.760127398e-05	5.159668447e-05
	5.29361273e-05	4.961015397e-05	5.03959417e-05	4.890334938e-05	4.927374418e-05
	4.912120353e-05	4.916262667e-05	5.0018516e-05	4.979389302e-05	5.140007458e-05
	5.096224718e-05	5.309222475e-05	5.249053824e-05	5.49302921e-05	5.421326108e-05
	5.675410825e-05	5.596990864e-05	5.841006898e-05	5.760600272e-05	5.976316977e-05
	5.898341463e-05	6.072146627e-05	6.000169608e-05	6.126490492e-05	6.062462856e-05
	6.145202665e-05	6.089089612e-05	6.138800463e-05	6.089122391e-05	6.117871181e-05
	6.072701918e-05	6.090398663e-05	6.048077486e-05	6.061410164e-05	6.020784474e-05
	6.03367765e-05	5.99406939e-05	6.008528103e-05	5.969612599e-05	5.986447435e-05
	5.948132999e-05	5.967465666e-05	5.929799096e-05	5.95138695e-05	5.914485525e-05
	5.937924123e-05	5.901928436e-05	5.926777849e-05	5.891819787e-05	5.917684174e-05
	5.883865769e-05	5.910444316e-05	5.877824283e-05	5.904944965e-05	5.873530471e-05
	5.901174491e-05	5.870916085e-05	5.899238553e-05	5.870026744e-05	5.899376293e-05
	5.871039527e-05	5.901973364e-05	5.87428024e-05	5.907556273e-05	5.880232003e-05
	5.916725075e-05	5.889508311e-05	5.929919584e-05	5.902720459e-05	5.946784665e-05
	5.920073398e-05	5.964673023e-05	5.940334128e-05	5.975640938e-05	5.958547081e-05
	5.962160059e-05	5.961994999e-05	5.896322913e-05	5.926478062e-05	5.753084409e-05
	5.822039304e-05	5.53447832e-05	5.635652496e-05	5.277544415e-05	5.390607436e-05
	5.040554793e-05	5.139428837e-05	4.894693888e-05	4.951295043e-05	4.927625371e-05
	4.907512506e-05	5.283104249e-05	5.125766223e-05	6.246591643e-05	5.838445608e-05
	6.279772787e-05	6.580290163e-05	5.630914704e-05	5.840570536e-05	5.251062065e-05
	5.387361753e-05	5.046933801e-05	5.131650015e-05	4.96410871e-05	5.009504105e-05
	4.969317169e-05	4.983186197e-05	5.039149366e-05	5.027244127e-05	5.154710977e-05
	5.121908358e-05	5.2990608e-05	5.249951587e-05	5.456105673e-05	5.395247376e-05
	5.610391633e-05	5.542344158e-05	5.747732547e-05	5.676933864e-05	5.856826016e-05
	5.787255469e-05	5.931478165e-05	5.866112387e-05	5.97206151e-05	5.912390697e-05
	5.984598495e-05	5.930620975e-05	5.977718014e-05	5.92847149e-05	5.959609234e-05
	5.913836926e-05	5.936481836e-05	5.893074486e-05	5.912400844e-05	5.870563356e-05
	5.889737859e-05	5.848988728e-05	5.869709997e-05	5.829816251e-05	5.852808449e-05
	5.813710524e-05	5.839093005e-05	5.800839586e-05	5.828383598e-05	5.791080515e-05
	5.820383591e-05	5.784155455e-05	5.814760228e-05	5.779722417e-05	5.811198572e-05
	5.777437381e-05	5.809438991e-05	5.776998106e-05	5.809304602e-05	5.778176214e-05
	5.810723166e-05	5.780842116e-05	5.813747043e-05	5.784986479e-05	5.81857365e-05
	5.790741321e-05	5.825566066e-05	5.798402268e-05	5.835265592e-05	5.808448797e-05
	5.848368393e-05	5.821546508e-05	5.865591079e-05	5.838483693e-05	5.887242862e-05
	5.859918826e-05	5.91210503e-05	5.885649477e-05	5.934906143e-05	5.912812834e-05
	5.941835668e-05	5.932184291e-05	5.906640915e-05	5.923008508e-05	5.798078488e-05
	5.853295385e-05	5.606013354e-05	5.699023711e-05	5.36058392e-05	5.472627782e-05
	5.121365283e-05	5.224688458e-05	4.964204357e-05	5.028266207e-05	4.981221072e-05
	4.969749534e-05	5.318386227e-05	5.170033955e-05	6.260081108e-05	5.861407673e-05
	6.337540492e-05	6.618628009e-05	5.722352638e-05	5.925897289e-05	5.351530793e-05
	5.489302642e-05	5.14363972e-05	5.23407246e-05	5.049424219e-05	5.103137455e-05
	5.037993559e-05	5.061864105e-05	5.087131948e-05	5.086327304e-05	5.178633746e-05
	5.157601621e-05	5.296097132e-05	5.259069982e-05	5.424081569e-05	5.375286262e-05
	5.548210803e-05	5.491860712e-05	5.656127943e-05	5.596232359e-05	5.73911626e-05
	5.679114639e-05	5.793598074e-05	5.735933854e-05	5.821344199e-05	5.767235768e-05
	5.827906328e-05	5.777497319e-05	5.820171766e-05	5.772955734e-05	5.804408494e-05
	5.759663375e-05	5.785380627e-05	5.742447942e-05	5.766283899e-05	5.724685161e-05
	5.749043415e-05	5.708494492e-05	5.734672862e-05	5.695052649e-05	5.723575587e-05
	5.684881542e-05	5.71576646e-05	5.678071414e-05	5.711027824e-05	5.674442981e-05
	5.709018469e-05	5.673663496e-05	5.709351028e-05	5.675330786e-05	5.71164833e-05
	5.679035422e-05	5.715585393e-05	5.684407642e-05	5.72092155e-05	5.691153383e-05
	5.72752622e-05	5.699082731e-05	5.735401654e-05	5.70813397e-05	5.744705855e-05
	5.718396558e-05	5.75577758e-05	5.730136002e-05	5.769160702e-05	5.743821141e-05
	5.785611746e-05	5.760146128e-05	5.806040031e-05	5.780017168e-05	5.831245897e-05
	5.804417507e-05	5.86113397e-05	5.833928208e-05	5.892733076e-05	5.867398592e-05
	5.9160787e-05	5.898848112e-05	5.908567174e-05	5.911949232e-05	5.83615182e-05
	5.875992755e-05	5.676274908e-05	5.758142165e-05	5.448097475e-05	5.556816449e-05
	5.210259797e-05	5.316977573e-05	5.04313833e-05	5.114596659e-05	5.043965118e-05
	5.041682139e-05	5.361208712e-05	5.222858727e-05	6.277207975e-05	5.889914087e-05
	6.397278825e-05	6.657757165e-05	5.819595158e-05	6.01559059e-05	5.460918202e-05
	5.599123327e-05	5.251263789e-05	5.346834444e-05	5.146622731e-05	5.208478038e-05
	5.118617036e-05	5.152644396e-05	5.146350991e-05	5.157073867e-05	5.212454672e-05
	5.203845581e-05	5.30130194e-05	5.277190922e-05	5.398501218e-05	5.362722621e-05
	5.491289164e-05	5.447620986e-05	5.569590988e-05	5.521531406e-05	5.627275942e-05
	5.577722629e-05	5.662790717e-05	5.613766996e-05	5.678559488e-05	5.631151174e-05
	5.679358915e-05	5.633896139e-05	5.670535727e-05	5.626897804e-05	5.656793213e-05
	5.614686065e-05	5.641694034e-05	5.600827901e-05	5.62764809e-05	5.587819786e-05
	5.61611156e-05	5.577224438e-05	5.607827511e-05	5.56987952e-05	5.603037412e-05
	5.566096457e-05	5.601647068e-05	5.565823628e-05	5.603351824e-05	5.568773277e-05
	5.607730928e-05	5.574519287e-05	5.614319724e-05	5.582573293e-05	5.622665705e-05
	5.59244467e-05	5.632372375e-05	5.603688057e-05	5.643133735e-05	5.61594093e-05
	5.654762002e-05	5.628953518e-05	5.667211538e-05	5.642613703e-05	5.680602553e-05
	5.656970298e-05	5.69524804e-05	5.672258584e-05	5.711685085e-05	5.688931172e-05
	5.730703172e-05	5.707692527e-05	5.753338235e-05	5.729520673e-05	5.780739225e-05
	5.755619728e-05	5.81366098e-05	5.787142625e-05	5.851013098e-05	5.824278425e-05
	5.886426028e-05	5.863850822e-05	5.90215766e-05	5.894249135e-05	5.865173374e-05
	5.888866103e-05	5.742551166e-05	5.810098331e-05	5.538565752e-05	5.640890219e-05
	5.307073685e-05	5.415541394e-05	5.132186587e-05	5.210720581e-05	5.116868983e-05
	5.124316344e-05	5.412483275e-05	5.285307358e-05	6.298374609e-05	5.924644494e-05
	6.458514087e-05	6.697355602e-05	5.922097844e-05	6.109063619e-05	5.578886745e-05
	5.716355623e-05	5.369705928e-05	5.469682554e-05	5.255774465e-05	5.325443679e-05
	5.211352276e-05	5.255539559e-05	5.217043333e-05	5.239553316e-05	5.256563195e-05
	5.260823468e-05	5.315424214e-05	5.304793989e-05	5.380763074e-05	5.358612357e-05
	5.441901919e-05	5.411509302e-05	5.491249679e-05	5.455585676e-05	5.524981304e-05
	5.486469023e-05	5.542942455e-05	5.503309369e-05	5.547687025e-05	5.507980705e-05
	5.543098485e-05	5.503840339e-05	5.533185381e-05	5.494572926e-05	5.521358719e-05
	5.483438793e-05	5.510164325e-05	5.472946585e-05	5.501296644e-05	5.464811952e-05
	5.495734474e-05	5.460055274e-05	5.493904036e-05	5.459142912e-05	5.49582831e-05
	5.46212589e-05	5.501251368e-05	5.468760116e-05	5.50973893e-05	5.478606327e-05
	5.520759656e-05	5.491112558e-05	5.533751299e-05	5.505682387e-05	5.548174564e-05
	5.521731286e-05	5.563556548e-05	5.538732636e-05	5.579525351e-05	5.556254598e-05
	5.595837738e-05	5.573989387e-05	5.612402572e-05	5.591777224e-05	5.629303724e-05
	5.609628347e-05	5.646826965e-05	5.627747554e-05	5.665494687e-05	5.646566104e-05
	5.686107471e-05	5.666783629e-05	5.709775662e-05	5.689413359e-05	5.737880908e-05
	5.715797076e-05	5.771792118e-05	5.747482192e-05	5.81188252e-05	5.785656554e-05
	5.854889012e-05	5.829422142e-05	5.888318997e-05	5.871616217e-05	5.883497269e-05
	5.891539142e-05	5.801535886e-05	5.851861227e-05	5.629605649e-05	5.721630705e-05
	5.411181548e-05	5.518908911e-05	5.232003372e-05	5.31686339e-05	5.201141675e-05
	5.218797375e-05	5.473362913e-05	5.35871426e-05	6.32409233e-05	5.966470111e-05
	6.520788964e-05	6.737136817e-05	6.029246404e-05	6.205713032e-05	5.704921162e-05
	5.840398227e-05	5.498584052e-05	5.602103527e-05	5.37657267e-05	5.45357095e-05
	5.315912474e-05	5.370079243e-05	5.298960554e-05	5.333293474e-05	5.310889127e-05
	5.32818411e-05	5.338830665e-05	5.34189835e-05	5.371957337e-05	5.363645072e-05
	5.402011788e-05	5.385080164e-05	5.423835873e-05	5.400773035e-05	5.435461162e-05
	5.408319901e-05	5.437562828e-05	5.407886523e-05	5.43247462e-05	5.401330874e-05
	5.423166171e-05	5.391252939e-05	5.412488044e-05	5.380258599e-05	5.402765661e-05
	5.37053422e-05	5.395667131e-05	5.363681232e-05	5.392229722e-05	5.360711532e-05
	5.392955101e-05	5.362119914e-05	5.397921982e-05	5.367982232e-05	5.40689343e-05
	5.378054462e-05	5.41941174e-05	5.391863446e-05	5.434880369e-05	5.408787243e-05
	5.452634235e-05	5.428125395e-05	5.471999558e-05	5.449159683e-05	5.492343982e-05
	5.471205704e-05	5.513117513e-05	5.49365543e-05	5.53388504e-05	5.5160112e-05
	5.554351913e-05	5.537912233e-05	5.574385143e-05	5.559155791e-05	5.59403404e-05
	5.579716401e-05	5.61355548e-05	5.599767995e-05	5.633449514e-05	5.619715017e-05
	5.654508911e-05	5.640238145e-05	5.677876259e-05	5.662355071e-05	5.705072856e-05
	5.687478762e-05	5.737883089e-05	5.717405867e-05	5.777758988e-05	5.754024581e-05
	5.823945821e-05	5.798179992e-05	5.868911364e-05	5.846530262e-05	5.890520103e-05
	5.884910933e-05	5.849702568e-05	5.880941881e-05	5.717752645e-05	5.794905664e-05
	5.52120525e-05	5.624554304e-05	5.3430817e-05	5.43281994e-05	5.298203569e-05
	5.326370383e-05	5.545308967e-05	5.444740991e-05	6.355016328e-05	6.016512595e-05
	6.583712875e-05	6.776883753e-05	6.140411609e-05	6.304980195e-05	5.838334693e-05
	5.970540361e-05	5.637168491e-05	5.743275806e-05	5.508198692e-05	5.59189077e-05
	5.431379661e-05	5.495133645e-05	5.391184563e-05	5.437096713e-05	5.37475242e-05
	5.404900188e-05	5.371406717e-05	5.387991572e-05	5.372811884e-05	5.378140964e-05
	5.373263537e-05	5.369616812e-05	5.369760203e-05	5.359233498e-05	5.361662261e-05
	5.346049828e-05	5.349995089e-05	5.330741814e-05	5.336646481e-05	5.314867706e-05
	5.323696388e-05	5.300238639e-05	5.312985737e-05	5.288498365e-05	5.305908996e-05
	5.280906927e-05	5.303361197e-05	5.278270937e-05	5.305770147e-05	5.28095914e-05
	5.313166102e-05	5.288958826e-05	5.325262621e-05	5.301947377e-05	5.341536711e-05
	5.319366416e-05	5.361303781e-05	5.340493224e-05	5.383785953e-05	5.36450727e-05
	5.408173118e-05	5.390550664e-05	5.433676169e-05	5.417781588e-05	5.459571911e-05
	5.44541987e-05	5.485239433e-05	5.472784163e-05	5.510188354e-05	5.499320876e-05
	5.534080289e-05	5.524625827e-05	5.556746092e-05	5.54846081e-05	5.578202882e-05
	5.570768605e-05	5.598676448e-05	5.591691595e-05	5.618636023e-05	5.611600788e-05
	5.638848212e-05	5.631143001e-05	5.6604513e-05	5.651311708e-05	5.685031336e-05
	5.673535588e-05	5.714626373e-05	5.699744412e-05	5.751430282e-05	5.732275925e-05
	5.796584421e-05	5.773221822e-05	5.846792573e-05	5.822270015e-05	5.887222511e-05
	5.871421903e-05	5.884120024e-05	5.896347791e-05	5.798447188e-05	5.856143634e-05
	5.634612354e-05	5.728549463e-05	5.465514333e-05	5.557580217e-05	5.409659687e-05
	5.448258856e-05	5.630160696e-05	5.545421453e-05	6.391984685e-05	6.076208101e-05
	6.647007313e-05	6.816471994e-05	6.254990686e-05	6.406387426e-05	5.978248543e-05
	6.105946259e-05	5.784279432e-05	5.891973568e-05	5.649156231e-05	5.738767965e-05
	5.556029534e-05	5.628746322e-05	5.492013423e-05	5.54894752e-05	5.446863242e-05
	5.489317429e-05	5.412680572e-05	5.442238191e-05	5.383918214e-05	5.402389139e-05
	5.357299741e-05	5.366568476e-05	5.331520752e-05	5.333396223e-05	5.30672953e-05
	5.302839306e-05	5.283918644e-05	5.275658475e-05	5.264388614e-05	5.25291988e-05
	5.249370408e-05	5.235646732e-05	5.239812541e-05	5.22461733e-05	5.236294057e-05
	5.220276848e-05	5.239016685e-05	5.222722642e-05	5.247839574e-05	5.23173083e-05
	5.262333793e-05	5.246803483e-05	5.281844334e-05	5.267224914e-05	5.3055536e-05
	5.292121052e-05	5.332543233e-05	5.320518559e-05	5.36185226e-05	5.351401357e-05
	5.392529873e-05	5.383762599e-05	5.423681373e-05	5.41665033e-05	5.454506209e-05
	5.449205554e-05	5.484327682e-05	5.480692006e-05	5.51261475e-05	5.510517832e-05
	5.538997406e-05	5.538250382e-05	5.563278392e-05	5.563626501e-05	5.58544543e-05
	5.586562111e-05	5.605689927e-05	5.607166464e-05	5.624439876e-05	5.625768381e-05
	5.642415868e-05	5.642963484e-05	5.660716762e-05	5.659691369e-05	5.680928954e-05
	5.677345138e-05	5.705214424e-05	5.697891877e-05	5.736228597e-05	5.723917085e-05
	5.776443138e-05	5.758328906e-05	5.825878929e-05	5.803036828e-05	5.876562958e-05
	5.855210122e-05	5.903694268e-05	5.899600283e-05	5.86657774e-05	5.901585345e-05
	5.747277092e-05	5.825461835e-05	5.598561932e-05	5.68874859e-05	5.537174578e-05
	5.585373105e-05	5.730183823e-05	5.663148721e-05	6.436053182e-05	6.147359806e-05
	6.710517436e-05	6.855865333e-05	6.372379136e-05	6.509491636e-05	6.123488186e-05
	6.245531208e-05	5.938122001e-05	6.046385651e-05	5.797114271e-05	5.891741936e-05
	5.687289794e-05	5.768121256e-05	5.599132839e-05	5.666261513e-05	5.525741141e-05
	5.579709953e-05	5.4624478e-05	5.504291063e-05	5.406487253e-05	5.437611018e-05
	5.356600012e-05	5.378590581e-05	5.312597993e-05	5.32705886e-05	5.274916634e-05
	5.283356079e-05	5.244228287e-05	5.247998155e-05	5.221166072e-05	5.221441323e-05
	5.206159806e-05	5.203943494e-05	5.199360002e-05	5.195500504e-05	5.200620419e-05
	5.19583213e-05	5.209515434e-05	5.204398189e-05	5.225376616e-05	5.220431908e-05
	5.247339483e-05	5.242983082e-05	5.274395336e-05	5.27096668e-05	5.305444914e-05
	5.30321392e-05	5.339351288e-05	5.338523254e-05	5.374989617e-05	5.375708783e-05
	5.41129159e-05	5.41364379e-05	5.44728281e-05	5.451297471e-05	5.482112048e-05
	5.487763614e-05	5.515072114e-05	5.522280822e-05	5.545613147e-05	5.554244867e-05
	5.573350125e-05	5.583214807e-05	5.598067699e-05	5.608915627e-05	5.619726763e-05
	5.631241449e-05	5.638478959e-05	5.650264955e-05	5.654697307e-05	5.666260573e-05
	5.669033045e-05	5.67975117e-05	5.682508651e-05	5.691589191e-05	5.696649737e-05
	5.703080223e-05	5.713631975e-05	5.716141452e-05	5.73634767e-05	5.733441901e-05
	5.768116098e-05	5.758356047e-05	5.811344632e-05	5.794283288e-05	5.863729733e-05
	5.842309128e-05	5.910547766e-05	5.895541178e-05	5.918061318e-05	5.930409135e-05
	5.853322129e-05	5.909129845e-05	5.739947939e-05	5.821825222e-05	5.682135412e-05
	5.737702857e-05	5.848041542e-05	5.800507045e-05	6.488505724e-05	6.232139018e-05
	6.774114804e-05	6.895010456e-05	6.491760946e-05	6.613615643e-05	6.272311518e-05
	6.387616349e-05	6.096071881e-05	6.203843313e-05	5.948925117e-05	6.047543318e-05
	5.822156828e-05	5.910129228e-05	5.710497324e-05	5.786960196e-05	5.610990456e-05
	5.675843085e-05	5.522265124e-05	5.576110735e-05	5.443907243e-05	5.487831091e-05
	5.37602833e-05	5.411370192e-05	5.318954141e-05	5.347130683e-05	5.273001202e-05
	5.295387298e-05	5.238334761e-05	5.256195618e-05	5.2148943e-05	5.229354761e-05
	5.20236648e-05	5.214403648e-05	5.200188259e-05	5.210636984e-05	5.2075681e-05
	5.217132374e-05	5.22351817e-05	5.232784408e-05	5.246893678e-05	5.256343774e-05
	5.276437024e-05	5.286460252e-05	5.31082477e-05	5.321728247e-05	5.348715238e-05
	5.360732971e-05	5.388794259e-05	5.402094921e-05	5.42981661e-05	5.444510174e-05
	5.470640962e-05	5.486784264e-05	5.510256835e-05	5.52785806e-05	5.5478029e-05
	5.566824888e-05	5.582576949e-05	5.602939129e-05	5.614038857e-05	5.63561749e-05
	5.641808852e-05	5.664435107e-05	5.665664517e-05	5.689119622e-05	5.685541197e-05
	5.709547539e-05	5.701542142e-05	5.72574862e-05	5.713966813e-05	5.737926034e-05
	5.723368028e-05	5.746502281e-05	5.730649814e-05	5.75220292e-05	5.737214218e-05
	5.75618935e-05	5.745148306e-05	5.760242562e-05	5.757394387e-05	5.766969592e-05
	5.777730062e-05	5.779929066e-05	5.81012115e-05	5.80340183e-05	5.856465555e-05
	5.841157042e-05	5.911139678e-05	5.89292296e-05	5.952635932e-05	5.947229959e-05
	5.946074427e-05	5.975286888e-05	5.884923956e-05	5.949853492e-05	5.84488831e-05
	5.903177896e-05	5.986555489e-05	5.959729128e-05	6.550797351e-05	6.332939135e-05
	6.837427202e-05	6.933626036e-05	6.61160827e-05	6.717305168e-05	6.421960372e-05
	6.529370922e-05	6.254622394e-05	6.36070426e-05	6.101284689e-05	6.202819014e-05
	5.958704233e-05	6.053046342e-05	5.826568622e-05	5.91209491e-05	5.705906956e-05
	5.782023072e-05	5.598073465e-05	5.66500143e-05	5.504227134e-05	5.562721558e-05
	5.425142037e-05	5.47624946e-05	5.3611624e-05	5.406043814e-05	5.312225691e-05
	5.352040153e-05	5.277910844e-05	5.313745963e-05	5.257492055e-05	5.290327467e-05
	5.249989641e-05	5.280681801e-05	5.254216613e-05	5.283496638e-05	5.26882238e-05
	5.29730141e-05	5.292335755e-05	5.32051433e-05	5.323208682e-05	5.351487992e-05
	5.359860917e-05	5.388554643e-05	5.400724603e-05	5.430070595e-05	5.444286815e-05
	5.474458112e-05	5.489127702e-05	5.52024258e-05	5.533952021e-05	5.566082821e-05
	5.5776124e-05	5.610792926e-05	5.61912353e-05	5.653354839e-05	5.657667431e-05
	5.692921845e-05	5.692590885e-05	5.728814001e-05	5.723396956e-05	5.760507381e-05
	5.749733375e-05	5.787619737e-05	5.771381423e-05	5.809895923e-05	5.788250097e-05
	5.827197458e-05	5.800381897e-05	5.83950194e-05	5.807978707e-05	5.846919988e-05
	5.81145871e-05	5.849739858e-05	5.811557201e-05	5.848512268e-05	5.809482897e-05
	5.844188642e-05	5.807131085e-05	5.838320809e-05	5.807324301e-05	5.833311395e-05
	5.813978472e-05	5.832657206e-05	5.83193643e-05	5.841026958e-05	5.865879997e-05
	5.863804206e-05	5.917161708e-05	5.905302715e-05	5.977252222e-05	5.964289385e-05
	6.021613282e-05	6.02663367e-05	6.025826024e-05	6.065207241e-05	6.023244781e-05
	6.076024788e-05	6.147967915e-05	6.141352843e-05	6.624333358e-05	6.451872746e-05
	6.899186911e-05	6.97067844e-05	6.728783144e-05	6.817245382e-05	6.568241357e-05
	6.666204695e-05	6.410107094e-05	6.513025716e-05	6.252906498e-05	6.356487102e-05
	6.099505605e-05	6.200370562e-05	5.954303202e-05	6.050296227e-05	5.821383869e-05
	5.911418338e-05	5.703800649e-05	5.787596487e-05	5.603453593e-05	5.681265893e-05
	5.521230879e-05	5.593633892e-05	5.457214036e-05	5.524941082e-05	5.410874574e-05
	5.4747085e-05	5.381234328e-05	5.441936507e-05	5.366988782e-05	5.42525667e-05
	5.366600411e-05	5.423045205e-05	5.378371561e-05	5.433509721e-05	5.400504824e-05
	5.454758847e-05	5.431156487e-05	5.48486164e-05	5.468485958e-05	5.521900548e-05
	5.510701798e-05	5.564019245e-05	5.556103451e-05	5.609464833e-05	5.603116934e-05
	5.656623023e-05	5.650322641e-05	5.704044726e-05	5.696473909e-05	5.750462931e-05
	5.740505777e-05	5.794799481e-05	5.781534266e-05	5.836162242e-05	5.818847365e-05
	5.8738339e-05	5.851889529e-05	5.907254214e-05	5.880242071e-05	5.935998014e-05
	5.903602319e-05	5.959751606e-05	5.921765094e-05	5.978290761e-05	5.934611062e-05
	5.991464327e-05	5.942108067e-05	5.99918879e-05	5.944333781e-05	6.001461187e-05
	5.941530692e-05	5.99840039e-05	5.934206944e-05	5.990329695e-05	5.923296874e-05
	5.977915288e-05	5.910389448e-05	5.96237304e-05	5.898014455e-05	5.945745077e-05
	5.889933648e-05	5.931220149e-05	5.891296855e-05	5.923415306e-05	5.908345232e-05
	5.928425805e-05	5.946995482e-05	5.953229304e-05	6.009090295e-05	6.003584329e-05
	6.08569524e-05	6.079138216e-05	6.154608673e-05	6.166606816e-05	6.210160845e-05
	6.245952488e-05	6.332046692e-05	6.341233628e-05	6.709893122e-05	6.589382966e-05
	6.956431757e-05	7.003791396e-05	6.837781735e-05	6.907669922e-05	6.706216399e-05
	6.792539069e-05	6.561495585e-05	6.659580713e-05	6.409105599e-05	6.514672351e-05
	6.256874415e-05	6.366385978e-05	6.112146392e-05	6.223000816e-05	5.980518881e-05
	6.090932838e-05	5.86570141e-05	5.974565283e-05	5.769750047e-05	5.876460454e-05
	5.693420599e-05	5.797731479e-05	5.636498458e-05	5.738394337e-05	5.598072326e-05
	5.697669992e-05	5.576745419e-05	5.674222053e-05	5.570795172e-05	5.666340083e-05
	5.578294273e-05	5.67207982e-05	5.59720507e-05	5.689372494e-05	5.625456055e-05
	5.716112162e-05	5.66100587e-05	5.750227058e-05	5.701897391e-05	5.789738032e-05
	5.746302439e-05	5.832805193e-05	5.792556561e-05	5.877762791e-05	5.839183082e-05
	5.923142083e-05	5.884906011e-05	5.9676823e-05	5.928652085e-05	6.010330436e-05
	5.969543014e-05	6.050231231e-05	6.006879552e-05	6.086709165e-05	6.040119379e-05
	6.119244538e-05	6.068850941e-05	6.147445755e-05	6.092765512e-05	6.171019907e-05
	6.111629919e-05	6.189743794e-05	6.125262855e-05	6.203437788e-05	6.133518612e-05
	6.211945637e-05	6.136283634e-05	6.215124592e-05	6.133493691e-05	6.212852389e-05
	6.125182511e-05	6.205060555e-05	6.111575855e-05	6.191806924e-05	6.093246839e-05
	6.173403159e-05	6.07134609e-05	6.150613435e-05	6.047910206e-05	6.124935165e-05
	6.026228049e-05	6.09895741e-05	6.011198283e-05	6.076761957e-05	6.009522925e-05
	6.064275605e-05	6.029405889e-05	6.069375695e-05	6.079047188e-05	6.101319011e-05
	6.162686172e-05	6.168588281e-05	6.273509041e-05	6.273605847e-05	6.392964254e-05
	6.405019095e-05	6.531905963e-05	6.545769258e-05	6.806266297e-05	6.740867079e-05
	7.003452192e-05	7.028876917e-05	6.931141269e-05	6.980452411e-05	6.833128502e-05
	6.904542814e-05	6.715387177e-05	6.806687897e-05	6.587215142e-05	6.695768053e-05
	6.45785228e-05	6.580676342e-05	6.334870698e-05	6.469016987e-05	6.223747694e-05
	6.366447618e-05	6.128038188e-05	6.27685084e-05	6.049669443e-05	6.202521743e-05
	5.989281899e-05	6.144459382e-05	5.946539926e-05	6.102642071e-05	5.920400793e-05
	6.076286814e-05	5.909334725e-05	6.064072167e-05	5.911502068e-05	6.064325623e-05
	5.924894382e-05	6.075176695e-05	5.94744683e-05	6.094680241e-05	5.977127211e-05
	6.120913777e-05	6.012005262e-05	6.152051931e-05	6.050304269e-05	6.186420337e-05
	6.090436268e-05	6.222530902e-05	6.131021972e-05	6.259100476e-05	6.170896974e-05
	6.295055217e-05	6.209106242e-05	6.329523325e-05	6.244889307e-05	6.361818862e-05
	6.277658542e-05	6.391419308e-05	6.306972787e-05	6.417939157e-05	6.332508295e-05
	6.441101498e-05	6.354028699e-05	6.460709132e-05	6.371355518e-05	6.476616433e-05
	6.384340605e-05	6.488703031e-05	6.392842196e-05	6.496850343e-05	6.396706906e-05
	6.500922444e-05	6.395761579e-05	6.500753773e-05	6.389821368e-05	6.496148282e-05
	6.378723764e-05	6.48689767e-05	6.362402045e-05	6.472830009e-05	6.341014877e-05
	6.453903798e-05	6.315149846e-05	6.430365271e-05	6.28611471e-05	6.402986418e-05
	6.256317438e-05	6.373394458e-05	6.229710588e-05	6.344486703e-05	6.212229939e-05
	6.320893072e-05	6.212073005e-05	6.309392594e-05	6.239473016e-05	6.319078282e-05
	6.30519737e-05	6.360811608e-05	6.416034495e-05	6.444863675e-05	6.565332812e-05
	6.574469577e-05	6.727215749e-05	6.733158354e-05	6.907183264e-05	6.888444288e-05
	7.034676188e-05	7.034662483e-05	7.002707537e-05	7.028707054e-05	6.952293715e-05
	7.002206515e-05	6.887986011e-05	6.965325506e-05	6.816534488e-05	6.922256373e-05
	6.743650493e-05	6.876795601e-05	6.673982651e-05	6.832120896e-05	6.611013824e-05
	6.790728619e-05	6.557144608e-05	6.754483167e-05	6.513770915e-05	6.724595934e-05
	6.481423299e-05	6.701683543e-05	6.459927365e-05	6.685842614e-05	6.448574005e-05
	6.676753904e-05	6.446281761e-05	6.67379215e-05	6.451742266e-05	6.676133542e-05
	6.463543232e-05	6.682851087e-05	6.480267053e-05	6.692993486e-05	6.500565034e-05
	6.705645277e-05	6.523208669e-05	6.719968515e-05	6.547120399e-05	6.735227783e-05
	6.571387165e-05	6.750801434e-05	6.595260563e-05	6.766182332e-05	6.61814736e-05
	6.780971222e-05	6.639593626e-05	6.794865351e-05	6.659265019e-05	6.807644375e-05
	6.676925143e-05	6.81915506e-05	6.692413395e-05	6.82929582e-05	6.705623329e-05
	6.838001794e-05	6.71648227e-05	6.845230972e-05	6.724932755e-05	6.850951837e-05
	6.730916016e-05	6.855132884e-05	6.734357279e-05	6.857733759e-05	6.735152803e-05
	6.858696899e-05	6.73316027e-05	6.857939486e-05	6.728196585e-05	6.85534802e-05
	6.720049313e-05	6.85077968e-05	6.708510456e-05	6.844075576e-05	6.693444515e-05
	6.835092684e-05	6.674906039e-05	6.823763894e-05	6.653323241e-05	6.810197956e-05
	6.629760851e-05	6.794831289e-05	6.606263518e-05	6.778639077e-05	6.586255993e-05
	6.763400013e-05	6.574929737e-05	6.751981127e-05	6.57945542e-05	6.748555915e-05
	6.608659822e-05	6.758557288e-05	6.671301195e-05	6.787964963e-05	6.770995773e-05
	6.841229578e-05	6.893541593e-05	6.916498063e-05	6.993891594e-05	6.994323824e-05
	
