3721	
	-0.1003023991	-0.09669990647	0.05037016736	0.01915132531	0.0386907393
	-0.006560424034	0.002569303366	0.008445306031	-0.01100829121	0.02113070624
	0.01334602304	0.01250448331	0.03115707646	0.01760421075	0.008451292615
	0.009620093451	0.01941044297	0.01236958008	0.01627559605	0.02150823418
	0.01960497167	0.02621847598	0.03289672145	0.02152241945	0.0179914553
	0.01613448152	0.01409747204	0.01614677976	0.02320381158	0.01587121037
	0.0163711541	0.01798563034	0.0167007984	0.01630045127	0.01862336742
	0.01745310035	0.02848553634	0.02534307986	0.03646763483	0.03079810412
	0.02201448911	0.02793675165	0.02146727084	0.01906778317	0.01656318246
	0.01635872293	0.01689588412	0.01588463093	0.01653596709	0.01774781554
	0.02090702126	0.01650866694	0.01782311379	0.01699943581	0.01773041511
	0.03383636808	0.03136283354	0.03926986159	0.03549872119	0.0151288778
	0.01594621542	0.01567579266	0.01592309649	0.02730519209	0.02482020217
	0.03309709904	0.02845878559	0.01900922993	0.0217610325	0.02097740137
	0.02524117185	0.01688084772	0.01605449266	0.01648561948	0.01665592274
	0.01924774949	0.01770497486	0.0172739344	0.03651346231	0.03534329278
	0.03981624257	0.03779011705	0.03211124346	0.03033255632	0.03350487269
	0.03662116912	0.01503568088	0.01425103264	0.01525877119	0.01477520462
	0.01537760755	0.01580456713	0.01610758703	0.01618501706	0.02307573997
	0.02675184872	0.02536530887	0.0299606448	0.02028937667	0.01656638778
	0.01698111804	0.02247477527	0.01811333554	0.01787700168	0.01940311651
	0.03722287549	0.03610244769	0.0364145692	0.03759726028	0.03453709009
	0.03404609251	0.03605240358	0.03743763366	0.02926461454	0.02746819053
	0.03327782513	0.03108926897	0.01413015227	0.0138263612	0.01328025451
	0.01443841305	0.01503631933	0.01457550588	0.01531306994	0.01553781595
	0.01709954564	0.0167492674	0.01621036058	0.01577864631	0.01789234993
	0.02405442817	0.02091957788	0.01866222594	0.02002530248	0.02619087036
	0.02253427702	0.03277639514	0.03444887687	0.03282805802	0.0338125476
	0.03555410495	0.03526367059	0.03396408608	0.0349748334	0.03113598554
	0.03050615211	0.03399094362	0.03325597414	0.01282734577	0.01319564353
	0.01227633791	0.01353485054	0.02406174514	0.02525210957	0.0287143997
	0.02742099398	0.01474940043	0.01416878448	0.01367032136	0.01442606459
	0.01562580762	0.01607941626	0.01486232707	0.01535834654	0.0188062311
	0.01786730881	0.01717135034	0.0224139951	0.01972500566	0.01643320731
	0.02115184843	0.02714847446	0.02985780907	0.02615301575	0.02811565231
	0.03051451223	0.03288926385	0.03215798615	0.03046708318	0.03101503358
	0.03176455515	0.0325299954	0.03021612575	0.01185615618	0.01228907143
	0.01134965155	0.01260852964	0.0288470376	0.02600367239	0.02613557728
	0.02886328049	0.01383192927	0.0134445515	0.01322709879	0.01271599414
	0.02364141636	0.02316143287	0.02093609474	0.02049530559	0.01379193646
	0.01436105934	0.01436014444	0.01493658239	0.01875259843	0.01695627496
	0.01675804876	0.01486513837	0.01575055774	0.01566674477	0.01834494022
	0.02003905963	0.02338063435	0.01838950789	0.02092601946	0.02480408327
	0.02818950787	0.026473603	0.02378252601	0.02656712878	0.02867590095
	0.02696414532	0.02898547252	0.01103880977	0.01152009104	0.01065253703
	0.01175804449	0.02625459048	0.02449555958	0.02565536353	0.0276273968
	0.01242772605	0.0128327466	0.01228234181	0.01181094875	0.02271908467
	0.02043534353	0.0209561266	0.02340030505	0.01260630417	0.01360927541
	0.01293234943	0.01321706075	0.01653001172	0.01691108862	0.0183923558
	0.01875287668	0.01400451395	0.01512253963	0.01351324438	0.01311393693
	0.01411497915	0.01461795176	0.01553805897	0.01229062085	0.01586349767
	0.01034477972	0.0130831554	0.01766787179	0.02162986115	0.01932589184
	0.01606900892	0.02079118731	0.02386405474	0.02034181577	0.02322752765
	0.02042715463	0.02274778524	0.02378640496	0.02130546356	0.01112070483
	0.01053895485	0.01103726808	0.01036453089	0.01149448467	0.01184879528
	0.01145400479	0.01109883	0.01776229043	0.02127346845	0.019426767
	0.01938540026	0.01141602177	0.01142521687	0.01213739772	0.01200401533
	0.01574197249	0.01614697013	0.01750177928	0.01449844298	0.0121720379
	0.01123592297	0.01115839724	0.01232268632	0.01148687981	0.01314846981
	0.01432021987	0.01118388413	0.01212353845	0.01329102889	0.01264213356
	0.004650164465	0.008107851759	0.002709613452	0.005339728886	0.009955218091
	0.01407333481	0.0115605884	0.008141230647	0.01371648362	0.01732854491
	0.01276460648	0.01609148979	0.0147399579	0.0145210352	0.01766427033
	0.01794213566	0.0108607901	0.01053492493	0.01100728144	0.01066524383
	0.01691344639	0.01308993085	0.01566000869	0.0141528385	0.01075528095
	0.01081327057	0.01102980365	0.010902767	0.0103953701	0.01001013896
	0.01065635613	0.0108663786	0.01426265075	0.01197285703	0.01068249444
	0.01281605948	0.01028476682	0.009395296891	0.00882453159	0.009955707791
	0.008647497089	0.01057470066	0.009559884942	0.0115559123	0.009679498774
	0.008064247101	0.009703926402	0.00783122411	0.007928835076	0.008278725786
	0.009947650817	-0.002286260716	0.0007854732102	-0.003984388787	-0.001700824281
	0.002408648239	0.006328030612	0.003924496632	0.0006784329306	0.006176210832
	0.009921652639	0.005039436765	0.008424369115	0.007565044983	0.01112691089
	0.01091008707	0.007394317806	0.01090532808	0.006987261577	0.01018376327
	0.00759716387	0.01169917332	0.01114564531	0.0111882644	0.01158556566
	0.01096088579	0.01057690206	0.01056335969	0.01080945064	0.00925670918
	0.005349886459	0.006285590846	0.008187874145	0.009755219933	0.008906371691
	0.009370072146	0.0100019827	0.008544549948	0.007817060708	0.00672522104
	0.007706045648	0.007192509746	0.006372244785	0.003763653425	0.004498786082
	0.006219064914	0.006886721074	0.005599384571	0.004620268722	0.00312993235
	0.005637390231	0.003287310315	0.00583462978	0.00331137566	0.005772600173
	0.003820957275	-0.008084011643	-0.005592077767	-0.00936488054	-0.007598049868
	-0.004388594829	-0.0009383003055	-0.002989612954	-0.005806706713	-0.001114348445
	0.002428141704	-0.00217366879	0.000960672461	3.027968094e-05	0.0003346428964
	0.003938431532	0.003501016514	0.004007182876	0.000171429974	0.003629885973
	0.0005246601496	0.003045895871	-0.0009510973405	0.002291323131	-0.000272138585
	0.01288191205	0.01353906794	0.01211311508	0.01260808831	0.01186509261
	0.0109659868	0.01134271199	0.01064323086	0.009703551861	0.008338507131
	0.008509612342	0.009626520642	0.001549301732	-0.001584338726	-0.002161261077
	0.000909957097	0.007188078578	0.005092564825	0.006737245598	0.005806889665
	0.004408698916	0.003108265781	0.001767126287	0.003371465616	0.0004862670702
	0.0003611322473	-0.002635421954	-0.002534291962	0.001977361464	0.000286858808
	0.0005607837578	-0.0009259397242	-0.001843818812	-0.00241797108	0.001117789316
	-0.01205886712	-0.01245345936	-0.0106681734	-0.01319630033	-0.01001805579
	-0.007224951319	-0.008751935698	-0.01096074056	-0.007605178054	-0.004517182106
	-0.008385293137	-0.005728296364	-0.006521593447	-0.00317975745	-0.003598005794
	-0.006743649815	-0.006388116869	-0.003048106772	-0.006677374002	-0.003283737014
	-0.003692912695	-0.007591591631	-0.004258566866	-0.007036065833	0.0149272057
	0.01615503181	0.01383619367	0.01481757327	-0.004832057056	-0.008597994517
	-0.005340999151	-0.008110248721	0.01262160052	0.01354863561	0.01210925463
	0.01142962396	0.01040468773	0.008496198865	0.008289525872	0.009931918896
	0.004486178064	0.006441053566	0.004137190472	0.00636298954	-0.009007831325
	-0.005681633535	-0.008915825057	-0.00576992352	0.00055501072	0.002491367422
	0.001805699383	-0.000431212259	-0.001244308928	-0.002798577841	-0.00258183533
	-0.004471129666	-0.006093221965	-0.008810219396	-0.005558715778	-0.004986442616
	-0.007361157244	-0.008265566996	-0.00407227275	-0.01522220305	-0.01421733131
	-0.01535001324	-0.01490944406	-0.01307776336	-0.01456328238	-0.0142054039
	-0.0121882544	-0.01290981832	-0.01044885543	-0.01326310606	-0.01123676077
	-0.01248680785	-0.01251901001	-0.009660150321	-0.009865886607	-0.009658733408
	-0.01301226255	-0.00993674145	-0.01261769145	-0.010853906	-0.0103372989
	-0.01401403927	-0.01344646762	0.01772941737	0.01764856145	0.01939676778
	0.01629237783	-0.01137097674	-0.01501988272	-0.0118319466	-0.01453471578
	0.01468043943	0.01599226359	0.01404893312	0.01301095627	-0.01548859891
	-0.01215192391	-0.01225590561	-0.01535094021	0.01194491013	0.009502536981
	0.008871397339	0.01104774678	0.003935117402	0.006484465169	0.006844462459
	0.004023207481	-0.001253598998	0.001327978239	-0.001805686285	0.001074324885
	-0.01158977152	-0.01536419752	-0.01209138747	-0.01492311005	-0.004622170612
	-0.007172920381	-0.005944601158	-0.00371477472	-0.009497527948	-0.007902018417
	-0.01413298677	-0.01074020264	-0.01139877292	-0.01296260893	-0.009472581255
	-0.01630627227	-0.0161160003	-0.01577604865	-0.0160656338	-0.01679014445
	-0.01561426631	-0.01579872151	-0.01649613725	-0.0150537847	-0.01660223729
	-0.01530113988	-0.01677915583	0.02113763502	0.0208603968	0.02299655376
	0.01934566185	-0.01690575388	-0.01732539761	-0.01509766231	-0.01494098504
	-0.01779584242	-0.01538278237	-0.01843916391	-0.01585991135	-0.01908894103
	-0.01640028237	-0.01979542502	-0.01700171173	-0.01757681529	-0.02100580118
	-0.01808143076	-0.02043232463	0.01744346724	0.01905899567	0.01671726897
	0.01537421674	-0.01845290427	-0.02166326159	-0.01862782948	-0.02142501818
	0.01430771698	0.01033685744	0.01139123477	0.0130111861	-0.01856139054
	-0.01818881076	-0.0213681765	-0.02165862254	0.004288813113	0.007431385275
	0.00485185986	0.00825509362	-0.00223065058	0.001297070895	0.001065538792
	-0.002168385824	-0.008915451701	-0.008184762715	-0.005289418374	-0.005709409454
	-0.01639791731	-0.02075131169	-0.01977104473	-0.01748556555	-0.01443439631
	-0.01187521523	-0.01839842962	-0.01305030178	-0.01080282048	-0.01662942751
	-0.01493112499	-0.01568532932	-0.01631548589	-0.01447982958	-0.01550733871
	-0.01769619206	-0.01738787367	-0.01683363697	-0.01671566691	-0.01906886937
	-0.01813994406	-0.01829366797	-0.0177684028	0.02473314727	0.02427846845
	0.02659976608	0.02274892122	-0.02072945817	-0.01922491801	-0.01859200486
	-0.01982151288	0.02071638775	0.02249683404	0.0199292162	0.01838897355
	-0.02168173317	-0.01992106366	-0.02269415284	-0.02072856713	-0.02234730646
	-0.02153801663	-0.02464276269	-0.02368063743	-0.02550422139	-0.02309019595
	-0.02625868161	-0.02373221763	-0.02423065231	-0.02724242419	-0.02684466769
	-0.02453405415	0.0157478681	0.01266873062	0.01409163738	0.0173607425
	-0.02461091285	-0.02729747781	-0.02440485482	-0.02740351296	0.006649027451
	0.005612584624	0.009310230724	0.0105767496	-0.02688520751	-0.02389213567
	-0.02613542787	-0.02302065767	-0.002087887257	-0.001631415682	0.001793442802
	0.002531370921	-0.009621325479	-0.009421590407	-0.005762271675	-0.005865038694
	-0.01323230787	-0.01268778999	-0.01556788047	-0.01641131764	-0.02350294172
	-0.02012212106	-0.02501383237	-0.02156489239	-0.02177835798	-0.01806210869
	-0.01921823388	-0.01338225042	-0.01481951909	-0.01150273889	-0.01325723198
	-0.01690798661	-0.01746578689	-0.0161640149	-0.01523102406	-0.01971067422
	-0.01960485472	-0.01829789743	-0.01856657175	-0.02113862976	-0.0226080054
	-0.02187848195	-0.02068489553	0.02814837123	0.02756131135	0.02982537098
	0.02617303021	0.02420160183	0.02596813764	0.02339655957	0.02181010908
	-0.02412824628	-0.02308375823	-0.02560944123	-0.02433120042	0.01906617587
	0.02085821614	0.01742286967	0.0157401114	-0.02665142745	-0.02703768788
	-0.02552205573	-0.02836172389	-0.02854032519	-0.02954998388	-0.02766644796
	-0.03057859567	-0.03141352812	-0.02974084679	-0.02924500752	-0.03203732067
	-0.03000356888	-0.03241685854	-0.03253207084	-0.03000896898	0.009354479591
	0.01368931909	0.007890533099	0.01205223895	-0.02970815796	-0.03185004731
	-0.03235038086	-0.0290770215	1.030815441e-05	-0.0009645025139	0.003534573459
	0.00476376578	-0.0267228294	-0.02809579486	-0.02977790839	-0.03099830653
	-0.004744801263	-0.009250590744	-0.005383046854	-0.00959633595	-0.01350808045
	-0.0135055603	-0.01730336	-0.01700950925	-0.02611893887	-0.02010406275
	-0.02274068649	-0.02071397654	-0.02495042175	-0.02362754475	-0.02815204533
	-0.009443354474	-0.01166468179	-0.006901066368	-0.00935995189	-0.014452359
	-0.0158557081	-0.01381450774	-0.01208681453	-0.01869107599	-0.01941046639
	-0.0166260021	-0.01768171641	-0.0208219829	-0.02290032588	-0.02296921616
	-0.02115526919	0.03102871791	0.03037665672	0.03234843799	0.02926428056
	-0.02475880197	-0.02708416286	-0.02653680895	-0.02505446919	0.02754177976
	0.02910790297	0.02676811324	0.02530493594	0.02266998381	0.02446509488
	0.02110203367	0.01931461443	-0.02820599375	-0.03082559896	-0.02904507736
	-0.02975696657	0.01281348732	0.01548428685	0.01101570649	0.01736779499
	-0.03234145081	-0.03382972885	-0.0324362412	-0.03114233842	-0.03499760941
	-0.03592022395	-0.03409444048	-0.03333492715	-0.03657957877	-0.03461022169
	-0.03696313443	-0.03484808467	-0.03479908223	-0.03704642914	-0.03681736006
	-0.03442627809	0.007900999062	0.002650391073	0.001190174456	0.006236670874
	-0.03532532595	-0.03264250622	-0.03371947713	-0.03624736027	-0.00266820483
	-0.007799106517	-0.008687084872	-0.003830930389	-0.02931154877	-0.03118492086
	-0.0340189264	-0.03232221327	-0.01710682043	-0.01736137596	-0.01323499016
	-0.01269451171	-0.02105345522	-0.02425983885	-0.0276412756	-0.02460040222
	-0.02701586477	-0.02112170501	-0.0301932025	-0.003910517688	-0.006897533066
	-0.0007117899332	-0.003852765539	0.03311599154	0.03247867659	0.03398212887
	0.03172156716	-0.01038288742	-0.01260012704	-0.00983487954	-0.007345040724
	-0.0160373838	-0.01756591673	-0.01332686551	-0.01514147238	-0.02159161043
	-0.02246138794	-0.01998924641	-0.01888245283	-0.02488878664	-0.02706457943
	-0.0272704002	-0.02442770089	0.03038974444	0.03160334243	0.02969563222
	0.02850795742	-0.02949961345	-0.03195384327	-0.03156253256	-0.02963591508
	0.02306445336	0.02619598142	0.02780800205	0.02477377095	0.01677467692
	0.01933203822	0.01478402133	0.02129369621	-0.03340863569	-0.0350225804
	-0.03591778901	-0.03407479668	0.01176146219	0.006174000264	0.004298501704
	0.009763407326	-0.03748624504	-0.03750137155	-0.03879736579	-0.03638763739
	-0.04051124545	-0.03980358474	-0.03884775388	-0.03831371416	-0.04098002393
	-0.04090472814	-0.03899801872	-0.03908482249	-0.04071338825	-0.03858190864
	-0.03780749111	-0.04010138374	-0.005299083151	0.0004044366416	-0.006707534345
	-0.001245141758	-0.03911588658	-0.03513251287	-0.03775442708	-0.036667491
	-0.01662943377	-0.01188067399	-0.01080790145	-0.01583503785	-0.035983758
	-0.03319407746	-0.03380564608	-0.03081929479	-0.02469941946	-0.0245062321
	-0.02092222906	-0.02045861485	-0.02809981311	-0.02800205775	-0.03117174808
	0.003232285519	-0.0005358215636	0.007118186806	0.003290284615	-0.004759746711
	-0.007759807157	-0.004275479065	-0.001055868354	0.03431530669	0.03376979997
	0.03472634428	0.03337135595	0.03249034099	0.03327284966	0.03191378575
	0.03109792169	-0.01180834491	-0.01411667118	-0.008476824809	-0.01100214385
	-0.01870455444	-0.020360747	-0.01721213661	-0.01537031031	-0.02345714652
	-0.02553325446	-0.02649806581	-0.02225469119	-0.02935277148	-0.03169996653
	-0.02877999436	-0.03200610692	0.02661354173	0.02927783173	0.03055036148
	0.02806644409	-0.03439346308	-0.03677843032	-0.03650548703	-0.03441066408
	0.02508962585	0.02090193634	0.01889782368	0.02324164782	0.01607148337
	0.01038555776	0.01388742121	0.008207437742	-0.03832140127	-0.0405973391
	-0.03885633394	-0.03983431765	-0.003709060669	-0.001824169729	0.004348513695
	0.002282043269	-0.0431096326	-0.0419301338	-0.04201859014	-0.04104072743
	-0.04274019421	-0.04386533773	-0.04428720197	-0.04250210295	-0.04218796641
	-0.04435686809	-0.04264248314	-0.04407814846	-0.04240453573	-0.0413729484
	-0.04017427509	-0.04342619866	-0.009471058541	-0.01483500418	-0.01351584611
	-0.007888924299	-0.03658459692	-0.04098512208	-0.0391714535	-0.03858665294
	-0.02337176661	-0.01874954804	-0.02408547457	-0.01973190234	-0.03112164114
	-0.03426473016	-0.03416097836	-0.02752597183	-0.02794007962	-0.03692902281
	-0.03128131222	0.01217310935	0.007511535028	0.01688860538	0.01227795794
	0.002388311635	-0.001387334407	0.002859206658	0.006803680039	-0.006084352727
	-0.009136545765	-0.002164899151	-0.005333387986	0.03471430838	0.03431844551
	0.03475621691	0.03420996032	0.0337466502	0.034112204	0.03330850927
	0.03287764018	0.03067046326	0.02960688299	0.03162809751	0.0324745525
	-0.01429726356	-0.01671026978	-0.01288260946	-0.01037410116	-0.02048252643
	-0.02250586694	-0.02422051947	-0.0185811779	-0.02648011354	-0.02774752196
	-0.03004642402	-0.03105691278	-0.0340540887	-0.03637264502	-0.03673922937
	-0.03341704754	0.02838198298	0.02682801973	0.02481047122	0.02298860661
	-0.03907868708	-0.04126856286	-0.04107727148	-0.0390172763	0.01500179688
	0.02047608307	0.01829215743	0.01267887295	0.0002114858577	0.006590392517
	0.002498740208	0.008963406702	-0.04272847397	-0.04470265597	-0.04403355627
	-0.04317020561	-0.004008545238	-0.01019259885	-0.0120133732	-0.006060966083
	-0.04668861971	-0.04560167802	-0.04587419552	-0.04499334075	-0.04722031164
	-0.04575297419	-0.04713400603	-0.04585916235	-0.04692568269	-0.04442980834
	-0.04528215931	-0.0462600418	-0.04155485272	-0.04519782827	-0.04374744966
	-0.04319377416	-0.02122527114	-0.0160246507	-0.02244670718	-0.0175103203
	-0.03703333561	-0.0395094028	-0.03960663276	-0.04188127534	-0.03688676897
	-0.03373283949	-0.03007457725	-0.02686115774	-0.03073129506	-0.02595040445
	-0.03412057363	0.02352122348	0.01761903014	0.02949632828	0.0237620177
	0.01114663826	0.006527313504	0.01170971241	0.0164656107	0.001051969053
	-0.002716609144	0.005538818564	0.001810686454	0.03454032125	0.03432001132
	0.03435007908	0.03439002135	-0.00402135932	-0.008464463139	-0.01159175886
	-0.007088432864	0.03382514103	0.03423933954	0.03428196721	0.03394185566
	0.03241773293	0.03179354166	0.03311310786	0.03353974772	0.02974971032
	0.03088400169	0.02813276014	0.02666799183	-0.0160201386	-0.01803499654
	-0.0204743744	-0.01349910193	-0.02469721501	-0.02700552108	-0.02277552468
	-0.02871369086	-0.03109518542	-0.03237445957	-0.03468641481	-0.0356978519
	-0.04078026441	-0.03862470233	-0.04117386873	-0.03796187854	0.01965911434
	0.02457671891	0.01738746926	0.02259417599	-0.04322187449	-0.04333105471
	-0.04524947539	-0.04510916527	0.01395875052	0.01143644478	0.0048963167
	0.007470512419	-0.005931466439	-0.008216861519	0.0007165712615	-0.001741546691
	-0.04650905417	-0.04814011742	-0.04688779364	-0.04753413015	-0.01429047556
	-0.01231983501	-0.01809496304	-0.01981224859	-0.04948801515	-0.04846359219
	-0.04900179102	-0.04818733906	-0.04929401891	-0.0478790166	-0.0495800035
	-0.0483644237	-0.04860584183	-0.04700753044	-0.04573595785	-0.04752955373
	-0.04197370554	-0.04414797327	-0.04603975733	-0.04406357127	-0.02479485809
	-0.02340090458	-0.02805937058	-0.02920056835	-0.04182704467	-0.03650952665
	-0.03908690761	-0.03946407304	-0.03588587803	-0.03310478141	-0.03224068181
	0.03885577748	0.03082703016	0.04721333891	0.03939187543	0.0340727087
	0.03401815631	0.03378984566	0.03415385617	0.02189741631	0.01617437536
	0.02277920955	0.02867036064	0.009563220024	0.005059590283	0.01465547313
	0.01045454534	-0.001335965672	-0.005130950519	6.345335301e-05	0.003525204272
	0.03408783041	0.03418407374	0.0340368857	0.03401483849	-0.01016864671
	-0.01222159025	-0.01534158567	-0.007159829477	0.03388380104	0.03332721335
	0.03309387149	0.03378647473	0.03179375245	0.03247252728	0.03060497103
	0.02960623915	0.02800241862	0.02395067308	0.02194023723	0.02639728923
	-0.02025314448	-0.02262804438	-0.02500919866	-0.01775220425	-0.02747858204
	-0.02936813845	-0.03173466507	-0.03338156162	-0.03694883446	-0.03912484319
	-0.04010439474	-0.03569235193	-0.04512477499	-0.04282217645	-0.04215725272
	-0.04472780472	0.01279924206	0.01010503817	0.01648459969	0.01895601623
	-0.0470133146	-0.04849887041	-0.04687814568	-0.04861025196	0.006096761662
	-0.0008399965058	-0.003526425861	0.003338690729	-0.01011366581	-0.007684420844
	-0.01400968776	-0.01621029522	-0.04992605948	-0.04958760895	-0.05028105015
	-0.05084619977	-0.02176653982	-0.01989927698	-0.02509983397	-0.02671689292
	-0.05049050442	-0.05147396505	-0.05135456377	-0.05058373179	-0.05049614179
	-0.04911401377	-0.05118115044	-0.05000369521	-0.0478225324	-0.04939393803
	-0.04789103267	-0.04611751127	-0.04362302372	-0.04596292029	-0.04399943068
	-0.04145291992	-0.02981568651	-0.03763807498	-0.03114281982	-0.03847677487
	-0.03504166429	-0.03395311879	-0.0408439098	0.06192255915	0.04966522069
	0.07534321596	0.06296472354	0.03355299304	0.0336258456	0.03328216652
	0.03374603355	0.0357244962	0.02817841859	0.03741120414	0.045314959
	0.03384423501	0.03378207861	0.03391598682	0.03363141245	0.01957032735
	0.01416990099	0.0254535373	0.02083908694	0.006933611971	0.002497302369
	0.00847717267	0.01209191478	-0.003081632548	-0.005238693736	-0.00896673419
	0.0002174592028	0.03376027846	0.03358591531	0.03361599554	0.03385733807
	-0.01452256695	-0.0170237748	-0.01155716732	-0.02002172418	0.03293579398
	0.03322040853	0.03214258165	0.03161771324	0.02937740409	0.03050129622
	0.02750202417	0.02593227108	0.02352621822	0.01809538961	0.0154974854
	0.0213233209	-0.02508891321	-0.02757124142	-0.02264279685	-0.02982186885
	-0.03406908096	-0.03632182505	-0.03787316557	-0.03224031352	-0.04313671646
	-0.04119789783	-0.044067986	-0.03998302414	-0.04847240956	-0.04583624228
	-0.04648794433	-0.04808464803	0.004899004851	0.01183644749	0.001922440774
	0.00894217417	-0.05003281853	-0.05127176417	-0.05117549965	-0.04988718226
	-0.002204499307	-0.005043470589	-0.00900773353	-0.01167090418	-0.01779439497
	-0.02330107562	-0.02121087739	-0.01545960642	-0.05190898423	-0.05277251363
	-0.05222345217	-0.0522331142	-0.03265612027	-0.02825919819	-0.02647813799
	-0.0311117219	-0.05262062024	-0.05289609956	-0.05166315602	-0.0521527659
	-0.05076684449	-0.04945601174	-0.05081881878	-0.05192096809	-0.04928958813
	-0.04558610821	-0.0477324201	-0.04735101634	-0.04219087805	-0.04497984317
	-0.04001451905	-0.03895383816	-0.03528543594	-0.04301872222	-0.03657304335
	0.1011757839	0.07986781703	0.1251257739	0.1026972478	0.03334771256
	0.03313362533	0.03328138451	0.03293296121	0.05530160633	0.04412853675
	0.05881901649	0.07074217411	0.0334429397	0.03346195229	0.03356645713
	0.03324880232	0.03156125998	0.02475344039	0.03878713251	0.03372367714
	0.03360204144	0.03343842298	0.03346549127	0.03360431631	0.02160603155
	0.01616523185	0.01107742047	0.01813049291	0.008376489784	0.005008965998
	0.002627168421	-0.001574963623	-0.007703508848	-0.01039417047	-0.01389474607
	-0.004412222171	0.03333874312	0.03335820028	0.03286222687	0.03271428902
	-0.01965110067	-0.02230580982	-0.0250934445	-0.01672499766	0.03201506107
	0.03007035931	0.02903757631	0.03137258174	0.02290917604	0.02727465097
	0.02064472317	0.0255259856	0.007898144728	0.01751972597	0.01098457976
	0.01471362556	-0.02767845721	-0.03451389704	-0.03004042989	-0.03242487576
	-0.03847987858	-0.04049959635	-0.03673399252	-0.04194905112	-0.04493516417
	-0.04377479341	-0.04744977911	-0.04656854042	-0.04951222975	-0.051131381
	-0.05075741911	-0.04888321151	0.0008001477747	0.003950080531	-0.003164560863
	-0.006241659854	-0.0523208306	-0.05317382849	-0.0521744408	-0.05308466894
	-0.01289123136	-0.01009675566	-0.01639652409	-0.01896244309	-0.02937395008
	-0.02446812625	-0.02737613905	-0.02223395708	-0.05343075537	-0.05373185075
	-0.05335862873	-0.05388216638	-0.03768142332	-0.03377699938	-0.03617877565
	-0.03205099552	-0.05287249778	-0.05196829302	-0.05290989796	-0.05359909805
	-0.05178927098	-0.0506485315	-0.04890672107	-0.05025929859	-0.04591968879
	-0.04829662958	-0.04415586068	-0.04674544247	-0.03987227645	-0.04114087217
	-0.04310604232	0.1741426036	0.133525287	0.2138177691	0.173877811
	0.03305674603	0.03288030887	0.03304723869	0.03277579216	0.08642587378
	0.0675482542	0.09416099683	0.1140168983	0.03311586482	0.0329822833
	0.0331867002	0.03322545628	0.04654381041	0.03732660547	0.05697159836
	0.05097329462	0.03311719484	0.03321615213	0.03333975425	0.03326318873
	0.02610793231	0.02042802916	0.02911349753	0.03246482184	0.03327931633
	0.03317602155	0.03302440576	0.03309029183	0.01712183156	0.01374802181
	0.01094870291	0.006524178484	-0.000124554442	-0.00306138716	0.003369224412
	-0.006867891122	-0.01325519292	-0.01612734448	-0.01933733676	-0.009958217099
	0.03269109557	0.03243256292	0.03162271588	0.03110411737	-0.02496837858
	-0.0275350619	-0.02214238327	-0.03010097665	0.02509433889	0.02995157975
	0.02682581104	0.02875468853	0.02265231238	0.01403184727	0.01697502509
	0.02018751331	0.00718368612	0.003350520034	0.01046327801	-2.907294206e-05
	-0.03472122899	-0.03686975006	-0.03248291487	-0.03880526943	-0.0407319667
	-0.045446838	-0.04238018665	-0.04408914665	-0.04693189408	-0.04803379918
	-0.04931365943	-0.0501500982	-0.05181503322	-0.05267643881	-0.05121129368
	-0.05303628943	-0.0136998387	-0.007083640645	-0.01066076385	-0.00386184473
	-0.05382494755	-0.05418467381	-0.05368218825	-0.05427088819	-0.01976615493
	-0.01706901559	-0.0227436288	-0.02520335992	-0.03447549596	-0.02794541355
	-0.03010620415	-0.03253635249	-0.05412147556	-0.05414882935	-0.05363504409
	-0.05441526038	-0.04036010165	-0.0418443396	-0.03838743547	-0.03668914373
	-0.05272870922	-0.05233123264	-0.05139903657	-0.0534452762	-0.04642370446
	-0.0496487315	-0.05078224324	-0.04361173694	-0.04882025166	-0.04747241975
	-0.04487395653	0.3093972872	0.2310865252	0.3918622427	0.2906721463
	0.1386104767	0.1052208304	0.1584600375	0.1889774477	0.03282096839
	0.03290659858	0.03280678616	0.03293643318	0.0329168679	0.03285888642
	0.03300836459	0.03298264974	0.06581194544	0.0534740932	0.08533223912
	0.07616198781	0.03289231054	0.03299557853	0.03304191977	0.03298811123
	0.03654831451	0.03060588048	0.0415249891	0.04609218541	0.03303633853
	0.03291564549	0.03291887233	0.03303586189	0.02638811779	0.02268264831
	0.01926107906	0.01494669654	0.03278900139	0.03281221736	0.03233998194
	0.03220064548	0.007767954062	0.004533042764	0.0006823505655	0.01136427401
	-0.006209326423	-0.009335654368	-0.012796439	-0.002708863463	-0.01586114899
	-0.01903122448	-0.02182495495	-0.02476920723	0.02848859191	0.03153425924
	0.02959302119	0.0308668235	-0.030018951	-0.03234212264	-0.0273576688
	-0.03470936105	0.02233451537	0.01982000468	0.02677800419	0.02486730997
	0.01370297383	0.006729050077	0.01019840025	0.01683950005	0.003079419052
	-0.000466828617	-0.004051048885	-0.007524330594	-0.03677859686	-0.04250328744
	-0.03887619359	-0.04069994926	-0.04407323673	-0.04562619319	-0.04825160234
	-0.04697039405	-0.05040407661	-0.05129446928	-0.05209417496	-0.04935507379
	-0.0537895603	-0.05333616387	-0.05413761095	-0.05275491123	-0.01096085776
	-0.01413239449	-0.01718925769	-0.02013021067	-0.05450629758	-0.05444559642
	-0.05436772176	-0.05453023433	-0.03041064115	-0.02295488466	-0.02556098009
	-0.02803006741	-0.03867189784	-0.03477884557	-0.03265854495	-0.03676119118
	-0.05395975019	-0.05355564219	-0.05304840158	-0.05424898782	-0.04213487063
	-0.04368448981	-0.04044624618	-0.04516447669	-0.05242446176	-0.05171435729
	-0.04995467903	-0.05088086658	-0.04777291801	-0.04890211544	-0.04651003556
	0.4051506444	0.7138953371	0.03288102668	0.03290424537	0.1677328512
	0.2665017625	0.1120215223	0.07704589263	0.03286706184	0.03285243242
	0.03282195135	0.03282987114	0.05575407744	0.04203347732	0.03280125722
	0.03282152173	0.03164374338	0.02326595922	0.03257690516	0.03275005816
	0.01552320354	0.008236235609	0.03068411338	0.03196156715	0.001054895705
	-0.005849052741	-0.0187422961	-0.01251531139	-0.02978492161	-0.0245369789
	0.02471855564	0.02837016073	-0.0386887533	-0.0345147209	0.0197881077
	0.01359019118	0.006699194917	-0.0005274340581	-0.00755902819	-0.01411858136
	-0.04234236009	-0.04547638377	-0.04811845353	-0.0502805354	-0.0519796399
	-0.05322674806	-0.05403125722	-0.05439997375	-0.02011156535	-0.02547939627
	-0.05433799705	-0.05384796154	-0.03465714369	-0.03032486361	-0.0419995184
	-0.03854838632	-0.05293290913	-0.0515922094	-0.0450324384	-0.0498289034
	-0.04764057277	-0.03232108336	-0.0364434773	0.2719486519	-0.04009689668
	0.03293657112	-0.04334319808	0.03278101846	-0.04615723664	-0.04856147075
	-0.05053348892	0.04821558918	0.03286109615	-0.05209374967	0.0273417039
	0.0191122588	0.03271030491	-0.05321795675	-0.05393031537	-0.05420170161
	-0.002372996022	0.03275829278	-0.05405960677	0.03267540284	-0.05346665028
	-0.05245415191	-0.02707394154	-0.03203214724	-0.05097250302	0.03252689622
	-0.04905858727	0.03222465474	-0.04664580815	-0.04377982271	-0.04037481436
	0.03121220977	-0.03648954672	0.02962853351	-0.0215677152	0.02657353672
	-0.01557308145	0.0224692969	-0.00918780209	0.004528353904	0.01683077589
	0.01186886084	0.01034257636	0.03619288644	0.003247900773	-0.00393787726
	0.06454178746	0.0910962817	0.1317130149	-0.01068378745	0.2073439858
	-0.0170320352	-0.02263515351	0.0328597049	-0.02777862244	0.03294780704
	0.5539069713	0.2276330929	0.256241328	0.03283298288	0.03296050894
	0.1098830965	0.1537376754	0.05523787101	0.07458189971	0.03278957795
	0.03270156428	0.03261708745	0.03265256323	0.03124855064	0.04127871982
	0.03254974215	0.03257725197	0.01525381445	0.02280350334	0.03232513396
	0.03179810721	0.00799394408	0.0009924681026	0.02831783783	0.03056480925
	-0.00584845367	-0.01236465287	-0.02423117694	-0.01853837216	-0.02944424341
	-0.03411503625	0.02483211707	0.01991612232	-0.03826716273	-0.04188980875
	0.006998871303	0.01389915636	-0.0001435702664	-0.007150857005	-0.0137006243
	-0.01963788638	-0.04500900936	-0.04763481172	-0.05147474437	-0.04978570066
	-0.05271263899	-0.0535090635	-0.05386978845	-0.05380011183	-0.02980452986
	-0.02500668939	-0.05330330283	-0.05238093107	-0.03413156487	-0.0379974548
	-0.04446866074	-0.04144469261	-0.0492667302	-0.05103567631	-0.04707839033
	-0.03933966273	0.03281302677	-0.04256241423	-0.04538280244	0.03259354419
	0.08778714792	-0.04777596703	0.06317353901	-0.04976136919	0.03263980411
	-0.05131500418	-0.05245874491	0.03248914847	0.01846364328	0.01123214846
	-0.05316583753	-0.05346218506	0.0324740284	-0.05331454145	-0.05275323267
	0.03235046143	-0.05173423159	-0.05029423913	0.03192576937	-0.04837309827
	-0.03159806482	-0.04601787556	0.03122027234	-0.04314625937	-0.0398229414
	0.0294278074	-0.03594276461	0.02681397573	-0.02667961973	-0.02131348528
	0.0225762686	-0.01543514683	-0.009191727053	0.01728341034	-0.002606323559
	0.004199660572	0.01079418321	0.003790240984	0.02642546647	0.03530901655
	-0.00326898862	0.04705773186	-0.01012054583	0.1243752279	-0.01629299847
	0.179951927	-0.02200784744	0.0327630485	-0.02702751049	-0.03161355742
	-0.03567808978	0.2039615146	0.03298878486	0.1372465821	0.1923583878
	0.03287029665	0.03267878625	0.1001442138	0.0709565173	0.0393196409
	0.05237956313	0.03259487702	0.03248495878	0.03238047607	0.03241733843
	0.02952407003	0.02142457261	0.03229565779	0.03214216109	0.00716953513
	0.01410060905	0.03161398404	0.03049970972	0.0004236091423	-0.006111138534
	0.02841056181	0.02504157581	-0.0124122984	-0.01835269282	-0.02895696051
	-0.02389687472	-0.03353212881	-0.03759167663	0.02039569156	0.01445810092
	-0.04115257739	-0.0442167489	0.0006535591841	0.007757422404	-0.01281337095
	-0.006302272351	-0.018759173	-0.02408222223	-0.04891827367	-0.04680128095
	-0.05179449284	-0.05057891745	-0.05257112095	-0.05291612123	-0.05232456835
	-0.05283279944	-0.03317231169	-0.02888112576	-0.05004111293	-0.05139380429
	-0.03702993804	-0.0404574525	-0.04347641339	-0.04826989069	-0.04607954838
	0.03257628434	-0.04416323112	0.03234649723	-0.04656436223	-0.04854033507
	0.05995461612	-0.05011095657	0.0323631148	-0.05125074709	0.03222327217
	0.02419403588	-0.05198329291	-0.0522791644	-0.0521667582	0.03209030463
	-0.05160812248	0.03183161235	-0.009403963256	-0.05063819012	-0.04920514784
	-0.04735424512	0.03096255008	-0.02624190022	-0.04501320282	0.02961406998
	-0.04224477405	-0.03895056465	-0.0352228702	0.02687185283	-0.03094090789
	0.02313877762	-0.02100507092	-0.0154257408	0.01785654479	0.0116809744
	-0.003204660112	0.003349530406	0.009871008014	0.004787633992	0.01707234547
	-0.002264570385	0.03358679652	0.04358527477	-0.008950969042	-0.01525824221
	0.07879054583	0.1089562618	-0.02082341719	-0.02593229372	-0.04136248431
	0.03255842459	-0.03042947173	-0.03451723239	-0.03813674257	0.1424537292
	0.03283165541	0.08637144451	0.1032796963	0.03263679507	0.03243048915
	0.06333864838	0.04850218262	0.02688346813	0.03596828391	0.03232383944
	0.03221547228	0.03207778626	0.03213455132	0.01922208196	0.01231028485
	0.03188489744	0.03147039812	-0.0005125429633	0.005795683246	0.0304521095
	0.02854198323	-0.01257137293	-0.006654463401	0.02101843985	0.02546907414
	-0.02347880896	-0.01821300835	-0.03273375157	-0.0283384616	-0.04011405261
	-0.03666409794	0.008852268575	0.0154221181	-0.04561033028	-0.04309432903
	0.00191669395	-0.004988376549	-0.01149000508	-0.01740449515	-0.02274514142
	-0.02750918876	-0.04767180096	-0.04928893163	-0.05121562136	-0.05046749378
	-0.0515362591	-0.05143400794	-0.04996818082	-0.05091075227	-0.03562631792
	-0.03179736339	-0.04683302761	-0.04860884556	-0.04204675044	-0.03904339199
	-0.04464580746	0.03204695196	-0.04490274018	0.07050649959	-0.04689063623
	-0.04845518134	0.03201395651	-0.04961772081	0.02960674014	0.03186441825
	-0.0503511957	-0.05068155876	-0.05057630425	0.03152406588	0.001905328512
	-0.003965629921	-0.0500678358	0.03098529812	-0.04911275766	-0.04775328163
	-0.04592875279	0.02950447577	-0.04369751229	-0.03016655397	0.02732902809
	-0.04097486056	-0.0378463371	-0.03420056108	0.02361125068	0.0188648935
	-0.02561513631	-0.02073787923	-0.01539917277	0.01283370881	-0.009876906418
	0.006180636403	0.008332463568	-0.0007035452816	0.01449686303	-0.007460558255
	0.02212945965	0.04048700966	-0.01361188173	0.05199345918	-0.01931349071
	-0.02430876351	0.03227306655	-0.04251787655	-0.02886868838	-0.03289177404
	-0.03652179595	-0.03971421799	0.03226319067	0.08146025294	0.03254717018
	0.05516943903	0.06810701868	0.03231569064	0.03211048868	0.03239085443
	0.04204853775	0.02362477587	0.01648577174	0.03198924157	0.0318842127
	0.03164682789	0.03177577189	0.004064562969	0.01011500119	0.03124856991
	0.03040886388	-0.001725109263	-0.007363795522	0.02873535026	0.02593282382
	-0.01282755285	-0.01804693607	0.01658977067	0.0219105516	-0.02754336866
	-0.02298003025	-0.03171697054	-0.03545760082	-0.04162683088	-0.03876432144
	0.003590320716	0.01037721941	-0.04405008343	-0.04603810694	-0.009671670853
	-0.003207500245	-0.01560961856	-0.02093134692	-0.02571335022	-0.02997443821
	-0.04759480062	-0.04872676009	-0.04972656758	-0.04943578811	-0.04905822808
	-0.0495999825	-0.0481027843	-0.04673445907	-0.03718984813	-0.03379614624
	-0.04495692038	-0.04018287962	-0.04277090073	-0.04636941276	0.03155360841
	0.04592901173	-0.04753055271	-0.04829456742	0.03134435287	-0.04863250819
	-0.04857405895	0.03069080964	-0.0480831108	-0.0471984649	0.02970871049
	-0.0458705699	-0.005096198949	-0.04415288587	0.02751101883	-0.04197561019
	-0.02030280523	-0.03941646406	-0.02492702125	0.02445771609	-0.03638026033
	-0.03298374269	0.01989294406	-0.02910783349	0.01438682095	-0.01549081763
	0.00796778571	-0.01029129973	0.001226695757	0.0005705692439	0.006002212033
	-0.005357062027	0.01241050816	0.01844026451	-0.01162916661	0.0264549138
	0.03389053877	-0.01720830598	-0.02232289684	0.03191797641	-0.04478735901
	-0.02680152353	-0.04281171985	-0.03086553059	-0.03444660236	-0.03764426331
	0.03187625225	-0.04042069053	0.03167479903	0.0522143507	0.03218773126
	0.03551448431	0.04250191774	0.0319256227	0.03171864056	0.02687201206
	0.02035925809	0.007713610897	0.01361315725	0.03146612181	0.03157816458
	0.03129807909	0.03101882818	-0.003054332954	0.002247305678	0.02889547912
	0.03029857447	-0.01307519572	-0.008135791605	0.02649221652	0.02285080862
	-0.01783081118	-0.02233545395	0.01217506649	0.01805605631	-0.03044274153
	-0.02656399149	-0.03708045232	-0.03396081473	-0.04210711464	-0.03979948936
	-0.0009556457981	0.005708669848	-0.04400324611	-0.04548837018	-0.01330134149
	-0.007377988437	-0.02343997474	-0.01866599887	-0.03151701292	-0.02771608828
	-0.04656180724	-0.04722624297	-0.04748062418	-0.04732670239	-0.04676422401
	-0.04579407797	-0.04441810496	-0.04263757139	-0.03787701339	-0.03490175009
	-0.04045710393	0.03094311361	-0.04578127565	0.03059867811	-0.04615959574
	-0.04611694806	0.01565155282	-0.04568895048	0.02953617011	-0.04483540678
	0.02799106212	-0.001157458653	-0.04360513535	-0.04194210357	-0.01085758154
	-0.03991685908	0.02508254905	-0.03745120872	0.02124805552	-0.03465064985
	-0.03141168005	-0.02789212118	0.01607226686	-0.02396098715	0.01012624079
	-0.01984946685	-0.01536632849	0.003653744672	-0.005931123753	-0.002880449151
	0.004286256221	0.009403438891	-0.009010431056	-0.01472968118	0.02104317901
	0.02939537087	-0.01976282358	-0.02433777849	-0.04501319039	0.03148355284
	-0.02834665558	-0.03195495427	-0.03511521719	-0.03789710434	0.03139282608
	-0.04026651229	0.03120177626	-0.04225343774	-0.04382777835	0.03273759219
	0.03175418791	0.02187888437	0.0267603565	0.03144855906	0.03123932403
	0.01100956662	0.01588063097	0.0005388371019	0.005564734771	0.03107022927
	0.03093575223	0.03014109588	0.03066117347	-0.004197508451	-0.008815139923
	0.02900165009	0.02698525268	-0.01745793167	-0.01320817372	0.01959687675
	0.02390123114	-0.02152099584	-0.02533846536	0.01428902648	0.008173556218
	-0.0289013821	-0.03213965938	-0.03504989843	-0.03759350684	-0.04155654298
	-0.03976719286	-0.004562872299	0.001760719463	-0.04295750392	-0.04396637103
	-0.01587241917	-0.01049944725	-0.02070001792	-0.02497798322	-0.02879265022
	-0.03216381989	-0.04479476224	-0.04457899058	-0.04402670925	-0.044610607
	-0.04165840583	-0.04304219553	-0.03987724421	-0.03770075894	-0.03513171762
	0.02959647843	-0.04322779699	0.01765066762	-0.04323789041	-0.04283596929
	0.02807783057	-0.0420668801	0.02594944345	-0.04088602639	-0.03935782497
	-0.00681485462	-0.03741941388	0.02244973031	-0.01520397844	-0.03516714565
	0.01803502188	-0.03251314669	-0.02960239223	-0.02631315298	0.01252491937
	-0.02285873279	0.006446665152	-0.0190517008	-0.01096901768	0.0001678065298
	-0.00598272286	-0.002154716824	0.002266584754	0.007401472816	-0.01161099319
	0.01149793892	-0.01678222603	-0.02131751869	0.03095415772	-0.04283929447
	-0.02540293893	-0.0289789738	-0.04085672464	-0.03926514641	-0.03216046592
	-0.03491565206	0.03079026874	-0.03729398416	0.030605253	-0.0420391724
	0.0301593201	0.01967976614	0.03121710386	0.01211296462	0.01534581583
	0.03085976905	0.03065970213	0.003948375037	0.007718735857	-0.004935254398
	-0.0006120424102	0.03045426431	0.03027771372	0.02901292488	0.02984418305
	-0.0130581432	-0.009058178426	0.02742505927	0.02485956343	-0.02042191981
	-0.01681264745	0.01651799089	0.021245995	-0.02703101693	-0.02384371904
	0.004898154448	0.01097345112	-0.02998764067	-0.03264292137	-0.0370167955
	-0.0350004984	-0.03999647869	-0.03868869315	-0.007130772958	-0.001252232643
	-0.04093360537	-0.04149240053	-0.01255947659	-0.01741656764	-0.02175702041
	-0.02558498139	-0.02897306087	-0.03193681847	-0.04166623868	-0.0414525968
	-0.03984933316	-0.04084678404	-0.03667636525	-0.03845830408	-0.03450311988
	-0.03956660484	0.02643591789	-0.0388371781	-0.03777054222	0.02381344836
	0.001386491852	-0.03631628079	-0.002959771563	-0.03456363745	0.01991581916
	-0.03243794632	-0.03007509153	0.01516408704	-0.02736098197	-0.0244973601
	0.009577448565	-0.02129666635	-0.01804731438	0.003608525642	-0.01442671343
	-0.01083023084	-0.002332589193	-0.006808215242	-0.008023525242	0.004537763817
	-0.0131644967	0.009171672489	-0.01782662575	0.03032371076	-0.03989946594
	-0.02191491486	-0.03987179209	-0.02555453102	-0.02872722773	-0.03150306745
	0.03006519602	-0.03386668731	-0.03585156879	0.0298801796	-0.03743394514
	-0.03863981774	0.02921301783	-0.03944214839	0.02837686604	0.01024919083
	0.03055248612	0.005119275017	0.007173784991	0.03015228999	0.0299837276
	0.001930173169	-0.001000280192	-0.004867748752	-0.008610349981	0.02973872757
	0.02950013572	0.02771980277	0.0288724765	-0.01222510898	-0.01569760451
	0.02574597644	0.02278501881	-0.02194770122	-0.01889643097	0.01884575279
	0.01393954648	-0.02480451719	-0.02743724776	0.002552620074	0.00839854462
	-0.03199284935	-0.02985740074	-0.03539169382	-0.03385454601	-0.03746434082
	-0.03660359464	-0.008635586229	-0.003225784656	-0.03796682514	-0.03809998297
	-0.01358307316	-0.01797431489	-0.02187721984	-0.02529339838	-0.03085676583
	-0.02828276114	-0.03785569996	-0.03723088353	-0.03482187694	-0.03621915329
	-0.03303452476	0.02482317691	-0.03419069301	0.02186996399	-0.03289086943
	-0.03123667518	-0.02935769317	0.01778978112	-0.02714439772	0.01293243581
	-0.02479059835	-0.01312249278	-0.02210713382	-0.01936355644	0.00746936696
	-0.01625440291	0.001765174926	-0.009601512533	-0.006243794237	-0.003779609665
	-0.002520199901	-0.009003545859	-0.0001999922471	0.003239217805	-0.01370071247
	-0.01790398368	-0.03520127586	0.02960725387	-0.02159215073	-0.02482198621
	-0.03606434229	-0.02761633456	-0.03000281272	0.02924618242	-0.031987945
	0.02905658865	-0.03358882816	-0.03479373742	-0.0356259283	0.02817164652
	0.02707021801	-0.03614478751	-0.03583902372	0.003472995569	0.02976350352
	0.0004182720756	0.001412381207	0.02934888614	0.02924224617	-0.001744562763
	-0.003914388386	-0.01043170277	-0.007176318896	0.02896316613	0.02865505035
	0.02643740969	0.02784308146	-0.01670402725	-0.01364692978	0.02105031938
	0.02421425665	-0.01945734617	-0.02205834432	0.01699390523	0.01211927092
	-0.0244429232	-0.02660879971	0.001242738685	0.006755944351	-0.02856674228
	-0.03024745007	-0.03277192899	-0.03166842186	-0.03356214213	-0.03400653291
	-0.004129224536	-0.009092716239	-0.03382743307	-0.03409987696	-0.01758315011
	-0.01360662887	-0.02109315626	-0.0241288011	-0.02674290459	-0.02894199148
	-0.03215579497	-0.03318108269	-0.03074400807	0.02039922216	-0.02896852289
	-0.02750882299	-0.02571880964	0.0163328212	-0.02378460885	0.01155449986
	-0.007589719522	-0.02151720399	-0.01916579689	-0.01644713822	0.006345585217
	-0.01366426712	0.0009832061602	-0.01051719081	-0.004419441461	-0.00416151562
	-0.002902544405	-0.008949128279	-0.000511938004	-0.01325372312	0.02885192196
	-0.03020591268	-0.01704832887	-0.02037672408	-0.03169944145	-0.0319370836
	-0.02322619282	-0.02566393149	0.02840501572	-0.02767477186	0.02821812871
	-0.02929500983	-0.03052265349	-0.03136460547	0.02717204046	-0.03184024377
	0.0258832704	-0.03109666568	0.02349672079	-0.001115106077	0.02889117492
	-0.002250542668	-0.002243609643	0.0285106955	0.02850233201	-0.004887912027
	-0.003466472176	-0.01040327607	-0.007567982045	0.0282107904	0.02785337298
	0.02692513067	0.02539560629	-0.0133206637	-0.01608304131	0.02309086994
	0.01990846842	-0.0185170457	-0.02079113446	0.015914491	0.01122387169
	-0.02460040662	-0.02280573309	0.006143227187	0.001001506133	-0.02746249587
	-0.02617111195	-0.02920543737	-0.02849422826	-0.02965792184	-0.02960661399
	-0.008532130281	-0.003973557719	-0.02935932254	-0.02868837051	-0.01626980773
	-0.01266335597	-0.01942462257	-0.02210426401	-0.02436354757	-0.02764078775
	-0.02620033556	-0.02151858218	0.01572285851	-0.002309210281	-0.01956155627
	-0.01747950289	-0.004444746048	0.01114918808	-0.01502634356	-0.01247586112
	0.00626657263	-0.00960161976	-0.007072416126	0.001268172765	-0.003731264213
	-0.003496237749	-0.007892363273	0.02814576246	-0.02312792382	-0.01184821155
	-0.02457182926	-0.01527809902	-0.01827676258	-0.02076975143	0.02766171054
	-0.02286774214	-0.02728904718	-0.02714727726	-0.02451601574	0.02750534313
	-0.02578416205	-0.02665246931	0.0264048089	0.02505007995	-0.02706731399
	-0.02654645302	0.02269610341	-0.02567582613	0.01962197146	-0.003733336264
	0.02802327992	-0.003081420513	-0.00399481658	0.02774357575	0.02787103371
	-0.004077303335	-0.003412620517	-0.008600813416	-0.006160584855	0.02761056484
	0.02725655156	0.02481795653	0.0263241966	-0.0138610616	-0.01129085621
	0.01953326117	0.02258736728	-0.0160994465	-0.01816954545	0.01132342382
	0.01573552109	-0.02143850258	-0.01991766841	0.00181246183	0.006579106011
	-0.02269372038	-0.0236587206	-0.02469756608	-0.02434564943	-0.02439550411
	-0.02473079465	-0.002789460428	-0.006982374819	-0.02260898228	-0.02370206279
	-0.01077127145	-0.0140392856	-0.01686589303	-0.01920526454	-0.02112571143
	0.01603406775	-0.0120360077	0.01173994302	-0.009632618971	-0.006985122476
	-0.004864730256	0.007221652203	-0.002811202714	0.002584478519	-0.002888850689
	-0.002366681952	-0.001814244752	-0.005857586149	-0.01432710428	0.02761545793
	-0.009486041404	-0.01258245667	-0.01937172321	-0.01526253407	-0.01741591546
	0.02717254929	-0.01917883108	-0.02188845408	0.02709130772	-0.0204756508
	-0.02139532887	-0.02191659293	0.02606719027	-0.02206791673	0.0247687112
	-0.02134557307	-0.02053908933	0.02258756355	0.01966170054	-0.01799631049
	-0.01625289931	-0.004541502013	0.02729605578	-0.002297139305	-0.004020299436
	0.02719211769	0.0274848315	-0.001827065972	-0.001739848524	-0.005200849443
	-0.003188883604	0.02731739295	0.02703825589	0.02622165372	0.0248593687
	-0.007670437932	-0.01009350684	0.02281761685	0.01998852919	-0.01418608967
	-0.01222677409	0.01239358831	0.01647448336	-0.01708866141	-0.01575760118
	0.003623609382	0.00801633311	-0.01877894241	-0.01808883967	-0.01915790106
	-0.01915053547	-0.01882100492	-0.01807451479	-0.0006149614826	-0.004460067084
	-0.01536325861	-0.01694714967	-0.007920646566	-0.01085923189	-0.01336401276
	0.01325688992	-0.002919211944	-0.0009471309086	-0.00126840607	0.0001550414413
	0.009134724555	-0.0006614926702	0.004863688073	0.0008467272616	0.0274054467
	-0.005301076217	-0.002854238457	-0.00613632346	-0.009741697408	-0.01158313905
	-0.008904991297	-0.01124335482	0.02709599384	-0.01305667685	-0.01532315732
	0.02713170482	-0.01446078446	-0.0154011754	-0.01594613996	0.02629944508
	-0.01610424314	0.02514276886	-0.01587278622	-0.01438597898	0.02322101647
	-0.01317522096	0.02051951255	-0.007570411579	0.01722522146	-0.003729429839
	0.02687713464	-0.0001931654957	-0.002551257737	0.02701402868	0.0274801433
	0.001745702048	0.0009540125958	0.0009670964131	-0.0005270396443	0.02746888927
	0.02732549842	0.02555605936	0.02671024654	-0.004918337553	-0.002695342008
	0.02376355576	0.02120774789	-0.008828554581	-0.006960466882	0.01431555809
	0.01803003128	-0.01145535855	-0.01027218783	0.01034297035	0.00634664872
	-0.01267194976	-0.01223374869	-0.0127307395	-0.01238005691	-0.01163894499
	-0.01042771563	-0.0009708940509	0.002502578757	-0.008798300865	-0.006649956282
	-0.004069587735	0.002571436725	0.01185494597	0.001614369784	0.007994415295
	0.02763793165	0.004012917609	0.004424291285	0.003265889421	0.001111035163
	-0.001749390048	-0.004145091564	0.02754065529	-0.006067594329	-0.003843300768
	-0.005588915149	-0.007494889697	0.02770364223	-0.00808552522	-0.008469725861
	-0.008995775918	0.02712550044	-0.009090617111	-0.008793104841	0.02613850154
	-0.007021134944	0.02450186464	0.02205958125	-0.001852166532	0.0001914553683
	0.01913132488	0.002178302827	0.01553325731	-0.001562596396	0.02692676703
	0.00285613551	0.0001036630218	0.02733630499	0.0279474772	0.00451254841
	0.005890416113	0.005779713539	0.004908297791	0.02812840733	0.02813820238
	0.02774437157	0.02679520108	0.003197012437	0.00133334089	0.02525728769
	0.02298512894	-0.000518307748	-0.002202716206	0.01686860818	0.02017673458
	-0.004492177719	-0.00349007165	0.009832984719	0.01336628647	-0.005035743468
	-0.005204352389	-0.004191154732	-0.004924495323	-0.001317529486	-0.003007687004
	0.006475087945	0.0008215317151	0.00345585379	0.01513010059	0.01178369869
	0.0283611825	0.0087726654	0.005971160455	0.008245034174	0.003659669982
	0.00176177428	0.02850856112	0.0003730687565	0.006286103484	0.02875338491
	-0.000546538258	-0.0009940904836	-0.0009807353199	0.02841575378	-0.0005566474305
	0.02756582278	0.0003054247988	0.001477918319	0.00300657564	0.02618402274
	0.004651730506	0.02400832249	0.007708823573	0.008160259389	0.02146078742
	0.01829495778	0.006363780928	0.004921945533	0.001607528294	0.02754380004
	0.003563221093	0.006429358861	0.02820161881	0.02888050089	0.01015616787
	0.00839430768	0.01042453344	0.01063253334	0.02934917155	0.02923337072
	0.02831359609	0.02912041694	0.008022833989	0.009327829078	0.02698889178
	0.02498679065	0.005238964744	0.006555301666	0.0225696932	0.01972116838
	0.004222358309	0.003505518459	0.01382047834	0.01678130612	0.003383800662
	0.003250098351	0.004013485516	0.005091247822	0.006657875609	0.008664405115
	0.01109300645	0.02950235841	0.01589013275	0.008559335562	0.0135595378
	0.01144834867	0.009812377185	0.02985514406	0.01280500311	0.008583877114
	0.03007485619	0.007815581197	0.007527764606	0.007607219233	0.01006040891
	0.02988853984	0.008163922742	0.02909614939	0.008935694822	0.01117355531
	0.02789844224	0.0122131493	0.02598056913	0.01297062719	0.01234286226
	0.02381482226	0.01026317167	0.02115649428	0.01857836938	0.005367299783
	0.02870972197	0.01011674366	0.007408165197	0.02952077918	0.03014001068
	0.01406315923	0.0121782605	0.01495605981	0.01531733437	0.03068588074
	0.03057348467	0.0305030348	0.02974019712	0.01488495454	0.01424294633
	0.02855691717	0.02680041967	0.01254308253	0.01333360556	0.02478136709
	0.02244630872	0.01158523702	0.01192514533	0.02015029312	0.0178748773
	0.01164605097	0.01205843138	0.01295007942	0.01420225248	0.01590722616
	0.01818825931	0.01687386169	0.01214585183	0.03129118669	0.0159356206
	0.01591462253	0.01541038273	0.03133911705	0.01517682303	0.01536811644
	0.0311657821	0.01568920119	0.0162847076	0.03033263235	0.01681064754
	0.01719889252	0.02923429697	0.01735406042	0.01671750918	0.02755464679
	0.01388635718	0.02575828519	0.02366008126	0.03084827616	0.02170829248
	0.01978047859	0.03025138727	0.009292073844	0.01358167407	0.01123566056
	0.03145691616	0.03105439043	0.01730233011	0.01554475541	0.01910117719
	0.01839103623	0.03182165064	0.03178998619	0.0306936254	0.03150926972
	0.0192129962	0.01914374713	0.02957508818	0.02804080782	0.01880277151
	0.01852998456	0.02640029565	0.0246039675	0.01833847533	0.01832593622
	0.02295904715	0.02141148393	0.01923009382	0.01864617386	0.02019818374
	0.02191329479	0.02126318847	0.03244562441	0.02086190946	0.03218446395
	0.01876445864	0.02073393642	0.0207265796	0.02083501099	0.03188596055
	0.02092181451	0.03093475877	0.02078976487	0.02055769075	0.01967984936
	0.02987219029	0.02840559943	0.01698047495	0.01538898916	0.02695632918
	0.0254028403	0.03207709636	0.02405027656	0.02283685056	0.01300854509
	0.03184765718	0.01660144498	0.01471864188	0.03249167533	0.03244751639
	0.01978714933	0.01831854585	0.02087047508	0.02167928666	0.0326259925
	0.03233209224	0.03091924738	0.03184076109	0.0223656311	0.02209805511
	0.02849415978	0.02981768023	0.02248970125	0.02241694944	0.02718859743
	0.02590097182	0.02257223642	0.02281321425	0.02389635222	0.02480907059
	0.02324411629	0.03298513788	0.02389075519	0.01811790393	0.03234872368
	0.02374219872	0.02354285246	0.02342991482	0.03184402107	0.02302198946
	0.03075911208	0.02264738388	0.02174992354	0.02089550098	0.0297214701
	0.0194480012	0.02845043529	0.02732560494	0.03284888376	0.02622575881
	0.0253776156	0.02466985513	0.02422535162	0.01625029974	0.03309916239
	0.01907786109	0.01765468803	0.03332669303	0.03294473631	0.02160794763
	0.02047271073	0.02255327594	0.02328129442	0.03214428475	0.03274008497
	0.03040490605	0.03141285608	0.02377729234	0.02414528978	0.02932985291
	0.02822237943	0.02436114447	0.02458294105	0.02720731146	0.02634215842
	0.02480044575	0.02564764756	0.02515972713	0.03178562498	0.02472178809
	0.02426569726	0.03108685737	0.02391043346	0.0231384436	0.02993362357
	0.02243445613	0.02132495365	0.02896820658	0.02028700275	0.02789692915
	0.03293103037	0.02487111812	0.02518763989	0.02707572163	0.02630967255
	0.02583093539	0.02538461994	0.0327477479	0.01889145806	0.03365566779
	0.0210179419	0.01998511543	0.03343501267	0.03267673977	0.02208671191
	0.02292308147	0.02424168308	0.02367240016	0.03129953512	0.03213099357
	0.0293918763	0.03039965394	0.02500276652	0.02467558478	0.02840749844
	0.02752975833	0.02523975539	0.0254997163	0.02622009954	0.02677579335
	0.02578274736	0.02465501211	0.02406525854	0.02989165808	0.02353284317
	0.02879492542	0.02271763239	0.02194370103	0.02797290736	0.02712332762
	0.03229911266	0.02492745271	0.02656996042	0.02604185419	0.02578575746
	0.02544971521	0.03181706075	0.02530695754	0.03068999137	0.02093923874
	0.03335487109	0.02249041319	0.02176165721	0.03274259951	0.03177164807
	0.02387170889	0.02327534388	0.02442376224	0.02482813357	0.03099526065
	0.03007649043	0.02825041847	0.02914699679	0.0251536085	0.02540418513
	0.02743413148	0.0267879356	0.02562875787	0.02591209012	0.0262661259
	0.02862596209	0.02373789413	0.0277124021	0.02317641442	0.02707958276
	0.03114786159	0.02646355166	0.02469436088	0.02611435528	0.02575520274
	0.02559289109	0.03048138975	0.02530090761	0.02939980279	0.02510838104
	0.02431593391	0.02247702748	0.03229681762	0.02358262759	0.02307802063
	0.03146237487	0.03049519345	0.02414221807	0.02455704165	0.02521708949
	0.02494411707	0.0296610696	0.02881983213	0.02729603164	0.02799988779
	0.02545478754	0.02566534904	0.02668914962	0.02590786248	0.02624806191
	0.02692024482	0.02979573741	0.02408174519	0.02647285373	0.02606644742
	0.02488610608	0.02584211167	0.02558609606	0.02909478144	0.02543102785
	0.02514547053	0.02823259625	0.02448215643	0.02757886156	0.02360151228
	0.03079826986	0.02403004426	0.02438538763	0.02995030738	0.02916870111
	0.02507035888	0.02478073292	0.02554132769	0.02534176798	0.02778675073
	0.02843599266	0.02716015606	0.02667092363	0.02574317253	0.02597105358
	0.02626050897	0.02854200739	0.02615882987	0.02590650733	0.02573359585
	0.02552020499	0.02792807726	0.02533225324	0.02736495941	0.02504262114
	0.02475809658	0.02686946835	0.02646449263	0.02440960533	0.0292461272
	0.02499449475	0.02472369245	0.02854819008	0.02803901815	0.02528263554
	0.02549744005	0.0258839475	0.02570331158	0.02749803764	0.02707552474
	0.02665586575	0.02608553724	0.02634948585	0.02604105628	0.02588115949
	0.02529309448	0.02571127243	0.0270974285	0.0255044585	0.02681823285
	0.02646673061	0.02756577668	0.02626346264	0.0250155149	0.02794015157
	0.02549423238	0.02527767621	0.02746517457	0.02721812687	0.02588405004
	0.02571594685	0.0262250619	0.02605111738	0.02688181759	0.02665558013
	0.026406995	0.0259112613	0.02658702568	0.0257335964	0.02652342321
	0.02691143601	0.02627231864	0.02620638186	0.02601978933	0.02553306996
	0.0270140286	0.02592010395	0.0257763848	0.02675229027	0.02670285926
	0.02620120239	0.0260862584	0.0263155856	0.02653414445	0.02644413749
	0.02631856009	0.02639811026	0.02653787641	0.02620003795	0.0262341774
	0.02606475518	0.02601188976	0.0264552546	0.02620663798	0.02624088905
	0.02635757392	0.02643220869	0.02633014622	0.02637045927	0.02638388654
	0.0263823404	0.02639987986	0.02623281754	0.0262109178	0.0261753016
	0.02639192701	0.02639389457	0.02647204666	0.02619359272	0.02638155658
	0.02634859883	0.02637458013	0.02621669979	0.02611314609	0.02654020978
	0.02642836166	0.02640960051	0.02623694803	0.02592257685	0.02607746752
	0.02643942601	
