3721	
	-0.07882183435	-0.07642489006	0.04849598987	0.01902829162	0.03714806551
	-0.001499918903	0.007842264459	0.01070563357	-0.004500513515	0.02311711887
	0.01472421836	0.01427095	0.03081969313	0.01837649507	0.01153053943
	0.01249552144	0.02135374327	0.01465109245	0.01754777159	0.02281113918
	0.02150371045	0.02601922461	0.03258198504	0.02203163444	0.01892216701
	0.01761113422	0.01590737704	0.01752474798	0.02415010525	0.0174764898
	0.01777252381	0.01957086852	0.01783559044	0.01802533759	0.02039119939
	0.01876359525	0.02876696436	0.02571759318	0.03635017331	0.03074270794
	0.02268844475	0.02844287566	0.02227155725	0.02009876003	0.01788455885
	0.01768369981	0.01832817398	0.01715342356	0.01781513174	0.01917995503
	0.02204307993	0.01787781753	0.01906579081	0.01838733071	0.01889178434
	0.03424732397	0.03172631441	0.03944889961	0.03561782512	0.01650437757
	0.0172735966	0.01704924165	0.01733362979	0.02783129	0.02540035372
	0.03354214635	0.028866822	0.01994121125	0.02249021175	0.02172517599
	0.0259182364	0.01822762113	0.01735981748	0.01779907244	0.0179053096
	0.02031826871	0.01883182552	0.01839694206	0.03717430559	0.03590946321
	0.04029560175	0.03820395454	0.0327011066	0.03083926111	0.03401747485
	0.03725990145	0.01646620169	0.01569057504	0.01663543995	0.01620738939
	0.01674000424	0.01715638997	0.01746847798	0.01746302987	0.02368000822
	0.02725138132	0.02590270462	0.03053223188	0.02106313713	0.01776977158
	0.01815687674	0.0232170839	0.01909644643	0.0189990635	0.0202461232
	0.0378561729	0.03695380281	0.03719969318	0.03828011156	0.03532530701
	0.03472091042	0.03679133274	0.03830344173	0.02984951437	0.02800960244
	0.03398709512	0.03165905654	0.01557163727	0.01528308614	0.01472953318
	0.01585151124	0.01643315779	0.01597779576	0.01670630603	0.01687609717
	0.01820937107	0.0179682139	0.01747414087	0.01706956168	0.01889273438
	0.02463709097	0.02164931991	0.01958817088	0.0209013399	0.02682785383
	0.023195447	0.03370099252	0.03535283179	0.03360008549	0.03454810392
	0.03646934324	0.03626345673	0.03490586977	0.03584824295	0.03186584356
	0.03116812214	0.03487405153	0.03401887947	0.01426067123	0.01461268183
	0.01367472902	0.01494960057	0.02469513354	0.0258841254	0.02940981598
	0.02802464398	0.01613077282	0.01558483545	0.01507405487	0.01583482894
	0.01691776719	0.0173047945	0.01620664228	0.01669310742	0.01970873885
	0.01888065252	0.01825425079	0.02314613582	0.02053908788	0.01756691142
	0.02189111999	0.0280559268	0.03077297505	0.02693921819	0.02885894338
	0.03150149121	0.03386905039	0.03313724428	0.03148860066	0.03180469764
	0.03273252208	0.03343434823	0.03103565088	0.01320666731	0.01363003354
	0.01263053695	0.0139756935	0.02960723436	0.02664464565	0.02677978795
	0.0295579468	0.01521727636	0.01482635447	0.01461870562	0.01406777845
	0.02429971782	0.02381850673	0.02160680668	0.02123474425	0.01513483947
	0.01566781189	0.01572090641	0.01622472198	0.01955364392	0.01786918042
	0.01779033804	0.01605611957	0.01683490801	0.01684753485	0.01922202448
	0.02089902777	0.02424885353	0.01917237227	0.02164188047	0.02575628354
	0.02917277895	0.02743018793	0.02476036349	0.0273826524	0.02950415662
	0.02791979037	0.02992311336	0.01224289628	0.01272548	0.01175149799
	0.01301887595	0.02700655456	0.02510522909	0.02629016666	0.02835633245
	0.01372114655	0.01416476241	0.0135916519	0.01304763758	0.02329344826
	0.02096241114	0.02155594654	0.02399488176	0.01387655231	0.01488411247
	0.01417744295	0.01453993688	0.01718186809	0.01769673379	0.01897851081
	0.01942557373	0.01519321402	0.01591467846	0.01457096733	0.01426640705
	0.01502608901	0.0156859067	0.0164663641	0.01312638197	0.01668629839
	0.01115215632	0.01379115864	0.01856669136	0.02256552724	0.02023285582
	0.01699908662	0.02155234199	0.02465232985	0.02124293195	0.02412573724
	0.0209580597	0.02332105797	0.02447403436	0.02199512164	0.01221517255
	0.01153933228	0.01205056633	0.01123072831	0.01263092141	0.01305832494
	0.01261709947	0.01215738061	0.01813566703	0.02177223475	0.01989129535
	0.01983460453	0.01253694641	0.01252836802	0.01331319611	0.01321323474
	0.0162570001	0.01652046187	0.01796418807	0.01488279392	0.01327202145
	0.01225750636	0.0120954724	0.01332107083	0.01218246392	0.01361869141
	0.01493731336	0.01199274734	0.01268408467	0.01403074153	0.01351567709
	0.005514662502	0.008928652448	0.003590631414	0.006091015585	0.01083383092
	0.01497070386	0.01244397261	0.009063814656	0.01443545328	0.01805814418
	0.01362960706	0.01694166857	0.01537201272	0.01498114116	0.01815511131
	0.01856321116	0.01173886824	0.01129204944	0.01178704368	0.01127262583
	0.01730434309	0.01333636534	0.01596262587	0.01452254615	0.01158555936
	0.01173208996	0.01204931639	0.01186154468	0.01130060855	0.01090289245
	0.01165381962	0.01188847413	0.01452944766	0.01217328464	0.01084326518
	0.01307836882	0.01121244897	0.01021283702	0.009568528075	0.01079623126
	0.008877151288	0.01096152241	0.009747627728	0.01186597941	0.01029061323
	0.008384080421	0.01043321898	0.008242560076	0.008459737331	0.008909836408
	0.0104411945	-0.001335145765	0.001663842232	-0.002981405918	-0.0008488017297
	0.003325623224	0.007235904005	0.004838648544	0.001651520537	0.006908376714
	0.01063018969	0.005923485628	0.009267763754	0.008013188101	0.01157146047
	0.01149858918	0.008022360267	0.01122969583	0.007183330217	0.01039215778
	0.007936816928	0.01205430846	0.01177918447	0.01169000126	0.01211613419
	0.01153777602	0.01123937271	0.01134204203	0.01152444745	0.009391006849
	0.005387252195	0.006402475887	0.008269982006	0.0104015194	0.009542378053
	0.01012977164	0.01078107751	0.009239927492	0.008382348395	0.007228075466
	0.008327247124	0.007268823556	0.006469445061	0.003765985149	0.004512073011
	0.006644402483	0.007410429292	0.006004288239	0.004943136186	0.003207882049
	0.0058676352	0.003322238896	0.005988327082	0.003463319638	0.006095632256
	0.004047382797	-0.007000534254	-0.004601744329	-0.008206167629	-0.006599357896
	-0.003374388625	4.086149213e-05	-0.001986935036	-0.00472961069	-0.0003005500498
	0.003181725617	-0.001207278346	0.001859653699	0.0007270412627	0.0008520371546
	0.004411276546	0.004125535907	0.004347539432	0.0004215132008	0.003839050296
	0.0009240806829	0.003156017039	-0.0009002570944	0.002316519411	-0.0001195325222
	0.01317970782	0.0136829751	0.0125046996	0.01287507084	0.01219632513
	0.0113642949	0.01180354142	0.01115833197	0.01007724315	0.0086969559
	0.008997963227	0.01013427947	0.001525793193	-0.001592638793	-0.002222238825
	0.000856602519	0.00761593509	0.005326369974	0.007025692817	0.006171176652
	0.004689490265	0.003313191564	0.001857002794	0.003521820242	0.0004344016629
	0.0003278929769	-0.002727734674	-0.002614182123	0.002103751821	0.0003100186635
	0.0005675118085	-0.0009460040469	-0.001904403684	-0.002496564078	0.001179283214
	-0.01088747119	-0.01121179117	-0.009528863299	-0.01186776309	-0.008863323768
	-0.006122770016	-0.007616265097	-0.009743311957	-0.006652098772	-0.003652554482
	-0.007285617513	-0.004715298204	-0.005861684116	-0.002598048824	-0.002865222523
	-0.005913443256	-0.005846095937	-0.002600779265	-0.006276583727	-0.002968985718
	-0.003486076313	-0.007395855737	-0.004150263374	-0.006735951797	0.01504023864
	0.0161575013	0.01402183857	0.0149021338	-0.004796942073	-0.008549670158
	-0.005368159735	-0.007989082041	0.01285198722	0.01367603093	0.01226919922
	0.01169169908	0.01052291592	0.008581693433	0.008499259196	0.01017106539
	0.004574208663	0.006588172969	0.004090207568	0.006371030495	-0.009063442861
	-0.005749950215	-0.008919040128	-0.005870932543	0.0005198558704	0.002508525385
	0.001686920994	-0.0005882174649	-0.001327090724	-0.002907804031	-0.002770981208
	-0.0046622629	-0.006278083928	-0.008902671368	-0.005676760243	-0.005114048245
	-0.00752011587	-0.008398290925	-0.004197141277	-0.01381705441	-0.01291315545
	-0.01385633828	-0.01356014655	-0.01178511322	-0.01319021676	-0.01288845447
	-0.01093108306	-0.01178247768	-0.009425364276	-0.01200094121	-0.01006973007
	-0.01148145853	-0.01166911208	-0.008908037712	-0.008970538151	-0.009033527849
	-0.01239645666	-0.009434171492	-0.01187796407	-0.0105486328	-0.00993703948
	-0.01358267434	-0.01292282422	0.01770686714	0.01764813151	0.01934282237
	0.01633639049	-0.01114363312	-0.01473406792	-0.01167728172	-0.01417638992
	0.01473608344	0.0159855431	0.01402654726	0.01306305085	-0.01533345309
	-0.01205913067	-0.01222448939	-0.01512784822	0.01185353063	0.009344278538
	0.008820451776	0.01105115345	0.003742805013	0.006357599528	0.006588582704
	0.003698575706	-0.001539683126	0.001072496792	-0.002217434008	0.0006822425163
	-0.0116739726	-0.01527307059	-0.0121161902	-0.0149072453	-0.005030519811
	-0.007537343274	-0.006224753762	-0.004013686017	-0.009694140199	-0.008147203983
	-0.01419091257	-0.01088046831	-0.0116217467	-0.01310561991	-0.009776005036
	-0.01474964751	-0.01465042764	-0.0141371122	-0.01455092751	-0.01530996863
	-0.01419193166	-0.01434564441	-0.01497126686	-0.01384812217	-0.01517084084
	-0.01396281263	-0.01546696315	0.02108995837	0.02082545086	0.02296618584
	0.01932752562	-0.01570992504	-0.01626788515	-0.01414301389	-0.01385522877
	-0.01683644015	-0.01454166922	-0.01758260919	-0.01512491556	-0.01830936696
	-0.01575273296	-0.01908869867	-0.01643480475	-0.01707830045	-0.02041986474
	-0.01764958971	-0.01978661575	0.01740231057	0.01900222481	0.01658982032
	0.01528553431	-0.01808381645	-0.02120034666	-0.01832616524	-0.02089747344
	0.01407618017	0.01006724332	0.01104180581	0.01283804717	-0.01833042799
	-0.01803895324	-0.02105850435	-0.02126526493	0.003827186558	0.007057175065
	0.004268580043	0.007772274116	-0.002901147191	0.000637384187	0.0005382550358
	-0.002711218651	-0.00946344029	-0.008641461506	-0.005811811525	-0.006345951758
	-0.01643789345	-0.02053397328	-0.01966527239	-0.01742417661	-0.01472649133
	-0.01230561937	-0.01841376061	-0.01330980729	-0.0111691341	-0.01678191083
	-0.0150778907	-0.01400250893	-0.01470735472	-0.01272738465	-0.01385337167
	-0.01606813811	-0.01580888598	-0.01523354749	-0.0150577111	-0.0175814992
	-0.01675158205	-0.01670467614	-0.01626202348	0.02472741871	0.02427508302
	0.02664489292	0.02274374418	-0.01947212054	-0.01806394481	-0.0173132843
	-0.01844242203	0.02066190413	0.02246863505	0.01978070038	0.01824300186
	-0.02050920407	-0.01885803221	-0.02160352656	-0.01975287321	-0.02150206704
	-0.02063100834	-0.02366304716	-0.02264937255	-0.02456902961	-0.02229677837
	-0.02536576098	-0.02299126533	-0.02354175844	-0.0264481779	-0.02599813764
	-0.02390502583	0.01547657908	0.01224438074	0.01362371661	0.01707274657
	-0.02404921699	-0.02664204437	-0.02392411122	-0.02667194507	0.005844199834
	0.004909399209	0.008735949696	0.009924770029	-0.02632015392	-0.02350569319
	-0.02568095676	-0.02274708393	-0.002889245969	-0.002559857563	0.001005759475
	0.001621626295	-0.01037174281	-0.0100690877	-0.00663850105	-0.006621058276
	-0.01381245632	-0.01319089882	-0.01590517079	-0.016797278	-0.02332885451
	-0.02012689482	-0.02468748383	-0.02156190768	-0.02163383297	-0.01822808373
	-0.01940492931	-0.01160969853	-0.01309969048	-0.00968013306	-0.01150161905
	-0.01515894588	-0.01575237659	-0.01444281587	-0.01346977839	-0.01807181564
	-0.01805048885	-0.01657568912	-0.01691075139	-0.01959942225	-0.02117651167
	-0.02052914542	-0.01923001153	0.02821576899	0.02762277106	0.02995192071
	0.02622977984	0.0242013797	0.02601931826	0.02329853992	0.02168725752
	-0.02276944408	-0.02181735646	-0.02431380789	-0.0231338935	0.01878242146
	0.02059682003	0.01692147656	0.01524151051	-0.02554576947	-0.02578392991
	-0.02437424204	-0.02713877817	-0.02750354269	-0.02835408978	-0.02659396414
	-0.02940651999	-0.03027338511	-0.02878813896	-0.02824519357	-0.03093449684
	-0.02917773466	-0.03136528351	-0.03154361467	-0.02911220322	0.008385560787
	0.01294474535	0.006992611588	0.01134537677	-0.02896788025	-0.03103906356
	-0.03144190827	-0.02844148111	-0.001166422597	-0.002019939357	0.002511483818
	0.003637454301	-0.02636017368	-0.027584691	-0.02922501986	-0.03030464146
	-0.005871538687	-0.01022790078	-0.006384227384	-0.01045650622	-0.01427166498
	-0.01417405403	-0.0178222119	-0.01745676321	-0.02592317226	-0.02032377388
	-0.02274610928	-0.0209772239	-0.02475874301	-0.02365135094	-0.02776413483
	-0.00763140509	-0.009876000193	-0.005069248347	-0.007554202252	-0.01261773125
	-0.01403954996	-0.01200806908	-0.01026228933	-0.01693238792	-0.01771765984
	-0.01480278288	-0.01590508144	-0.01915489198	-0.02133061005	-0.02146336382
	-0.01955321279	0.03115345571	0.03049258069	0.03251377616	0.02938948902
	-0.02332347035	-0.0256259126	-0.02515452388	-0.02354848475	0.02762678148
	0.02924404032	0.02675961634	0.02526180982	0.02244935804	0.02429310402
	0.02065048491	0.01882793834	-0.02685521145	-0.02940440342	-0.02761280488
	-0.0284294967	0.0117585006	0.01472850407	0.009990517387	0.01661898562
	-0.03104697028	-0.03242344076	-0.03102495823	-0.02982926602	-0.033608334
	-0.03455247729	-0.03285389593	-0.0320612388	-0.03525068034	-0.03341210254
	-0.03568347798	-0.03370858162	-0.03373212709	-0.03583483353	-0.03568830505
	-0.03345038698	0.006612632073	0.001250546379	-0.0001034522853	0.005021477811
	-0.03442071607	-0.03190781404	-0.03285313828	-0.03522091088	-0.004049292756
	-0.009027989293	-0.009785375028	-0.005085483645	-0.02891561552	-0.03060561718
	-0.03325939221	-0.03173312558	-0.01780609714	-0.01796228472	-0.01410603787
	-0.01368127424	-0.0213749959	-0.02431722799	-0.02748198351	-0.02470668146
	-0.02683082406	-0.02151386418	-0.02980428319	-0.002134737659	-0.005101322324
	0.001033606069	-0.002073196188	0.03324296807	0.03260128817	0.0341140837
	0.03187778718	-0.008507612271	-0.01072094664	-0.007990975774	-0.005512608146
	-0.01419413769	-0.01576774088	-0.01144026302	-0.01327899347	-0.01992320412
	-0.02083748503	-0.01827459794	-0.01712296862	-0.02332721159	-0.02549241953
	-0.02574938589	-0.0228190155	0.03054308377	0.0317823055	0.02976988891
	0.02855941406	-0.02799411861	-0.03038688081	-0.03006278168	-0.02807677154
	0.02266444988	0.02608371647	0.02774879453	0.02443409759	0.01572715947
	0.01861687882	0.01371784202	0.02062663083	-0.03190451183	-0.03351979451
	-0.03432932178	-0.03250139084	0.01039005015	0.004599906403	0.002801603772
	0.008422472495	-0.03600594124	-0.03591474309	-0.03721486016	-0.03488870098
	-0.03898934956	-0.0382471099	-0.03744177933	-0.03686163831	-0.03958275279
	-0.03943911166	-0.03772921112	-0.03773817202	-0.03940528311	-0.03740726714
	-0.03674677549	-0.03889786347	-0.00679678712	-0.00121852491	-0.008066686303
	-0.002750221214	-0.03803840238	-0.03436466837	-0.0368232771	-0.03574132468
	-0.017433881	-0.01299484691	-0.01205801912	-0.0167659593	-0.03522435053
	-0.0326111362	-0.03324498042	-0.03045290389	-0.02486699374	-0.02475485032
	-0.02140082589	-0.02103703597	-0.02803824885	-0.02788408365	-0.03084484886
	0.004844850247	0.001170040399	0.008611162857	0.004916950125	-0.002906858176
	-0.005869519734	-0.002463763828	0.0006980386016	0.03437722969	0.03383830802
	0.03475829115	0.03349533095	0.03265443952	0.03342352442	0.03202129226
	0.03121147399	-0.009918297467	-0.01224862391	-0.006572044073	-0.009095086587
	-0.01697498965	-0.01865763506	-0.01541996557	-0.01355318407	-0.02181374511
	-0.02389640588	-0.02488805643	-0.02058735901	-0.0277451908	-0.03004250313
	-0.02714837351	-0.0303887386	0.02634324507	0.02927308512	0.03057881203
	0.02785993181	-0.03275262149	-0.03506246701	-0.03484842333	-0.03273211301
	0.02456734156	0.01995729245	0.01788694039	0.02264481777	0.01471798914
	0.008716742848	0.01251151352	0.006569503161	-0.03664956348	-0.03885141605
	-0.03712674339	-0.03816552684	-0.005340179337	-0.003589696592	0.002524467036
	0.0005510854497	-0.04139373703	-0.0403067284	-0.04028499569	-0.03938447426
	-0.04122775082	-0.0421934068	-0.04266898246	-0.04092442051	-0.04085487227
	-0.04281530497	-0.04121026984	-0.04262614967	-0.041190445	-0.04015665876
	-0.03909490884	-0.04208495052	-0.0108660693	-0.01589468969	-0.01472878683
	-0.009435442132	-0.0358482564	-0.03991993679	-0.03827663972	-0.03766621045
	-0.02382416904	-0.01957398265	-0.02442385412	-0.02042623008	-0.03091781202
	-0.03379354496	-0.03363761186	-0.02762315648	-0.02795048396	-0.036231675
	-0.03100676927	0.01339189714	0.008954647349	0.01782715771	0.01352581045
	0.004115784021	0.0004363515492	0.004523031889	0.008328639663	-0.004192009567
	-0.007237446315	-0.0003049094125	-0.00343582828	0.03466588909	0.03429033748
	0.0346597534	0.03424434084	0.03385026899	0.0341689488	0.03338041278
	0.03298782422	0.03056907813	0.02946266672	0.03168334304	0.03252746836
	-0.01253762146	-0.0149621799	-0.01104579548	-0.00853283607	-0.01879733813
	-0.02084801429	-0.02256938181	-0.01689388869	-0.02482904145	-0.02608985217
	-0.02835256769	-0.02937806476	-0.03233228096	-0.03458459412	-0.03498400526
	-0.03169175088	0.02802432843	0.02639347226	0.02404345314	0.02212121919
	-0.0372873996	-0.03941086582	-0.03927203898	-0.03720048104	0.01334882879
	0.01924976301	0.01698925052	0.0109945006	-0.001678330731	0.004692641242
	0.0004992671268	0.007019278669	-0.04091738897	-0.04283974176	-0.0422404171
	-0.04130981231	-0.00586519275	-0.01173038379	-0.01337686902	-0.007762275768
	-0.04489298095	-0.04389073371	-0.04404140731	-0.04323064064	-0.04556267243
	-0.04419385767	-0.04540175647	-0.04421452933	-0.04536498281	-0.04309314117
	-0.0438249315	-0.04481072192	-0.04051711962	-0.04388056105	-0.0425799836
	-0.04199642389	-0.02194425958	-0.01715524039	-0.02301774343	-0.01848052656
	-0.03638764491	-0.03865424382	-0.03880444122	-0.04088510348	-0.03630777028
	-0.03340762785	-0.03005266798	-0.02706084605	-0.03060815631	-0.02626752658
	-0.0337155091	0.02391683491	0.01848291722	0.02933476937	0.0242228985
	0.0125623732	0.008151131196	0.01301474924	0.01748619021	0.002882959043
	-0.0008367027496	0.007248090172	0.003614603916	0.03437936958	0.03419055036
	0.03414525423	0.03431133828	-0.002194952094	-0.006696616599	-0.009825770298
	-0.005238832364	0.03386517512	0.03423272533	0.03421626902	0.03392461408
	0.03235674483	0.03172670375	0.03315514995	0.03354600241	0.02947138293
	0.0306599567	0.02757305853	0.02599975177	-0.01432239237	-0.01638679172
	-0.01882278257	-0.01182216909	-0.0230349998	-0.02532338804	-0.02115212191
	-0.02702764531	-0.02938033933	-0.03062607613	-0.03288100166	-0.03390146164
	-0.03886326066	-0.03676799083	-0.03928501279	-0.03611428502	0.01815013211
	0.02356897902	0.0157786362	0.02146938906	-0.04128538671	-0.04141461539
	-0.04328675311	-0.04319345521	0.01202012161	0.009475214195	0.002801806053
	0.005319872029	-0.0078167166	-0.009920843982	-0.001425558322	-0.003747006928
	-0.04460598477	-0.04620943427	-0.0449389978	-0.045667288	-0.01559522541
	-0.01381202241	-0.01914447112	-0.02067940384	-0.04766377071	-0.04671866185
	-0.04711930301	-0.04637146971	-0.04764798573	-0.04632721091	-0.04783802135
	-0.04670678193	-0.04707694658	-0.04557929421	-0.04444980785	-0.04613411064
	-0.04103122555	-0.04307810742	-0.0447976162	-0.04293897771	-0.02524596917
	-0.02400187187	-0.02827844796	-0.02928685386	-0.04095063053	-0.03600810561
	-0.03842778346	-0.03872737806	-0.03547706323	-0.03287287579	-0.03211522651
	0.03764860163	0.03053728637	0.04502301657	0.03833921491	0.0338354745
	0.03381644871	0.03352777848	0.03397962651	0.02265828886	0.01735138656
	0.02333049903	0.02867625796	0.01122686335	0.006837350929	0.0160121798
	0.01201710864	0.0004264989212	-0.00337059083	0.001888125205	0.005271017231
	0.03402227805	0.03406143692	0.03386634769	0.03389558216	-0.008470147299
	-0.0105930546	-0.01371808445	-0.005516795476	0.03379947385	0.03323819533
	0.03303398085	0.03375244841	0.03161810669	0.0323153738	0.0302256013
	0.02914056218	0.02725644956	0.02270044472	0.02053450974	0.02552236092
	-0.01861809168	-0.02099422616	-0.02336372821	-0.01619115847	-0.02582473743
	-0.02764305228	-0.02996421332	-0.0315998087	-0.03508125846	-0.03720226985
	-0.03818548124	-0.03386887439	-0.04313427233	-0.04085120958	-0.04019583969
	-0.04271394537	0.01063756437	0.007915451313	0.01460445933	0.01717862265
	-0.0450150986	-0.04651861347	-0.04485882057	-0.04658771676	0.003755694333
	-0.003053203883	-0.005578882241	0.001080939767	-0.01180162198	-0.009575154215
	-0.01545049264	-0.01743755868	-0.04793406651	-0.04764106047	-0.04838885661
	-0.04889433585	-0.02253524358	-0.02085315486	-0.02562307689	-0.02707247549
	-0.04875996345	-0.04966722079	-0.0494684762	-0.04876300863	-0.04890824807
	-0.04761825741	-0.04947578063	-0.04838135751	-0.04647202646	-0.04794379229
	-0.04659644565	-0.04493070946	-0.0426970196	-0.0448427326	-0.04299600926
	-0.04065389641	-0.02994495052	-0.03716841713	-0.03113793069	-0.03790676562
	-0.03473455477	-0.03376459082	-0.04013348408	0.05782591942	0.04722992052
	0.06974973477	0.05916483376	0.03328959435	0.03339344249	0.03301452998
	0.03351850041	0.03521923052	0.02844331882	0.03648813677	0.04337399353
	0.03363943834	0.03358779416	0.03375397397	0.03340198743	0.02088016396
	0.01568363197	0.02605833687	0.02189176063	0.008670238762	0.004215090764
	0.01021866667	0.0136207705	-0.001375368685	-0.003620901855	-0.007384106276
	0.001802861216	0.03358661616	0.03343202177	0.0335063561	0.03372493024
	-0.01292712607	-0.01545946912	-0.01006990857	-0.01844998763	0.03278874212
	0.03306230726	0.03187459084	0.03130605971	0.02876362306	0.02999566378
	0.02657227664	0.02482550795	0.02205641043	0.01610572118	0.01337852281
	0.01968332988	-0.02342938517	-0.02588237542	-0.02108386715	-0.02810453075
	-0.03224502542	-0.03444752504	-0.03597727604	-0.03048989869	-0.04112202547
	-0.03922512136	-0.04205156434	-0.03804751027	-0.04642232589	-0.04379295296
	-0.04444137555	-0.04601491299	0.002448566	0.009459875389	-0.0004308969894
	0.006555876742	-0.04799725634	-0.04923263105	-0.04917551821	-0.04782766485
	-0.004484011789	-0.0071331252	-0.01088263133	-0.0133149641	-0.01895167373
	-0.02399202487	-0.02210891329	-0.01683816677	-0.04996311059	-0.05084224699
	-0.05023178233	-0.05036011091	-0.0325932092	-0.02853896974	-0.02692404977
	-0.0311962628	-0.0508747846	-0.05104988877	-0.04999200401	-0.05037141689
	-0.04922497578	-0.04806194515	-0.04933351567	-0.05029647567	-0.04796286108
	-0.04454374896	-0.04650510905	-0.04620152891	-0.0414512746	-0.04402516517
	-0.03940320778	-0.03845273945	-0.035050335	-0.04218080891	-0.03621514876
	0.09252299612	0.073763231	0.1146230808	0.09438179851	0.03310848069
	0.03288211609	0.0330504748	0.03268904294	0.05249941669	0.04262638385
	0.05518753545	0.06526926744	0.03320415812	0.03323581302	0.03334796758
	0.03300610513	0.03216196307	0.0256716046	0.03788084624	0.03378747735
	0.03339354859	0.03321134838	0.03325428772	0.03342757003	0.02265734782
	0.01778402205	0.01266900969	0.01967228105	0.009872636931	0.006723578798
	0.004235414813	-2.799080348e-05	-0.006145766497	-0.008902709401	-0.01240315053
	-0.002975963596	0.03316424425	0.03316336128	0.03263287967	0.03248256527
	-0.01808764283	-0.02073099759	-0.02347610049	-0.01526659841	0.03167739278
	0.02944471517	0.02825782381	0.0309675194	0.02126940732	0.02619665606
	0.01878802568	0.02424964138	0.005376866802	0.01533100362	0.008479664605
	0.01239773909	-0.02603742714	-0.03269060479	-0.02830998997	-0.03064773923
	-0.03655835542	-0.03853454313	-0.0348725848	-0.03995635803	-0.04288849825
	-0.0417549154	-0.04537487187	-0.04449754034	-0.04743069453	-0.04906455518
	-0.04867268639	-0.04679941268	-0.001644185047	0.001379063741	-0.005466017077
	-0.008329570714	-0.05028930832	-0.05115897415	-0.05011720014	-0.0511072656
	-0.01450495339	-0.01195791786	-0.01774491431	-0.02006323462	-0.02961045894
	-0.02510021244	-0.02779569005	-0.02307155763	-0.05152720106	-0.0517824787
	-0.05154748085	-0.0520150258	-0.03729994151	-0.03367747015	-0.03593013181
	-0.03209925364	-0.05117343323	-0.05040024938	-0.05126790027	-0.05183545335
	-0.050289224	-0.04923101774	-0.04765813152	-0.04892005278	-0.04495696948
	-0.04713621444	-0.04329990186	-0.04568433251	-0.03935869442	-0.04050949676
	-0.04235744916	0.1598046701	0.1219944201	0.1974653539	0.1595457054
	0.03282964903	0.03265433086	0.03283058416	0.03255796559	0.07966976328
	0.06280586329	0.08599389987	0.1030355875	0.03287941324	0.0327523813
	0.03296214195	0.03299347138	0.04565014097	0.0370248418	0.05332404848
	0.04920600599	0.03287910171	0.03298209894	0.03311685492	0.03302287645
	0.02730386038	0.02172955084	0.03015346905	0.03262817814	0.03306333002
	0.03294932871	0.03279397959	0.03287722274	0.01846257496	0.01538660854
	0.01249573526	0.008050640567	0.001396668706	-0.001621973468	0.004797732015
	-0.005428584015	-0.01179541802	-0.01466936575	-0.01783193521	-0.00857249005
	0.03243816445	0.03215000606	0.0312192953	0.03060246777	-0.02336630778
	-0.0258889272	-0.02062527475	-0.02839063052	0.02365494843	0.02925317899
	0.02564045746	0.02787999264	0.02087034317	0.01156922251	0.01467250408
	0.01817646529	0.004537922326	0.0007286702511	0.007816098081	-0.002515829911
	-0.03289928459	-0.03500110271	-0.03073569554	-0.03688485706	-0.0387819475
	-0.04339325783	-0.04038187899	-0.04206329108	-0.04486793431	-0.04595041746
	-0.04722596379	-0.0480585805	-0.04973855459	-0.0506170191	-0.04912946463
	-0.05099404143	-0.01528554392	-0.009191054947	-0.01252093993	-0.006207660597
	-0.05183782408	-0.05227121814	-0.05166877265	-0.05232097003	-0.02083238365
	-0.01838619027	-0.02357599307	-0.02580744052	-0.03436750504	-0.02833834293
	-0.03031879596	-0.03258870805	-0.05230184466	-0.05238685047	-0.05192831269
	-0.05255006963	-0.03985569798	-0.04121365766	-0.038001607	-0.03644066198
	-0.05115494382	-0.05083619996	-0.04997739375	-0.05180715373	-0.04547010901
	-0.04839848001	-0.04944963354	-0.04287417026	-0.04766918104	-0.04641115057
	-0.04401922247	0.2879242762	0.2128972616	0.3670753891	0.2707491156
	0.1258352045	0.09522213113	0.1442419857	0.1721014718	0.03261436673
	0.03269530258	0.03259876568	0.03273024609	0.03269645323	0.03264574718
	0.03279825271	0.03276199618	0.0618699868	0.05101379925	0.07742838399
	0.07105886813	0.03266869686	0.03277078353	0.032808584	0.03275326241
	0.03671495437	0.0313296966	0.04131058722	0.04470768133	0.03279975466
	0.03268382111	0.03268776287	0.03281654119	0.02735261548	0.02399067726
	0.020617105	0.01642153253	0.03255518144	0.03258908471	0.03205982659
	0.03188136662	0.009244686197	0.00596246467	0.002115605298	0.01278282319
	-0.004820464284	-0.007954867059	-0.01138309042	-0.001341839734	-0.01444871011
	-0.01756065179	-0.02031545793	-0.02319274316	0.02752012019	0.0311196455
	0.02884735389	0.03033246152	-0.02833112646	-0.03060551085	-0.02574602725
	-0.03290347456	0.0204862231	0.01768942547	0.0255279436	0.0233466687
	0.01112626687	0.004011922422	0.007497975224	0.01442428215	0.0003687960331
	-0.003019440525	-0.006421610667	-0.009638909058	-0.03493920907	-0.04051694595
	-0.03697179331	-0.03876375433	-0.04207294542	-0.04358557567	-0.0461784055
	-0.04492291462	-0.04832406326	-0.04923105731	-0.05002742803	-0.04729021595
	-0.05179619948	-0.05130503223	-0.05216089208	-0.0507171649	-0.01283569839
	-0.01572009015	-0.01852661854	-0.02118856991	-0.05260463692	-0.05263800631
	-0.05243990734	-0.05268692231	-0.03062918605	-0.02377706882	-0.02615716599
	-0.02844742157	-0.03830334467	-0.03467975588	-0.0327207095	-0.03653955148
	-0.05226654944	-0.05194174993	-0.05148911746	-0.05251063237	-0.04152317358
	-0.04297477645	-0.03996874268	-0.04432935269	-0.0509550494	-0.05030897199
	-0.04872186579	-0.04957555463	-0.04673089112	-0.04777837938	-0.04558644386
	0.3782473694	0.6818715436	0.03267623541	0.03269752618	0.152166466
	0.2464530067	0.1012395336	0.07135489728	0.03265984395	0.03264590091
	0.03260309503	0.0326158612	0.05304285083	0.04159358436	0.03257315114
	0.03260227669	0.03222790864	0.02449108094	0.0323480224	0.03253158398
	0.01691552773	0.009683209232	0.0301192385	0.03164607558	0.002439054811
	-0.004472581514	-0.01728698373	-0.01113648936	-0.02811932355	-0.02299165119
	0.02313487804	0.0273934687	-0.03681127278	-0.03274023527	0.01760242608
	0.01094941856	0.00390172231	-0.003117216663	-0.009720123095	-0.0157264491
	-0.04038770988	-0.04346456106	-0.04607674559	-0.04823008176	-0.0499443983
	-0.05122622965	-0.05208679573	-0.05253060495	-0.02118848269	-0.02609940768
	-0.05256415176	-0.0521891418	-0.0345906908	-0.03056620912	-0.04142531267
	-0.03821399454	-0.05140936595	-0.05022335603	-0.04423586717	-0.04863392684
	-0.04663661934	-0.03243004944	-0.0362609902	0.2498016901	-0.03966490369
	0.03273727487	-0.04268171431	0.0325755677	-0.04528040515	-0.04748660272
	-0.04927520081	0.04661755152	0.03265785181	-0.05067118263	0.02826426212
	0.02038502227	0.03249555641	-0.05164982251	-0.052236535	-0.05240224782
	-0.0009982658432	0.0325435556	-0.05217424698	0.03246580871	-0.05151546253
	-0.05045687365	-0.02548174314	-0.0303291562	-0.04895038817	0.03230308191
	-0.04703207907	0.03197071253	-0.04463941857	-0.04181476639	-0.03847826502
	0.03078883617	-0.03467966234	0.02888714723	-0.02008026558	0.02531466454
	-0.01416591575	0.02057846759	-0.007820065726	0.005928574342	0.01439770283
	0.01329215271	0.007556545415	0.03621379597	0.0005069868152	-0.006373436298
	0.06038399806	0.0825706764	0.1187556403	-0.01260426781	0.1895272733
	-0.01839187286	-0.02350813988	0.03265402672	-0.02821768491	0.03274182754
	0.5199342431	0.2096964923	0.229736411	0.03263268131	0.03275514382
	0.100062835	0.1381176278	0.05262443852	0.06855750621	0.03259153034
	0.03250166814	0.03241294432	0.03244823362	0.03180115117	0.04060915584
	0.03235700238	0.03237309106	0.01664596291	0.02392133381	0.03211403958
	0.03149459609	0.009405555807	0.002401456589	0.02733611685	0.03003566052
	-0.004485429208	-0.01097457638	-0.02270082266	-0.01710477	-0.02781449866
	-0.03237506802	0.0232717052	0.01771304832	-0.0364349998	-0.03997955968
	0.004164369832	0.01122049484	-0.00280840978	-0.009361599604	-0.01536707104
	-0.02076528191	-0.04304669395	-0.04564148659	-0.04949000854	-0.04778643896
	-0.05076467478	-0.05161721981	-0.05205471395	-0.05208116637	-0.03009638625
	-0.02567128807	-0.05170071858	-0.05091429553	-0.0341135314	-0.03771669101
	-0.04372894714	-0.04092579933	-0.04812964122	-0.04972467801	-0.04613259677
	-0.03897049121	0.03262584914	-0.0419653654	-0.04457437636	0.03240008979
	0.07992457725	-0.04676831862	0.05904729722	-0.04857205957	0.03245007451
	-0.04996029588	-0.05095815792	0.03229737748	0.01972934515	0.01264409307
	-0.05153849616	-0.05172815521	0.03228220469	-0.05149337459	-0.0508651145
	0.03216531155	-0.0497989471	-0.04833265328	0.0316788589	-0.0464065113
	-0.02993195656	-0.04406853849	0.03084178153	-0.04123727566	-0.03797678072
	0.02871420883	-0.03417837874	0.0255857077	-0.02511009227	-0.01984034002
	0.02072577933	-0.01401805711	-0.007812247513	0.01482698667	-0.001203423657
	0.005620829842	0.008011916968	0.0009669861804	0.02724400744	0.03529408969
	-0.005759513976	0.04535260524	-0.01211189802	0.1126068141	-0.01773523367
	0.1644706993	-0.02292738746	0.03256567594	-0.0275407032	-0.03177350545
	-0.03555990722	0.1860648124	0.03279238867	0.1247119163	0.1785738865
	0.03267377308	0.03249066958	0.0912955292	0.06545474934	0.03864610827
	0.04973111485	0.03240897291	0.03230164013	0.03220676946	0.03223383797
	0.02992839194	0.02252113142	0.03212439315	0.03196163001	0.008619957464
	0.01544145491	0.03135317921	0.03000098128	0.001840606632	-0.004702337268
	0.02750552597	0.02352116727	-0.01101754832	-0.01690979108	-0.02735654324
	-0.02239086406	-0.03184164709	-0.03581305266	0.01824068097	0.0117905793
	-0.0393057678	-0.04231931767	-0.002066429604	0.004874143272	-0.01456455367
	-0.008609792476	-0.01996889505	-0.02482488274	-0.04698882666	-0.04487751922
	-0.04991941353	-0.04866673941	-0.05075420687	-0.05117668806	-0.05079992606
	-0.05119104727	-0.03322545247	-0.02924132889	-0.04880901768	-0.05000603426
	-0.03681925821	-0.04001177586	-0.04281256887	-0.04721168477	-0.04521106834
	0.03240612344	-0.04343987863	0.03217481437	-0.04564586797	-0.04743985426
	0.05619075899	-0.04884636716	0.03219769385	-0.04983939258	0.03206525792
	0.02494229615	-0.05044479251	-0.05063247013	-0.05043208783	0.03191923043
	-0.04980453509	0.03163911648	-0.00797282432	-0.04878649891	-0.04732484313
	-0.04546734839	0.03061465523	-0.0247029121	-0.04314000765	0.02897288508
	-0.04040836288	-0.03716857956	-0.0335162015	0.02572504025	-0.0293123945
	0.0213492582	-0.01952513564	-0.01400280641	0.01547448308	0.008869744139
	-0.001773485522	0.004819031436	0.01127909228	0.001943136032	0.01830760082
	-0.004859737635	0.03348033017	0.04188204111	-0.01104728557	-0.01679294858
	0.07198164681	0.09965357492	-0.02185562959	-0.02651813896	-0.04084969383
	0.03237724112	-0.0306796928	-0.03447461179	-0.03784919308	0.1303182754
	0.03264947052	0.07921264742	0.09362537932	0.03245557178	0.0322623494
	0.05843783567	0.04609057677	0.02728074651	0.03516147461	0.03215889717
	0.03205956314	0.03193841659	0.03198220058	0.02020539742	0.01365484497
	0.03173426951	0.03124870893	0.0009625214209	0.007240177244	0.03003462208
	0.02770724432	-0.01113335428	-0.005214454952	0.01894761548	0.02406936088
	-0.02198005362	-0.01676667368	-0.03109393171	-0.02677683201	-0.03834288851
	-0.03495437038	0.005966033571	0.01280017139	-0.04377381573	-0.0412814118
	-0.0008926931017	-0.007399712622	-0.01337132382	-0.01873400971	-0.02359299377
	-0.02796808754	-0.0458339981	-0.04746955758	-0.04949515929	-0.04868792412
	-0.04989518881	-0.04989148504	-0.04868090194	-0.04948645217	-0.03550521324
	-0.03193913887	-0.04587360759	-0.04747716732	-0.04147645254	-0.03868837952
	-0.04387441189	0.03190592229	-0.0440911672	0.06547033968	-0.04590065347
	-0.04730142112	0.03187679437	-0.04831808656	0.0294067621	0.03173637974
	-0.04892342281	-0.04914521156	-0.04894988082	0.03134806894	0.003380150392
	-0.002465402883	-0.04837177617	0.0307124229	-0.04736553006	-0.04597628706
	-0.04414040439	0.02893991215	-0.04192014902	-0.02858954692	0.0262942167
	-0.03922473834	-0.03614487704	-0.03255351974	0.02195847075	0.01655876252
	-0.02408818222	-0.01926686102	-0.01393023842	0.01009057448	-0.008419478495
	0.00326933134	0.009753026512	-0.003382951839	0.01564697179	-0.009697754515
	0.02282670196	0.039018477	-0.01530028104	0.04878602521	-0.02046344903
	-0.02502660029	0.03211700884	-0.04189984748	-0.02921498749	-0.03295355602
	-0.03633159146	-0.03930219358	0.03211807932	0.07466765227	0.03238506891
	0.05154008936	0.06346799124	0.03216044086	0.03197067438	0.03172394155
	0.04004422878	0.02388132439	0.01743468789	0.03185299506	0.03176022794
	0.03152824379	0.03165579349	0.005521200445	0.0113811429	0.03107678033
	0.03005427321	-0.0002338812949	-0.00586840936	0.02803328417	0.02465925933
	-0.01135862421	-0.01657560983	0.01406769509	0.01999160314	-0.02601306522
	-0.02149346318	-0.03013718932	-0.03382279662	-0.03991311655	-0.03708453461
	0.0007213382752	0.00749659024	-0.04232099605	-0.04431113482	-0.0117119529
	-0.005765386648	-0.01710124509	-0.02192563577	-0.02629661055	-0.03023164431
	-0.04589055115	-0.04706396392	-0.04820588602	-0.04783468262	-0.04775598679
	-0.04817930121	-0.0469376309	-0.04572329036	-0.03694308251	-0.03378262218
	-0.04411620181	-0.03972403824	-0.04211413557	-0.04534742038	0.03143723951
	0.04373851201	-0.04636338766	-0.04699989517	0.03122213864	-0.04722794959
	-0.04707904073	0.03045535977	-0.04651539554	-0.04557858129	0.02925237057
	-0.04421565715	-0.003592409263	-0.04248417357	0.02661559892	-0.04030801433
	-0.01880874965	-0.03777052026	-0.02343008726	0.02295924463	-0.03476300903
	-0.03141158701	0.01775707566	-0.02756877335	0.01170204968	-0.01400918497
	0.00507088233	-0.008774739257	-0.001579858033	0.002064373353	0.007330865662
	-0.007754425884	0.01351540063	0.01901412285	-0.01349713086	0.02633326126
	0.03278417127	-0.01854744907	-0.02318236809	0.03179308403	-0.04392623539
	-0.02729295266	-0.0421263619	-0.03104442243	-0.03437624626	-0.03735019237
	0.03176073996	-0.03992397353	0.03156538563	0.04902882563	0.03205661149
	0.03416601598	0.0405588772	0.03180475467	0.0316105223	0.02645695116
	0.02066243116	0.008909035032	0.0144114662	0.03137034864	0.03147104542
	0.03119908372	0.03088464841	-0.001561618816	0.003627560659	0.02830170684
	0.03003074644	-0.01157145854	-0.006630725439	0.02540710092	0.02111077228
	-0.01634679977	-0.02085107701	0.009365163659	0.01568704627	-0.02892107384
	-0.02506934324	-0.03550030633	-0.03240991603	-0.04050092449	-0.03820049514
	-0.003652111795	0.0027746662	-0.04240705175	-0.04391860127	-0.01499923467
	-0.00962320297	-0.02418960117	-0.01984876295	-0.03163513153	-0.02811499588
	-0.04503766912	-0.04576543514	-0.04610239595	-0.04604877001	-0.04560514026
	-0.04477042901	-0.04354677808	-0.04193234415	-0.03754572001	-0.03478161662
	-0.0399325543	0.03082689371	-0.04463919441	0.03043342698	-0.04490800266
	-0.04477281462	0.01620197152	-0.04427133054	0.02916083171	-0.04336050666
	0.02725090237	0.00022255293	-0.04209283148	-0.04040614503	-0.009357889235
	-0.03837647795	0.02378791078	-0.03591368696	0.01929569352	-0.03313190807
	-0.02990487992	-0.0264075772	0.01355145064	-0.02247191424	0.007235155047
	-0.01836656999	-0.01385539994	0.0007741624203	-0.004431691997	-0.005472695002
	0.005549421539	0.01034658742	-0.01110712391	-0.01628447109	0.02114088352
	0.02885678459	-0.0208352119	-0.02499323958	-0.04399787467	0.03138945083
	-0.02868301557	-0.03202169907	-0.03495821966	-0.03753816375	0.03130212873
	-0.03972293768	0.03111526277	-0.04153849664	-0.04295536001	0.03179640721
	0.03165922421	0.02183438839	0.02655092692	0.03136073704	0.03115830242
	0.01177799494	0.01632839751	0.001792280723	0.00658444897	0.03098433559
	0.0308553605	0.02992984607	0.03055461924	-0.002815185433	-0.007344099488
	0.02854579959	0.02606983874	-0.01597345482	-0.01172609054	0.01743600433
	0.02239727676	-0.0200535369	-0.0238772603	0.01159635498	0.005240927695
	-0.02744158747	-0.03067324477	-0.03357696054	-0.03611732327	-0.04010525657
	-0.03829770056	-0.007027106285	-0.001085709883	-0.04154018908	-0.04259828179
	-0.01729896485	-0.01245377525	-0.02166088892	-0.02556111055	-0.02907031318
	-0.03219257592	-0.04357723499	-0.04327802457	-0.04302795257	-0.04349459786
	-0.04094184497	-0.04217773447	-0.03932392557	-0.03732281831	-0.03494632478
	0.02931903798	-0.04214513554	0.0180351286	-0.04206239114	-0.04158295196
	0.02747885277	-0.04075431256	0.02486377267	-0.03952673394	-0.03796943519
	-0.005480010062	-0.03600910668	0.02075071926	-0.01375163955	-0.03374993649
	0.01570168811	-0.03108557034	-0.02817562401	-0.02487005527	0.00974879647
	-0.02141309418	0.003497170382	-0.01758196568	-0.009521880288	-0.002596428817
	-0.008339614753	-0.0008959813636	0.003311535511	0.008232067093	-0.01344927804
	0.01219194381	-0.0181042786	-0.0222046092	0.03088270133	-0.0418660979
	-0.02592616397	-0.02921767555	-0.04014823075	-0.03871063963	-0.03216053509
	-0.03471171753	0.03070935843	-0.03690680371	0.03052131389	-0.04119116449
	0.03000650168	0.01998934389	0.03115146064	0.01275496612	0.01602629106
	0.03079372222	0.03059298518	0.004868193773	0.008550689129	-0.003759519035
	0.0004100503776	0.03037313032	0.03018668535	0.02865088384	0.02968117722
	-0.01167116196	-0.007766923406	0.02670537276	0.02359000767	-0.01899950789
	-0.0154028777	0.01402838883	0.01935017787	-0.02563764088	-0.02243680774
	0.001962407129	0.008092383423	-0.02860935824	-0.03127864366	-0.03568985992
	-0.03365202022	-0.03874199133	-0.03739235156	-0.009375855595	-0.003951075738
	-0.03973520148	-0.04036398151	-0.01428715742	-0.01865381716	-0.02257474697
	-0.02606671717	-0.02918127906	-0.03191899045	-0.04062424633	-0.04051130271
	-0.03915572303	-0.04002283125	-0.03628737587	-0.03791096169	-0.03429008086
	-0.03848973387	0.02555772698	-0.03769288483	-0.03657441182	0.02237491285
	0.00224855695	-0.03507560776	-0.001992865447	-0.03329228193	0.01785984809
	-0.03113532474	-0.02875342324	0.0125528728	-0.0260110857	-0.0231383338
	0.006663485845	-0.01991753652	-0.01669970896	0.0006913883267	-0.013098258
	-0.009630508004	-0.004955369088	-0.005682369839	-0.01018253822	0.005461359529
	-0.01481509599	0.01000735601	-0.0189988182	0.03025793668	-0.03890206349
	-0.02269022188	-0.03896937257	-0.02600600566	-0.02891721516	-0.03147712165
	0.02996884728	-0.03365208185	-0.03547042573	0.02976417365	-0.03690113489
	-0.03796973025	0.02897171188	-0.03864875764	0.02791710045	0.01118497074
	0.03049824473	0.006054282387	0.00827556248	0.03008827088	0.02990997918
	0.002862775957	-0.0001309242032	-0.003997769788	-0.007625887286	0.02963527583
	0.02935731232	0.02714710239	0.02859234957	-0.01111752329	-0.0144702395
	0.02472966365	0.02118043027	-0.02064403866	-0.01762385201	0.01662776437
	0.01122626214	-0.02351184904	-0.02616135349	-0.0003284620391	0.005434728469
	-0.03077541258	-0.02860831909	-0.03425351126	-0.03267268014	-0.03644103324
	-0.035517263	-0.01071712424	-0.005782515179	-0.03701912412	-0.03724037175
	-0.01516424277	-0.01910289856	-0.02262192371	-0.02573100793	-0.03083220444
	-0.02846797769	-0.03709906112	-0.03658948751	-0.03445496374	-0.03570878752
	-0.03282925539	0.02365650979	-0.03315711488	0.02011878882	-0.0318062103
	-0.03010379394	-0.02819042258	0.01545471306	-0.02594115408	0.01014425935
	-0.02357806663	-0.01215262789	-0.02088296916	-0.01819443287	0.004497052509
	-0.01512646283	-0.001088890179	-0.008719346556	-0.005483142897	-0.006287454565
	-0.001777911787	-0.01103299499	0.0007298239272	0.004237943843	-0.01524524601
	-0.01900603459	-0.03423148571	0.02952040398	-0.0223238376	-0.02525734769
	-0.03534807494	-0.02780369762	-0.02999031496	0.02910030329	-0.03179726668
	0.0288633887	-0.03324566494	-0.03431115087	-0.03502045101	0.02778792221
	0.0263832205	-0.03533206294	-0.03494093037	0.004647874083	0.02969282292
	0.001410602182	0.002635722967	0.02925845043	0.02913237371	-0.000875710542
	-0.003216686714	-0.009739237954	-0.006567260195	0.0288014281	0.02841323762
	0.02563125102	0.02739579787	-0.01572867249	-0.01282145907	0.01916808152
	0.02291778145	-0.01840531341	-0.0209467154	0.01454213097	0.009273486493
	-0.02333082306	-0.02550795154	-0.001579569584	0.003769407651	-0.02749896531
	-0.02922249644	-0.03185915764	-0.03069424882	-0.03271886845	-0.0332445018
	-0.006591051488	-0.01108744114	-0.03326285643	-0.03343040123	-0.0186820026
	-0.01512646663	-0.02183206764	-0.02457870668	-0.02695205666	-0.02895172842
	-0.03184310774	-0.03273556271	-0.03058210961	0.01840697537	-0.02805655681
	-0.02655462489	-0.02472872191	0.01380566366	-0.02279499685	0.008668233517
	-0.007120068757	-0.02053247256	-0.01826868599	-0.01561965278	0.003352391522
	-0.01302444277	-0.001822994356	-0.009974225133	-0.0038788442	-0.00661330569
	-0.002087037744	-0.01093205409	0.0004818195347	-0.01477970669	0.02871084323
	-0.0293529295	-0.01816016532	-0.02113483729	-0.03099205835	-0.031318022
	-0.02370404983	-0.02589908375	0.0281739695	-0.02771934684	0.02790649519
	-0.02916616931	-0.03025099461	-0.03096096616	0.02661271059	-0.03132389541
	0.02496667249	-0.03031008078	0.02207748353	7.073054003e-05	0.02876802407
	-0.001328680158	-0.00106581891	0.02836031374	0.02832503742	-0.004418729681
	-0.002738437258	-0.01008621729	-0.007283332674	0.02795611717	0.02747821334
	0.02629444357	0.0243780973	-0.01287877506	-0.01546949927	0.02157105375
	0.01782868643	-0.01779131751	-0.01996917446	0.01331756067	0.00831101372
	-0.02375132411	-0.02196271097	0.00315314563	-0.001793694473	-0.02668925464
	-0.02535328097	-0.02856597842	-0.02778109328	-0.029201024	-0.02905116263
	-0.01052738906	-0.006410618517	-0.02901291031	-0.02846959232	-0.01742192781
	-0.01421156526	-0.02023085311	-0.02263103191	-0.02465263138	-0.02756612277
	-0.02629468977	-0.0208566662	0.01308676898	-0.001402500191	-0.01892873832
	-0.01697074128	-0.004127412003	0.008218260327	-0.01461416148	-0.01226345068
	0.003258634201	-0.009467457541	-0.006931827854	-0.001532542634	-0.003076459828
	-0.005968019287	-0.009919827359	0.02792038074	-0.02244508273	-0.01345093948
	-0.023915772	-0.01648727855	-0.0191435844	-0.02136241771	0.02732114793
	-0.02321765402	-0.02690726711	-0.02687063435	-0.02467750377	0.02705649555
	-0.02577277688	-0.02650288654	0.02567607792	0.02394563146	-0.02659205516
	-0.02599465637	0.02109491839	-0.02506064147	0.01747636233	-0.002657975717
	0.02781200279	-0.002280154554	-0.002944463014	0.02750465579	0.02760293923
	-0.003835325007	-0.002838366824	-0.008708651831	-0.006209972706	0.02724490126
	0.02674495535	0.02365034905	0.02553848046	-0.01372871553	-0.01132229701
	0.01734726499	0.02092867415	-0.01582791763	-0.01776778503	0.008386963869
	0.01307423407	-0.02095578174	-0.0194675439	-0.001004189297	0.00358026402
	-0.02223253	-0.02323510582	-0.02442198272	-0.0239869569	-0.02434213363
	-0.02455513012	-0.005281620585	-0.009071476556	-0.02286469763	-0.02378782855
	-0.0124455339	-0.01533948024	-0.01782960871	-0.01989424018	-0.021575002
	0.01336696009	-0.01215188077	0.008802112491	-0.009919348821	-0.007281361665
	-0.00503435001	0.004192440072	-0.00268398545	-0.0002611753384	-0.002385801946
	-0.001569494201	-0.004385983171	-0.008024344253	-0.01433946003	0.02729104148
	-0.01127066684	-0.01399173906	-0.01913494634	-0.01634434465	-0.01822433873
	0.02672302513	-0.01974672503	-0.02176486136	0.0265226845	-0.02085382759
	-0.02160468242	-0.02199347933	0.02521936466	-0.02203072877	0.02355354137
	-0.02115562706	-0.02031589959	0.0208987293	0.01745712814	-0.01780593345
	-0.01611473044	-0.00362319733	0.0269749807	-0.001612482086	-0.003119873488
	0.02685285101	0.02712232493	-0.001374880981	-0.00167131333	-0.005721257986
	-0.003516829293	0.02685326991	0.02642756101	0.025350359	0.02363059029
	-0.008220109813	-0.01054248614	0.02112148738	0.01779299869	-0.01436266736
	-0.01254150108	0.009470128392	0.013824847	-0.0171392582	-0.01586320836
	0.0007403781179	0.005001184453	-0.01886970426	-0.0181496046	-0.01941786263
	-0.01931287442	-0.01920704762	-0.01862208808	-0.00323760619	-0.00673503112
	-0.01633513449	-0.0176831616	-0.009826339667	-0.01241843245	-0.01460281824
	0.01035239359	-0.003589799097	-0.0002452233423	-0.001663902814	0.0001693676232
	0.006089904742	-0.0002650082269	0.001937455079	-0.001888453085	0.02699396541
	-0.006090375557	-0.005246678732	-0.008209235875	-0.0103905374	-0.01208943974
	-0.01063180979	-0.01267429923	0.02657272947	-0.01422297121	-0.01572542908
	0.02649991665	-0.01540450731	-0.01616484873	-0.01656255096	0.02541824507
	-0.01661460378	0.0239166745	-0.01630496719	-0.01477785782	0.02155261782
	-0.01362823964	0.01835399965	-0.008281785855	0.01460764241	-0.002963188859
	0.02645094657	0.0004098467292	-0.001786243895	0.02658946551	0.02704902292
	0.001733699475	0.001337964815	0.0004831932926	-0.001355444534	0.02695568324
	0.02668931874	0.02436921021	0.0258498879	-0.005967224014	-0.00371171179
	0.02213917816	0.01910293668	-0.009721058163	-0.007941661124	0.01145593752
	0.01547379495	-0.0122341758	-0.01109944369	0.007328908759	0.003382693133
	-0.01349904804	-0.0130240845	-0.01364711712	-0.0134193634	-0.01284338402
	-0.01183854569	-0.00350031656	-0.0002956450074	-0.01045128758	-0.008582272361
	-0.006302096565	0.002920190757	0.008842880188	0.002249989131	0.004999786696
	0.02718390499	0.004013103304	0.001517170175	0.002787627558	-0.001550677754
	-0.004179524497	-0.006291286918	0.02701361559	-0.007976674084	-0.00514649589
	-0.006819762573	-0.009180037658	0.02709411342	-0.009268999391	-0.00997551156
	-0.01036511924	0.02631392028	-0.01035446458	-0.01001262805	0.02500817006
	-0.008246408866	0.0229645665	0.02003435355	-0.00310875173	-0.0009825892707
	0.01665692202	0.001287187173	0.01272700104	-0.0009130307711	0.02643410877
	0.003418282011	0.0007655200082	0.02687338106	0.02750442564	0.00487994192
	0.005902932146	0.005306282567	0.003975133226	0.0276450054	0.02756882187
	0.02699669601	0.02575028476	0.001906526445	-0.0001697343133	0.02380948247
	0.02107201329	-0.002093529007	-0.003810435968	0.01415859502	0.01781138696
	-0.006103550039	-0.005092881699	0.006843772926	0.01042701672	-0.006688030233
	-0.006922248698	-0.006167016926	-0.006758672663	-0.003680526892	-0.005171150155
	0.003533816055	-0.001765062376	0.0006787355366	0.01226967157	0.00882396211
	0.02793601283	0.005797863406	0.003110479136	0.008318170869	0.0009295667894
	-0.000791161452	0.02806752385	-0.002018310979	0.004986170262	0.02825723885
	-0.002796120243	-0.003112156642	-0.003025475093	0.02776825297	-0.002508556784
	0.02662363058	-0.001622735226	-0.0003553141277	0.001236600966	0.02487418915
	0.003082773353	0.0222224324	0.006826933331	0.007763879167	0.01923898207
	0.01569444279	0.006713929409	0.005516833746	0.002184678525	0.02705583706
	0.004155939281	0.006975812256	0.02777347129	0.02850089269	0.01027260637
	0.008776599949	0.009633814869	0.01032292977	0.02892903605	0.02886524774
	0.02748393524	0.02856380039	0.006405518099	0.008073994688	0.02579834072
	0.02335518865	0.003197153314	0.004697612265	0.02050557147	0.01728866038
	0.002077011678	0.001260175765	0.01096864452	0.01406881623	0.0009525670129
	0.0009146453579	0.001462342478	0.002431277832	0.003871126027	0.005803237097
	0.008180485551	0.02918368896	0.01318750226	0.009125910099	0.01077637893
	0.008659397328	0.007076468016	0.02957966439	0.01261032279	0.005919605194
	0.02975675242	0.005262744035	0.005060587186	0.005278986092	0.008243405527
	0.02945964909	0.00594372697	0.02839311662	0.006908980091	0.009673135569
	0.0268731424	0.01110941195	0.0245124819	0.0123173095	0.01253238564
	0.02195322803	0.0106391049	0.01890740823	0.01605861968	0.005907502499
	0.0283146688	0.0106493018	0.007957924857	0.02920620966	0.0298916003
	0.01430493446	0.01258235197	0.01488099452	0.01484319025	0.03045441127
	0.03037867661	0.03016164735	0.02914555662	0.01396148041	0.01291921205
	0.02765328603	0.0255035817	0.01060752206	0.0116712684	0.02311381585
	0.02043485139	0.009294753229	0.009796501454	0.01787379141	0.01542221653
	0.009240895627	0.009562599465	0.01039022899	0.01162429977	0.01335185016
	0.01595218004	0.01460431767	0.01268356261	0.03121361229	0.01370148903
	0.01620592228	0.01324182877	0.03120533441	0.0131283252	0.01347620222
	0.03094213758	0.0140046098	0.01488052102	0.02985339682	0.01571739761
	0.01650508739	0.02848552099	0.01702598292	0.01674170582	0.02643102685
	0.01428654834	0.02432159269	0.02189768833	0.03068785741	0.01972677027
	0.01762328145	0.03002436515	0.009814736251	0.01408639957	0.01175814467
	0.03136709294	0.03090513581	0.01762692166	0.01595850165	0.01894874596
	0.01850829902	0.03179804349	0.03171865141	0.03028417624	0.0313335275
	0.01872620569	0.01833969607	0.0289167391	0.02706768207	0.01769249195
	0.0171700409	0.02516116806	0.02310707142	0.01662874003	0.01676955077
	0.02128904175	0.01961053525	0.01737075593	0.0168451048	0.01834818628
	0.02046543371	0.01985852804	0.03252436332	0.01952117787	0.03216850423
	0.01909672313	0.0195422241	0.01967467002	0.02002973648	0.03178031712
	0.02032518619	0.0305941296	0.02049115381	0.02049142296	0.01984081234
	0.02932166186	0.02757852998	0.0173832254	0.01588827409	0.0259255237
	0.02417016078	0.03206990602	0.02269897811	0.0214089783	0.0135186615
	0.03181394062	0.01705923793	0.01521710874	0.03252446814	0.03245598896
	0.02011552298	0.01871422343	0.02106759424	0.02171456008	0.03269945244
	0.03232625096	0.03059121887	0.03171928957	0.02200512962	0.02193530273
	0.02776839492	0.02930366989	0.02176213881	0.02185895733	0.02631658421
	0.02489857227	0.02170503896	0.02183324068	0.02281418818	0.02375461275
	0.02220190095	0.03310969093	0.02327524843	0.01856072771	0.03233293013
	0.02321226728	0.023174048	0.02317791661	0.03172860358	0.02294301146
	0.03043920689	0.02270066372	0.02193467956	0.0211946872	0.02925676578
	0.01981608455	0.02781811663	0.02660299974	0.0329231609	0.02543435554
	0.02457362605	0.0238981678	0.0234996374	0.01673762928	0.03320895587
	0.01946724943	0.01811314333	0.03341524067	0.03300654123	0.02186992692
	0.02081018927	0.02272769725	0.02335621357	0.03208301733	0.03279033408
	0.03005303939	0.0312245507	0.02374567605	0.02400094063	0.02885529983
	0.02764448164	0.02410660376	0.02422111157	0.02658466843	0.02570759608
	0.02434327656	0.02504839798	0.02461786288	0.03165822373	0.02460573433
	0.02423720157	0.03085869319	0.02396696109	0.02327288488	0.02954905461
	0.02265136039	0.0216172736	0.02850760632	0.02064867624	0.02736578111
	0.03297428691	0.02467137217	0.02489581037	0.02654744213	0.02580181474
	0.02538335926	0.02501168685	0.03278531763	0.01932588882	0.03379242652
	0.02131816479	0.02036886549	0.03348351855	0.03265767954	0.02233183483
	0.02308961527	0.02427422127	0.02377580737	0.03109823625	0.03205025372
	0.02896784443	0.03007947768	0.02489641546	0.0246423905	0.02792421208
	0.02703316236	0.02505781222	0.0252374305	0.02580482842	0.02630310616
	0.02543876136	0.02465932942	0.02412519325	0.02952620836	0.02365661381
	0.02833730079	0.02291176161	0.02220516571	0.02750371919	0.02665486111
	0.03221338366	0.02486562876	0.02616194373	0.02569091728	0.02552175809
	0.02525230625	0.03167946795	0.02518915061	0.03040484254	0.0212821827
	0.03338495428	0.02269140224	0.02204193283	0.03264722213	0.03160247246
	0.02394686395	0.02341953686	0.02444753678	0.02479400506	0.03074418419
	0.02972995429	0.02777960828	0.02871543441	0.02506585648	0.0252532353
	0.02696025765	0.02635672551	0.02540779924	0.02561731909	0.02589433751
	0.02817630616	0.02383543672	0.02723667861	0.02333430797	0.0266370057
	0.03090022717	0.02606363491	0.02467867923	0.02579230179	0.02549772322
	0.02541240106	0.0301666492	0.02517647189	0.02899424729	0.02504311468
	0.02435286249	0.02270953192	0.03213670397	0.02368704269	0.0232506502
	0.03118929556	0.03018020508	0.02419356456	0.02455081101	0.02511150391
	0.02489133446	0.02928087094	0.02839223047	0.02684135371	0.027533333
	0.0252952628	0.02544307428	0.02626737836	0.02561622069	0.02588982999
	0.02649086708	0.02942705081	0.02414192841	0.02609330521	0.02574404304
	0.02484240261	0.02558744093	0.0253903962	0.02867349945	0.02529168286
	0.02505625589	0.02779020678	0.02449205191	0.02712686871	0.02372828006
	0.03045388768	0.02410254408	0.02440007768	0.02954595783	0.02877094423
	0.02498891459	0.02474748699	0.02536599895	0.02521582364	0.02736042256
	0.0280100813	0.0267329963	0.02628185353	0.02551393123	0.0256857496
	0.02591527875	0.02813038287	0.02585257358	0.02565209434	0.02552852422
	0.02536248625	0.02749066559	0.02521531225	0.02695866355	0.02497212647
	0.02472862508	0.0264739049	0.02611291519	0.02443868154	0.02879647602
	0.02492676855	0.02470183782	0.02810097222	0.02763451484	0.02517296928
	0.02534951707	0.02565537716	0.02551481552	0.02709893624	0.02670334183
	0.02630247873	0.02581121593	0.02603738108	0.02579256348	0.0256714689
	0.02518503128	0.02553446857	0.02670621664	0.02536380899	0.02647869709
	0.02614309047	0.02717878523	0.02598292272	0.02495252045	0.02748257185
	0.02535527796	0.02516916064	0.02705279425	0.02685718664	0.02568652032
	0.02554432001	0.02597105221	0.02582284446	0.02654269044	0.02634793942
	0.02612128446	0.02571848716	0.02626128341	0.02556209154	0.02624359663
	0.02658086925	0.02600414476	0.0259698057	0.0258017789	0.0253900382
	0.02661516087	0.02572721064	0.02559765255	0.02641196628	0.02639933546
	0.02597482765	0.02587389095	0.02607148968	0.02625226914	0.02618380291
	0.02604608316	0.02615324917	0.02626193356	0.02595934879	0.02601126289
	0.02584797406	0.02581083527	0.02613490436	0.02598131728	0.02601461834
	0.02608697397	0.02617330161	0.02609724967	0.02613136549	0.02613768526
	0.02613939789	0.02616388024	0.02599076695	0.0259645501	0.02591735335
	0.0261567503	0.02615416462	0.02622156231	0.02596406191	0.02614284741
	0.02611114167	0.02613820698	0.02597057641	0.02587970367	0.02629222284
	0.02617558132	0.02617226076	0.02600948317	0.02566880376	0.02584152155
	0.02619062937	
