3721	
	-0.02369599669	-0.02378772342	0.03664080599	0.01782607655	0.02971927112
	0.01072891794	0.01839156168	0.01633143044	0.008092712889	0.02385114945
	0.0170135787	0.01740768223	0.02687481551	0.01942526804	0.01769879703
	0.01824718668	0.02391391206	0.01869360822	0.0192538215	0.02459580616
	0.02373379683	0.02296254107	0.02825075614	0.02077930764	0.01930777077
	0.01939502875	0.01858583215	0.01932724511	0.02393160682	0.01990762543
	0.01937241996	0.02184335758	0.01918499385	0.02068890484	0.02258122628
	0.02030527857	0.0260552526	0.02360804676	0.03223317335	0.02729286483
	0.02174289743	0.02635170118	0.0215133565	0.02028013488	0.01997963611
	0.01950179595	0.02067016578	0.01912700953	0.01949612956	0.02095871117
	0.02238583154	0.01949449046	0.01993565393	0.02024992866	0.01975665702
	0.03199655924	0.02931540267	0.03656171341	0.03269446918	0.01909044079
	0.01943849668	0.01954383561	0.01991669707	0.02569139185	0.02358759149
	0.03091816375	0.02642360151	0.01995001735	0.02144397859	0.02099979793
	0.02434517167	0.0202986228	0.01944738097	0.01975548508	0.01952112733
	0.0209320789	0.01981684976	0.01955552204	0.0364418898	0.03464680396
	0.03904805973	0.03681727478	0.03085589062	0.02848564612	0.03198607528
	0.03564514358	0.01937652587	0.01873990377	0.01921142804	0.01911746162
	0.01925931424	0.01952904164	0.01989773787	0.01947801009	0.02216584262
	0.0249489452	0.02395909909	0.02831959028	0.02054384324	0.01955469609
	0.01969956677	0.0223493751	0.01974369452	0.02026599199	0.02025703647
	0.03793526327	0.03767373666	0.03748268472	0.03841043004	0.03484039493
	0.03334398315	0.03619395677	0.03827069215	0.02802011671	0.02597472093
	0.03259030814	0.02960204737	0.01878800547	0.01854763989	0.01812340872
	0.01879778719	0.01919610558	0.01888631784	0.01947367167	0.01932754753
	0.01964300734	0.01990888335	0.01957761744	0.01938676425	0.01984797938
	0.02297316919	0.02103902424	0.02007515846	0.02103669624	0.02527224103
	0.02215994947	0.03525748206	0.03673957665	0.03458536091	0.0355512193
	0.03728176864	0.03749923479	0.03575909289	0.03594736768	0.0310331872
	0.02983401724	0.03481963119	0.0332554118	0.0177787248	0.01806660287
	0.01726220842	0.01820120372	0.02344063635	0.0246185258	0.02824717491
	0.02634497872	0.01896803071	0.01868578852	0.01829350959	0.01892458324
	0.01936984023	0.01939538946	0.01894819566	0.01927226028	0.02019501061
	0.01995237824	0.01966371587	0.02251132657	0.02056589229	0.01931141016
	0.02134490311	0.02990041534	0.03264431404	0.0283630473	0.03026315311
	0.0331045697	0.03504035734	0.03477252951	0.03339722097	0.03153593809
	0.03366801449	0.03392002766	0.03112065148	0.01681519629	0.01718530295
	0.01619454288	0.01741713539	0.02916110859	0.02550721633	0.02579143242
	0.02859106113	0.01836708688	0.01814750411	0.01796996155	0.01746560656
	0.02341825708	0.02282898593	0.02095314528	0.02089644402	0.01816050091
	0.01842613639	0.01866379137	0.01878413043	0.0196701672	0.01865255732
	0.01911216358	0.01825629217	0.01848288302	0.01889037941	0.01967878286
	0.0227974338	0.02622161486	0.02087446304	0.02319350843	0.02760620598
	0.03081207895	0.02935012928	0.02692055361	0.0279322587	0.02993520283
	0.02930654718	0.03108595288	0.01570703759	0.01616530635	0.01501125834
	0.01646242134	0.02702569672	0.02437208226	0.02546264732	0.02802761808
	0.0170784782	0.01747016686	0.01703004617	0.01641164858	0.02235764221
	0.01985154812	0.02065708813	0.02292403802	0.01694412409	0.01764965854
	0.01697120986	0.01765417722	0.01686708644	0.01794053269	0.01826071627
	0.01897047664	0.01749841457	0.01636003338	0.01635234535	0.01653900758
	0.01607531605	0.01739114715	0.01745255347	0.01512397861	0.01869138255
	0.01317888526	0.01550613534	0.02048983463	0.02433125218	0.02221683934
	0.01928943098	0.02229033969	0.02536683188	0.02280031964	0.02552642024
	0.02037839414	0.02268213829	0.02446628484	0.02224196742	0.01540000234
	0.01457724625	0.01510007478	0.01388774536	0.01574402531	0.01626286205
	0.01589647711	0.01520254864	0.01677327225	0.02068877756	0.01896416275
	0.01857309213	0.01534218683	0.01506003697	0.01596858658	0.01621594376
	0.01545967017	0.01524010199	0.01680348694	0.01368859339	0.01546624765
	0.01426791644	0.013657658	0.0149802423	0.01258487386	0.012918583
	0.01468098972	0.01291204738	0.01241472342	0.01441821351	0.01455232941
	0.007792896434	0.01110191024	0.006075709437	0.008129442278	0.0129201836
	0.01684522422	0.01454875606	0.01157468117	0.01538203224	0.01892815207
	0.01537396429	0.01847627739	0.01585874547	0.01464422477	0.01768329024
	0.01875935735	0.01437666575	0.0136345186	0.0141736871	0.01309115769
	0.01630854196	0.01204089326	0.01458972376	0.01378722195	0.01401393543
	0.01429800565	0.01484594779	0.01468355733	0.01355714444	0.01291728314
	0.01390782943	0.01447232314	0.01301502497	0.0107634827	0.00926923397
	0.01161700148	0.01300787786	0.01172378225	0.01068952921	0.01211551198
	0.007694336351	0.01016018636	0.00839534097	0.01066774943	0.01052662601
	0.007649271148	0.01120718235	0.007858257397	0.00861359228	0.009474108975
	0.01013498879	0.001410466897	0.004202717422	8.164208528e-05	0.001688931304
	0.00577085595	0.009387428721	0.007249348141	0.00454625628	0.008256033685
	0.01178275786	0.008026931157	0.01106874346	0.008167063847	0.01145096866
	0.01202695908	0.008940209891	0.01058205407	0.006375900804	0.0092914666
	0.00770119815	0.01293259911	0.01363356833	0.01315331802	0.0136468519
	0.01312529616	0.01301289322	0.01345329801	0.01361469619	0.008019621892
	0.004079754433	0.005390783222	0.006746117964	0.01189499388	0.01084965673
	0.01176077774	0.01268962819	0.0104454842	0.009236533568	0.007773990218
	0.009134237124	0.005774465748	0.005102126534	0.002432805295	0.003230366162
	0.006591259068	0.007759360019	0.006105013502	0.004770850735	0.002181511901
	0.005055599524	0.002191824298	0.004872528573	0.002733462367	0.005641634834
	0.003511583561	-0.003670254806	-0.001539733714	-0.004513308829	-0.003448608659
	-0.0003952616683	0.002669671039	0.0009125550761	-0.00131732775	0.001656790178
	0.004834950941	0.00143929788	0.004130372205	0.002294312713	0.001753847228
	0.004914174403	0.005215978734	0.004374743154	0.0004800020511	0.00342995604
	0.001486720341	0.002447859625	-0.001367132791	0.001371044291	-0.0002723638757
	0.01379964615	0.01368359157	0.0134632779	0.01341714553	0.01285906822
	0.01221512529	0.01299513496	0.01240272059	0.01068614166	0.009167940831
	0.009852513734	0.01120057103	0.0004755600228	-0.002131935884	-0.002925347353
	-0.0002506106582	0.008103489922	0.005207042424	0.007116671598	0.006359283291
	0.004536256862	0.002925207386	0.001335959951	0.003103090282	-0.000630208873
	-0.0006782884007	-0.003483667326	-0.003288996755	0.001500445911	-0.000360650374
	-0.0003215664321	-0.001606921066	-0.002644979752	-0.003185469582	0.0004152737113
	-0.007098264025	-0.00727154022	-0.005871286188	-0.007573003659	-0.005257986865
	-0.002878624236	-0.004118884983	-0.005756997766	-0.003954105986	-0.001321221323
	-0.003982382758	-0.001817148586	-0.004053212219	-0.001254478906	-0.00102156886
	-0.003554763939	-0.004303992046	-0.00164813638	-0.005133220618	-0.002381315707
	-0.003155611337	-0.006683450764	-0.004051888111	-0.005760495608	0.01485027397
	0.01549259174	0.01413058251	0.01463921578	-0.004840252185	-0.008111777471
	-0.005544808121	-0.007369399108	0.0131330095	0.01349136515	0.01220268972
	0.01201580793	0.01022553982	0.008149158099	0.008485974847	0.01032749517
	0.004067205667	0.006270779414	0.003235934969	0.005631617121	-0.008841497667
	-0.005997621257	-0.008537549424	-0.006207159155	-0.0002218579108	0.001807156021
	0.0007021764673	-0.001484596486	-0.002065082347	-0.003574679204	-0.00357789563
	-0.005235485059	-0.006687242053	-0.008750329695	-0.006070558779	-0.005602744235
	-0.00768483781	-0.008438410909	-0.004766944474	-0.009324028027	-0.00867638536
	-0.009055040538	-0.009188210372	-0.007673757259	-0.008656542	-0.008658496255
	-0.007028556557	-0.008317091166	-0.006336473842	-0.008022211665	-0.006479942486
	-0.008298106016	-0.008920802697	-0.006627084577	-0.0062866129	-0.007047370221
	-0.01012190147	-0.007721006841	-0.009317042331	-0.009199481942	-0.008406618746
	-0.01159811491	-0.01075229799	0.01688540165	0.01687796324	0.01831998061
	0.01578834347	-0.009912385889	-0.01296969791	-0.0105838933	-0.0122614942
	0.01424987477	0.01517176005	0.01317690357	0.0125453836	-0.0138124213
	-0.01106774369	-0.01137371598	-0.01344131393	0.01073077618	0.008013473399
	0.007914347494	0.01033035842	0.002480272048	0.005187427624	0.004992165622
	0.002053100773	-0.002673963258	-0.0002254563251	-0.003549813082	-0.0009269008224
	-0.01114857483	-0.0138750848	-0.01139879146	-0.0137370983	-0.006029956293
	-0.008081098398	-0.006811306484	-0.004911903965	-0.009655210413	-0.008404799239
	-0.01323057718	-0.01056439313	-0.01131916286	-0.01247742567	-0.009912615702
	-0.0098207905	-0.009921970166	-0.008970839151	-0.009711401837	-0.01053506825
	-0.00967705329	-0.009685757375	-0.009984151029	-0.01002324369	-0.01058249627
	-0.009711190707	-0.01129945613	0.02001715818	0.0197682623	0.02189798443
	0.01840944984	-0.01176600809	-0.01265189403	-0.01094687517	-0.01035192198
	-0.01333153197	-0.01154676752	-0.01425811615	-0.01231004777	-0.0150220574
	-0.01303978338	-0.01590652533	-0.01383743495	-0.01455055127	-0.01736880372
	-0.01523111076	-0.01663401336	0.01641019391	0.01786481274	0.01519436042
	0.01412078614	-0.01575413649	-0.01835690457	-0.01613781817	-0.01791367167
	0.01230706948	0.008317603002	0.008900760017	0.01137098037	-0.01628678343
	-0.01620411452	-0.01855841837	-0.01855294834	0.001763160413	0.005032130687
	0.001794136847	0.005340775237	-0.004766742552	-0.001667764025	-0.001419235435
	-0.004315071652	-0.01010604346	-0.009242143964	-0.006953692725	-0.007650055535
	-0.01516005679	-0.01825770218	-0.01771209065	-0.0158279565	-0.01411359653
	-0.01231229226	-0.0168152799	-0.01285736403	-0.01121875661	-0.01565477181
	-0.01416920652	-0.008790390916	-0.009621584624	-0.007363217431	-0.008697181447
	-0.01088107047	-0.01079417168	-0.01014847925	-0.009755501383	-0.01284342613
	-0.01229166001	-0.01163390361	-0.01145117892	0.02366791082	0.02319223315
	0.02573198515	0.02174661585	-0.01513366061	-0.01406427508	-0.01309609469
	-0.01387274955	0.01947536139	0.02131448585	0.01813347979	0.01670618392
	-0.01621068875	-0.01497348108	-0.01738726921	-0.01596075776	-0.01778216936
	-0.01686345438	-0.01944486336	-0.01840587743	-0.02033492534	-0.01859188453
	-0.02117725249	-0.01935413993	-0.01996267103	-0.02240495953	-0.02185193248
	-0.02044644606	0.01348254386	0.009780279286	0.01084647887	0.0149148109
	-0.02071911536	-0.02289898496	-0.02078868592	-0.02274792025	0.002535631801
	0.002020951212	0.005908954738	0.006740491757	-0.0227887332	-0.02059400378
	-0.02243376906	-0.02013430566	-0.005071900939	-0.005078225838	-0.001683126255
	-0.001452472692	-0.01128677564	-0.0108376906	-0.00839791382	-0.008138328169
	-0.01388133548	-0.01320322143	-0.01522992871	-0.01608386339	-0.02083653301
	-0.01831159386	-0.02177178495	-0.01956099389	-0.01937395902	-0.01693077999
	-0.01800455022	-0.006283824562	-0.007816277489	-0.004296717547	-0.006197883782
	-0.009721535529	-0.0103911101	-0.009089122305	-0.008013940553	-0.01293459093
	-0.01310831662	-0.01118547675	-0.01168999064	-0.01458281754	-0.01630539285
	-0.01589588018	-0.01446094653	0.02727775123	0.02663840704	0.02917838164
	0.02533765923	0.02308582238	0.02504550816	0.02167645204	0.02007084489
	-0.01787290136	-0.01722031481	-0.01940590225	-0.01854661232	0.01654039998
	0.01834085124	0.01375847535	0.0122702871	-0.02088761115	-0.02078584308
	-0.0197369664	-0.02208445722	-0.02282177582	-0.02323440193	-0.02189328679
	-0.02426964556	-0.02514462946	-0.02421326476	-0.02358222228	-0.02586206978
	-0.02487340153	-0.02638894446	-0.02670966903	-0.0246383016	0.004290222072
	0.009162122875	0.003295682268	0.007834783586	-0.02485996758	-0.02663800245
	-0.02679892203	-0.0246011323	-0.004459316336	-0.004905012418	-0.0009734742259
	-0.0002601235743	-0.0232282501	-0.02405755896	-0.02548942002	-0.02620435722
	-0.008255228416	-0.01160977117	-0.008437426212	-0.01158013504	-0.0146161128
	-0.01435367577	-0.0172352666	-0.01678247733	-0.02314844958	-0.01887371177
	-0.02064330544	-0.01954301091	-0.02209009699	-0.02149657729	-0.02446731679
	-0.002371472261	-0.004567081929	0.0001421489855	-0.002282946666	-0.007101909181
	-0.00850293179	-0.006556794521	-0.004822150324	-0.01158345487	-0.01247287023
	-0.009270202321	-0.01044681787	-0.0138921885	-0.01613994513	-0.01640056703
	-0.01442546983	0.03021990429	0.02952499512	0.03162747801	0.0285863985
	-0.01822389419	-0.02024945836	-0.01998525592	-0.01827418432	0.02669291845
	0.02843636477	0.02532489001	0.02378434795	0.02023973577	0.02218502991
	0.01739581987	0.01561733779	-0.02156077056	-0.02373069444	-0.02208135548
	-0.02304210601	0.006998624872	0.01072611901	0.005560965822	0.01246828744
	-0.02551628757	-0.02653914404	-0.02522963934	-0.02433692434	-0.02768859651
	-0.028630978	-0.02733948117	-0.02650187872	-0.02939264775	-0.02796188411
	-0.02991878067	-0.02839430274	-0.02858075752	-0.03023464142	-0.03028328326
	-0.02853398854	0.00188161782	-0.002918620915	-0.003807954522	0.0007049945036
	-0.02959849618	-0.02761460826	-0.02820949614	-0.03008772618	-0.007227377101
	-0.01107552225	-0.01146351504	-0.007845165112	-0.02552079617	-0.02671644154
	-0.02883146218	-0.02775441016	-0.01757074162	-0.01751814378	-0.01466909626
	-0.01451899645	-0.02000959888	-0.02217419608	-0.02466812785	-0.02263521203
	-0.02400459783	-0.02027887483	-0.02636998455	0.002856252518	4.73858751e-05
	0.005840810937	0.002959391969	0.03201864573	0.03139503092	0.03275187142
	0.03093853382	-0.00308308221	-0.005183141438	-0.002619694406	-0.0002647428672
	-0.008818296744	-0.01040699544	-0.005941226855	-0.007758139978	-0.0146351436
	-0.01556470121	-0.0129916042	-0.01181664357	-0.01795287813	-0.0198840008
	-0.02022714702	-0.01739646063	0.02967545838	0.03089445049	0.02848457413
	0.02726822659	-0.02227027593	-0.02431960849	-0.02416608336	-0.02224301345
	0.01949533569	0.02409921663	0.02589151022	0.02135824043	0.01051843887
	0.01438405754	0.00871424286	0.01639578021	-0.02583356672	-0.0273424825
	-0.02790228377	-0.02624705724	0.004893971833	-0.0004999150082	-0.001809125954
	0.003296842676	-0.02973319724	-0.02940025849	-0.03062499547	-0.02862488075
	-0.03245182031	-0.03168133078	-0.03127808717	-0.03060406446	-0.03331526358
	-0.03303485193	-0.031883727	-0.03169347952	-0.03337981407	-0.03179095715
	-0.03144229996	-0.03312793417	-0.009703215124	-0.00534553267	-0.01049824128
	-0.00638085323	-0.03262568656	-0.02985210966	-0.03179908498	-0.03078948726
	-0.01744256128	-0.01415784685	-0.01360447277	-0.01709970369	-0.03068766851
	-0.02859489561	-0.02924813954	-0.02703049562	-0.02291419838	-0.02298647362
	-0.02034656929	-0.02022143149	-0.02540862221	-0.02513364304	-0.02749446861
	0.009293706536	0.005926947693	0.01266235843	0.009414032952	0.002251442836
	-0.0005072794532	0.002637621917	0.005543215625	0.03256688642	0.03211843778
	0.03267368974	0.03210689793	0.03154877329	0.03209802689	0.03064431739
	0.02993873927	-0.0046903186	-0.00694826842	-0.001268674325	-0.003676373619
	-0.01180869185	-0.01339238422	-0.01018131768	-0.00838521226	-0.01640077264
	-0.01829724791	-0.01924804449	-0.01524240352	-0.02182887584	-0.02381075623
	-0.02124919809	-0.02420921922	0.02342732239	0.02752552159	0.0288653411
	0.02511252023	-0.02632011055	-0.02829689956	-0.02823164139	-0.02624278374
	0.02054528807	0.01460878247	0.01256487632	0.01848037842	0.008642664547
	0.002717963662	0.006694199393	0.001027997674	-0.0298730266	-0.03177299374
	-0.03022081485	-0.03131996184	-0.008714539926	-0.007532151215	-0.00266464367
	-0.004089612895	-0.03424233099	-0.03345702389	-0.03319158862	-0.03248732497
	-0.03459697954	-0.03514173839	-0.03568058311	-0.03413409546	-0.03467254161
	-0.03603464338	-0.03475564282	-0.03603838344	-0.03525179797	-0.03427629404
	-0.03360740295	-0.03581544485	-0.01284318424	-0.0165710041	-0.01584335281
	-0.01190340111	-0.03132818723	-0.0344205874	-0.03325438022	-0.03261762481
	-0.02256363899	-0.01938688378	-0.02287376248	-0.01989693065	-0.02785401599
	-0.029983938	-0.02970899621	-0.02538176494	-0.02548883026	-0.03178671525
	-0.02777000425	0.01682125034	0.01294207913	0.0204584384	0.01698464709
	0.008771866028	0.005427598046	0.009109133859	0.01246958238	0.0007224752704
	-0.002147756737	0.004659629516	0.00171438316	0.03217805113	0.03195128284
	0.03188885476	0.03220775436	0.03218618362	0.03216123703	0.03160066741
	0.03142780225	0.02809811966	0.02684988499	0.0299719704	0.03068179666
	-0.007688296884	-0.00990295678	-0.006037089326	-0.003647777369	-0.01357738408
	-0.01548621537	-0.01704582517	-0.01183812412	-0.01910705879	-0.02021772208
	-0.02217708938	-0.02314936451	-0.02575175195	-0.02767920891	-0.02814344712
	-0.02520332203	0.02440461377	0.0225585147	0.01891437377	0.0168177398
	-0.03018602653	-0.0320242342	-0.03204690449	-0.03011589637	0.006620752832
	0.01292507129	0.01073162363	0.004606405217	-0.00616154079	-0.001037112464
	-0.004618015249	0.0007443055331	-0.03354929552	-0.03524024091	-0.03487491572
	-0.03387512798	-0.009461978293	-0.01383646683	-0.01493188968	-0.01076482455
	-0.0373346785	-0.03662339612	-0.03650437668	-0.03584758253	-0.03829316783
	-0.03726537042	-0.03800774838	-0.03705976458	-0.03836582708	-0.03675507024
	-0.03714320928	-0.03808279952	-0.03503731789	-0.03754042219	-0.03665924919
	-0.03604378933	-0.02138683144	-0.0178022636	-0.0220692622	-0.01868273056
	-0.03205527057	-0.03370474791	-0.03397337777	-0.03548334511	-0.0321426344
	-0.02997344551	-0.02746351766	-0.02508370878	-0.0277522884	-0.02460360811
	-0.03007030389	0.02530744654	0.02098341044	0.02917859388	0.02573667565
	0.01630830012	0.01250752786	0.01664411366	0.02040491063	0.00732996615
	0.00391738485	0.01170703599	0.008289061533	0.03138644692	0.03136410158
	0.03097067446	0.03167321579	0.002300455091	-0.002295015242	-0.005137216947
	-0.0006152525266	0.03176701639	0.03188609763	0.03155785354	0.03157203906
	0.02992897927	0.02927085953	0.03116746717	0.03129521646	0.02608380969
	0.02744865413	0.02296983797	0.02106262717	-0.009494351379	-0.01144190942
	-0.01364443692	-0.007246335165	-0.01741965918	-0.01940245017	-0.01585760836
	-0.02099521447	-0.02313985021	-0.02409608702	-0.02603297423	-0.02706451692
	-0.0313585779	-0.02952704632	-0.03188033692	-0.02906680184	0.0110484008
	0.01744234753	0.008792923021	0.01516791434	-0.03369548816	-0.03375187699
	-0.03541811285	-0.03548780537	0.004802260193	0.002700068906	-0.002900168196
	-0.001022886709	-0.01112508916	-0.01256653501	-0.006333697136	-0.007974165959
	-0.03679528214	-0.03824524375	-0.03708144332	-0.0379191646	-0.01673704235
	-0.0155052185	-0.01948460087	-0.02052531849	-0.03986039504	-0.03918329672
	-0.03926093081	-0.03866677551	-0.04026411659	-0.03926500865	-0.04024498993
	-0.03935863916	-0.04002126089	-0.0388465612	-0.03813169001	-0.03943832339
	-0.03574116077	-0.03735189049	-0.03856085509	-0.03709442415	-0.0239380477
	-0.02309685623	-0.02634091082	-0.02699331883	-0.03582517541	-0.03204597043
	-0.03396526163	-0.03405912978	-0.0317690969	-0.02969202165	-0.02923147423
	0.03480395894	0.03014645922	0.03938274214	0.03597896674	0.03064095096
	0.03076167966	0.03028469602	0.03098347698	0.02475323084	0.02058871402
	0.02508909697	0.02927879884	0.0150650518	0.01111651223	0.01963146246
	0.01590845556	0.004375919329	0.0008191496656	0.006032855193	0.009269830394
	0.03136486861	0.0311835545	0.03082189779	0.03105781621	-0.004138160695
	-0.006160762834	-0.009107569555	-0.001589488412	0.0310672925	0.03060128562
	0.03048608003	0.0312761563	0.02858567468	0.02933401427	0.02627071252
	0.02480439457	0.0217727178	0.01576053931	0.01339809655	0.01965294955
	-0.01341511405	-0.01551494324	-0.0177813684	-0.01156173938	-0.02006477572
	-0.02135290914	-0.02339311204	-0.02499622236	-0.02790145131	-0.02979178019
	-0.03079930021	-0.02706068186	-0.03526475922	-0.03308864227	-0.03263044036
	-0.0347688338	0.003196368748	0.001009020015	0.007037693232	0.009412099594
	-0.03695637491	-0.03845101087	-0.03684714507	-0.03839101215	-0.002563884626
	-0.007758039887	-0.009523881868	-0.004522649777	-0.01410135636	-0.01253987448
	-0.01689326751	-0.01827491882	-0.03976733196	-0.03954848692	-0.04039508325
	-0.040714086	-0.02207808874	-0.02089034183	-0.02450866106	-0.02551355388
	-0.04111019358	-0.04177085271	-0.04142737383	-0.04089436207	-0.0415696975
	-0.040588234	-0.04184041031	-0.04100111407	-0.0398559019	-0.04099918982
	-0.04009948704	-0.03880556577	-0.03733539543	-0.0388817373	-0.03743179022
	-0.03572823891	-0.02777676158	-0.03324249131	-0.02859134206	-0.03369207418
	-0.03131416756	-0.03068080652	-0.03545586367	0.04646570772	0.04107946738
	0.05366775714	0.04847732331	0.03014468797	0.03033265405	0.02991323941
	0.03043558006	0.03429882975	0.02952892317	0.03453960688	0.03914743721
	0.03053205952	0.0305235362	0.03074437143	0.03027373678	0.02395072732
	0.0192093409	0.02801427901	0.02448402334	0.01229125545	0.007783832703
	0.01391214466	0.01690243342	0.002514976533	0.0002446138578	-0.003527766633
	0.004983108104	0.0305340294	0.03050823402	0.03070252177	0.03080194282
	-0.008252153741	-0.01064358792	-0.006243808156	-0.01353600914	0.02987437437
	0.03009251383	0.02844963507	0.02758460293	0.02371539921	0.02540758344
	0.0203826068	0.01812764349	0.01440213797	0.007981551175	0.005513040361
	0.01185674535	-0.01760355857	-0.01984485167	-0.01597822243	-0.02194095968
	-0.025365368	-0.02735923037	-0.02879803175	-0.02410345168	-0.03329653843
	-0.03157699879	-0.03419380296	-0.03068409546	-0.03820087252	-0.03579667786
	-0.03632243355	-0.03776075336	-0.003770684191	0.001828431873	-0.005848228602
	-0.0004450229698	-0.03968496665	-0.04083662651	-0.04087919679	-0.03951389519
	-0.008947545505	-0.01081920754	-0.01365274825	-0.01535694428	-0.01953505066
	-0.0233381262	-0.02199366214	-0.01801729113	-0.04172768351	-0.0425839017
	-0.04189562438	-0.04226893209	-0.0298761885	-0.02678873333	-0.02563102634
	-0.02889503074	-0.04303521157	-0.0429797729	-0.04238705165	-0.04248606177
	-0.04197011897	-0.04123037472	-0.04219957292	-0.04278132295	-0.04129647209
	-0.03878071045	-0.04017048225	-0.04006808339	-0.03661888061	-0.0385074904
	-0.03500885003	-0.03438609421	-0.03181988857	-0.03706411716	-0.03261763612
	0.06549695333	0.05607986968	0.08014511758	0.0668292083	0.03010356251
	0.02989429824	0.03008897611	0.02977187565	0.0459536982	0.0393702595
	0.0458999502	0.05073603408	0.03011886424	0.03017987062	0.03025627981
	0.02997386915	0.03397800326	0.02773450512	0.03626383309	0.03417883801
	0.03026296845	0.03009142439	0.03017396484	0.03040505275	0.02480887675
	0.02103109197	0.01550076167	0.02302698363	0.01242877249	0.01027085717
	0.007406829456	0.003051367882	-0.002172404168	-0.004981204423	-0.008263215034
	0.0001019914415	0.03017870203	0.03012032187	0.02948914128	0.02918905015
	-0.01300824863	-0.01547010675	-0.01792278951	-0.01092236477	0.02792144596
	0.0243974573	0.02253470377	0.02685089699	0.01321020801	0.01942192743
	0.01054004757	0.01691979687	-0.001560180891	0.006845012916	0.0008349806192
	0.004251382022	-0.02024898715	-0.02590350949	-0.02199120491	-0.02409648267
	-0.0292399073	-0.03101642208	-0.02789212096	-0.03228873262	-0.03489426781
	-0.03394506693	-0.03716830765	-0.03635717413	-0.03906682795	-0.04062580446
	-0.04022226341	-0.03850126108	-0.006923336254	-0.004748395897	-0.009797274362
	-0.01180990713	-0.04184444198	-0.04269262375	-0.0416419808	-0.0427269584
	-0.01634279673	-0.0145121056	-0.01882547729	-0.02049560078	-0.02775088119
	-0.02430698437	-0.02643140989	-0.02281796974	-0.04328573659	-0.04342762248
	-0.04351282278	-0.04382224818	-0.03359517954	-0.03085148394	-0.03262862092
	-0.02971375079	-0.04342177671	-0.0430008235	-0.04363933671	-0.04389439316
	-0.04305676468	-0.04226091659	-0.04118943224	-0.04215111724	-0.03934908422
	-0.04091201253	-0.03806301386	-0.03979453727	-0.03521309299	-0.03600165758
	-0.03744450641	0.1087929409	0.08330351348	0.135744878	0.105987148
	0.02994110179	0.02980712117	0.02997117341	0.02975614877	0.06191251063
	0.050684745	0.06239695461	0.06848445334	0.02991941735	0.02985207622
	0.03001615301	0.0299935972	0.04414647166	0.03621645433	0.04467880088
	0.04556635103	0.029864031	0.02993491672	0.03004172408	0.02992524674
	0.02945733921	0.0238648752	0.0327341857	0.03310194414	0.03000249398
	0.02990264468	0.02975711374	0.02979268738	0.0206981712	0.01838745792
	0.01487210838	0.01061513321	0.004456480921	0.001354587018	0.007310525687
	-0.002041410448	-0.007691143265	-0.01032446572	-0.01303750022	-0.005045106779
	0.02922357347	0.02874941295	0.02729527715	0.02607438438	-0.01782672106
	-0.02005361321	-0.01559479132	-0.02218536647	0.01589630986	0.02388637641
	0.01855684701	0.02176497642	0.01241869442	0.003357735725	0.006086295466
	0.009553909971	-0.002414092164	-0.005337367113	8.613133257e-05	-0.00765876424
	-0.02610507969	-0.02796576274	-0.02431388765	-0.02958851619	-0.03132609577
	-0.03537036459	-0.03268752669	-0.03420165079	-0.03674541427	-0.03769898826
	-0.03887947278	-0.03963805972	-0.04124145087	-0.04209666195	-0.04067039225
	-0.04247927694	-0.01701562344	-0.01253312905	-0.01503300308	-0.01040251237
	-0.04339207008	-0.04395648574	-0.04318057295	-0.04392525748	-0.02117027879
	-0.019362393	-0.02331078848	-0.02495870118	-0.03150114409	-0.02694118002
	-0.02841034722	-0.03019781034	-0.04420063487	-0.04441077404	-0.04410638424
	-0.04433123369	-0.03570145417	-0.03666053299	-0.03425579052	-0.03312991865
	-0.04369239621	-0.04357576826	-0.04294380578	-0.04415396494	-0.03984800092
	-0.04187313325	-0.04266064727	-0.037949112	-0.04142481153	-0.04046670676
	-0.03873410163	0.2061862532	0.144486282	0.2712071361	0.1934551743
	0.08557541248	0.06598984513	0.09613335737	0.1101844971	0.02982189924
	0.02988463388	0.0298124381	0.02992368161	0.02984632994	0.02982884055
	0.02995445934	0.02988924331	0.05214239725	0.04537839547	0.05662466608
	0.0586337438	0.02979294126	0.0298528713	0.0298237009	0.02979841877
	0.03656080635	0.03281941625	0.04092988845	0.04212499926	0.02977849977
	0.02973492221	0.02973859758	0.02983978082	0.02909751535	0.02594075204
	0.02242331429	0.01877975836	0.02952776141	0.02964140957	0.02888230576
	0.02834497608	0.01146929951	0.00825931522	0.00483450661	0.01490360578
	-0.001684484445	-0.004515028812	-0.007451519504	0.001436613466	-0.01026275874
	-0.01292361721	-0.01532333334	-0.01774161302	0.02110853866	0.02714741166
	0.02338296833	0.0257307422	-0.02222626429	-0.02421182796	-0.02003490792
	-0.02615373504	0.01194121861	0.008925983282	0.01820608497	0.01530035772
	0.002759983951	-0.002891488768	-0.0002327216815	0.005633984659	-0.005688801743
	-0.008122998939	-0.0106368923	-0.01292438988	-0.02799677995	-0.03284238559
	-0.0297406825	-0.03133752678	-0.03428027405	-0.03560362147	-0.03793365764
	-0.03683306915	-0.03992835099	-0.04080764313	-0.04153179716	-0.03899832859
	-0.04334720919	-0.04280621789	-0.04371673072	-0.04224517625	-0.01528901052
	-0.01740320288	-0.01955423626	-0.02152061232	-0.04430285305	-0.04454189935
	-0.04409171334	-0.04451180251	-0.02874158043	-0.02351946036	-0.02531141029
	-0.0271086249	-0.03458306539	-0.03183879167	-0.03038193297	-0.0332886203
	-0.04445866703	-0.04433747009	-0.044037048	-0.04458434568	-0.03699659725
	-0.0381093666	-0.0358762386	-0.03906629387	-0.04374813705	-0.04329293618
	-0.0422129882	-0.04284075697	-0.04080861065	-0.04159128406	-0.04002338972
	0.2765787449	0.5673184217	0.02988376135	0.02988674334	0.0981299351
	0.1706718724	0.0695489419	0.05765131636	0.02985557213	0.02985277679
	0.02975313877	0.02978965926	0.04628633377	0.04115796691	0.0296763267
	0.02972984315	0.03293744688	0.02649994633	0.0293815772	0.02966484447
	0.0187935579	0.01193847311	0.02541867762	0.02825695809	0.004862665366
	-0.001349348004	-0.01269203506	-0.007409562808	-0.02207017009	-0.01769889983
	0.01499265203	0.02094816747	-0.0296408801	-0.02612039398	0.008661673787
	0.002562897596	-0.003086200901	-0.00823176405	-0.0130280324	-0.01745745069
	-0.03282353865	-0.03554659813	-0.03792995654	-0.03990274217	-0.0415403385
	-0.04280126871	-0.0437323596	-0.04430861398	-0.02157207407	-0.02533137933
	-0.04455888598	-0.04446690507	-0.03184143977	-0.02876330147	-0.03699441877
	-0.03459069304	-0.04405078806	-0.04329814802	-0.03907118703	-0.04222145659
	-0.04080890971	-0.03021702907	-0.03313962382	0.1670421331	-0.03570301316
	0.02994133298	-0.03795159474	0.02978977069	-0.03985031931	-0.04143365633
	-0.04267196817	0.04294399778	0.02985605421	-0.04359506843	0.02968798024
	0.02223767588	0.02967993647	-0.04417336306	-0.0444365458	-0.04435002821
	0.001721773786	0.02971746286	-0.04394729093	0.02966141213	-0.04318400549
	-0.04210088874	-0.01985675293	-0.0240404481	-0.04063951502	0.02946773508
	-0.03885076198	0.02891024592	-0.03665878174	-0.03412653354	-0.03116017386
	0.02691427336	-0.0278339422	0.02342893091	-0.01517514993	0.01803654374
	-0.01005151118	0.01188354694	-0.004423057141	0.008238761482	0.005605524554
	0.01532348728	-0.0003034829562	0.03615215205	-0.005629018717	-0.01061591156
	0.05066272007	0.05905026502	0.07845628014	-0.01518217044	0.1245538711
	-0.01946653166	-0.02337598636	0.02985304571	-0.02698176168	0.02992984224
	0.3966764108	0.1424680467	0.1344413773	0.02985594893	0.02992969386
	0.0713496673	0.08515610997	0.04694810686	0.05359713949	0.02982163763
	0.02974847016	0.02965296328	0.02967666547	0.03293129915	0.03931240257
	0.02963698782	0.02961635203	0.01882162203	0.0255693315	0.02933327093
	0.02816026221	0.01149851475	0.005004102701	0.02093870137	0.02556163067
	-0.001501179654	-0.007203908691	-0.01745436514	-0.01266416227	-0.02192765027
	-0.02584660641	0.0151304574	0.008782370824	-0.02942627681	-0.03252964819
	-0.00289989567	0.002676455552	-0.008050443361	-0.01278769703	-0.01721080167
	-0.0212856523	-0.03528847211	-0.0376243779	-0.04122812331	-0.03961906738
	-0.0425020299	-0.04341516083	-0.04399851191	-0.04423633932	-0.02844673267
	-0.02504191998	-0.04414795536	-0.04372218179	-0.03152584633	-0.03425876674
	-0.03873475693	-0.03666646169	-0.04188734062	-0.04297198817	-0.04047873255
	-0.03521577137	0.02987931536	-0.03744182477	-0.03935644267	0.02968192026
	0.05793496534	-0.04092446216	0.04930970183	-0.04218033319	0.02973238163
	-0.04309099286	-0.0436898145	0.0296044075	0.02171371981	0.01487114064
	-0.04393990999	-0.04387887393	0.02959800981	-0.0434598252	-0.04272999467
	0.02949906523	-0.04162575466	-0.04021007239	0.02877519866	-0.03839486329
	-0.02378773935	-0.03626629535	0.02714037297	-0.03370302308	-0.03082401124
	0.023478705	-0.02746440601	0.01838264043	-0.01957266154	-0.01503929317
	0.0121563256	-0.009899665078	-0.004443622245	0.005889053266	0.001655023699
	0.008005062788	6.721711493e-05	-0.005326460059	0.02865263487	0.03530506654
	-0.01020759564	0.04155537948	-0.01480240703	0.07557193836	-0.01901587144
	0.109334901	-0.02294223202	0.02980168844	-0.02649783018	-0.02974888737
	-0.03263706466	0.1197294139	0.02998617688	0.08274654329	0.127341173
	0.02987934792	0.02977187095	0.0648851421	0.05173355282	0.03769436916
	0.04370362698	0.0297024402	0.02963520731	0.02959624524	0.02957326181
	0.03068664231	0.024639098	0.02953865674	0.02930797303	0.01113780512
	0.01758154891	0.02832140274	0.02568460911	0.004453017558	-0.001517113289
	0.02139841343	0.01555603349	-0.007324261557	-0.01246095237	-0.02156991758
	-0.01729755403	-0.02550481725	-0.02895805179	0.009268077837	0.003188923488
	-0.03206530035	-0.03474516356	-0.007511002993	-0.002418040779	-0.01662161763
	-0.01224591294	-0.02068848338	-0.02441020509	-0.03902694948	-0.03708101866
	-0.04187849252	-0.04063478202	-0.04279010132	-0.04335417296	-0.04348920777
	-0.04359066072	-0.03086778958	-0.02781176729	-0.04230344502	-0.04306303633
	-0.03360134366	-0.03599563034	-0.03806781305	-0.04122072554	-0.03980543608
	0.02974947285	-0.03850747597	0.02956762694	-0.04009321955	-0.04133449032
	0.04698456557	-0.04226687438	0.02961232247	-0.04285292843	0.02953637194
	0.02653053539	-0.04313136223	-0.0430565294	-0.04267649473	0.02937027108
	-0.04192996487	0.02893909775	-0.00444065272	-0.04088145321	-0.03944511441
	-0.03771090447	0.02719324734	-0.01932521209	-0.03555723756	0.02401872624
	-0.03311185883	-0.03020286293	-0.02701310565	0.01887180838	-0.02329993916
	0.01284947269	-0.01474675574	-0.009940996446	0.006584406808	0.0006920017165
	0.001195473823	0.007552846556	0.01375895838	-0.004605015318	0.02056588918
	-0.009540607885	0.03339038543	0.03821215148	-0.01404705238	-0.0182794681
	0.05286096279	0.07041195887	-0.02214316477	-0.02571390835	-0.03661313139
	0.0296934132	-0.02892024017	-0.03182327151	-0.03437157089	0.08857856525
	0.02990269462	0.05772359129	0.06296987482	0.02973991414	0.02964311028
	0.04579382081	0.04069802047	0.02850466328	0.03382752818	0.02956027331
	0.0295264045	0.02949450969	0.02947373941	0.0222643117	0.01633548914
	0.02927904709	0.02837978104	0.00398092135	0.009940255108	0.02616855078
	0.02194152958	-0.007304034516	-0.001949175232	0.01012436231	0.01639156889
	-0.01695308862	-0.01240180318	-0.02493163398	-0.02118079436	-0.03133211127
	-0.02834379959	-0.001558144375	0.004017882334	-0.03624059782	-0.03398051113
	-0.00667264217	-0.01135661107	-0.01572164642	-0.01974578804	-0.02345910122
	-0.02683037327	-0.03816461106	-0.03972481886	-0.04183566899	-0.04095398975
	-0.04239051449	-0.04260779762	-0.04206221722	-0.04250116799	-0.0325978582
	-0.0298834904	-0.0402099985	-0.04130129813	-0.03705549298	-0.0349934632
	-0.03879817016	0.0294481829	-0.0389043113	0.05101871894	-0.04016665408
	-0.04108578703	0.02944639332	-0.04169991687	0.0294032265	0.02936394081
	-0.04196612202	-0.04193066138	-0.0415374706	0.02882877264	0.00639574363
	0.0008626495525	-0.04084816084	0.02759397201	-0.03978468489	-0.03843293914
	-0.03668182459	0.02445642743	-0.03465349667	-0.02280714017	0.01981702509
	-0.03218930496	-0.02946461855	-0.02625274769	0.01381468956	0.007609737688
	-0.01880216789	-0.01460796407	-0.009760247316	0.001749604693	-0.004814756674
	-0.003638003564	0.01264881478	-0.008479120948	0.01819500561	-0.01301623504
	0.02450619489	0.03586931541	-0.01717058571	0.04094338669	-0.0210471033
	-0.02456228259	0.02955771715	-0.03733600561	-0.0277819858	-0.03064639221
	-0.03320911463	-0.03542487716	0.02959439086	0.0545332386	0.02974346928
	0.04176935228	0.05024229385	0.02957680254	0.02949184821	0.03067173464
	0.03562654378	0.02495141476	0.01989770261	0.02940263083	0.02938223298
	0.02921183404	0.02931840593	0.008728438877	0.01422653154	0.02855172646
	0.02651029331	0.003036564189	-0.002290279115	0.0228458785	0.01744249958
	-0.007470634285	-0.01217928271	0.005239770301	0.01132979373	-0.02057680685
	-0.01660448448	-0.02423011804	-0.02747277023	-0.03292676507	-0.03038948974
	-0.005475202347	-0.0003959282874	-0.03513790661	-0.03699058154	-0.01447447902
	-0.01016101164	-0.01848395096	-0.02215762138	-0.02552146783	-0.0285484639
	-0.03851896812	-0.03970304357	-0.04109120184	-0.04056483967	-0.04117183975
	-0.04129679297	-0.04072726926	-0.03995430166	-0.03364200407	-0.0312615228
	-0.03886296182	-0.03570741393	-0.03744356152	-0.03958373409	0.02915846299
	0.03813771835	-0.04018630657	-0.04048925171	0.0289197515	-0.04044269147
	-0.04010342053	0.02768504648	-0.03940271418	-0.03841983351	0.02524090874
	-0.0370568588	-3.374333459e-05	-0.03542649795	0.02077425784	-0.03338837008
	-0.01414233509	-0.03110366164	-0.01834619505	0.01517829242	-0.02837145423
	-0.02542281548	0.008993884798	-0.02197007788	0.003086838778	-0.009845878584
	-0.002251932046	-0.004895899436	-0.007158189902	0.005497582395	0.01051598231
	-0.0116046958	0.01623154312	0.02080282702	-0.01577081564	0.02657830947
	0.03057164224	-0.01957792364	-0.02310179689	0.02939136269	-0.03863864382
	-0.02627412542	-0.03739052185	-0.02915049535	-0.0316817718	-0.03391241379
	0.02940347465	-0.03580301491	0.02927721076	0.0406929466	0.0295740877
	0.03103887882	0.0357116066	0.02939626921	0.02929884614	0.02612017985
	0.02187617335	0.01208454058	0.01678269053	0.02916346666	0.02918909181
	0.02903476714	0.0285469262	0.002119876157	0.007050179144	0.02367288515
	0.02703751581	-0.007499554458	-0.00284392633	0.01880845273	0.01285499417
	-0.01197083912	-0.01604889881	0.001151403047	0.006780135816	-0.02327519835
	-0.01985462646	-0.02915920166	-0.02639838929	-0.03372351869	-0.03161463683
	-0.008613381874	-0.003974798151	-0.03552302954	-0.03698596273	-0.01686931065
	-0.01291280629	-0.02385618129	-0.02052842196	-0.02957011118	-0.02687863548
	-0.03813695739	-0.03895746255	-0.03946414871	-0.03964355874	-0.03950794897
	-0.03904631632	-0.03826949307	-0.03716682347	-0.0340071853	-0.03195259163
	-0.0357501568	0.02866274991	-0.03864623717	0.02798298408	-0.0386476325
	-0.03829839162	0.01808320956	-0.03767019765	0.02573373648	-0.0366781343
	0.02204521049	0.003865168448	-0.03542519132	-0.03378853884	-0.00534696382
	-0.03191586156	0.01667312926	-0.02963065278	0.01073464544	-0.02714327425
	-0.02420208087	-0.02110529207	0.00482440786	-0.01749917093	-0.0005956917107
	-0.01380779903	-0.009551984111	-0.005440427524	-0.0005633168859	-0.00991360491
	0.008881979039	0.01309489229	-0.0139955708	-0.01780157104	0.02193665773
	0.0278122801	-0.02126681758	-0.02444469488	-0.0383533591	0.02916605519
	-0.02728400666	-0.02982663911	-0.03203417441	-0.03394104889	0.02912445584
	-0.03551363571	0.02900269658	-0.03678442184	-0.03771838884	0.02999337315
	0.02937158051	0.02215308818	0.02651052135	0.02914460223	0.02902284722
	0.01410778989	0.01802738295	0.005373759144	0.009605793863	0.02887979207
	0.02882060783	0.02727834748	0.02848018609	0.0009958375911	-0.00329430108
	0.02466670847	0.02021510391	-0.01155681081	-0.007559331474	0.008703686937
	0.01466366447	-0.015380392	-0.01886974136	0.003010682143	-0.002097881244
	-0.02211605933	-0.02502698806	-0.027668625	-0.02998297455	-0.03372194418
	-0.03201393811	-0.01099554432	-0.006757855247	-0.03513641918	-0.03622945639
	-0.01853779104	-0.01493108359	-0.02185487775	-0.02484599667	-0.0275381037
	-0.02990409916	-0.03749141336	-0.03702118197	-0.03749564043	-0.03765475114
	-0.03623356935	-0.03702641724	-0.03513005885	-0.03370210145	-0.03196561682
	0.02638951778	-0.03647746605	0.0193381563	-0.03619044675	-0.03555232327
	0.02307679765	-0.03465635831	0.01846122216	-0.03339543419	-0.03190573985
	-0.001565825547	-0.03003081795	0.01270469296	-0.009449426381	-0.02796611126
	0.006906808969	-0.02548711991	-0.02286968889	-0.01979894674	0.0014675144
	-0.01666053159	-0.003436044422	-0.01303114776	-0.005367330988	-0.00784188146
	-0.0119176487	0.002761281774	0.006466289168	0.01081723917	-0.01565084931
	0.01436722715	-0.01910678303	-0.02224039159	0.02884350581	-0.03648574686
	-0.02508327349	-0.02760134932	-0.03552634322	-0.03456532702	-0.02982057005
	-0.03171330103	0.02869278494	-0.03330429646	0.0285395566	-0.03615233575
	0.02781425589	0.02140064912	0.02906668947	0.01473033028	0.01821077142
	0.02877023656	0.02862115659	0.007600294174	0.01106890213	-4.308876473e-05
	0.003632042969	0.02842635003	0.02824358662	0.02535490489	0.02746390483
	-0.007422144356	-0.00377514959	0.02172655802	0.01664319416	-0.01443023507
	-0.01104208084	0.005287585646	0.0109102502	-0.0206358556	-0.01767722137
	-0.004523469672	9.541482688e-05	-0.02338667917	-0.02583855792	-0.02995584849
	-0.02804852332	-0.03293463081	-0.03159879305	-0.01262630091	-0.008762355855
	-0.03398923991	-0.03473180013	-0.0162140961	-0.01948226561	-0.02247060488
	-0.02513738994	-0.02751139283	-0.0295617252	-0.03518062924	-0.03531278733
	-0.03465245247	-0.03514289497	-0.03273630494	-0.03385593888	-0.03131103982
	-0.03313509605	0.02008178656	-0.03222618359	-0.03109140978	0.01499390594
	0.004928001767	-0.02959104626	0.001162620438	-0.02790965421	0.009286382545
	-0.02584210745	-0.02365275949	0.003894904561	-0.02104981137	-0.0184040638
	-0.001036580933	-0.01531914107	-0.01230690672	-0.005453778753	-0.008848750079
	-0.005662134506	-0.009468099609	-0.001985379114	-0.01317178388	0.008107909644
	-0.01657300363	0.0123549908	-0.01969286498	0.02837209614	-0.03369277401
	-0.02250933535	-0.03399160817	-0.02503058671	-0.02723884549	-0.02914441475
	0.02804260779	-0.03072952832	-0.03201161113	0.02778513162	-0.0329663293
	-0.03362470352	0.026486258	-0.03394910236	0.0242195216	0.01406526669
	0.0285918355	0.008650291385	0.01143226111	0.0282191941	0.02805895426
	0.005503694974	0.002505107506	-0.0009528202941	-0.004055830926	0.02777005119
	0.02733273093	0.02299553576	0.02592382706	-0.00718717951	-0.01023368856
	0.01868570251	0.0134160507	-0.01612932328	-0.01328135867	0.007868255499
	0.002732710153	-0.01887704427	-0.02137148298	-0.006138173883	-0.00196344111
	-0.02573778992	-0.02369159872	-0.02910361373	-0.02756412255	-0.03138252312
	-0.03039203333	-0.01350988655	-0.009995167055	-0.03209915545	-0.03250819193
	-0.01676841173	-0.01971488556	-0.02239001199	-0.02474562626	-0.02855531873
	-0.0268124902	-0.03262745962	-0.03243118588	-0.03111861021	-0.03193557865
	-0.02999915526	0.01719447092	-0.02834239644	0.01205738532	-0.02700708366
	-0.02530395415	-0.02349095171	0.006662377908	-0.02128990944	0.001772805149
	-0.01907133806	-0.008385535164	-0.01644548531	-0.01393309248	-0.002685229081
	-0.01100403956	-0.006665173963	-0.005281782583	-0.002685997763	-0.010327182
	0.000578141601	-0.01368486714	0.003287598073	0.00689567538	-0.01677490282
	-0.01957630795	-0.02949957998	0.02771377939	-0.02209105795	-0.02430341377
	-0.03111573678	-0.02621059472	-0.02781013339	0.02715492141	-0.02909190521
	0.02669113449	-0.03007071239	-0.0307228239	-0.03108621508	0.0247324443
	0.02179040772	-0.03088089774	-0.03030442067	0.008008113388	0.02788551304
	0.004039093974	0.00600508919	0.02746549569	0.02732461125	0.001464859523
	-0.00103902213	-0.006619385145	-0.004047615247	0.02688454806	0.02607930786
	0.02058909034	0.02403215047	-0.01174977019	-0.009228250002	0.01086808459
	0.01599192714	-0.01431034443	-0.01669891245	0.005706978358	0.001074072252
	-0.01902672749	-0.0211256249	-0.006954855355	-0.003174361009	-0.02307636807
	-0.02476791954	-0.02746069792	-0.02625364011	-0.02842285323	-0.02909062907
	-0.0104692089	-0.01366189094	-0.02957491457	-0.02948647225	-0.01925692777
	-0.01661351678	-0.02163302964	-0.02368842915	-0.02545525664	-0.02689573797
	-0.02885501096	-0.02937384796	-0.02803768721	0.00992683986	-0.02392237727
	-0.02243776531	-0.02057966034	0.004950039311	-0.01872264636	0.0005590428711
	-0.005003529412	-0.01647465567	-0.01438227246	-0.01188008668	-0.003492503692
	-0.009751457335	-0.007088552046	-0.007116793886	-0.002141407167	-0.01043906039
	5.960143458e-05	-0.0134801364	0.003033918025	-0.01628120519	0.02687056429
	-0.02530057954	-0.01878199432	-0.02100663279	-0.02716098981	-0.02765592085
	-0.02291924357	-0.02452896075	0.02606471857	-0.02582661787	0.02531849776
	-0.02680560863	-0.0274853251	-0.02783697854	0.02282675216	-0.02791409701
	0.01951221148	-0.02632207784	0.01482112883	0.003359819712	0.02694546892
	0.001022182893	0.002112887797	0.02654225648	0.02643117489	-0.00294695078
	-0.0009171575701	-0.007741220174	-0.005604128217	0.02580112845	0.02463015145
	0.02215049176	0.0185513777	-0.009938683193	-0.01203497111	0.01399117413
	0.009209090698	-0.01420048116	-0.0162149986	0.004492787855	0.0003077852047
	-0.01996578748	-0.01819842927	-0.003555960428	-0.007001299071	-0.02298162821
	-0.02160028155	-0.02506526289	-0.02416185955	-0.02608442239	-0.02572250747
	-0.01311419382	-0.01021212904	-0.02617085943	-0.02594652404	-0.01813591748
	-0.01577949412	-0.02022125755	-0.02198218448	-0.02345002343	-0.02542924877
	-0.02458931428	-0.01743972807	0.004194747243	0.0008561418961	-0.01549867316
	-0.01374407426	-0.003178745562	0.0002343555928	-0.0115675194	-0.009822966437
	-0.003488707598	-0.007527511782	-0.005769546398	-0.006760211728	-0.001480718965
	-0.009841759616	-0.01259541114	0.02589265429	-0.01899497767	-0.01512576605
	-0.02055748725	-0.01733840929	-0.01927652501	-0.02089210475	0.02486800241
	-0.02220112187	-0.02410695686	-0.02430559234	-0.02319685997	0.02389710935
	-0.02386975538	-0.02425345161	0.0211602799	0.0177812985	-0.02356907488
	-0.02283648059	0.01327298352	-0.02175360233	0.008751167367	0.0002686285306
	0.02583203036	-0.0003126195517	-0.000142354498	0.02551554761	0.02545592261
	-0.003184813915	-0.001576318705	-0.007473945967	-0.00562396059	0.02466805609
	0.02329982284	0.01723440626	0.02070367667	-0.01119210415	-0.009402021702
	0.008541542249	0.01292047491	-0.01305596648	-0.01477921578	0.0004027609172
	0.004228304801	-0.01797140263	-0.01648217406	-0.00632602044	-0.003152595837
	-0.01933081761	-0.02043624425	-0.02195613195	-0.0213360576	-0.02238829177
	-0.02232200794	-0.009270784364	-0.01191150633	-0.02163565039	-0.02217012434
	-0.01430235248	-0.01638037354	-0.01817303339	-0.01963794942	-0.02080058419
	0.004386866405	-0.01019103548	0.0007455079717	-0.008700308849	-0.00659258682
	-0.005011453295	-0.002726793272	-0.002542789509	-0.005740490312	-0.001308180043
	0.0003910404811	-0.008588010189	-0.01107867068	-0.01213396002	0.02492127119
	-0.01334481298	-0.01527190946	-0.01662052519	-0.01691599614	-0.01822923296
	0.02379142153	-0.01922736161	-0.01966306727	0.02279204147	-0.01991734046
	-0.02027803477	-0.02036894923	0.02012697653	-0.02012274803	0.01691433296
	-0.01885654444	-0.0179201062	0.01274124823	0.008585209047	-0.01531887461
	-0.01362867845	-0.001162315874	0.02467068793	2.874314399e-05	-0.0007024712044
	0.02452794797	0.02459050785	-0.0005368754619	-0.001794695803	-0.005903328178
	-0.004155724287	0.02378559811	0.02247853486	0.02006115967	0.01687991185
	-0.007729569346	-0.00934988241	0.01290462869	0.008876455737	-0.01250816847
	-0.01100194169	0.001295307343	0.004870794041	-0.0152285685	-0.01397734553
	-0.00499499618	-0.002034594028	-0.01719171659	-0.01634014039	-0.01817393993
	-0.01782565123	-0.01825417578	-0.01802901482	-0.007704966065	-0.01010161874
	-0.01665924618	-0.01750463039	-0.01221722691	-0.0140130391	-0.01549996144
	0.002011639735	-0.004418234567	0.001551210309	-0.002809421606	-0.0003336419923
	-0.001281741499	0.0004806279523	-0.0041013334	-0.006734595157	0.0242122558
	-0.006498752833	-0.008975702641	-0.01096805842	-0.00967522644	-0.01098185831
	-0.01260069367	-0.01393257271	0.02319514096	-0.01493143408	-0.01459877429
	0.02237945123	-0.01560434333	-0.01598361379	-0.01602661034	0.02003539609
	-0.01583231002	0.01709483723	-0.01529285888	-0.01354310176	0.01329132242
	-0.0124608477	0.009403416238	-0.007884922536	0.005463368698	-0.0009169148914
	0.0237094265	0.001898482094	0.0003686428638	0.02384424727	0.02412937091
	0.001064776885	0.002022195057	-0.001300627652	-0.003128768866	0.02352565811
	0.022497964	0.01758551788	0.02044858699	-0.006631237328	-0.005032450857
	0.01394325648	0.01014427055	-0.009514403034	-0.008156236337	0.002895013855
	0.00633488319	-0.01182451921	-0.01078131112	-0.0002821500625	-0.003075339895
	-0.0133118776	-0.01270210895	-0.01368581875	-0.01376676329	-0.0135607961
	-0.01304372185	-0.007720290356	-0.005567869998	-0.01220618469	-0.01104420005
	-0.00954767397	0.003608217466	0.0007728897773	0.004064782225	-0.001899318129
	0.02408571474	0.003201373734	-0.004318658782	0.0006845652474	-0.006309234262
	-0.008005623232	-0.009327045611	0.02344099595	-0.01032439799	-0.006463264295
	-0.007652981159	-0.01099620901	0.02291237642	-0.009840346884	-0.01133159129
	-0.01140058643	0.02102454413	-0.01112514492	-0.01066386671	0.01833213214
	-0.008951157326	0.01485758093	0.01109807249	-0.004748752881	-0.00331020893
	0.00731922913	-0.001115398805	0.003937542889	0.0008868870102	0.0232994238
	0.004960719754	0.002827035533	0.02379646702	0.02437519524	0.00569701023
	0.00506330167	0.002756827774	0.0007471675675	0.02417066673	0.02350682691
	0.02187891453	0.0192679097	-0.001380201255	-0.003092231521	0.01589688652
	0.01220082452	-0.004578033695	-0.005866910638	0.005111996812	0.00850047457
	-0.007826844593	-0.006959797735	-0.000599333758	0.002046117042	-0.008476760689
	-0.00885519308	-0.008781528064	-0.008969183923	-0.007458876377	-0.008282685739
	-0.002873767915	-0.006286704301	-0.004764699643	0.003411553348	0.000866068747
	0.02479672611	-0.001311566837	-0.003043574154	0.007600123994	-0.004413920109
	-0.005412334236	0.02470894218	-0.00605387703	0.0008289680542	0.02440813809
	-0.006395606057	-0.006380875558	-0.006146400966	0.0229821226	-0.005538105141
	0.02042878332	-0.004811903247	-0.003655336836	-0.002504967881	0.01722617825
	-0.0007910993861	0.0134802098	0.003200612853	0.00519790059	0.009827371752
	0.006442256665	0.007573536056	0.007453174723	0.003944642677	0.02377304359
	0.006224315295	0.008682057213	0.02464266852	0.02548745633	0.009649856872
	0.00985027987	0.005573846081	0.007661451186	0.02537113836	0.02575327265
	0.02162522997	0.02409297273	0.001335409497	0.003215471628	0.01847268585
	0.01482705847	-0.001510469465	-0.0002061115978	0.01123063526	0.007893584778
	-0.002471163469	-0.003207756971	0.002488297268	0.004959074024	-0.003799974807
	-0.003640771392	-0.003647070865	-0.003169379658	-0.002344946526	-0.001142225404
	0.0004544827793	0.02637348681	0.004305618812	0.01111164095	0.00244749861
	0.0009847147829	-7.561948262e-06	0.02684644715	0.01024615368	-0.0006819470272
	0.02656585391	-0.0009250209878	-0.0009289295511	-0.0005048486952	0.002327303913
	0.02548456404	8.678533076e-05	0.0229564323	0.001152443144	0.004075137721
	0.0200075889	0.005889280371	0.01628100835	0.008304571776	0.01217657399
	0.0128413271	0.01169504771	0.009490419349	0.006698107801	0.007742844153
	0.02527697757	0.01242136173	0.009977918924	0.02640116103	0.0273363698
	0.01408440889	0.01375961577	0.01277142234	0.01098062033	0.02762176539
	0.02794870711	0.02653029363	0.02412073542	0.008662038823	0.006755684407
	0.02120935221	0.01770945964	0.003795665535	0.005124151712	0.01436510098
	0.01122307166	0.002278925637	0.002915994091	0.008555707994	0.006361745234
	0.002049134349	0.00211497894	0.002567662096	0.003399244993	0.004649944901
	0.007245516826	0.006129344936	0.01448431214	0.02930485633	0.005609414899
	0.01618237689	0.005321950537	0.02875611906	0.005568564544	0.00601891969
	0.02781503336	0.006981101895	0.008151345097	0.02527509455	0.009802312435
	0.01158452749	0.02262940196	0.01362889076	0.01507174478	0.01913376779
	0.01531494976	0.01613149066	0.01305940086	0.02849546394	0.01072491412
	0.008638868539	0.02761894463	0.01163824447	0.01563501213	0.0135355702
	0.02943803618	0.02872627615	0.01766666202	0.01691188741	0.01614663251
	0.01720655569	0.03007687821	0.02951652147	0.02605548569	0.02841047202
	0.01438987741	0.0128476506	0.02349943877	0.02040364693	0.01132723541
	0.01016841115	0.01763096752	0.01498648895	0.008913667379	0.009390964528
	0.01289257296	0.01117532841	0.00920453077	0.008898687222	0.01000052777
	0.01307833885	0.01254846918	0.03124334382	0.0125435919	0.03017402581
	0.01913298799	0.01282088769	0.01349496777	0.01446971777	0.02916434915
	0.01565847015	0.02668687338	0.01698132707	0.01819943159	0.0188455049
	0.02444842041	0.02155089559	0.01808249991	0.01723640255	0.01926429798
	0.01691530192	0.03049704606	0.01529491971	0.01386265713	0.01506988628
	0.03019999865	0.01808448787	0.01653418634	0.03105437634	0.03090886543
	0.02008488128	0.01920133924	0.02027644051	0.01999996959	0.03130695475
	0.03031133605	0.02683776223	0.02903283748	0.01832815303	0.01915639478
	0.02239025889	0.02476661639	0.01662532202	0.01733121098	0.02050174501
	0.01870521024	0.01611247712	0.01588894617	0.01652075519	0.01750089678
	0.01607725792	0.031871092	0.01886095604	0.01930336371	0.0302201453
	0.01910299781	0.01968032237	0.02018346416	0.02905420758	0.02079382231
	0.02679466648	0.02119330581	0.02117651513	0.02101038304	0.02507954764
	0.02003005017	0.02304667833	0.02163796172	0.03159019841	0.02031236289
	0.01950618914	0.01896043213	0.01873811903	0.01777467933	0.03213692219
	0.01985265485	0.01884945062	0.03209785167	0.03150971647	0.02150668851
	0.0207959749	0.02195522897	0.02207908928	0.02969622304	0.0310921252
	0.02639460583	0.02823683614	0.02196590874	0.02172831478	0.0248508856
	0.02337575296	0.02137343649	0.02110234604	0.02235084638	0.02152669813
	0.02090500448	0.02110363171	0.02087345967	0.02894117726	0.02256078238
	0.02262577713	0.0277079648	0.02264581635	0.022341716	0.02586634585
	0.02208768658	0.02136022302	0.02472173687	0.02078485047	0.02353319271
	0.03129641266	0.02242752678	0.02224707863	0.02290032323	0.0223978913
	0.02220727004	0.02218436604	0.03091786139	0.01978460493	0.03264012552
	0.02112510732	0.02053952052	0.03176445853	0.03060424083	0.02186761144
	0.02229855004	0.02291427469	0.02272454506	0.02805530497	0.0295738234
	0.02528362553	0.02660172881	0.02306108642	0.02307756192	0.02424439568
	0.02355482827	0.02301585042	0.02293351813	0.02292839066	0.02310319701
	0.02286744715	0.02320533183	0.02288751824	0.02593972031	0.02267480388
	0.02466693799	0.02222451267	0.02180626062	0.02403431051	0.02345610152
	0.02978797807	0.0232239785	0.02331655083	0.02316648041	0.02327013905
	0.02323936498	0.02888110938	0.02335851829	0.02703961903	0.02121605288
	0.03149238188	0.02202232413	0.02169575886	0.03010818389	0.0287871734
	0.02277066187	0.02252864425	0.02308543398	0.02323053115	0.0275030758
	0.02620542984	0.02423742909	0.02501139677	0.02336404786	0.02337785113
	0.02364626211	0.02342810901	0.02335162485	0.02332593813	0.02328722521
	0.02454055677	0.0227505424	0.02382362113	0.02247639381	0.02355395805
	0.02776332928	0.02332892659	0.0231781878	0.02339180973	0.02333798558
	0.02346557644	0.02668599615	0.02337011868	0.02535389365	0.0233884807
	0.02302889026	0.02215334703	0.02925998439	0.02262609468	0.02242593462
	0.02789328988	0.02683840209	0.02292900529	0.02308909946	0.02335603056
	0.0232774823	0.02570652302	0.02482479154	0.0236487148	0.02401393247
	0.02340002185	0.02339195446	0.0233742287	0.02334047567	0.02335571747
	0.02349574348	0.02597808063	0.0229056964	0.02339368471	0.02334876639
	0.02325162885	0.0234114181	0.02339960916	0.02504692113	0.02343025619
	0.02333957642	0.02432889532	0.02308461109	0.0237964979	0.02272591032
	0.02689276212	0.02288773541	0.02301447701	0.02594133843	0.02534697593
	0.02329507388	0.02319126865	0.02341841374	0.02338648688	0.02410631497
	0.0245814456	0.02363545853	0.02350116882	0.02340935244	0.02340996151
	0.02338148401	0.02480100749	0.02344392993	0.02346024963	0.02346310876
	0.0234463525	0.02414414905	0.0233954678	0.02391138996	0.023305693
	0.02318448957	0.02357329416	0.02351009095	0.02308150424	0.02511287457
	0.02326994834	0.02317590011	0.0246614546	0.0244640174	0.02337699399
	0.0234489945	0.02352023714	0.0234896134	0.02405485571	0.0238623017
	0.02362133345	0.02351217388	0.02358036707	0.02355525188	0.02357399403
	0.0233857316	0.02351924138	0.02377773953	0.02347573158	0.02382131584
	0.02359542769	0.02418842046	0.02363525907	0.02330679051	0.02411199208
	0.0234671657	0.02337859234	0.02401879735	0.02403998552	0.02360763664
	0.02354462398	0.02369411813	0.02363848242	0.023870163	0.02382246905
	0.0237146428	0.02364493624	0.02367888591	0.02355132563	0.02383243028
	0.02392946576	0.02366066333	0.02373964777	0.02363476122	0.02349518525
	0.02369900055	0.02364479454	0.02357571587	0.02378022527	0.02387128276
	0.02376037644	0.02371598683	0.02379296094	0.02382712072	0.02383058099
	0.02367630193	0.02385280867	0.02384480057	0.02369935926	0.02380362037
	0.02367368555	0.02370573849	0.02359845355	0.0237739579	0.02378790484
	0.02373321881	0.02381960285	0.02383954089	0.02384112891	0.0238340991
	0.02383533746	0.02388088463	0.02372298202	0.02368761769	0.02361473042
	0.02389137282	0.0238576223	0.02389127271	0.02374168855	0.02385329813
	0.02382795913	0.02384951896	0.02369872768	0.02365618444	0.02394764996
	0.02384175484	0.02387670746	0.02377598226	0.02340597247	0.02362684282
	0.02384948544	
