3721	
	-0.01506399408	-0.01563926747	0.03337684141	0.01724478614	0.0277805281
	0.0123688973	0.01937081389	0.01715013347	0.009080510454	0.02290869159
	0.01710395605	0.01759045376	0.02550503359	0.01936791238	0.01822169858
	0.01865202479	0.02363183472	0.01885269594	0.01915019452	0.0244406802
	0.02339198758	0.02189510476	0.02661426553	0.01998865157	0.0189109715
	0.01919210084	0.01850424535	0.01922932519	0.02323236912	0.01984078115
	0.01909935396	0.02168478198	0.01897781927	0.02063057905	0.02228121306
	0.02004682325	0.02461008974	0.022438429	0.03038601933	0.02578151441
	0.02096071172	0.02510222172	0.02070880031	0.01973496256	0.01991895186
	0.01934253327	0.02061590558	0.0190326214	0.01932475712	0.02071363991
	0.02181847439	0.01926778278	0.01952153634	0.02008982742	0.01938690125
	0.03047513889	0.02781410619	0.03491070283	0.03111336033	0.01912962019
	0.01938108258	0.01956407214	0.01994147092	0.0243516379	0.02244943734
	0.02927783179	0.02501192953	0.01941412848	0.0206190207	0.02030783801
	0.02323754419	0.0202118166	0.01937871776	0.01964841168	0.01935133037
	0.02052711083	0.01952821672	0.01930632132	0.0353515038	0.0333897541
	0.0378712107	0.03562250669	0.02940857475	0.02697403964	0.03049774245
	0.03414509179	0.01949466824	0.01888899525	0.01924866146	0.01923044351
	0.01928280743	0.01952379024	0.01990765236	0.01940549163	0.02118725359
	0.02361697336	0.02278388773	0.02681295804	0.01992072483	0.01946074894
	0.01955518758	0.02154120343	0.0194185924	0.02004776342	0.0197859303
	0.03725379174	0.03713445764	0.03676086031	0.03771913603	0.03377747889
	0.03200342308	0.03511252099	0.03728147545	0.02667437452	0.02464164071
	0.03117651113	0.02811736106	0.01900195343	0.01876441305	0.01838991587
	0.01893209042	0.01927758091	0.0190090558	0.019560237	0.01934937995
	0.01949408211	0.01984628275	0.01953860422	0.01939668804	0.01959622223
	0.02190303316	0.02036356665	0.01971509407	0.02053309566	0.02408770623
	0.02131650984	0.03508905803	0.03647603291	0.03425300175	0.03525418914
	0.03673411959	0.03702723585	0.0352087267	0.03510742618	0.02993512896
	0.02857377334	0.03384382499	0.03211524995	0.01810845398	0.01838605181
	0.01764899904	0.0184452109	0.0224466735	0.02356479744	0.02705381527
	0.02508083568	0.01908337968	0.01886362688	0.01852622573	0.01910738298
	0.01942051982	0.01937642329	0.01905531634	0.0193293731	0.01982073943
	0.01969906418	0.01950493044	0.02170930993	0.02004423892	0.01923268576
	0.0206386253	0.02990897049	0.03263592106	0.02825761062	0.03018521316
	0.0328989536	0.03464329566	0.03459665629	0.03327114912	0.03062258831
	0.03311391918	0.03324962323	0.03036372381	0.01725171552	0.01760639607
	0.01667617609	0.01777374794	0.02819506184	0.02444889293	0.0247684267
	0.02748507857	0.01859009337	0.01843553509	0.01826028189	0.01781196793
	0.02247867269	0.02189064777	0.02017873122	0.02024345673	0.01836752547
	0.01856237895	0.01882430833	0.01887400073	0.01914723682	0.01833864648
	0.01894465418	0.01827840721	0.01837668317	0.01886792142	0.01926816158
	0.02288983361	0.02632654777	0.02093310729	0.02323861849	0.02756878729
	0.03065610828	0.02935378563	0.02699189069	0.0274124739	0.02932582729
	0.02901648465	0.03072924896	0.01620893469	0.01665153159	0.01552027802
	0.01690871631	0.0262901235	0.02347029682	0.02450138892	0.02717172985
	0.01744991538	0.01779434879	0.01742660088	0.016843815	0.02142330217
	0.01893779856	0.01980107564	0.02192921127	0.01721474517	0.01780816017
	0.01714813642	0.01790301356	0.0162610753	0.01748908732	0.01750685635
	0.01827808084	0.01754089057	0.01596831941	0.01628443063	0.01658535863
	0.01583572354	0.01730978393	0.01718617328	0.01529974568	0.01887210065
	0.01339697017	0.01566055707	0.02055226722	0.02429033904	0.02231071522
	0.01949957045	0.0219309638	0.02494590626	0.02267864782	0.02533646965
	0.01962949468	0.02186096572	0.02381231162	0.0217000302	0.01587419853
	0.01506756877	0.01557952426	0.0143261663	0.01613847665	0.0166408161
	0.01635229441	0.01564751932	0.01586908644	0.01975305497	0.01813711674
	0.01764948978	0.01561171438	0.01522397869	0.0161369852	0.01650033612
	0.01475061433	0.01440781251	0.01594119975	0.01290996503	0.01550375491
	0.01428447777	0.01356732435	0.01489707418	0.01223824119	0.01229906837
	0.01412320512	0.01267205253	0.01190223924	0.01404033017	0.01431677152
	0.008092039446	0.0113849124	0.006470137916	0.008421656944	0.01309811709
	0.01690370734	0.01473586118	0.01192771302	0.01518762493	0.0186589094
	0.01541070991	0.01841250894	0.01552318195	0.01410511393	0.01704075188
	0.0182901482	0.01478909298	0.01401993896	0.0145563031	0.01336597783
	0.01553195861	0.01130682845	0.01375683269	0.01316891089	0.01437295539
	0.01463188406	0.01519896953	0.01511115025	0.01375942541	0.01302422474
	0.01403620122	0.01472233334	0.01217286772	0.01005097973	0.008539061739
	0.01083619231	0.01299952676	0.01168178533	0.01055803424	0.01199453875
	0.00709897278	0.009580460019	0.007761398251	0.009970727945	0.01017575159
	0.007169906303	0.01096000101	0.007430612502	0.008296363803	0.009218447681
	0.009662810323	0.00187003618	0.004628513096	0.0006621134837	0.00214875929
	0.006106217455	0.009584885681	0.007570079138	0.005063852027	0.008268338587
	0.01169616187	0.008249545349	0.01116003975	0.007904179377	0.01105139954
	0.01177832806	0.008851546377	0.01006621319	0.005944941831	0.008702562369
	0.007380698163	0.0129876774	0.01389674013	0.0133537739	0.01385368604
	0.01331253653	0.01320831721	0.01370031505	0.01391674748	0.00739454373
	0.003608173273	0.004964999289	0.006126935426	0.01197461237	0.01086066935
	0.01181043669	0.01284198547	0.01036862133	0.009115984218	0.007596964527
	0.008967626434	0.005186714548	0.004565512787	0.002008108859	0.002811976306
	0.006276262765	0.007500099714	0.005845689545	0.004503031406	0.001822553478
	0.004631728731	0.001833990467	0.004392328228	0.002427667682	0.005267536653
	0.003196591842	-0.003036801537	-0.0009469566155	-0.003756688274	-0.002811380744
	0.000126484928	0.003047306384	0.001401780106	-0.000624807705	0.001908063002
	0.004973554091	0.001870542599	0.004417107749	0.002480207785	0.001804474551
	0.00481167893	0.005230805823	0.004190312172	0.0004163335818	0.003184420091
	0.001508656451	0.002171131937	-0.00146791773	0.001080323	-0.0003274409342
	0.01378759294	0.0135123385	0.01352067432	0.0133920301	0.01282947272
	0.01221926086	0.01310124955	0.01248263364	0.01060082154	0.009044046884
	0.009787226082	0.01120663217	0.000193102314	-0.002200443688	-0.003016551656
	-0.0005198348147	0.007937298459	0.004978535523	0.006898042795	0.006145286153
	0.004278552697	0.002671012532	0.001135387846	0.002851397501	-0.0008768546371
	-0.0009129933954	-0.00356071347	-0.003343209846	0.001253373971	-0.0005409040197
	-0.0005483545153	-0.001720754386	-0.002747824353	-0.003243797062	0.0001811504788
	-0.00629826475	-0.006477408103	-0.005113297151	-0.006670125624	-0.00454778162
	-0.0023036344	-0.003450801364	-0.00490054124	-0.003459903118	-0.0009378146033
	-0.003342287183	-0.001315596929	-0.003691738474	-0.001042666903	-0.0007266032031
	-0.003096132627	-0.003944413658	-0.001482769698	-0.004831662676	-0.002256427397
	-0.003044418918	-0.006398768623	-0.003956327884	-0.005439955565	0.01462185768
	0.01513396377	0.01397163589	0.01439665255	-0.004740444243	-0.00782805529
	-0.005448220076	-0.007060074985	0.01301752082	0.01324663176	0.01199406877
	0.01189575855	0.009949805632	0.007856174995	0.00827286092	0.01015443683
	0.003797571473	0.00599325241	0.002939878066	0.005293495887	-0.008563728477
	-0.005892592502	-0.008232523081	-0.006108602821	-0.0004054826757	0.001555608943
	0.0004517275331	-0.001624287447	-0.002177574162	-0.003614832247	-0.003630906642
	-0.005173430072	-0.006559029119	-0.008467557917	-0.005978733395	-0.005540718551
	-0.007475266235	-0.008202022596	-0.00474506012	-0.008403599197	-0.007778534353
	-0.008050701744	-0.008260189456	-0.006842720756	-0.007667197842	-0.007783273535
	-0.006267313191	-0.007603396343	-0.005718756753	-0.007196614732	-0.005772708788
	-0.007595122278	-0.008281025058	-0.006119425419	-0.005726318433	-0.006556301467
	-0.009495281319	-0.007249924361	-0.008657441334	-0.008734847305	-0.007931597272
	-0.01096525779	-0.01009588778	0.0164747512	0.0164756838	0.01784354766
	0.01544713456	-0.009440492144	-0.01233669986	-0.01012148296	-0.0116053385
	0.0139308957	0.0147531992	0.01276491302	0.01222253504	-0.01319368731
	-0.01060198297	-0.01092241422	-0.01279529674	0.01026020703	0.007528716393
	0.007528278441	0.009962933943	0.00213443361	0.004776358244	0.004510720337
	0.00166117754	-0.002804667188	-0.0004868717342	-0.003660465863	-0.001202664163
	-0.01073862892	-0.01325824191	-0.01095734326	-0.01316119777	-0.005992060581
	-0.007888335663	-0.006689439246	-0.004912934154	-0.009347475769	-0.008176977009
	-0.01268171367	-0.01019247265	-0.01090391616	-0.01199732227	-0.009607836768
	-0.008822034594	-0.008926427766	-0.007918639122	-0.008702961088	-0.009536841035
	-0.00876326842	-0.00872815765	-0.008907154881	-0.009205918968	-0.009612736327
	-0.008831276054	-0.0104094057	0.01950952572	0.01925746195	0.02137859015
	0.01795002537	-0.01086519967	-0.01178373582	-0.01018531468	-0.009564648893
	-0.01242553073	-0.01077739499	-0.01336188057	-0.0115416085	-0.01408561233
	-0.01225232365	-0.01497924658	-0.01305145977	-0.01375199563	-0.0164316542
	-0.01444169509	-0.01568101029	0.01593947846	0.01733965782	0.01461600071
	0.01362123299	-0.0149623735	-0.01743374506	-0.01536392752	-0.01696675668
	0.01165999837	0.007743624153	0.008216813599	0.01081420895	-0.01552379939
	-0.01547279918	-0.017677772	-0.01763604683	0.00130987845	0.004465774456
	0.00127019059	0.004692399066	-0.004896685349	-0.002009793442	-0.001724905949
	-0.004433484569	-0.009842616361	-0.009012953071	-0.006888905409	-0.00757434046
	-0.01451702242	-0.01740427791	-0.01691625165	-0.01512912708	-0.01356277788
	-0.01189605687	-0.01607643819	-0.01237341947	-0.01084700095	-0.01500581714
	-0.01359227717	-0.007767979083	-0.008579839553	-0.006319962459	-0.007661779785
	-0.009812673021	-0.009776327009	-0.009113828979	-0.008644006457	-0.01183235829
	-0.01132547459	-0.01057284584	-0.01044737626	0.0231258793	0.02263442231
	0.02521329813	0.02123709438	-0.01409642415	-0.01310361199	-0.0121348019
	-0.0128313636	0.0189221728	0.02075385315	0.01744628044	0.01607954823
	-0.01511858196	-0.0139836365	-0.016281508	-0.01495262088	-0.01672998124
	-0.01582200858	-0.01827914496	-0.01724871627	-0.01913774543	-0.01751905674
	-0.01998310539	-0.01828432901	-0.01888717733	-0.02121444996	-0.02064645792
	-0.01938697236	0.01276326753	0.009016286379	0.009973245544	0.01413100037
	-0.0196693532	-0.02174497292	-0.01976964062	-0.02156437167	0.001842610912
	0.001423444109	0.005167605411	0.00590666549	-0.02166199299	-0.01960420391
	-0.02135664444	-0.01919569666	-0.005231151906	-0.005282487016	-0.002077951632
	-0.001909368793	-0.0110156131	-0.01056418722	-0.008343305347	-0.008064400012
	-0.01341826067	-0.01275307792	-0.01464015946	-0.01546461648	-0.0198890045
	-0.01750933643	-0.02074797304	-0.01870049472	-0.01849151605	-0.0162204655
	-0.01725449985	-0.005293247679	-0.006782862714	-0.003317143475	-0.005190504277
	-0.008640422231	-0.00932565508	-0.008032828651	-0.00692389894	-0.01186456402
	-0.01205292902	-0.01009135507	-0.01061980169	-0.01346392034	-0.0151630326
	-0.01479753977	-0.01338722411	0.02671832091	0.0260579934	0.02863657837
	0.02481559284	0.02251140621	0.0244912608	0.02094286185	0.01937740922
	-0.01665838179	-0.01607214148	-0.01815195211	-0.01735949186	0.01570511852
	0.01747496056	0.01272532354	0.0113308767	-0.01962512051	-0.01946777996
	-0.01850046466	-0.02073619428	-0.02151870784	-0.02184542391	-0.02059826515
	-0.02286622358	-0.02372330211	-0.02290483361	-0.02226535523	-0.02444215587
	-0.02359509337	-0.02497179876	-0.02531151215	-0.02333448937	0.003396001429
	0.008135168055	0.002516918272	0.006904790409	-0.02360670096	-0.02530429365
	-0.02542526156	-0.02339430389	-0.004793400897	-0.005161812919	-0.001506476238
	-0.000882761758	-0.02214455694	-0.02290044593	-0.02427130634	-0.02492110446
	-0.008280948344	-0.01139024411	-0.008413957961	-0.01132492869	-0.01416693207
	-0.01388772966	-0.01660814126	-0.0161517315	-0.02210743915	-0.01809338885
	-0.01974642883	-0.01875189226	-0.02108626699	-0.02057452603	-0.02333119484
	-0.00146520583	-0.003595703641	0.001008218362	-0.00135581702	-0.006065655136
	-0.007447944567	-0.005534845499	-0.003806982515	-0.01051787071	-0.01139162478
	-0.008201942943	-0.009371667229	-0.01276242524	-0.01495822304	-0.01523004108
	-0.01330483072	0.02959063388	0.02888500239	0.03096657158	0.02802761899
	-0.01698113589	-0.01891017887	-0.01868157789	-0.01700298442	0.02611616149
	0.02786643596	0.02458462343	0.02307150114	0.01934515856	0.02129023734
	0.01625200642	0.01453692527	-0.0201884369	-0.02225710612	-0.02066220907
	-0.02162534602	0.005881382762	0.0096060542	0.00456934522	0.01125812094
	-0.02402789773	-0.02497631586	-0.02370146643	-0.0228723762	-0.02609610366
	-0.02702300463	-0.02582090599	-0.02498786961	-0.02777860502	-0.026438943
	-0.02830904512	-0.02688686326	-0.02709075016	-0.02864384118	-0.02871828971
	-0.0270829246	0.001043889354	-0.003436319626	-0.004218357964	-1.586891788e-05
	-0.02813115024	-0.02627219816	-0.02679999213	-0.02856973632	-0.007391061608
	-0.01096230855	-0.01128508014	-0.007930501051	-0.02434790131	-0.02544390331
	-0.02744247723	-0.02644587946	-0.01698959385	-0.01690461638	-0.01424583757
	-0.0141399898	-0.01921691393	-0.02124021867	-0.02358749975	-0.02170482427
	-0.02293475545	-0.01950235666	-0.02517418653	0.003630089171	0.0009079612792
	0.006548025113	0.00375972811	0.03121954673	0.03061075256	0.03186010811
	0.03025735138	-0.002143071732	-0.004193641433	-0.001686085466	0.0006278287209
	-0.007817528849	-0.009364464885	-0.004956377993	-0.006737126611	-0.01348226793
	-0.01438980717	-0.01188943677	-0.01074287259	-0.01668128042	-0.01852541757
	-0.01887010828	-0.01613393096	0.02904696002	0.03021702146	0.02772336824
	0.02653999894	-0.02082349717	-0.02278009351	-0.02265148906	-0.02078243048
	0.0183262691	0.02319173536	0.02499226935	0.02016533245	0.009174776043
	0.01309264726	0.007491521102	0.01503730179	-0.02425437684	-0.02571830223
	-0.02623194147	-0.02463323978	0.003797742493	-0.001253111815	-0.00242771254
	0.002340338916	-0.02804702053	-0.02768434606	-0.02887277879	-0.02696093658
	-0.03066640392	-0.02991250251	-0.02957724042	-0.02890056983	-0.03154856674
	-0.03126314146	-0.03021789448	-0.02999721634	-0.03165742036	-0.03015372162
	-0.02986550372	-0.03143669376	-0.009747794917	-0.005704077478	-0.01045067895
	-0.006631695105	-0.03100905319	-0.02842475369	-0.03024564583	-0.02926980858
	-0.01689879613	-0.01383120669	-0.01334737568	-0.01661372633	-0.02924010038
	-0.02725823648	-0.02790076439	-0.02582032322	-0.02199541064	-0.02209665857
	-0.01959523998	-0.01951138567	-0.02434092505	-0.02405137035	-0.02628710148
	0.009893165607	0.00663366153	0.01316691004	0.01003410596	0.003053531838
	0.0003647774264	0.00343679328	0.006267754825	0.03152511875	0.031120121
	0.03151522677	0.03121033569	0.03076691077	0.03120457548	0.02978903777
	0.02913940667	-0.003813594753	-0.006006480231	-0.0004170863183	-0.002759623272
	-0.01075694227	-0.01227993045	-0.009163572029	-0.007427397347	-0.01517023933
	-0.01698787536	-0.01790092868	-0.01405206319	-0.02037211556	-0.02226486561
	-0.01980737061	-0.02265404316	0.022226383	0.02661245581	0.02793308089
	0.02392237819	-0.02468288655	-0.02656959399	-0.02652359552	-0.0245991267
	0.01910110539	0.0130663104	0.0111180428	0.01706439367	0.007261414136
	0.001680840717	0.005462822798	0.0001488236432	-0.02810703953	-0.02991943161
	-0.02843376153	-0.02951333786	-0.00884936225	-0.007785237481	-0.003276627406
	-0.004563513662	-0.03231879412	-0.03160459468	-0.0313156901	-0.0306429398
	-0.03275228647	-0.03323050247	-0.03374634289	-0.03226525776	-0.03289174902
	-0.03414268164	-0.03292061339	-0.03415477822	-0.03348230214	-0.03253668879
	-0.03195139154	-0.03400086783	-0.01266327565	-0.01614526052	-0.01549845996
	-0.0118168854	-0.02986412927	-0.03274728835	-0.03166597381	-0.03103856158
	-0.02176118039	-0.0187908979	-0.0220189475	-0.01923644233	-0.0266817839
	-0.02864861803	-0.02836025543	-0.02437640484	-0.02444510248	-0.03032542897
	-0.02657153672	0.01719859071	0.01343973033	0.02068803122	0.01735354569
	0.009390436573	0.006136153055	0.009738507281	0.01298474729	0.001415912859
	-0.001357467742	0.00534851849	0.002480814421	0.0309195149	0.0307502511
	0.03054347962	0.03107485592	0.0311700149	0.03101598342	0.03057025968
	0.0304709493	0.02692227016	0.02565141402	0.02900494112	0.02964600177
	-0.006808463535	-0.008916290046	-0.005172842167	-0.0028553092	-0.01246142843
	-0.0142911158	-0.01577249819	-0.01078312385	-0.01774760678	-0.01881604644
	-0.02067787074	-0.02161340628	-0.02410948392	-0.02593935888	-0.02640825821
	-0.02359133337	0.02295133275	0.02109159953	0.01724411788	0.01519356722
	-0.02836136836	-0.03011089508	-0.03017241183	-0.02831520676	0.005263846022
	0.01127179238	0.009211664104	0.003421168751	-0.006530714675	-0.001794275865
	-0.005133079749	-0.0001816198545	-0.03160285143	-0.0332199075	-0.03291728376
	-0.03194257093	-0.009594343505	-0.01367620699	-0.01466905907	-0.01078019255
	-0.03527317	-0.0346396416	-0.03449617742	-0.03384357602	-0.03625478253
	-0.0353150285	-0.03598259113	-0.03506287126	-0.03638573588	-0.03490107835
	-0.03521707373	-0.03613148611	-0.03334700115	-0.03567150911	-0.03486093581
	-0.03425268774	-0.02071618708	-0.01736433056	-0.02132441489	-0.01815895852
	-0.03060131768	-0.03211642593	-0.0323982169	-0.03379635119	-0.03071337649
	-0.02869722658	-0.02637254094	-0.02412576406	-0.02661269643	-0.0237064358
	-0.02875805975	0.02533982106	0.02117906841	0.02894903696	0.02577735584
	0.01667635521	0.01301972703	0.01704931702	0.02067738829	0.007796121566
	0.004521795526	0.01222161329	0.008853583289	0.03002509076	0.03005164224
	0.0295754539	0.03038067375	0.002887193553	-0.001639760393	-0.00433573461
	2.947848226e-05	0.0306092899	0.03065050968	0.03023870689	0.03035586381
	0.02873079025	0.0280644658	0.0300714269	0.03010526187	0.02464283434
	0.02604135974	0.02128238705	0.01935460432	-0.008562572206	-0.01040978937
	-0.01251283045	-0.006393668541	-0.01612758592	-0.01799101593	-0.01465413908
	-0.01954628078	-0.0216269757	-0.02248945592	-0.02432354781	-0.0253652884
	-0.02943400187	-0.02768273893	-0.02999289211	-0.02730877608	0.009372889415
	0.01559779835	0.007278502463	0.01339981493	-0.03175275164	-0.03174642405
	-0.03335104619	-0.03347167182	0.003509409078	0.00160056304	-0.003559445106
	-0.001858736917	-0.01119270186	-0.01250962009	-0.006736815049	-0.008234700947
	-0.03470082492	-0.03610344814	-0.03501661739	-0.03583697413	-0.01639283548
	-0.01526630045	-0.01898735075	-0.0199334708	-0.03770922557	-0.03709990768
	-0.03713949685	-0.03655035127	-0.03816834936	-0.03724669945	-0.03813412961
	-0.03728407418	-0.03798987936	-0.03687768678	-0.03624681269	-0.03746417195
	-0.03406148112	-0.03556883569	-0.03668016113	-0.03529799042	-0.02311035597
	-0.02235090688	-0.02537544205	-0.02595777902	-0.03416957989	-0.03064790945
	-0.03244747182	-0.03250683439	-0.0304172609	-0.02846141815	-0.02805853505
	0.03415488951	0.02988407663	0.03829328947	0.03547230179	0.0292900394
	0.02943791629	0.02894293353	0.02964693454	0.02478777192	0.02086466431
	0.02514406624	0.02921782297	0.01530242082	0.01151383336	0.01994871036
	0.01622099861	0.00479847564	0.001376712619	0.006416102912	0.009616685934
	0.03005739386	0.02983513683	0.0294589083	0.0297340699	-0.003431194564
	-0.005319825159	-0.008199102654	-0.001015540112	0.02975219335	0.02934038074
	0.02923314507	0.03002484024	0.02720947294	0.02797687005	0.02467712164
	0.02313213584	0.01989133757	0.01384337063	0.01158592929	0.01775586358
	-0.01226305687	-0.01423905127	-0.01649616125	-0.01059247723	-0.01870880836
	-0.01981794514	-0.02177549902	-0.02339372182	-0.02608737112	-0.0279193769
	-0.02894777225	-0.02538929021	-0.03323330974	-0.03108011627	-0.03071769706
	-0.03271242335	0.001981672037	2.331555545e-07	0.005555438729	0.007737526663
	-0.03482438429	-0.03631082146	-0.03476543633	-0.03621857453	-0.003298472201
	-0.008100645178	-0.009717081955	-0.005083518326	-0.01397675349	-0.01253889332
	-0.01660816238	-0.01787602593	-0.03758868063	-0.03735901287	-0.03821684529
	-0.03849332012	-0.02142244055	-0.02033556309	-0.02371044623	-0.02462485633
	-0.0389635476	-0.03956917782	-0.03922333827	-0.03871189659	-0.03945523704
	-0.03854294905	-0.0396824043	-0.03889076746	-0.03788514071	-0.0389592137
	-0.0381423979	-0.03693314887	-0.03560902789	-0.03703346367	-0.03567178133
	-0.03410340598	-0.0267493831	-0.03182445555	-0.02748562462	-0.03221869126
	-0.03001604231	-0.02944986813	-0.03387588761	0.04439486976	0.03997589601
	0.05084157996	0.04655457196	0.02885723809	0.02904998374	0.02865271992
	0.02913421095	0.03388707987	0.02945745015	0.03400544369	0.03840768396
	0.02918895873	0.02919488846	0.02939578235	0.02895669358	0.0240176684
	0.01937290796	0.02804629624	0.02450607311	0.0125145739	0.00802918702
	0.0140641614	0.01697520019	0.003008797651	0.0008408176659	-0.002928520461
	0.005222856596	0.02918481813	0.02919769607	0.02939203284	0.02945894279
	-0.007273664918	-0.009595325646	-0.005553384682	-0.01247713768	0.02854613613
	0.02876106975	0.02700122627	0.02603889279	0.02187019127	0.02366325029
	0.01839987752	0.01614176596	0.0124241526	0.006360189836	0.004105390296
	0.01001236485	-0.01620733855	-0.01840375751	-0.01481267641	-0.02047823522
	-0.02365568829	-0.02560606678	-0.02702222545	-0.02255497318	-0.03130525915
	-0.02963106742	-0.03218855951	-0.02884291552	-0.0360443941	-0.03374110329
	-0.0342075747	-0.03560463794	-0.004445798741	0.0006934867258	-0.006342224376
	-0.00136989759	-0.03746884085	-0.03858847962	-0.03864628151	-0.03731990302
	-0.009225716869	-0.01095359824	-0.01361664437	-0.01518822638	-0.0190896379
	-0.02263644392	-0.0214016176	-0.01768968964	-0.03947828907	-0.04031526851
	-0.03963828416	-0.04003196499	-0.02872009664	-0.02584922071	-0.02478932145
	-0.02782637357	-0.0408171018	-0.04073293936	-0.04021740127	-0.04027170782
	-0.03986029454	-0.03919995237	-0.04010362979	-0.04061817478	-0.03929066543
	-0.03696334835	-0.03823688484	-0.0381676929	-0.03499015559	-0.03673438362
	-0.03348151893	-0.03292400591	-0.03054281278	-0.03538154856	-0.03126499261
	0.06047117447	0.05300434816	0.07345809149	0.0613181098	0.02885689932
	0.02866757409	0.02885315528	0.02857006798	0.04482225919	0.03865760146
	0.04428471188	0.04835217962	0.02883693499	0.02890142614	0.02894848907
	0.02872198961	0.0339032128	0.02757749589	0.03576408923	0.03388374962
	0.0289253347	0.02878534934	0.02887005841	0.0290805846	0.0246158914
	0.02102433057	0.01539582021	0.02306725569	0.01238183122	0.010549058
	0.007634732365	0.003314682013	-0.001470926324	-0.004272926213	-0.007453651442
	0.0005158253377	0.02886841548	0.02881222352	0.02816010962	0.02778397559
	-0.01185956124	-0.01427762336	-0.01663111467	-0.009982946631	0.02640532347
	0.02257364092	0.02058760422	0.02521508296	0.01124810573	0.01735224647
	0.008738549621	0.01485301653	-0.002417849127	0.005262503577	-0.0002427515441
	0.00289938331	-0.01887018504	-0.02424410674	-0.02046583147	-0.02251435718
	-0.02741603851	-0.02913632587	-0.02616894125	-0.03035401439	-0.03284594269
	-0.03195998523	-0.03503923112	-0.03426084444	-0.03686814921	-0.03837985427
	-0.03798796988	-0.03633435574	-0.007362471356	-0.005360310823	-0.01004915371
	-0.01190796508	-0.03956885289	-0.04039631757	-0.03937186897	-0.04043909277
	-0.0161415628	-0.01444378195	-0.01847500637	-0.02001794208	-0.02677700281
	-0.02357236764	-0.02556437433	-0.02219910915	-0.04100569261	-0.04113066916
	-0.04125629668	-0.04153814293	-0.0322064349	-0.02966003736	-0.03132496498
	-0.02861732471	-0.04120942655	-0.04084847914	-0.04144093412	-0.04164525736
	-0.0409295954	-0.04018912323	-0.03921496865	-0.04011236179	-0.03754537233
	-0.03898166796	-0.03634205683	-0.03793783078	-0.03372224282	-0.0344371393
	-0.03578764109	0.09793837607	0.07558441451	0.1214915043	0.09383324163
	0.02873436732	0.02861651224	0.02876690545	0.02857883077	0.05911587937
	0.04862170425	0.05844058154	0.06219339785	0.02869394715	0.02864537619
	0.02878706182	0.02874825323	0.04358678228	0.03560238435	0.04319748912
	0.0448180197	0.02862200839	0.02867844868	0.0287564762	0.0286479864
	0.02908051778	0.0235370382	0.03266772731	0.03273658408	0.02871662344
	0.02863799094	0.02849878484	0.02848673362	0.02048339052	0.01832701612
	0.01467150799	0.010618554	0.004740596846	0.001685119948	0.007432312909
	-0.001494750119	-0.006879466017	-0.009418203863	-0.0119639388	-0.004392119916
	0.02789820616	0.0273531456	0.02576598167	0.02436811491	-0.01654072475
	-0.0186818071	-0.01443663625	-0.02069120652	0.01383452392	0.02200581625
	0.0164756478	0.01974173812	0.0104463414	0.002067107346	0.004550151834
	0.007762099388	-0.003221656054	-0.005929622388	-0.0009391647283	-0.008066692791
	-0.02444846234	-0.02623719849	-0.02275172502	-0.0277706245	-0.02945348304
	-0.03331278891	-0.03074876411	-0.03220554139	-0.03464709727	-0.0355593089
	-0.0366989509	-0.03742108464	-0.03897974229	-0.03981177733	-0.03842783297
	-0.04018057841	-0.01679504212	-0.01260768768	-0.0149558194	-0.01062629655
	-0.04108499692	-0.04165148954	-0.04087245927	-0.0416132873	-0.02067572483
	-0.01899930761	-0.0226821377	-0.02420499122	-0.03029060321	-0.02606327709
	-0.02741882014	-0.02909165092	-0.04192316104	-0.04214714059	-0.04186925269
	-0.04203388128	-0.03420057622	-0.03507613641	-0.03284891714	-0.031815999
	-0.0415188436	-0.04143523095	-0.04084861377	-0.04194235481	-0.03803325564
	-0.03987825675	-0.04060961233	-0.03628159133	-0.0394825472	-0.03858847087
	-0.03699400103	0.1861589217	0.1284408948	0.2468563541	0.1743165191
	0.0782035658	0.06100215678	0.08675667496	0.09662471926	0.02863919639
	0.02869672632	0.02863231167	0.02873308051	0.02865156323	0.02864147074
	0.02875388681	0.02868766295	0.05030168989	0.04424014492	0.05340425247
	0.05660268644	0.02859528377	0.02864306394	0.02859330973	0.02857964725
	0.03583440558	0.03251714358	0.04033398492	0.0414748106	0.02853761578
	0.02852039596	0.02852582024	0.02859793068	0.02873479981	0.02545978069
	0.02196597258	0.01860079835	0.02827855044	0.02841823472	0.02759988024
	0.02693006876	0.01133710752	0.008258350948	0.005072204893	0.01471961124
	-0.001226522185	-0.003919644606	-0.006657228413	0.001767367209	-0.009366097808
	-0.01190882825	-0.01419574266	-0.01646169108	0.01907345522	0.02561704278
	0.02150301116	0.02401506169	-0.02077212446	-0.02266881872	-0.01867381376
	-0.02449638872	0.009995414813	0.007177863137	0.01609660701	0.01320860551
	0.001500760264	-0.003672538135	-0.00124479101	0.00411738756	-0.006255250499
	-0.00851216517	-0.01086547193	-0.0129912564	-0.02627659722	-0.03089871541
	-0.02794865833	-0.02947803939	-0.03229034437	-0.03356129746	-0.035786879
	-0.03474429018	-0.03771913748	-0.03857249119	-0.03926218717	-0.03682255662
	-0.04104540276	-0.0405103832	-0.04140198144	-0.03996441407	-0.01520940343
	-0.01717917439	-0.0191967141	-0.02102177398	-0.04199791981	-0.04225772492
	-0.04178396175	-0.04222049768	-0.02774737216	-0.02289543873	-0.02455643694
	-0.02623745959	-0.03317421417	-0.03062789532	-0.02928274339	-0.03198232635
	-0.042220425	-0.04213231278	-0.04185822816	-0.04232558404	-0.03541208834
	-0.03644941331	-0.03438348324	-0.03732372885	-0.04161344893	-0.04119659285
	-0.04021439142	-0.04079697023	-0.03892977142	-0.03965587756	-0.03821665605
	0.2512021969	0.5384322203	0.02869881108	0.02869540848	0.08714168894
	0.15251467	0.06397597631	0.05554657448	0.02866781657	0.02867041597
	0.02856421015	0.02860274604	0.04473819954	0.04074188503	0.02847944682
	0.02853501745	0.03233193963	0.0261486845	0.02815080191	0.02847352118
	0.01842901138	0.01186772119	0.02370240083	0.02690260849	0.004987073259
	-0.0008661906724	-0.01166644717	-0.006692998412	-0.02061198433	-0.01647612849
	0.01292731277	0.01889462316	-0.02784976961	-0.02450618828	0.006907276499
	0.001320709265	-0.003856410272	-0.008623810875	-0.01310137399	-0.0172432458
	-0.0309132788	-0.03350894599	-0.03580997107	-0.03770095025	-0.03929315876
	-0.04051503593	-0.04143740736	-0.04201518547	-0.0210870658	-0.02458971354
	-0.04229321119	-0.04224189537	-0.03064598482	-0.02778548186	-0.03542606592
	-0.033199784	-0.04189011074	-0.04121653079	-0.03734704638	-0.04024114759
	-0.0389458678	-0.02914285666	-0.03185921518	0.1471811782	-0.03423613589
	0.02875059985	-0.03631873092	0.02861078311	-0.03806943379	-0.03952541953
	-0.04065334978	0.04197379268	0.02867119427	-0.0414871218	0.02921245783
	0.02185486653	0.02850213315	-0.04199224197	-0.04220407816	-0.04208133716
	0.00200495984	0.02853848622	-0.04166568334	0.02848590143	-0.04090317375
	-0.03984658406	-0.01852885334	-0.02250740197	-0.03842344336	0.02829440523
	-0.03670224112	0.02765596854	-0.03458677725	-0.03216505329	-0.02931449143
	0.02542523506	-0.02614389233	0.0215528918	-0.01405199088	0.01594919631
	-0.009194047517	0.009921518283	-0.003820754665	0.008268521803	0.00409287706
	0.01507893025	-0.001305889122	0.03557228185	-0.0062145731	-0.01084758512
	0.04904766039	0.05514146432	0.07128476488	-0.01512347446	0.1100947275
	-0.01912710541	-0.0227748841	0.02866617487	-0.02613378149	0.02873718278
	0.3664740086	0.1268476836	0.1127257223	0.02867543686	0.02873174129
	0.06641605281	0.07465945116	0.04581591892	0.05129170022	0.02864222855
	0.0285798608	0.02848822028	0.02850604555	0.03255197497	0.03869663907
	0.02847683955	0.02845267691	0.01858988911	0.02510465384	0.02816850919
	0.02681670883	0.01134782958	0.005192517943	0.01891983903	0.02389279104
	-0.001083825238	-0.006462114649	-0.01622680574	-0.01169468536	-0.02051865865
	-0.02424014421	0.01303889277	0.007033440916	-0.02767976526	-0.03063584726
	-0.00368640898	0.001420211552	-0.008457489944	-0.01288404674	-0.01702359741
	-0.02082924905	-0.03329227531	-0.0355267973	-0.03900746254	-0.03745658484
	-0.04025377027	-0.04114972442	-0.04174240782	-0.04200245313	-0.02750140198
	-0.02433263881	-0.04196013973	-0.0415949969	-0.030365655	-0.03290224135
	-0.03704559684	-0.03513493871	-0.03994163966	-0.04092769515	-0.03865304753
	-0.03379430298	0.02870151805	-0.03585367578	-0.03762207903	0.02852210031
	0.05424533844	-0.03906074515	0.04772177244	-0.04020838313	0.02857179754
	-0.04102661961	-0.04155504034	0.02845445038	0.02137784908	0.01469385809
	-0.04174940779	-0.04165609221	0.02845460483	-0.04121792711	-0.04049468201
	0.02835448419	-0.03940814192	-0.03803913607	0.02757800861	-0.03627898842
	-0.02229488155	-0.034238773	0.02568930268	-0.03176870664	-0.02902135753
	0.02165661366	-0.02579430305	0.01629311437	-0.0182558714	-0.01395191309
	0.01019668415	-0.009040175054	-0.003868539723	0.004348791707	0.001966895855
	0.008031148262	-0.0009707478978	-0.005924011064	0.02825074864	0.03480227141
	-0.01047686006	0.04065597635	-0.01477151534	0.06880355883	-0.01871505663
	0.09742526287	-0.02237946384	0.02862494541	-0.02569208313	-0.02871758325
	-0.03140072342	0.1043795227	0.02878929673	0.0744129432	0.1154633274
	0.02869052574	0.02860682602	0.06027809997	0.04962062708	0.03724792498
	0.0425041383	0.02854098635	0.02848778999	0.02846173152	0.02842851493
	0.03027882275	0.02440519286	0.02841297786	0.028158282	0.01112232342
	0.01733862009	0.02706714909	0.02406374269	0.004611769577	-0.001051327126
	0.01940202452	0.01348675721	-0.006625212086	-0.01148487988	-0.02017401839
	-0.01611729739	-0.02394828602	-0.02723782417	0.007471897141	0.001896304446
	-0.03022361088	-0.03278482305	-0.007956173541	-0.003237466894	-0.0164769527
	-0.01237997971	-0.02027939908	-0.02374991742	-0.03690689264	-0.03503701901
	-0.03967715072	-0.03846863353	-0.04057987257	-0.04114813253	-0.04135365346
	-0.04141259036	-0.02975992733	-0.0269186006	-0.04031281335	-0.0409921669
	-0.03229961979	-0.0345179492	-0.03643480228	-0.03933155547	-0.0380339833
	0.02859580469	-0.03683702763	0.02843299825	-0.03829576292	-0.03942586023
	0.04541041365	-0.04026880203	0.02848271065	-0.04077997926	0.02842040614
	0.02628148248	-0.04100668453	-0.0408931676	-0.04049960857	0.02826211628
	-0.03975061911	0.02777565025	-0.003848622335	-0.03872764425	-0.03732532994
	-0.03565687898	0.02582566746	-0.01805160983	-0.03357419487	0.02225081675
	-0.03123596128	-0.02843568799	-0.0253954766	0.01682636806	-0.02183134903
	0.01085272933	-0.01366934995	-0.009108405223	0.004997426069	-0.0003898507256
	0.001519707901	0.007648497763	0.01367271579	-0.005262898704	0.02034973167
	-0.009845097324	0.03294878351	0.03742963978	-0.01407046241	-0.01802961595
	0.04967132483	0.06489469389	-0.02163935708	-0.02496739121	-0.03509032305
	0.02853699763	-0.02795124649	-0.03065008469	-0.0330137089	0.07995004176
	0.02872249074	0.05388814848	0.05727468921	0.02857353559	0.02850209743
	0.04386860687	0.03969249478	0.02831400153	0.03338884124	0.02842457285
	0.02840724675	0.02839346591	0.02835907989	0.02210787804	0.01629187804
	0.02818840691	0.02715568724	0.004233491113	0.009969647029	0.02465130657
	0.02002332799	-0.006583748517	-0.0014929213	0.008292227708	0.0143006464
	-0.01578689086	-0.01146398982	-0.02340858303	-0.01983587278	-0.02953751364
	-0.02668274688	-0.002441549113	0.002654581544	-0.03425330564	-0.03208538881
	-0.007170065565	-0.01154692985	-0.01563695261	-0.01940075222	-0.02286738566
	-0.02600718901	-0.03611389644	-0.03762193197	-0.03969315389	-0.03882471124
	-0.04025837106	-0.04050045957	-0.04006401787	-0.04044073618	-0.03136864132
	-0.02884827159	-0.03839446885	-0.03938645844	-0.03549608568	-0.03359056943
	-0.03710247982	0.02834514877	-0.03719011735	0.04836033131	-0.03834413512
	-0.03916975219	0.02835241691	-0.03971282381	0.02913857463	0.02828184268
	-0.03992118673	-0.03985223704	-0.0394368275	0.02772881632	0.006576491415
	0.001239482578	-0.03875212886	0.02629417658	-0.03770210152	-0.03639378365
	-0.03469197478	0.02280053072	-0.03274657366	-0.02139549564	0.01780992401
	-0.0303679253	-0.02776606265	-0.02467714473	0.01180574459	0.005941959667
	-0.01755501622	-0.01356883771	-0.008928239804	0.000579029608	-0.004221648714
	-0.004353693639	0.01268313851	-0.008858479261	0.01817097773	-0.01309904299
	0.02435712574	0.03517661159	-0.01699520738	0.03966878365	-0.02061729952
	-0.02389622337	0.02843008812	-0.0357510629	-0.02689354607	-0.02955598077
	-0.031935015	-0.03398554805	0.02847227861	0.05102666791	0.02859118886
	0.04010983142	0.04786457536	0.0284412386	0.02838245917	0.03029057952
	0.03488276528	0.02486456023	0.01994241236	0.02830079924	0.02829567648
	0.02814154258	0.02824225427	0.008916675173	0.01430202883	0.0274351926
	0.02508324363	0.003338889852	-0.001781663425	0.02101617989	0.01539574886
	-0.006764672716	-0.01125039869	0.00378345362	0.00941839933	-0.01926974311
	-0.01548501149	-0.02277034172	-0.02586750432	-0.03110056884	-0.02866931413
	-0.006052095738	-0.001366651981	-0.03323301666	-0.03501804262	-0.01446656025
	-0.01042360522	-0.01822202964	-0.02165240542	-0.0247887581	-0.02760435107
	-0.03650387696	-0.03765821123	-0.03904771088	-0.03851366894	-0.03920280051
	-0.03928309572	-0.03882408095	-0.03813242324	-0.03233196618	-0.03012586594
	-0.03714295652	-0.03424308478	-0.03584131174	-0.037773601	0.02810879816
	0.03703812883	-0.03829970843	-0.03854948057	0.02785817049	-0.03846143472
	-0.03810627735	0.02650332426	-0.03739896147	-0.03643783038	0.02369516811
	-0.0351030403	0.0003987139008	-0.03353233611	0.01886752371	-0.03155717702
	-0.01312691246	-0.02937004152	-0.01715613484	0.01314625077	-0.0267359471
	-0.0239228392	0.007239167072	-0.02060568908	0.001806392483	-0.009035267297
	-0.00307899033	-0.004277501684	-0.007611256474	0.005780658885	0.01072041713
	-0.01177870733	0.01632351676	0.02083416902	-0.01567974712	0.02640062858
	0.03010868123	-0.01924542797	-0.02253274638	0.02829943771	-0.03691867624
	-0.02548800399	-0.03578205869	-0.02816214259	-0.03051117642	-0.03257759746
	0.02832229912	-0.03432156664	0.02821480809	0.03927603786	0.0284584811
	0.0304389153	0.03480597915	0.02830023193	0.02822901242	0.02596071882
	0.02183915731	0.01234137809	0.01694835123	0.0281230451	0.02812896169
	0.02801633297	0.02747345589	0.002533271073	0.007351691744	0.0219851867
	0.02576942494	-0.006780108244	-0.002305224828	0.01679586104	0.01090229289
	-0.01107547027	-0.01496765839	5.623670322e-05	0.005194906722	-0.02187857431
	-0.01861224608	-0.02751839392	-0.02487493745	-0.0319100954	-0.02988224448
	-0.008970166382	-0.004653053535	-0.03365282823	-0.03507089871	-0.01670728034
	-0.0129998143	-0.02323253915	-0.02013017538	-0.02854669896	-0.02604721207
	-0.03620018958	-0.0370121199	-0.03753243428	-0.03773951125	-0.03765298805
	-0.03725513478	-0.03656291103	-0.03555997028	-0.03265606942	-0.03075729099
	-0.03426342266	0.02766285139	-0.03682499766	0.02688204278	-0.03679050075
	-0.03641519212	0.01820308629	-0.03578784662	0.0243621987	-0.03480350914
	0.02025650993	0.004277117885	-0.03358808454	-0.03199263484	-0.004709780276
	-0.03019379543	0.01467076766	-0.02798324314	0.008876921459	-0.02560540772
	-0.02277334985	-0.01982116509	0.003398101603	-0.01635954599	-0.001547185013
	-0.01284094789	-0.008749372353	-0.006017365711	-6.48201739e-05	-0.01018164693
	0.009183958607	0.01334900811	-0.01401690869	-0.01757844883	0.02191009716
	0.02745352229	-0.02081892214	-0.02377842352	-0.03659228124	0.02811948472
	-0.02641998615	-0.02877963182	-0.03082371925	-0.03258486197	0.02809526281
	-0.03402862853	0.02799272833	-0.03519033621	-0.03602985778	0.02963332476
	0.0283022027	0.02207310993	0.02635530746	0.02809851658	0.0280005581
	0.01429489304	0.01816343392	0.005816835555	0.00995495451	0.02787286583
	0.0278376136	0.02611939916	0.02750585288	0.001488322219	-0.002693496667
	0.02315869715	0.01833037115	-0.01068516012	-0.006842476214	0.006988249347
	0.01265962836	-0.01435961864	-0.01769491096	0.001755330312	-0.002915059742
	-0.02080794361	-0.02359273636	-0.02613228179	-0.0283542124	-0.03196621558
	-0.03031643436	-0.01119527851	-0.007232293952	-0.03334539516	-0.03441484625
	-0.01826333631	-0.01488901434	-0.02136242033	-0.02414599297	-0.02664980039
	-0.02884210963	-0.03568703503	-0.03520529943	-0.03577134495	-0.03588361123
	-0.0346595913	-0.03537020289	-0.03365917013	-0.03234880011	-0.03075055174
	0.02516089047	-0.03475635335	0.0193639882	-0.03445001651	-0.03379994187
	0.02148131689	-0.03292048434	0.01652991624	-0.03167991981	-0.03024191575
	-0.0009896510042	-0.02841933451	0.0107715433	-0.008667048814	-0.02644062723
	0.005312687289	-0.02404622737	-0.02154745398	-0.01859341895	0.0003337523501
	-0.01559952779	-0.004147816885	-0.01210714798	-0.004706879604	-0.008247714368
	-0.01205620417	0.003232827467	0.00688120896	0.0111188979	-0.01556435891
	0.01455882137	-0.01879291395	-0.02171914948	0.02785236018	-0.03480946933
	-0.02436172964	-0.02670069783	-0.03398372528	-0.03311443076	-0.02875516385
	-0.03050228001	0.02771965868	-0.03196521162	0.02757890137	-0.03453152758
	0.02682991974	0.02150494431	0.02805459283	0.01489585668	0.01839898739
	0.02778529	0.02765303193	0.007921343971	0.01134539665	0.0005391200779
	0.004109236608	0.02748236539	0.02730986772	0.02403686272	0.02647012013
	-0.006689245259	-0.003142120805	0.01999502258	0.01468596163	-0.01346866008
	-0.01021074573	0.003839227511	0.009050371686	-0.01942497274	-0.01659342621
	-0.005148953409	-0.0009019413821	-0.02206789968	-0.02441809764	-0.0283867884
	-0.0265493826	-0.03128145668	-0.02998278591	-0.01271897737	-0.009099373871
	-0.0323214452	-0.03306043136	-0.01608515926	-0.01913727601	-0.02192585605
	-0.02440253648	-0.02660699039	-0.02850087617	-0.03352776013	-0.03369060557
	-0.03314801757	-0.03357309018	-0.03141886093	-0.03243829248	-0.03011511446
	-0.03154417506	0.0183016053	-0.03063579003	-0.02953210444	0.01304024216
	0.005317638449	-0.02806286042	0.001675919172	-0.02644604429	0.007517338664
	-0.02444008867	-0.02234670675	0.002549314022	-0.0198344696	-0.01730876555
	-0.001951790181	-0.01433454995	-0.01144140206	-0.006008677745	-0.008086434935
	-0.004976575302	-0.009763309369	-0.001398189181	-0.01322661487	0.008394972621
	-0.01642110714	0.01256187559	-0.01932935834	0.02744229269	-0.03210533883
	-0.02195649283	-0.03243494837	-0.02429465168	-0.02634173493	-0.02809976458
	0.02712363708	-0.02955622183	-0.03072724336	0.02686328357	-0.03158630939
	-0.03216985098	0.02544138588	-0.03243134012	0.02281648705	0.01438580075
	0.02764167985	0.008908506935	0.01178101486	0.02729563766	0.02715882406
	0.005817656462	0.002877232967	-0.0004107178814	-0.003393416004	0.02689567113
	0.02642201276	0.02149509784	0.02482526595	-0.0064720053	-0.009427900774
	0.01681087821	0.01148968096	-0.01513811968	-0.01239788761	0.006197001035
	0.001505057675	-0.01778860945	-0.02017937533	-0.006641232473	-0.002787964018
	-0.02438172769	-0.0224151076	-0.02764142741	-0.02615132436	-0.02987639891
	-0.02890341054	-0.01353891436	-0.01024847883	-0.03059803011	-0.03102251248
	-0.01659428615	-0.01934070984	-0.02183404621	-0.02401645811	-0.0275344214
	-0.02593151523	-0.03117930007	-0.0310322751	-0.02987434621	-0.0306077625
	-0.02886027815	0.01529507403	-0.0269443174	0.01016214849	-0.02565393443
	-0.02399050322	-0.02225322316	0.005064301624	-0.02011833655	0.0006143710676
	-0.01799816541	-0.007649041967	-0.01545660777	-0.0130431409	-0.003459080055
	-0.01019815516	-0.00712870578	-0.004638660074	-0.002146083308	-0.01056008748
	0.0009696485521	-0.01369825513	0.00357571009	0.007163792687	-0.01659797689
	-0.01920396143	-0.0280903911	0.02685262641	-0.02154689929	-0.02359287937
	-0.02973565876	-0.02535588504	-0.02682447931	0.02629438983	-0.02799366622
	0.02576620017	-0.02887804355	-0.02944974094	-0.02975492415	0.02355726283
	0.02021223818	-0.02947813854	-0.02888341128	0.008405609574	0.02699769968
	0.00429239357	0.006397526159	0.02661524196	0.02649804599	0.001731070253
	-0.0006985717962	-0.005941136172	-0.003511604403	0.02606590267	0.02512610032
	0.01892283326	0.02276675287	-0.01092764935	-0.008489241273	0.009019043549
	0.01404702534	-0.01343211848	-0.01573333929	0.004197938815	-6.790584587e-06
	-0.0179872025	-0.02000427823	-0.007391738683	-0.003897169977	-0.02189323286
	-0.02352574558	-0.02615188563	-0.02497505711	-0.0271067229	-0.0277756261
	-0.01068394511	-0.01366782904	-0.02831725753	-0.02819493187	-0.01889354779
	-0.01643485306	-0.02110575017	-0.0230041864	-0.02463611795	-0.02595279221
	-0.02772082194	-0.02817202928	-0.02699302656	0.008109396758	-0.02274582278
	-0.02131807757	-0.01950235423	0.003476889111	-0.01772393046	-0.000483165379
	-0.004513368657	-0.01553324329	-0.01352099182	-0.01108271325	-0.004193322773
	-0.00902124323	-0.007510757427	-0.006479573586	-0.001832329003	-0.01065218837
	0.0002708258957	-0.01349095497	0.003279167751	-0.01611770643	0.02606461408
	-0.02410528782	-0.01844002745	-0.02050939325	-0.02594666835	-0.02644808023
	-0.02227266037	-0.02375405943	0.02523433981	-0.0249375464	0.02431123763
	-0.02581906136	-0.02642118242	-0.02670663571	0.02148323367	-0.02674231804
	0.01777841469	-0.02510007102	0.0128566581	0.003747844148	0.02612752948
	0.001204300992	0.002471307535	0.02576733917	0.02564305453	-0.002718557209
	-0.0007694064421	-0.007113684469	-0.005151754381	0.02497321586	0.02355862166
	0.02069663489	0.01675002367	-0.009232320009	-0.01124815029	0.01201215941
	0.00743101269	-0.01337808224	-0.01532384652	0.003082759491	-0.0006984418125
	-0.01896447349	-0.01725685885	-0.004235422918	-0.007420441892	-0.02190095659
	-0.02055896215	-0.02395530678	-0.02306361319	-0.02500404286	-0.02462285267
	-0.01313621795	-0.01042707548	-0.02513133825	-0.02495922483	-0.0178216498
	-0.01563370856	-0.01976024123	-0.02138058475	-0.02272983198	-0.024515547
	-0.02376155429	-0.01656251123	0.002784328076	0.001021312387	-0.01465212641
	-0.01295960891	-0.003028880629	-0.0007621196155	-0.01082525358	-0.009155787338
	-0.004171977451	-0.006960788663	-0.005409270573	-0.007184921175	-0.001406984049
	-0.01007301397	-0.01263971608	0.0250908315	-0.01805855755	-0.01501142034
	-0.01960242702	-0.01706305854	-0.01886185392	-0.02034595346	0.02397986665
	-0.0215417285	-0.0231306914	-0.02335348898	-0.0224410892	0.0227414535
	-0.02303075224	-0.02335460627	0.01963330538	0.01591986201	-0.02256728154
	-0.02184402741	0.01126784412	-0.0207599833	0.006983578551	0.0005847744081
	0.02504960193	-0.0002366382317	0.0001263540079	0.02475982125	0.02463688392
	-0.003138827024	-0.001595376602	-0.006969954744	-0.005338821345	0.02373563069
	0.02206572945	0.01532404211	0.01907309241	-0.01048873875	-0.008787293399
	0.006792937175	0.01091206084	-0.0123334319	-0.01400566949	-0.0005934750845
	0.002845694258	-0.01713514864	-0.01568312445	-0.006770712213	-0.00384176835
	-0.01847499229	-0.01956111595	-0.02108775658	-0.0204608116	-0.02158389904
	-0.02148010454	-0.009522277882	-0.0119861797	-0.02095888901	-0.02142300824
	-0.01422299205	-0.01615058189	-0.01781215211	-0.01915429478	-0.02021416158
	0.002972698924	-0.009552989511	-0.0002719615783	-0.008160293163	-0.006170931051
	-0.004864263296	-0.003441397009	-0.002612148088	-0.006211422433	-0.001400582533
	0.0004536682076	-0.008871157162	-0.01119098085	-0.01147209873	0.02404915223
	-0.013310485	-0.0150955915	-0.01586657881	-0.01661504414	-0.01781639865
	0.02275276838	-0.01871577343	-0.01891305346	0.02146656401	-0.01932888997
	-0.01961955368	-0.01966939742	0.0184273828	-0.01938042404	0.01495398514
	-0.01808649856	-0.01717048697	0.01069161008	0.006818798482	-0.01460406759
	-0.01291974022	-0.0009567870354	0.02383807847	8.610328031e-07	-0.0005453460601
	0.02369711129	0.02366659674	-0.000729034847	-0.001978221321	-0.005611771531
	-0.004127588956	0.02268429285	0.02108217767	0.01828871776	0.0148799446
	-0.007277910075	-0.008783287213	0.01085388361	0.007098409653	-0.01189261747
	-0.01042338881	0.0002446101799	0.003447330853	-0.01459490589	-0.01335944511
	-0.005508348347	-0.002785405141	-0.01655876419	-0.01570549937	-0.01758246152
	-0.01720820961	-0.01770379265	-0.01753441508	-0.008028907446	-0.01026198629
	-0.01632380617	-0.01708171978	-0.01223376504	-0.01389775755	-0.01526770452
	0.0009073908743	-0.004239056292	0.001538752062	-0.002955631427	-0.0006486214962
	-0.002081852709	0.0002428516572	-0.004664891205	-0.007103829433	0.02320635335
	-0.006172672209	-0.009189241401	-0.01103918942	-0.009187536132	-0.01045284054
	-0.01255079151	-0.01376918484	0.02197816489	-0.01467820275	-0.01408575206
	0.0209089011	-0.01526506084	-0.01558831018	-0.01557189935	0.01820772968
	-0.01535390579	0.01506127831	-0.01477678622	-0.0130063911	0.01117992646
	-0.01194488132	0.007583507905	-0.007418077447	0.003973662458	-0.0008282992749
	0.02274536312	0.001807788534	0.0004420845428	0.02286411119	0.02306083176
	0.000646519998	0.00171472433	-0.00161477803	-0.003159956923	0.02226169821
	0.02098404327	0.01551783191	0.01858958281	-0.006283059014	-0.004843761511
	0.0118311521	0.008273757449	-0.009102000069	-0.007783308567	0.001716863765
	0.004801386992	-0.0114228238	-0.01038000547	-0.00115265061	-0.003708653151
	-0.01294567883	-0.01231474807	-0.01334793731	-0.01347415268	-0.01332121218
	-0.01287856005	-0.007999453144	-0.006002814054	-0.01212400555	-0.01106788438
	-0.009686271095	0.003304073312	-0.0001840126501	0.004050511922	-0.002612394857
	0.02293520425	0.00267533498	-0.004819924701	0.0001887826128	-0.006661037899
	-0.008209653614	-0.009428479762	0.02210232375	-0.01031785588	-0.006230002557
	-0.007364273714	-0.01092165474	0.02136346656	-0.009554402235	-0.01118012054
	-0.01121234365	0.01914721767	-0.01088437102	-0.01041246072	0.01625435427
	-0.008677071454	0.01267265383	0.009168929375	-0.004560191703	-0.003321523433
	0.005676374212	-0.001303801392	0.002672258311	0.0008934405405	0.02217725378
	0.004877983531	0.002890154542	0.02265705124	0.02318736007	0.005395129569
	0.004470514124	0.002062378056	0.0002784629228	0.02282217878	0.02195995859
	0.02001263507	0.01717045657	-0.001597236686	-0.003104649282	0.01371342299
	0.01018407029	-0.004519096378	-0.005734710121	0.003721368363	0.00678283864
	-0.007696158386	-0.006831435857	-0.001424044454	0.0009791372323	-0.008367494969
	-0.008779212892	-0.008808601797	-0.008931508689	-0.007652782772	-0.008375006671
	-0.00347493254	-0.006582781007	-0.005210467912	0.002201195375	-7.934426547e-05
	0.02356392037	-0.002026242249	-0.003597400889	0.006977447535	-0.004811285414
	-0.005713413283	0.02336872192	-0.006252501859	0.0003294078515	0.02288171354
	-0.006541249084	-0.006463879366	-0.006210924965	0.02116083309	-0.005573372293
	0.01835294243	-0.004867235547	-0.003723916435	-0.002669068552	0.01498358886
	-0.001045722839	0.01139827402	0.002534779872	0.004368799459	0.007959518336
	0.004929983449	0.007321990272	0.007513323349	0.00394319693	0.0225414339
	0.006352499951	0.008678452249	0.0234110392	0.02427046534	0.009018540938
	0.009681374346	0.004616662344	0.006671172461	0.02390150178	0.02444659575
	0.01956539853	0.02232168546	0.0007619232044	0.002439905483	0.01624275207
	0.01264744682	-0.001820549303	-0.0006388963458	0.0092689536	0.006207499668
	-0.002750464156	-0.003459828102	0.001368805501	0.003594703915	-0.004105255935
	-0.003908184226	-0.0040021773	-0.003619660128	-0.002890227542	-0.001851128425
	-0.0004149764601	0.0251768115	0.003010249764	0.01126723897	0.001377107712
	9.278874684e-05	-0.0007543964714	0.02564479507	0.009233188072	-0.001331810043
	0.02517330914	-0.001501708026	-0.001474161118	-0.001038941072	0.001565355073
	0.02383181965	-0.0004850318802	0.02095735549	0.0005282392215	0.003202101928
	0.01777726466	0.004804878643	0.01405322616	0.007187090091	0.01161526138
	0.01072826473	0.01158714993	0.007660070201	0.005130542136	0.007815229948
	0.02405055586	0.01252147542	0.01018669594	0.02520038163	0.02620945614
	0.01356917653	0.01375359499	0.0117256839	0.009679815989	0.02632803606
	0.02681137	0.02495473683	0.02219498092	0.007319026748	0.005496624954
	0.01902379438	0.01543889447	0.00280534293	0.004016745719	0.01217807896
	0.009221406667	0.00140301608	0.001997220221	0.006808449272	0.004835191996
	0.001165896745	0.001183894783	0.001560333342	0.002252704352	0.003350091489
	0.005683583399	0.004703265864	0.01467937225	0.02833437997	0.004282853743
	0.01577533966	0.004042851014	0.02756833502	0.004311965206	0.004718444767
	0.02640069762	0.005649496698	0.006699913244	0.02344547035	0.008333776737
	0.01007030653	0.02054246574	0.01233079292	0.01413206266	0.01687777128
	0.01532227039	0.01389139023	0.01094711986	0.02745571014	0.008793789408
	0.006903403219	0.02653514373	0.01180975337	0.01578224843	0.01375921358
	0.02848514616	0.02768102429	0.01731139442	0.0169507654	0.01488237256
	0.01636548711	0.02916293779	0.02842091105	0.02434983972	0.02706888204
	0.01282669383	0.01115562786	0.02151120765	0.01823787689	0.009640280082
	0.008485174485	0.01541296271	0.01283411851	0.007280552423	0.007754017419
	0.01084697787	0.009265202793	0.007500225592	0.007248512452	0.008204225912
	0.0111959196	0.01067217768	0.03047340829	0.01074309504	0.02915735763
	0.01882110722	0.0109856263	0.01173611411	0.01269702089	0.0279510062
	0.01404558164	0.0250860752	0.01553079878	0.01709767882	0.01814932712
	0.02263898946	0.0195079038	0.01806506202	0.01736734857	0.01719110846
	0.01480883211	0.02965632093	0.0132775314	0.01187858319	0.01526419596
	0.02934202651	0.01815263115	0.0166783522	0.03025494601	0.03006523669
	0.01978230462	0.01912487147	0.01968251054	0.01908068771	0.03052713327
	0.02931448561	0.02535867576	0.02784579266	0.01684966585	0.01790521596
	0.02056658673	0.02310154377	0.0148770901	0.01568509011	0.0186138058
	0.01679604905	0.01431913228	0.01405714167	0.01464454372	0.01560209277
	0.01422546621	0.03113562987	0.01729233578	0.01927887519	0.02922544491
	0.01762874686	0.01828971226	0.0189599883	0.02790467708	0.01978735254
	0.02539473837	0.0204101194	0.02065421883	0.02067072185	0.02358870968
	0.01986329175	0.02143231558	0.02002868365	0.03084999419	0.01866276008
	0.01789910652	0.01733368756	0.01716775721	0.01785578371	0.031454063
	0.01973834376	0.01883159769	0.03135908775	0.03072556193	0.021136912
	0.02054143765	0.02145679224	0.02143042729	0.02864499934	0.03024574881
	0.02507326268	0.02705862024	0.02114079098	0.02076964607	0.02349877946
	0.0219914892	0.02027566757	0.0199273636	0.02100855469	0.02019114114
	0.0196727993	0.01981377932	0.01959779046	0.02782957978	0.0217292751
	0.02192877133	0.02651423802	0.02201866552	0.02183647785	0.02459783618
	0.02166743202	0.02102604619	0.02349226805	0.02057368157	0.02233918098
	0.03046826224	0.0215638828	0.02128580588	0.02177415556	0.02133258761
	0.02117266635	0.02121444404	0.03001919301	0.01966874443	0.03195049558
	0.02082382874	0.02032605852	0.03091938796	0.02968131611	0.02147202173
	0.02183289695	0.0223108825	0.02220197135	0.02688410324	0.02852656985
	0.02408557673	0.02538057586	0.02235256161	0.02242891504	0.02311226417
	0.02251835369	0.02226997296	0.02214961518	0.02205198124	0.02215332278
	0.02204333411	0.02258680156	0.02232699223	0.02472484422	0.0221692236
	0.02352772614	0.02177883623	0.02143714684	0.02299375548	0.02253180636
	0.02876947783	0.02258401684	0.02247094978	0.0224039944	0.02252824805
	0.02254955986	0.02774713067	0.02266872418	0.02582472127	0.02091918279
	0.03060192751	0.02158518939	0.02133092905	0.02905212803	0.02768504271
	0.02222197725	0.02204229762	0.02249934262	0.02260001541	0.02629620012
	0.02499810829	0.02317904312	0.02383055811	0.02272026083	0.0227080238
	0.02268506874	0.02258875068	0.02266858607	0.02261397882	0.02251723616
	0.02340982357	0.02222267483	0.02283023348	0.02199483193	0.02266264433
	0.02660409463	0.02254238538	0.02256443253	0.02266311777	0.02264927516
	0.02279334834	0.02544296416	0.02271219237	0.02416574075	0.02274577862
	0.02244895838	0.0217334851	0.02812159465	0.02210103561	0.02194726676
	0.02668781434	0.02566718499	0.02236369123	0.02248441195	0.02270453919
	0.0226443093	0.0245052713	0.02369777283	0.02272791528	0.02295799591
	0.02273265184	0.02271611832	0.02254316915	0.02263486521	0.02261120354
	0.0226316618	0.02482400898	0.02234384614	0.0226010967	0.02262575887
	0.02262324625	0.02271445129	0.02272476019	0.02387198851	0.02276307852
	0.02269162697	0.02326680141	0.02249056665	0.02280607723	0.0222095286
	0.02565139376	0.02232370804	0.02242661074	0.02475746806	0.02424222266
	0.02265335886	0.02256823209	0.02274585197	0.02272166673	0.02311776722
	0.02350940689	0.02272078954	0.02268383247	0.02271799283	0.02270062164
	0.02262346794	0.02375866649	0.0226992311	0.02275655314	0.02276767847
	0.0227721435	0.02312503785	0.02272974822	0.02299441792	0.02266652058
	0.02256535749	0.02270927534	0.02272963407	0.02249255998	0.02394785022
	0.02263327114	0.02255680301	0.02361085591	0.02348709399	0.02271507515
	0.0227741338	0.02281579014	0.02279647277	0.02313128888	0.02299769426
	0.02280860886	0.02278260946	0.02281991281	0.02282650161	0.02286886228
	0.02272246145	0.0228207686	0.02289789096	0.02280060217	0.02300374829
	0.02280857122	0.02327452782	0.0228905508	0.02267046983	0.02310524646
	0.02278976131	0.02271843472	0.02311309146	0.02317405036	0.02289838238
	0.0228483974	0.02295202194	0.02291335396	0.02304614451	0.0230274334
	0.02294996982	0.02293462125	0.02287968359	0.02285020199	0.02305891322
	0.02310491447	0.02290457842	0.02300144848	0.02290689625	0.02281917422
	0.02283150311	0.02292940863	0.02287539087	0.02297349475	0.02307120698
	0.02301792244	0.02298666926	0.02304088249	0.02304969244	0.02306136859
	0.02291270838	0.02309145507	0.02306514976	0.02295119018	0.02306134815
	0.02294089185	0.02298802057	0.02281310244	0.02303399696	0.02303970687
	0.02297450533	0.02304954651	0.02308478269	0.02307797487	0.02307237637
	0.02307104911	0.02311768698	0.02297219518	0.02293715648	0.02286614202
	0.02313393129	0.02309212214	0.02312138101	0.02299845203	0.02309024392
	0.02306675328	0.02308461253	0.02294992007	0.02291685025	0.02316836225
	0.0230733306	0.02310963002	0.02302648886	0.02266429013	0.02289280956
	0.02307311443	
