3721	
	-0.01442825507	-0.01504343953	0.03311326245	0.01719080072	0.02762426953
	0.01248220947	0.01943104177	0.01720781267	0.009133978197	0.02281952292
	0.01710673673	0.01759803846	0.02539074219	0.019359823	0.01825106062
	0.01867081375	0.02359651429	0.01885504852	0.01913657863	0.02442108763
	0.02335316021	0.02180785354	0.02647576805	0.01992198098	0.01887524311
	0.01916899078	0.01848882935	0.01921612488	0.02316886033	0.01982713044
	0.01906927678	0.02166233863	0.01895450456	0.02061702823	0.02224586147
	0.02001801839	0.02448371348	0.02233765787	0.03022415512	0.02565136557
	0.02089358608	0.02499358289	0.02063860438	0.01968562426	0.01990611727
	0.01932177609	0.0206024706	0.01901680664	0.01930337806	0.0206845644
	0.02176610928	0.0192420031	0.0194815548	0.02006887762	0.01935057399
	0.03033581945	0.02767876171	0.03476028338	0.03097100223	0.01912368073
	0.01936804564	0.01955682005	0.01993413077	0.02423402239	0.02235117137
	0.02913069699	0.02488801065	0.01936616854	0.02054854799	0.02024868571
	0.02314142896	0.02019624572	0.01936492775	0.01963173035	0.01933009054
	0.02048851674	0.01949904147	0.01927946093	0.03524596846	0.03327024559
	0.03775936054	0.03550928343	0.02927553668	0.02683893636	0.03036095763
	0.03400379511	0.0194946701	0.01889127431	0.01924253704	0.01923006697
	0.01927562349	0.01951478832	0.01989952084	0.0193914101	0.02110377988
	0.0235018523	0.02268273373	0.02667807605	0.01986717389	0.01944571709
	0.01953660568	0.02147108338	0.01938720642	0.02002317425	0.0197439761
	0.03718437389	0.03707700466	0.03668670079	0.03764887829	0.03367390961
	0.03187770765	0.03500745805	0.03718210922	0.02655294803	0.02452387951
	0.03104345268	0.0279824784	0.01900956022	0.01877213291	0.01840164466
	0.01893340857	0.01927480126	0.01900938664	0.01955768817	0.01934229353
	0.01947540236	0.01983325602	0.01952728695	0.01938903488	0.0195701976
	0.0218111436	0.02030483604	0.01968124565	0.02048678165	0.02398222116
	0.02124351496	0.03506493288	0.03644250495	0.0342145194	0.03521891348
	0.03667534488	0.03697331958	0.03514955535	0.03502348544	0.02983126117
	0.02845691909	0.03374634833	0.03200596278	0.01812557269	0.01840246295
	0.01767119947	0.01845551401	0.02235896755	0.02347045118	0.02694283647
	0.02496734027	0.01908331582	0.01886818126	0.01853544669	0.0191123838
	0.01941585359	0.01936698447	0.01905476514	0.01932483395	0.01978526855
	0.01967184715	0.01948542577	0.02163691098	0.01999670303	0.01921921941
	0.02057619048	0.02990124238	0.03262577677	0.02823974699	0.0301700529
	0.03287068483	0.03459848683	0.03457133737	0.03324866054	0.0305336983
	0.03305359816	0.03318067544	0.03028855761	0.01727844409	0.01763183918
	0.01670744657	0.01779380733	0.02810164305	0.02435229207	0.02467388607
	0.02738155527	0.01859874235	0.01844936134	0.01827423041	0.01783110269
	0.02239231257	0.02180622171	0.02010876632	0.02018441518	0.018375037
	0.01856425065	0.01882773442	0.01887270626	0.01909796289	0.01830679486
	0.01892466679	0.01827206485	0.01836048272	0.01885809185	0.01922880051
	0.02289020873	0.02632728004	0.02093042305	0.02323519346	0.02755608596
	0.03063315574	0.02934513889	0.02698800557	0.02735842701	0.02926340717
	0.02898047594	0.03068830928	0.01624237544	0.01668346818	0.01555535768
	0.01693715632	0.02621686928	0.02338547694	0.02441141998	0.02708899182
	0.01747130627	0.01781179459	0.01745016948	0.01687118957	0.02133652512
	0.01885506184	0.01972354123	0.02183799058	0.01722784355	0.01781214303
	0.01715329581	0.01791386835	0.0162053279	0.01744619082	0.01743811003
	0.01821472703	0.01753557207	0.01592961119	0.01627067766	0.01658040578
	0.01580900273	0.01729563519	0.01715737488	0.01530798705	0.01888029567
	0.01340888661	0.01566744868	0.02054915925	0.0242781586	0.02231076338
	0.01950910138	0.02189195365	0.02490072073	0.02265887911	0.02531098708
	0.01955874305	0.02178335824	0.02374780708	0.02164502933	0.01590619663
	0.01510153572	0.0156122587	0.01435676588	0.01616279274	0.01666353011
	0.01638207263	0.01567726655	0.01578782878	0.0196668387	0.01806056036
	0.01756605213	0.01562539491	0.01522853443	0.01614184365	0.0165147124
	0.01468683594	0.01433357521	0.01586369094	0.01284101546	0.01549787594
	0.01427728424	0.01355187991	0.01488227824	0.01220370154	0.01224335268
	0.01407148646	0.01264530292	0.01185492545	0.01400318565	0.01429000089
	0.008111348385	0.01140266663	0.006497783563	0.00844100727	0.01310585324
	0.016900891	0.01474468469	0.01195075172	0.01516419849	0.01862810377
	0.01540623265	0.0183990049	0.0154879393	0.01405409517	0.01698003853
	0.01824308531	0.01481720102	0.01404649276	0.01458231949	0.01338397737
	0.01546092537	0.01124193843	0.01368258797	0.01311227203	0.01439665787
	0.01465236368	0.01522060683	0.01513989471	0.01376856111	0.01302515636
	0.01403845841	0.01473476601	0.01209872942	0.009989141281	0.008476576751
	0.0107682892	0.01299055026	0.01167073638	0.01054030463	0.01197713651
	0.007048081445	0.009529266971	0.007707490044	0.009909797227	0.01014155309
	0.007128151225	0.01093293381	0.00739204466	0.008265745407	0.009191545113
	0.00961942625	0.001903285702	0.004659019074	0.0007059196404	0.002182754604
	0.006128147572	0.009594708602	0.007590911185	0.00510184846	0.008263819194
	0.01168235906	0.008262311754	0.01116087286	0.007878392999	0.01101330095
	0.01175181931	0.008839219627	0.01001948041	0.005907583566	0.008651123329
	0.007351380421	0.0129880251	0.01391344965	0.01336584072	0.01386612759
	0.01332278845	0.01321853511	0.01371427604	0.01393612697	0.007341052037
	0.003569547677	0.004929411484	0.006075095151	0.01197483309	0.01085513425
	0.01180742237	0.01284751228	0.01035530854	0.009099960216	0.007577336535
	0.008947860278	0.005137911171	0.004521354946	0.001974468026	0.002778655101
	0.006246899888	0.007473750436	0.005820586204	0.004478849124	0.001794003331
	0.004595884359	0.001806022435	0.004352396107	0.002402857896	0.005234519039
	0.003169807555	-0.002988781931	-0.0009019854181	-0.003697953957	-0.002762280317
	0.0001647179313	0.003073005688	0.001437285836	-0.0005714399914	0.001924672859
	0.004980014408	0.001901905616	0.004435394817	0.002492399129	0.001806310926
	0.004800209812	0.005228014748	0.004173209795	0.0004108790101	0.003163432581
	0.001509485261	0.002148511702	-0.001474712484	0.00105751185	-0.0003309541133
	0.01378247312	0.01349419381	0.01352094545	0.01338584499	0.01282234834
	0.01221470267	0.01310516097	0.01248387117	0.0105886022	0.009028902994
	0.009776187962	0.01120134574	0.0001715929529	-0.002203658312	-0.003021370875
	-0.0005396470866	0.007918326449	0.004956975525	0.006875800878	0.006123699672
	0.004254798258	0.002649231042	0.001119365168	0.002829504514	-0.0008946376553
	-0.000929709714	-0.003563797305	-0.003344448992	0.001233472553	-0.0005541110692
	-0.0005648680937	-0.001727551614	-0.002753267919	-0.003245250486	0.0001634470414
	-0.006235631995	-0.006416028845	-0.005054360436	-0.006599326228	-0.004493449839
	-0.002260966449	-0.003400078849	-0.004833177394	-0.003422391393	-0.0009099649511
	-0.003292905409	-0.001278647262	-0.003663320962	-0.001026893135	-0.000704964076
	-0.003060371338	-0.003914845445	-0.001469732238	-0.004806416441	-0.002245845912
	-0.003034175315	-0.006373744712	-0.003946749386	-0.005412148419	0.01459900989
	0.01510034647	0.01395428413	0.0143726066	-0.004729973357	-0.007802268832
	-0.00543754143	-0.007032282549	0.0130035974	0.01322209041	0.01197264348
	0.01188135901	0.009922829766	0.007828487127	0.008251136748	0.01013552142
	0.003773797008	0.005967037769	0.002915127877	0.005263383583	-0.008537716817
	-0.005880827466	-0.008204397522	-0.006097023998	-0.0004188900772	0.001535041927
	0.0004324770345	-0.001632975023	-0.002184103665	-0.003614691868	-0.003631671335
	-0.005164286708	-0.006544417286	-0.0084406941	-0.005967514721	-0.005531804479
	-0.007453999692	-0.008178834028	-0.004739580478	-0.00833200328	-0.007708078029
	-0.007971870361	-0.008187240532	-0.006778428033	-0.007588832837	-0.007715157106
	-0.006208973772	-0.007547422747	-0.005670913162	-0.007131676045	-0.005718288136
	-0.007538787124	-0.008229333833	-0.006078658908	-0.005682117929	-0.006515955766
	-0.009443279993	-0.00721061964	-0.00860295812	-0.008695176225	-0.007891392187
	-0.01091203059	-0.01004068554	0.01643672507	0.0164383319	0.01780006676
	0.01541476224	-0.009399852818	-0.0122829556	-0.0100813639	-0.01154965605
	0.01390037132	0.01471443012	0.01272695658	0.01219190625	-0.01314054678
	-0.0105612344	-0.01088256623	-0.01273997684	0.01021777305	0.007486337221
	0.00749364672	0.0099288214	0.002106690013	0.004741081779	0.004470573272
	0.0016306317	-0.002811574869	-0.000505815101	-0.003664923081	-0.001221774162
	-0.01070150247	-0.01320477637	-0.0109179434	-0.01311093605	-0.005983931143
	-0.007867573063	-0.006674819118	-0.004908589891	-0.009318057303	-0.00815385948
	-0.01263322022	-0.01015812927	-0.01086564726	-0.0119541949	-0.009578258096
	-0.008744451215	-0.00884825824	-0.007836477266	-0.008623932444	-0.009458750964
	-0.008692392465	-0.008653603482	-0.008821882908	-0.009141392302	-0.009536075568
	-0.00876251325	-0.01033892463	0.01946324712	0.01921080418	0.02133131746
	0.01790777525	-0.01079258355	-0.01171327217	-0.01012351458	-0.009501539845
	-0.01235094426	-0.01071414486	-0.01328797123	-0.01147803216	-0.01400782287
	-0.01218677146	-0.01490231771	-0.01298588166	-0.01368513109	-0.016353549
	-0.01437543433	-0.01560155372	0.01589634945	0.01729197943	0.01456409945
	0.0135761077	-0.01489562808	-0.017356287	-0.01529843886	-0.0168874156
	0.01160316	0.007694447638	0.008158667877	0.01076485194	-0.01545885312
	-0.01541020785	-0.01760321867	-0.01755866029	0.001275260653	0.004419372381
	0.001230433948	0.004639825116	-0.004901304958	-0.002032514001	-0.001745458385
	-0.00443771699	-0.009815490564	-0.008988814674	-0.006877915088	-0.007562037553
	-0.01446098759	-0.01733154743	-0.01684803783	-0.01506881591	-0.01351335381
	-0.01185704711	-0.01601248372	-0.01232951044	-0.01081173413	-0.01494887723
	-0.01354121464	-0.00768916551	-0.008498488995	-0.006239399937	-0.007581330839
	-0.009729259166	-0.009697212436	-0.009033376368	-0.008556504342	-0.01175222992
	-0.01124880561	-0.01048915711	-0.01036863535	0.02307638455	0.02258340588
	0.02516564232	0.02119045553	-0.01401230822	-0.01302559933	-0.01205748321
	-0.0127474775	0.01887192866	0.02070293787	0.01738479804	0.01602361175
	-0.01502903517	-0.01390250045	-0.01619073717	-0.01486967816	-0.01664300312
	-0.01573600389	-0.01818304836	-0.01715323911	-0.01903870534	-0.01743015952
	-0.01988429959	-0.01819555103	-0.01879763619	-0.02111540698	-0.02054631981
	-0.01929854481	0.01270032935	0.008951765335	0.009899495141	0.01406250277
	-0.01958136289	-0.02164831522	-0.01968394948	-0.0214654776	0.001790110831
	0.001378455589	0.005107901994	0.005839496288	-0.02156718135	-0.01952054129
	-0.02126570538	-0.01911601738	-0.005237438265	-0.005292053985	-0.002104179966
	-0.001940070161	-0.01098737889	-0.01053589014	-0.008331817576	-0.008051687092
	-0.01337505829	-0.01271107387	-0.01458746168	-0.01540942296	-0.01980811437
	-0.0174401933	-0.02066106381	-0.01862641185	-0.0184160651	-0.01615837372
	-0.01718905247	-0.005217997551	-0.006703063825	-0.003242880295	-0.005113413022
	-0.008556670197	-0.009243226203	-0.00795128623	-0.00683904637	-0.01178015711
	-0.01196931682	-0.01000570017	-0.01053610206	-0.01337414234	-0.01507067746
	-0.01470855165	-0.01330101785	0.02666675373	0.02600445482	0.02858609023
	0.02476743432	0.0224589409	0.02444033505	0.02087674918	0.01931530896
	-0.01655920512	-0.015978367	-0.01804938951	-0.01726223171	0.01563188575
	0.01739882267	0.01263761667	0.01125144471	-0.01952127094	-0.01935951836
	-0.018398839	-0.02062546361	-0.02141112076	-0.02173100573	-0.02049148775
	-0.02275052864	-0.02360573341	-0.02279624258	-0.02215629826	-0.02432451413
	-0.02348833826	-0.02485395318	-0.02519500142	-0.02322589407	0.003327552061
	0.008051930516	0.002457930746	0.006829879794	-0.02350162148	-0.02519242588
	-0.02531034878	-0.02329279339	-0.004812589112	-0.005175015889	-0.001542748036
	-0.0009259871521	-0.0220525845	-0.02280265036	-0.02416830752	-0.02481303074
	-0.008275180709	-0.01136570306	-0.00840452506	-0.01129762773	-0.01412440555
	-0.01384401554	-0.01655197799	-0.01609539592	-0.02201837363	-0.01802519252
	-0.01966919996	-0.01868261808	-0.02100045841	-0.02049504902	-0.02323468164
	-0.001398015627	-0.003522112632	0.001071960012	-0.001286619437	-0.00598656626
	-0.007367225615	-0.005457028042	-0.003729408011	-0.01043463078	-0.0113065168
	-0.008119383621	-0.009288355502	-0.01267240778	-0.01486311975	-0.0151356006
	-0.01321532769	0.02953215736	0.02882553351	0.03090462208	0.02797547978
	-0.01688002139	-0.01880100689	-0.01857516829	-0.01689964928	0.0260628155
	0.0278132417	0.02451711872	0.02300693912	0.01926589805	0.02121054453
	0.01615369007	0.0144446277	-0.02007603972	-0.02213644117	-0.02054606043
	-0.02150919119	0.005794423799	0.009514837886	0.004493034513	0.01115860336
	-0.02390536988	-0.0248478241	-0.02357594634	-0.02275200078	-0.02596472946
	-0.02689016445	-0.02569526637	-0.02486288108	-0.02764479428	-0.02631256866
	-0.02817536593	-0.02676145209	-0.02696639487	-0.0285112836	-0.0285875697
	-0.02696147151	0.0009836605554	-0.003469594755	-0.004243188592	-6.663941624e-05
	-0.028007734	-0.02615904469	-0.02668155099	-0.02844255245	-0.007395714657
	-0.01094580473	-0.0112634934	-0.007929133777	-0.02424810276	-0.02533604147
	-0.02732531359	-0.02633482834	-0.01693671484	-0.01684927281	-0.0142051336
	-0.01410268854	-0.01914718652	-0.02115947249	-0.02349455382	-0.02162417206
	-0.02284293294	-0.01943373526	-0.0250723217	0.003685138934	0.0009711513227
	0.006597481634	0.003817180951	0.03114543699	0.03053800948	0.03177723117
	0.03019355552	-0.002073098221	-0.004119352645	-0.001616668149	0.0006940625642
	-0.007740604437	-0.009283438816	-0.004881896094	-0.006659350409	-0.01339012071
	-0.01429562533	-0.01180214599	-0.01065830705	-0.01657826749	-0.0184151221
	-0.01875976	-0.01603182973	0.02898821067	0.03015337203	0.02765322582
	0.02647314629	-0.02070539589	-0.02265442159	-0.02252764899	-0.02066326249
	0.01822483181	0.02311012878	0.02491098099	0.02006109581	0.009067965869
	0.01298554553	0.007395452393	0.01492332268	-0.02412494308	-0.02558488712
	-0.02609496148	-0.02450099411	0.003716268811	-0.001304844843	-0.002468758362
	0.002270604107	-0.02790782513	-0.02754308136	-0.02872836653	-0.02682393766
	-0.03051850162	-0.02976621653	-0.02943613925	-0.02875962024	-0.03140142108
	-0.03111599404	-0.03007899367	-0.02985610469	-0.03151372636	-0.03001668199
	-0.02973325968	-0.03129498304	-0.009743382446	-0.00572371676	-0.01043911213
	-0.006642962133	-0.03087342127	-0.02830414044	-0.03011453879	-0.02914168671
	-0.01684865776	-0.013797879	-0.01331948081	-0.01656806314	-0.02911768291
	-0.02714448536	-0.02778592194	-0.02571692834	-0.02191535746	-0.02201873729
	-0.01952837479	-0.01944768703	-0.02424845513	-0.02395793077	-0.0261837333
	0.009932747393	0.006682979977	0.01319886825	0.01007558736	0.003110899033
	0.000428136029	0.003493871918	0.006318814247	0.03142965165	0.03102858758
	0.03140943409	0.03112709272	0.03069389327	0.03112133489	0.0297100436
	0.02906545891	-0.003748129303	-0.00593497757	-0.0003550525751	-0.002691675175
	-0.01067390885	-0.01219160422	-0.009084078452	-0.007353372107	-0.01507116905
	-0.01688217536	-0.01779183161	-0.01395640445	-0.02025367389	-0.02213912127
	-0.01969008798	-0.02252720945	0.02212037921	0.02652923364	0.02784791267
	0.02381666297	-0.0245491224	-0.02642828129	-0.02638356891	-0.02446472803
	0.01897717555	0.01294063737	0.01100162122	0.01694427716	0.007155377534
	0.001606294451	0.005369999537	8.703697122e-05	-0.02796200862	-0.02976691367
	-0.02828694254	-0.02936450625	-0.008851862711	-0.007796857048	-0.003315948029
	-0.004592032594	-0.03215967644	-0.0314513174	-0.03116093475	-0.03049064921
	-0.03259897812	-0.0330722506	-0.03358554252	-0.03211010912	-0.03274301052
	-0.03398539641	-0.03276743575	-0.0339974002	-0.03333361623	-0.03239062613
	-0.03181220494	-0.03384925569	-0.01264134506	-0.01610422888	-0.01546372736
	-0.0118022778	-0.02973999896	-0.03260653916	-0.03153150124	-0.03090502547
	-0.02168980709	-0.01873604729	-0.02194356098	-0.01917651967	-0.02658067821
	-0.02853426269	-0.02824499731	-0.02428851911	-0.02435429321	-0.03020132481
	-0.02646853192	0.01721959631	0.01347098448	0.02069775014	0.0173736557
	0.009431442976	0.006184597151	0.009780586586	0.01301736518	0.001464569127
	-0.001299969486	0.005395611345	0.002534972683	0.03080615605	0.03064193094
	0.03042307466	0.03097141859	0.03107632693	0.03091113816	0.03047587511
	0.03038274902	0.02681666299	0.02554415083	0.02891636314	0.02955132369
	-0.006740664524	-0.008839118493	-0.005107184032	-0.002796088967	-0.01237251819
	-0.01419538959	-0.01566987482	-0.01069914664	-0.0176374219	-0.0187026996
	-0.02055632018	-0.02148848686	-0.02397576285	-0.02579721557	-0.02626635898
	-0.02345989919	0.02282407696	0.02096425547	0.01710436846	0.01505943984
	-0.02821177709	-0.02995355768	-0.03001838537	-0.02816768014	0.005162598909
	0.01114064241	0.009093220948	0.003334344436	-0.006551309398	-0.001844958265
	-0.00516485226	-0.0002456631952	-0.03144228227	-0.03305292477	-0.03275573933
	-0.03178357533	-0.009596758409	-0.01365590536	-0.01464075556	-0.01077348435
	-0.03510206294	-0.03447524781	-0.0343303322	-0.03367740057	-0.0360849057
	-0.03515265329	-0.03581466963	-0.03489653104	-0.03622077237	-0.03474588005
	-0.03505589142	-0.03596812224	-0.03320450127	-0.03551490159	-0.03470948966
	-0.03410197412	-0.02065504378	-0.01732195594	-0.02125748243	-0.01810976194
	-0.03047747419	-0.03198171654	-0.03226440744	-0.03365389999	-0.03059129997
	-0.02858723473	-0.02627748705	-0.02404148388	-0.02651394173	-0.02362691197
	-0.0286453296	0.02533403483	0.02118550824	0.02892348365	0.02577178479
	0.01669558257	0.01305081866	0.01707250736	0.020689894	0.007823937088
	0.004562239154	0.01225299054	0.008889377776	0.02990467175	0.02993520794
	0.02945274839	0.03026491643	0.002927836923	-0.001591776742	-0.004274759127
	7.530845544e-05	0.03050395265	0.03053873153	0.03012039818	0.03024618173
	0.02862302576	0.02795589084	0.02997163815	0.02999755485	0.02451546001
	0.02591661459	0.02113764249	0.01920985263	-0.008489783434	-0.01032786313
	-0.01242228339	-0.006327123511	-0.01602375316	-0.01787673039	-0.01455723438
	-0.01942894925	-0.02150418395	-0.02235888967	-0.02418395488	-0.02522688343
	-0.02927587981	-0.02753158585	-0.02983830275	-0.02716522131	0.009243314951
	0.01544661086	0.007163519668	0.01325734763	-0.03159328062	-0.03158105379
	-0.03318045968	-0.0333057221	0.003415607376	0.001522579082	-0.003602461531
	-0.00191533035	-0.01119019255	-0.01249744556	-0.006760086725	-0.008247012806
	-0.03452736483	-0.03592605023	-0.03484639397	-0.03566481025	-0.01635788791
	-0.01523975095	-0.01893989993	-0.01987855516	-0.03753041635	-0.03692686821
	-0.03696388552	-0.03637443554	-0.03799344628	-0.03707824345	-0.03795861751
	-0.03711099243	-0.03782011699	-0.03671267145	-0.03608856283	-0.03729858892
	-0.03391932386	-0.03541824157	-0.03652200163	-0.0351464789	-0.02303626963
	-0.02228329855	-0.02529010199	-0.0258669899	-0.03402912823	-0.03052809799
	-0.03231790812	-0.0323746548	-0.03030095223	-0.02835489661	-0.02795650407
	0.03409816196	0.02985576525	0.03820411888	0.03542769114	0.02917206765
	0.02932186013	0.02882616688	0.02952917066	0.02477955726	0.02087617228
	0.02513899054	0.02920521503	0.01530945769	0.01153536292	0.01996285558
	0.01623425673	0.004825896101	0.001416265286	0.006438053206	0.009635214955
	0.02994045865	0.02971540173	0.02933883554	0.02961668834	-0.003377930411
	-0.005253771974	-0.008127629764	-0.0009733179368	0.02963500617	0.02922787978
	0.02912086335	0.02991243657	0.02708693283	0.02785640467	0.02453800738
	0.02298734279	0.01973248975	0.01368964012	0.01144339469	0.01759795969
	-0.0121708119	-0.01413587985	-0.01639292773	-0.01051544839	-0.01859926814
	-0.01969319113	-0.0216437659	-0.02326386875	-0.02593879576	-0.02776602831
	-0.02879656925	-0.02525310888	-0.03306640302	-0.03091475369	-0.03056088384
	-0.03254320223	0.001895087423	-7.006737152e-05	0.005445718707	0.007610918305
	-0.03464819654	-0.03613413946	-0.03459400016	-0.03603911122	-0.003347044977
	-0.008119385392	-0.009724384436	-0.005118903877	-0.01395926756	-0.01253121597
	-0.01657761592	-0.01783643907	-0.03740854343	-0.03717747958	-0.03803624501
	-0.03830919774	-0.02136201144	-0.0202831977	-0.02363828909	-0.02454556369
	-0.03878477691	-0.03938592879	-0.03904035617	-0.03853031661	-0.03927844009
	-0.03837175129	-0.03950243848	-0.03871446107	-0.03771961045	-0.03878818214
	-0.03797779467	-0.03677539554	-0.03546261649	-0.03687741451	-0.03552283181
	-0.03396521325	-0.02665876549	-0.03170256747	-0.02738883717	-0.03209250654
	-0.02990387232	-0.02934291076	-0.03374108839	0.04423331793	0.03988768074
	0.05062627297	0.04640556879	0.02874531203	0.02893807144	0.02854320971
	0.02902058663	0.03384573119	0.02944221567	0.033955601	0.03834590888
	0.02907134546	0.02907853262	0.02927707829	0.02884184832	0.02400984741
	0.0193734674	0.02803713522	0.02449472582	0.01252377208	0.008040731302
	0.01406466209	0.01696826891	0.003043695652	0.0008858618164	-0.002883743267
	0.005235664405	0.02906638195	0.02908223375	0.0292758321	0.02934024481
	-0.007195589384	-0.009511550649	-0.005499589654	-0.01239302335	0.02842841531
	0.02864366809	0.02687406824	0.02590350115	0.0217123173	0.02351280809
	0.01823528233	0.01597992392	0.0122683018	0.006239623312	0.004002929047
	0.009870206915	-0.0160941533	-0.01828733995	-0.01471865568	-0.0203601585
	-0.02351621438	-0.02546324811	-0.02687746377	-0.02242895285	-0.03114196426
	-0.02947142173	-0.03202400227	-0.0286921652	-0.03586658172	-0.03357201575
	-0.03403331243	-0.03542698686	-0.00448988287	0.0006140340131	-0.006372655538
	-0.001433154744	-0.0372855713	-0.03840250819	-0.03846141263	-0.03713871069
	-0.009239820736	-0.0109565224	-0.01360594793	-0.01516701049	-0.01904604978
	-0.02257198629	-0.02134590516	-0.0176555856	-0.03929160005	-0.04012686235
	-0.03945113693	-0.0398460059	-0.02861901989	-0.02576555309	-0.0247134172
	-0.02773217522	-0.04063209203	-0.04054590028	-0.04003622109	-0.04008719241
	-0.03968363841	-0.03902945547	-0.03992789618	-0.04043725594	-0.03912191335
	-0.03680958779	-0.03807395669	-0.03800725459	-0.03485124505	-0.03658397459
	-0.03335078581	-0.0327983369	-0.03043195318	-0.03523846887	-0.03114819919
	0.06008932726	0.05277198308	0.07294791849	0.06089235835	0.02874822077
	0.02856070158	0.02874528599	0.02846525898	0.04473153268	0.03859501492
	0.044157806	0.04817080454	0.02872531863	0.02879002914	0.02883442272
	0.02861299997	0.03388425049	0.02755068347	0.03571511155	0.03384868857
	0.02880858949	0.02867167265	0.02875637723	0.02896449289	0.02458562399
	0.02101089004	0.01537530842	0.02305685779	0.0123692929	0.01056455908
	0.007646602775	0.003330469968	-0.001416554303	-0.004218408968	-0.007389997475
	0.000546673016	0.02875341193	0.0286978921	0.02804389418	0.02766086912
	-0.01176747831	-0.01418230117	-0.01652700527	-0.009907425073	0.02627342173
	0.02241800317	0.02042376919	0.02507281822	0.01109568868	0.0171824717
	0.00860191393	0.01468695678	-0.002475975973	0.005146683942	-0.0003176160722
	0.00280261203	-0.01875834651	-0.02410904372	-0.02034227678	-0.02238616339
	-0.02726708554	-0.02898266818	-0.02602821158	-0.0301954544	-0.03267768519
	-0.03179695652	-0.03486389305	-0.03408853496	-0.03668676438	-0.0381941531
	-0.03780350901	-0.03615562978	-0.007388906962	-0.005399741286	-0.01006110391
	-0.0119079259	-0.03938039448	-0.04020596413	-0.03918391378	-0.04024919673
	-0.01611762977	-0.01443056237	-0.01843873407	-0.01997143399	-0.02669032499
	-0.02350501703	-0.02548618709	-0.0221410244	-0.0408161105	-0.0409397573
	-0.04106822392	-0.04134800395	-0.03208652678	-0.02955593223	-0.03121175225
	-0.02852073457	-0.04102464239	-0.04066820907	-0.04125705445	-0.0414575209
	-0.04075112058	-0.04001511691	-0.03904854709	-0.03994081727	-0.03739235193
	-0.03881859443	-0.03619567976	-0.03778071753	-0.03359411501	-0.03430323255
	-0.03564624677	0.09709504633	0.07499125756	0.1203593528	0.09287428975
	0.02862892656	0.02851239887	0.02866156427	0.02847578442	0.05890648897
	0.04846106883	0.0581463293	0.06172066024	0.02858712215	0.02854002593
	0.02867984054	0.02863977927	0.04353015305	0.03554016629	0.0430797892
	0.04475278193	0.02851397688	0.02856924568	0.02864463592	0.02853701144
	0.02903226394	0.02349585141	0.03264744892	0.03269428242	0.02860464666
	0.02852803673	0.02838929574	0.02837280031	0.02045441102	0.01831053586
	0.01464454114	0.01061157905	0.004758365435	0.001707614935	0.007437249992
	-0.001452758388	-0.006815837648	-0.009346563926	-0.01187768911	-0.004340775624
	0.02778289506	0.02723145248	0.02563356404	0.02422137487	-0.01643737602
	-0.01857127535	-0.01434322301	-0.02056992051	0.01367107509	0.02184641158
	0.01630654853	0.01957268362	0.01029483718	0.001975433892	0.004438551506
	0.007628063365	-0.003275865226	-0.005967582129	-0.001009633312	-0.008090751911
	-0.024313828	-0.02609644782	-0.02262454082	-0.02762193398	-0.02929998612
	-0.03314358875	-0.03059000973	-0.03204185452	-0.03447427606	-0.0353831925
	-0.03651924569	-0.03723802762	-0.03879278782	-0.03962266903	-0.03824240664
	-0.03999005397	-0.01676928076	-0.01260584797	-0.01494161634	-0.01063627206
	-0.04089351454	-0.04145969113	-0.04068089198	-0.04142114292	-0.02062765554
	-0.01896187313	-0.02262304466	-0.02413586535	-0.03018476585	-0.02598406875
	-0.02733056925	-0.02899409702	-0.04173331755	-0.04195817032	-0.04168226865
	-0.0418424406	-0.03407145607	-0.03494043532	-0.03272741422	-0.03170184509
	-0.04133675052	-0.04125558424	-0.04067252314	-0.04175719669	-0.03787915371
	-0.03971005713	-0.04043687733	-0.03613922205	-0.03931840149	-0.03842942707
	-0.03684594189	0.1845343011	0.1271589969	0.2448581685	0.1727620699
	0.07764634516	0.06062906732	0.08604572011	0.09556760471	0.02853560636
	0.02859270951	0.0285289258	0.02862879488	0.02854709211	0.02853755033
	0.02864885624	0.02858270664	0.0501514997	0.04414385159	0.05316612652
	0.05644479294	0.02849074088	0.0285376313	0.02848628262	0.02847351935
	0.03575909212	0.03247813629	0.04027035347	0.04141382068	0.02842981419
	0.02841472278	0.02842034363	0.02848978867	0.02868967404	0.02540394356
	0.0219151084	0.01857596051	0.02816991724	0.02831175517	0.02748843372
	0.026807317	0.01131809336	0.008252043535	0.005087470074	0.01469563312
	-0.001192480545	-0.003873864652	-0.006594129456	0.001791125508	-0.009294332889
	-0.01182798685	-0.01410546838	-0.01635821216	0.01890499167	0.02548485
	0.02134420677	0.02386759599	-0.02065456168	-0.02254364517	-0.01856346194
	-0.02436122362	0.009846752084	0.007048011342	0.01592606654	0.01304400707
	0.001412189049	-0.003724819408	-0.001314325123	0.004008194924	-0.00629137968
	-0.008534919535	-0.01087564817	-0.01298864354	-0.026136	-0.0307391941
	-0.02780239651	-0.02932590376	-0.03212675092	-0.03339354885	-0.03560988475
	-0.03457242195	-0.03753682566	-0.03838775617	-0.03907433494	-0.03664290891
	-0.04085436963	-0.04032012709	-0.04120965195	-0.03977537034	-0.01519501442
	-0.01715302063	-0.01915953863	-0.02097314932	-0.04180610372	-0.04206713657
	-0.04159193185	-0.0420295202	-0.02765873556	-0.02283658343	-0.02448707139
	-0.0261586532	-0.03305238476	-0.03052192496	-0.02918565187	-0.0318686415
	-0.04203328777	-0.04194761647	-0.04167552201	-0.04213680984	-0.0352762727
	-0.03630749839	-0.03425492544	-0.03717529857	-0.04143409609	-0.04102032001
	-0.04004571343	-0.04062473988	-0.0387705758	-0.03949211954	-0.03806310934
	0.249123254	0.5360325669	0.02859500459	0.02859107582	0.08629915409
	0.1510531915	0.06355202439	0.05538641115	0.02856379328	0.02856687668
	0.02846041243	0.0284989718	0.04460522358	0.04069585267	0.02837516525
	0.02843082498	0.03226619615	0.02610551409	0.02804357346	0.02836968417
	0.01838797952	0.01185493689	0.02355558931	0.02678489063	0.004992325246
	-0.0008292299418	-0.01158400903	-0.006636877708	-0.02049353302	-0.01637779421
	0.01276550476	0.01872455046	-0.0277031647	-0.02437487371	0.006777807759
	0.00123340354	-0.003907813968	-0.008646754197	-0.01309931005	-0.0172177289
	-0.0307566955	-0.03334124869	-0.03563528332	-0.0375189715	-0.03910718515
	-0.04032533211	-0.04124668694	-0.04182410555	-0.02103944453	-0.02452128545
	-0.04210408675	-0.04205565424	-0.03054112516	-0.02769807897	-0.03529141218
	-0.03307932237	-0.04170881288	-0.04104128819	-0.03720002325	-0.04007387334
	-0.03878779797	-0.02904767748	-0.0317475437	0.1455793672	-0.03410954809
	0.0286462748	-0.03617893032	0.02850754889	-0.03791784376	-0.03936378892
	-0.04048300896	0.04188642572	0.02856752081	-0.04130987572	0.02915797413
	0.02181062168	0.02839923763	-0.04180932879	-0.04201739744	-0.04189200767
	0.002024294541	0.02843555317	-0.04147576876	0.028383229	-0.0407136275
	-0.03965972732	-0.01842153627	-0.02238257964	-0.03824000294	0.02819207501
	-0.0365249027	0.02754672989	-0.03441596844	-0.03200393575	-0.02916311253
	0.02529640087	-0.02600598906	0.02139443671	-0.01396151288	0.01578060333
	-0.009125914746	0.009772089691	-0.003773831315	0.008265209871	0.003983926752
	0.01504949192	-0.001374402205	0.03551009999	-0.0062521191	-0.01085817967
	0.04891935756	0.05484760642	0.07074981251	-0.01511060663	0.1089569307
	-0.01909132044	-0.02271778034	0.02856223147	-0.02605675235	0.02863272796
	0.3639975749	0.1256040775	0.1109953428	0.0285720005	0.02862685047
	0.06604557087	0.07385982798	0.04571859542	0.05111796059	0.02853887987
	0.02847749712	0.02838630088	0.02840360761	0.03250629337	0.03863477318
	0.02837516345	0.02835084411	0.01856039527	0.02505144368	0.0280667401
	0.02669980125	0.01132764515	0.005203534801	0.01875287779	0.02374915216
	-0.001052767812	-0.00640335378	-0.01612757488	-0.01161712677	-0.0204044369
	-0.02410909449	0.01287488704	0.006904215546	-0.02753695407	-0.03048032273
	-0.003739073249	0.001332261094	-0.008481699369	-0.01288373982	-0.01700023156
	-0.02078385179	-0.0331280503	-0.03535369396	-0.0388234382	-0.03727784889
	-0.04006715779	-0.04096122014	-0.04155433375	-0.04181574648	-0.02741652115
	-0.02426675272	-0.04177687009	-0.04141626762	-0.03026358043	-0.03278444682
	-0.03690128188	-0.03500319956	-0.03977703444	-0.04075541887	-0.03849793795
	-0.03367132712	0.02859824669	-0.03571739211	-0.03747419648	0.02842041647
	0.05396826176	-0.03890260204	0.04759714655	-0.04004177066	0.02847006643
	-0.04085277	-0.04137584485	0.02835360892	0.02133747269	0.01466965658
	-0.04156597822	-0.04147046772	0.02835437766	-0.04103106347	-0.04030883943
	0.02825407085	-0.0392240709	-0.0378594047	0.02747338734	-0.03610408585
	-0.02217345162	-0.03407166124	0.02556338749	-0.03160956151	-0.02887359655
	0.02150214037	-0.02565776144	0.01612387434	-0.01814917016	-0.01386442695
	0.0100469643	-0.008971680686	-0.003823953601	0.004238045486	0.001988460186
	0.008027269241	-0.001042073719	-0.005962492322	0.02820293985	0.03474783445
	-0.01049027482	0.04057594358	-0.01476097683	0.06829477594	-0.01868233779
	0.09649464869	-0.02232539182	0.02852182516	-0.02561840068	-0.02862579992
	-0.03129252731	0.1031563774	0.02868444012	0.07377469673	0.114515632
	0.02858640975	0.02850463701	0.05993258946	0.04946063695	0.03720091304
	0.04240266738	0.02843911029	0.02838706095	0.02836194897	0.02832802151
	0.03023214519	0.02437198463	0.0283139645	0.02805723962	0.01111330589
	0.0173077999	0.02695735312	0.02392417544	0.004619805304	-0.001016178571
	0.01923557598	0.01332378682	-0.006570170083	-0.01140647515	-0.02006057882
	-0.0160220083	-0.0238213807	-0.02709693974	0.007338987326	0.001805381394
	-0.03007238809	-0.03262332887	-0.007983281494	-0.003292474939	-0.01645700464
	-0.01238278072	-0.02023780595	-0.02368793521	-0.03673143459	-0.03486830301
	-0.03949419412	-0.03828904195	-0.04039583289	-0.04096398074	-0.04117449367
	-0.04123037838	-0.02966200062	-0.02683788629	-0.04014476939	-0.04081795908
	-0.03218621043	-0.03439047525	-0.03629498421	-0.03917148117	-0.03788316206
	0.02849446394	-0.0366942351	0.02833320957	-0.03814294679	-0.03926427312
	0.0452856841	-0.04010029295	0.02838330543	-0.04060567303	0.02832202651
	0.0262478621	-0.04082857268	-0.04071222441	-0.04031801747	0.02816459482
	-0.03956916672	0.02767339743	-0.003803011942	-0.03854877141	-0.03714959107
	-0.03548703989	0.0257063351	-0.01794837718	-0.03341053839	0.02210016303
	-0.03108161894	-0.02829066757	-0.02526323836	0.01665949386	-0.0217117616
	0.01069929786	-0.01358263406	-0.009042014718	0.004882509365	-0.0004641747268
	0.001542266933	0.007649452248	0.01365613802	-0.005305873122	0.02031901298
	-0.009861443267	0.03290064532	0.03736131515	-0.01406425021	-0.01800106779
	0.04943222419	0.0644735345	-0.02159004995	-0.02489844578	-0.03495928518
	0.02843548207	-0.02786444873	-0.03054694714	-0.03289581072	0.07928232056
	0.02861901421	0.05359864213	0.05684458094	0.02847125898	0.02840177473
	0.0437253015	0.03960781546	0.02828602217	0.03334520404	0.02832468059
	0.02830860191	0.02829606619	0.02826071405	0.02208237795	0.01627704985
	0.0280921507	0.02704810724	0.004248693249	0.009963959609	0.0245193011
	0.01986261104	-0.006526964752	-0.001458871336	0.008155389993	0.01413439135
	-0.01569251813	-0.0113887553	-0.02328423186	-0.01972659254	-0.02938999562
	-0.02654670694	-0.002501305809	0.002558486164	-0.03408907343	-0.0319292168
	-0.007201238006	-0.01155421254	-0.01562194717	-0.01936436811	-0.02281094043
	-0.02593208591	-0.03594407432	-0.0374473544	-0.03951449241	-0.0386475931
	-0.04008019151	-0.0403238753	-0.03989560133	-0.04026763653	-0.03126103265
	-0.02875618762	-0.03824027356	-0.03922452196	-0.03536215339	-0.03346911784
	-0.03695776148	0.02824769494	-0.03704397288	0.04815369924	-0.03818950356
	-0.03900779778	0.02825570633	-0.03954546338	0.02910784017	0.02818596709
	-0.0397494299	-0.0396781803	-0.03926129926	0.02763178963	0.00658434
	0.00126535047	-0.0385774485	0.02618016878	-0.03752888339	-0.03622461542
	-0.03452723121	0.02265815794	-0.03258913183	-0.02128045274	0.01764465024
	-0.0302179258	-0.02762662815	-0.02454826344	0.01164960103	0.005820349066
	-0.01745393892	-0.01348505046	-0.008862238913	0.000497796481	-0.004175887988
	-0.004400831384	0.01267561379	-0.008880545019	0.01815711036	-0.01309780752
	0.02433284108	0.03511523977	-0.01697275259	0.03956915425	-0.02057401304
	-0.02383378835	0.02833077606	-0.03561516944	-0.02681322517	-0.02945949977
	-0.03182386391	-0.03386121539	0.02837334437	0.05076398266	0.02848993922
	0.03998278263	0.04768113319	0.02834131155	0.02828453237	0.03025184407
	0.03482112035	0.02484793523	0.01993424481	0.02820347339	0.02819944463
	0.0280465174	0.02814682007	0.008923311227	0.01429753772	0.02733646721
	0.02495869247	0.003357630426	-0.001743953411	0.02086072495	0.01523106246
	-0.006709263367	-0.01117592527	0.003679672775	0.009274116106	-0.01916338277
	-0.01539440863	-0.02265112266	-0.02573589508	-0.03094991726	-0.02852786174
	-0.006089196244	-0.001432673758	-0.03307548813	-0.03485448078	-0.01445785735
	-0.01043675315	-0.01819248011	-0.02160298976	-0.02472097316	-0.02751959434
	-0.03633642455	-0.03748785415	-0.03887663181	-0.03834240724	-0.03903702632
	-0.03911408756	-0.03866334551	-0.03797794657	-0.03221797977	-0.03002581279
	-0.03699648239	-0.03411683734	-0.03570410178	-0.03762022491	0.02801566305
	0.03694720402	-0.03814041081	-0.03838625361	0.02776394432	-0.03829516103
	-0.03793915795	0.02639906517	-0.03723166721	-0.03627279797	0.02356127926
	-0.03494070883	0.0004289342745	-0.03337538943	0.01870834864	-0.03140582399
	-0.0130453175	-0.02922718075	-0.01705951858	0.012986059	-0.02660160041
	-0.02380003065	0.007109355389	-0.02049449428	0.001716952361	-0.008970938745
	-0.003134379675	-0.00423057136	-0.007639023544	0.005795835588	0.01072734469
	-0.01178478884	0.01632021463	0.02082695508	-0.01566432607	0.02637768231
	0.03006684776	-0.01921013479	-0.02247818312	0.02820282437	-0.03677229105
	-0.02541596222	-0.03564447028	-0.02807389302	-0.03040837554	-0.03246171069
	0.02822651566	-0.03419401399	0.02812049946	0.03916623827	0.02836001253
	0.03038841073	0.03473185716	0.02820327388	0.02813413449	0.02594152603
	0.02182712302	0.01235224891	0.01695273175	0.02803046763	0.02803483385
	0.0279256942	0.02737810182	0.002560285721	0.007367690966	0.02184068861
	0.02565759496	-0.006724111197	-0.00226565412	0.01663112953	0.01075224296
	-0.01100389338	-0.01488016677	-1.906671654e-05	0.005080709095	-0.02176437641
	-0.01851110415	-0.02738332528	-0.02474996482	-0.03175994031	-0.02973922772
	-0.008990670472	-0.0046976607	-0.03349758823	-0.03491149955	-0.01668599005
	-0.01299897935	-0.02317360098	-0.02008952948	-0.02845569181	-0.02597158069
	-0.03603860574	-0.03684937171	-0.0373704192	-0.03757932384	-0.03749645816
	-0.03710341496	-0.03641777544	-0.03542261258	-0.03253894769	-0.03065259325
	-0.03413557123	0.02757393704	-0.03667130922	0.02678444054	-0.03663431209
	-0.0362572356	0.01820437199	-0.03563042959	0.02424223637	-0.03464711748
	0.02010538738	0.004302954512	-0.03343525884	-0.03184361475	-0.004661605795
	-0.0300513234	0.01450988028	-0.02784735574	0.008737037211	-0.02547894565
	-0.02265632942	-0.01971634534	0.003296859183	-0.0162672314	-0.001611482055
	-0.01276325261	-0.008686431477	-0.006054390337	-3.023702788e-05	-0.01019536204
	0.009199557445	0.01336092146	-0.01401075175	-0.01755222939	0.02190053974
	0.02741787975	-0.02077428476	-0.02371609953	-0.03644316946	0.02802640524
	-0.02634180083	-0.02868681811	-0.03071788442	-0.03246745037	0.02800362122
	-0.03390100907	0.02790258779	-0.03505415563	-0.03588628284	0.0296005614
	0.02820723671	0.02206076707	0.02633593195	0.02800548308	0.02790943949
	0.01430186154	0.01816687191	0.005844849282	0.009975631119	0.0277829905
	0.02774968755	0.02601690668	0.0274190111	0.001521594023	-0.002649690389
	0.02302763703	0.0181736904	-0.01061593795	-0.006787285628	0.00686208432
	0.01250245126	-0.01427720876	-0.01759923581	0.001668046979	-0.002969737495
	-0.0207009184	-0.02347492195	-0.02600569269	-0.02821956266	-0.03182022679
	-0.0301757107	-0.01120358403	-0.007261906861	-0.03319608449	-0.03426312244
	-0.01823290494	-0.01487773063	-0.02131421847	-0.02408100728	-0.02656974844
	-0.02874816675	-0.03553528999	-0.03505306967	-0.03562535322	-0.0357342143
	-0.03452515471	-0.0352294368	-0.03353284485	-0.03223171687	-0.03064446222
	0.02505289058	-0.03461113523	0.01935824913	-0.03430367334	-0.03365300866
	0.02134446605	-0.03277538969	0.01637188707	-0.03153691514	-0.03010364278
	-0.0009488116947	-0.02828580903	0.0106224683	-0.008606141865	-0.02631461343
	0.005197423179	-0.02392763009	-0.02143897917	-0.01849514879	0.000255666663
	-0.01551360428	-0.004194563642	-0.01203357008	-0.004657757665	-0.008272134554
	-0.01205977016	0.003263936607	0.006907946311	0.01113647617	-0.01554949333
	0.01456681953	-0.01875935	-0.02166867279	0.02776377707	-0.03466755823
	-0.02429509772	-0.02661973346	-0.03385199031	-0.03298982431	-0.02866106231
	-0.03039661127	0.02763264989	-0.03184941569	0.0274929094	-0.03439373926
	0.02674261027	0.02150594821	0.02796414147	0.01490238687	0.0184059022
	0.02769724925	0.02756643405	0.007940919646	0.01136104758	0.0005803154624
	0.004142081556	0.02739797792	0.02722647095	0.02392179744	0.02638196147
	-0.006633573888	-0.003096041809	0.01984820915	0.01452872707	-0.01339145657
	-0.01014542137	0.003736405866	0.00891031938	-0.01932583628	-0.01650534913
	-0.005189719297	-0.0009697309694	-0.02195946874	-0.02430084109	-0.02825644207
	-0.02642525253	-0.03114329199	-0.02984815814	-0.01271883702	-0.009118670203
	-0.03218166102	-0.03291987777	-0.01606685822	-0.01910120844	-0.0218735645
	-0.02433490268	-0.02652583848	-0.02840722721	-0.03338833054	-0.03355323707
	-0.03301950519	-0.03343965036	-0.03130492014	-0.03231655223	-0.03001080437
	-0.03141037562	0.01815274127	-0.03050244366	-0.0294017985	0.01288568007
	0.005344510321	-0.02793554874	0.001712651098	-0.02632450382	0.00738597387
	-0.02432407766	-0.02223900384	0.002454870845	-0.01973482751	-0.01721953227
	-0.002013526151	-0.01425545314	-0.01137307352	-0.006044213583	-0.008028053188
	-0.004925561913	-0.009779484563	-0.0013561667	-0.01322356349	0.00841194784
	-0.01640103285	0.01257140692	-0.01929187704	0.02735912109	-0.03197134768
	-0.02190362897	-0.03230309659	-0.02422704114	-0.02626125969	-0.02800755403
	0.02704167817	-0.02945383382	-0.03061612999	0.02678144814	-0.03146771748
	-0.03204553262	0.02534941837	-0.03230223203	0.02269521571	0.01440364402
	0.02755635959	0.008923057539	0.01180133047	0.02721290394	0.02707862994
	0.005837986782	0.002903033006	-0.0003706944554	-0.003343996269	0.02681806823
	0.02634152415	0.02136643099	0.02472876749	-0.006418163053	-0.009365504624
	0.0166564004	0.01133995964	-0.01505800046	-0.01232771815	0.006075271467
	0.001419912296	-0.01769969937	-0.02008126837	-0.006673134253	-0.002843295415
	-0.02426913869	-0.0223095685	-0.0275192191	-0.02603365125	-0.02974967587
	-0.02877860652	-0.01353377151	-0.01026149394	-0.03047130709	-0.03089658586
	-0.01657245842	-0.0193024351	-0.02178103832	-0.02394948286	-0.02744422314
	-0.02585246984	-0.03105606757	-0.03091262975	-0.0297665913	-0.03049359081
	-0.02876082778	0.01514043411	-0.02682701636	0.01001670089	-0.025540811
	-0.02388112284	-0.02215055676	0.004948937952	-0.02002172894	0.0005345829925
	-0.01791027699	-0.007592855632	-0.01537668609	-0.01297235911	-0.003510737716
	-0.01013555982	-0.00715780191	-0.004590719416	-0.002105125108	-0.01057167436
	0.0009989345306	-0.01369203096	0.003594436981	0.00717960101	-0.01657605103
	-0.01916595732	-0.02797175407	0.02677612811	-0.02149494771	-0.02352753177
	-0.02961805264	-0.02527905145	-0.02673726423	0.02621870954	-0.02789759098
	0.02568505775	-0.02877462168	-0.02934009683	-0.02964094136	0.02345522664
	0.02007836216	-0.02935914218	-0.02876331324	0.008430503696	0.02691832817
	0.00430747238	0.0064226907	0.02653977965	0.02642509679	0.001749204567
	-0.0006732784414	-0.005888795216	-0.003470047879	0.02599433143	0.02504274705
	0.01878264972	0.02265710167	-0.01086336261	-0.008432538629	0.00887922749
	0.01389094777	-0.01336197629	-0.0156549738	0.00409041324	-8.089374906e-05
	-0.01790189188	-0.01991145419	-0.007418955322	-0.003945385733	-0.02179475442
	-0.02342186034	-0.02604158536	-0.02486773403	-0.02699539643	-0.02766391626
	-0.01069419631	-0.01366101968	-0.02820938763	-0.02808474365	-0.01885636924
	-0.01641290024	-0.02105530395	-0.0229410701	-0.02456229946	-0.02586913712
	-0.02762225685	-0.02806836062	-0.02690144996	0.007973062044	-0.0226470135
	-0.02122452944	-0.01941296921	0.003372311199	-0.01764176545	-0.0005543158318
	-0.004474340611	-0.01545681275	-0.0134522243	-0.01102033466	-0.004240106124
	-0.008964608114	-0.0075370397	-0.006430677778	-0.001807689862	-0.01066256552
	0.0002847287152	-0.01348474915	0.003294393939	-0.0160971463	0.02599379108
	-0.02400444765	-0.01840475072	-0.02046148941	-0.02584333127	-0.02634477574
	-0.02221273425	-0.02368390747	0.02516263046	-0.02485839223	0.02422366977
	-0.02573227038	-0.02632844877	-0.02660884258	0.02136812525	-0.02664159121
	0.01763386772	-0.02499651415	0.01270038656	0.003773241863	0.02605565387
	0.001214215467	0.00249502828	0.02569978795	0.0255742259	-0.002700573505
	-0.0007597678193	-0.007063690807	-0.005114796999	0.02490182231	0.02346582488
	0.0205722924	0.01660104802	-0.009177294981	-0.01118630741	0.01185647771
	0.007299076822	-0.01331228206	-0.01525135591	0.002983258375	-0.0007672025581
	-0.01888101432	-0.01717922247	-0.004280820089	-0.007446646517	-0.02180969407
	-0.02047156637	-0.02386062646	-0.02297041516	-0.02491088575	-0.02452858353
	-0.01313101711	-0.01043763471	-0.02504112612	-0.02487285813	-0.01778876669
	-0.01561473439	-0.01971545388	-0.02132443812	-0.02266428055	-0.02443484137
	-0.02368749573	-0.01649006454	0.002684948341	0.001030687794	-0.01458318921
	-0.0128968656	-0.003015632183	-0.0008301706998	-0.0107668517	-0.00910310939
	-0.004217849709	-0.006915819769	-0.00537861598	-0.007211684127	-0.001403621257
	-0.01008519213	-0.01263650808	0.02502129286	-0.01798029645	-0.01499523583
	-0.01952189128	-0.01703353169	-0.01882098096	-0.02029448326	0.02390373446
	-0.02148121865	-0.02304621207	-0.02327047743	-0.02237304083	0.02264178526
	-0.02295620357	-0.0232756031	0.0195035015	0.01576685314	-0.02248110981
	-0.02175920718	0.01111084673	-0.02067556965	0.006852719241	0.0006053451777
	0.02498203398	-0.0002353890511	0.0001434535628	0.0246948814	0.02456611051
	-0.003134476297	-0.001599238485	-0.006927811409	-0.005313073075	0.02365552908
	0.02195963393	0.01516787176	0.01893486133	-0.01043315114	-0.008738378935
	0.006664340554	0.01075589971	-0.01227561391	-0.01394265694	-0.0006616669053
	0.002748234508	-0.01706489617	-0.01561693778	-0.006799129081	-0.003888199093
	-0.01840240615	-0.01948619874	-0.02101229383	-0.02038533892	-0.02151277585
	-0.02140635714	-0.009536038667	-0.01198561498	-0.02089745865	-0.02135617983
	-0.01420980423	-0.01612500451	-0.01777587995	-0.01910812227	-0.02015981488
	0.002873123799	-0.009502144445	-0.000341805429	-0.008116159826	-0.006135221291
	-0.004848828494	-0.003489688162	-0.002616069741	-0.006241919173	-0.001411289294
	0.0004543103644	-0.008887704071	-0.01119361534	-0.01141901809	0.02397421513
	-0.01330128141	-0.01507459829	-0.01580299517	-0.0165839211	-0.01777624704
	0.02266347611	-0.01866774094	-0.01884770318	0.02135278666	-0.01927492642
	-0.01956015522	-0.01960714791	0.01828330666	-0.01931504893	0.01479417941
	-0.01802001446	-0.01710652317	0.01053224051	0.006688633821	-0.01454481519
	-0.01286186103	-0.0009448712253	0.02376674991	-7.002817068e-06	-0.0005377689536
	0.02362598784	0.02358711178	-0.0007484168604	-0.001992408101	-0.005584155268
	-0.004120451382	0.02258934784	0.02096234234	0.01813881405	0.01471707085
	-0.007240104538	-0.008737574209	0.01069491987	0.006967591582	-0.01184231945
	-0.01037676596	0.0001723405415	0.003346701944	-0.01454117282	-0.01330800685
	-0.005542035474	-0.002836420558	-0.01650349045	-0.0156509049	-0.01752943728
	-0.01715362975	-0.01765367239	-0.01748847974	-0.008048575622	-0.01026867454
	-0.01629034483	-0.01704130063	-0.01222884646	-0.01388209313	-0.01524249272
	0.0008311501724	-0.004219666414	0.001531888906	-0.002962574256	-0.0006734090551
	-0.002136157592	0.0002184382142	-0.004702301073	-0.007127091433	0.02311982994
	-0.006143105273	-0.009200266706	-0.01103902013	-0.009147615601	-0.01040913595
	-0.01254072403	-0.01375001149	0.02187297693	-0.01465185803	-0.01404119584
	0.02078251251	-0.01523191361	-0.01555100913	-0.01553007849	0.01805251041
	-0.01531080617	0.01489556842	-0.01473107445	-0.01296048673	0.01101545912
	-0.01190174132	0.007449045396	-0.007379214772	0.003868302069	-0.0008263717957
	0.02266273666	0.001793714474	0.0004414343512	0.02277980942	0.0229685389
	0.0006116859403	0.001683073709	-0.001634324531	-0.003155614694	0.02215194797
	0.02085349199	0.01534864777	0.0184315958	-0.006252189954	-0.004823874901
	0.01166650059	0.008134949301	-0.009067467664	-0.007751679528	0.00163522718
	0.004692304797	-0.01138806164	-0.01034592399	-0.001212016924	-0.003751007939
	-0.01291242067	-0.01228045141	-0.01331642347	-0.01344583485	-0.01329679173
	-0.01285991559	-0.00801567359	-0.006030881335	-0.01211182977	-0.01106413054
	-0.009691605119	0.003271451826	-0.0002490542978	0.004041878373	-0.002660328723
	0.02283536621	0.002630370789	-0.004852612447	0.0001531476147	-0.006682761837
	-0.00822019821	-0.009431147896	0.02198580744	-0.01031210918	-0.006207975431
	-0.007338355226	-0.01091080098	0.02122931801	-0.009528481524	-0.01116330412
	-0.01119312778	0.0189866073	-0.01086118023	-0.01038916312	0.01608363331
	-0.008652713778	0.01250069261	0.009024877758	-0.00454024812	-0.003315499645
	0.005559011412	-0.001310932801	0.002584239409	0.0008874773784	0.0220805102
	0.004863277474	0.002887220434	0.02255817142	0.02308384008	0.005360724327
	0.004417864903	0.002010151978	0.0002491814142	0.02270385536	0.02182510388
	0.01985214495	0.01699658081	-0.001605822948	-0.003098007351	0.01354067622
	0.01003185487	-0.004509052954	-0.005720163257	0.003623857033	0.006659052828
	-0.007682397797	-0.006817642802	-0.001479674766	0.0009062281293	-0.008355127556
	-0.00876926269	-0.008806085357	-0.008924166175	-0.007662666047	-0.008377262657
	-0.003514520294	-0.006600226228	-0.005238903733	0.002118440375	-0.0001432623615
	0.02345559197	-0.002073157478	-0.003633286713	0.006920063252	-0.004835542922
	-0.005731105867	0.02325084461	-0.00626231381	0.0002995401854	0.02274772285
	-0.006547633355	-0.006465192931	-0.006211296996	0.02100293323	-0.005570905169
	0.01817954354	-0.004866263232	-0.003722788453	-0.002674148014	0.0148036662
	-0.001056545187	0.01123963307	0.002489606031	0.004302658003	0.007823436868
	0.004823217143	0.00729118519	0.007509808838	0.003935082885	0.02243423533
	0.006354481348	0.00866910439	0.02330293065	0.02416313205	0.008958187308
	0.009656351049	0.004545954321	0.00658923671	0.02377136534	0.024330302
	0.01939118781	0.02216668709	0.000728398649	0.002388830431	0.0160620725
	0.0124785324	-0.001835936109	-0.0006629575638	0.009124027486	0.00608661748
	-0.002764639692	-0.003472669355	0.001292518062	0.003500350847	-0.004122547809
	-0.003922398	-0.004022956199	-0.003647484604	-0.002924588898	-0.001897481335
	-0.000472493357	0.02507007642	0.002921186324	0.0112714309	0.001305644372
	3.394774178e-05	-0.0008022124709	0.02553750934	0.009145809903	-0.001373060961
	0.02504891708	-0.001537173121	-0.001507569771	-0.001070961342	0.001517152719
	0.02368600437	-0.000519591121	0.02078657581	0.0004901677426	0.003144405077
	0.0175934286	0.004727446338	0.01387817834	0.007100522638	0.0115592082
	0.01056904696	0.01156780716	0.007527074904	0.005020561694	0.007812248587
	0.02394242708	0.01252024825	0.01019603181	0.02509348911	0.02610864168
	0.01351591037	0.0137434857	0.01163223962	0.009573771742	0.02621155338
	0.02670843686	0.02481425174	0.02202837494	0.007217951509	0.005407219616
	0.01884126792	0.01525667433	0.002740423201	0.003941201873	0.01201002066
	0.009072247823	0.001346532971	0.001937353196	0.006683147875	0.004727692849
	0.001108747119	0.001122874567	0.001493941976	0.002175241769	0.003261406651
	0.00557274676	0.00460381151	0.01468739161	0.02824610433	0.004190882342
	0.01573185765	0.003955002879	0.02746045101	0.004225015682	0.004628214091
	0.02627395376	0.005555062879	0.006594420878	0.02328563857	0.008222844705
	0.00994979841	0.02036540875	0.01222083363	0.01404544547	0.01669361635
	0.01531460998	0.0137146806	0.01078615809	0.02736147729	0.00865071754
	0.006778037055	0.02643801531	0.01181534281	0.01578611961	0.01377054432
	0.02839864363	0.02758646473	0.01727290452	0.01694737442	0.01477076086
	0.01628599446	0.0290790741	0.02832127264	0.02419990941	0.02694795727
	0.01269633748	0.01102017588	0.02134043488	0.0180576277	0.009510375774
	0.008358842935	0.01523376499	0.01266481668	0.007161171367	0.007633167077
	0.01069029866	0.009121406763	0.007375176036	0.007128155075	0.00807143119
	0.01104913022	0.01052671977	0.03040218772	0.01060285019	0.0290646005
	0.0187881134	0.01084188817	0.01159617498	0.01255281431	0.02784188776
	0.01391082687	0.02494467562	0.01540458339	0.01699838294	0.01808268241
	0.02248255524	0.019335193	0.01805801345	0.017371332	0.017019811
	0.01463824504	0.02957923223	0.01311692009	0.01172278491	0.01527334834
	0.02926365591	0.01815227188	0.01668396331	0.03018176223	0.02998787081
	0.01975117328	0.01911390962	0.01962570363	0.01899561694	0.03045565256
	0.02922425185	0.02522883368	0.02773969659	0.01672025001	0.01779314826
	0.02041127292	0.02295697778	0.01473025453	0.01554481547	0.01845438392
	0.01663734031	0.01417058599	0.01390651188	0.01449057579	0.01544493936
	0.01407335699	0.03106773386	0.01715695508	0.01927135757	0.02913610487
	0.01750152664	0.01816694023	0.01885153344	0.02780251231	0.01969561301
	0.02527231747	0.0203379874	0.02060488784	0.02063715868	0.02345996623
	0.01984537839	0.02129399828	0.0198920522	0.03078232214	0.01852252016
	0.01776324548	0.017194978	0.01703428223	0.01785737528	0.03139069075
	0.01972430144	0.01882530534	0.03129162934	0.03065423079	0.02110161388
	0.0205162297	0.02141017812	0.02137091568	0.02855156498	0.03016943498
	0.02495922147	0.02695557532	0.02106572645	0.0206833236	0.02338317997
	0.02187363869	0.0201776126	0.01982333633	0.0208940566	0.02007681991
	0.0195645558	0.01970233494	0.01948683486	0.02773174815	0.02165522739
	0.0218660458	0.02641043506	0.0219619019	0.02179018917	0.02448940773
	0.02162776022	0.02099419805	0.02338797922	0.02055150906	0.02223817055
	0.03039363549	0.02148684069	0.02120136296	0.02167861552	0.02124122261
	0.02108339958	0.02112932746	0.02993831999	0.01965486878	0.03188691061
	0.02079466889	0.02030400905	0.03084344292	0.02959901249	0.02143478824
	0.02178996419	0.02225699717	0.02215454245	0.02678206455	0.02843383177
	0.02398434738	0.02527618004	0.02229008381	0.02237101018	0.02301730703
	0.02243141723	0.02220424967	0.02208142049	0.02197736371	0.02207325654
	0.02197225224	0.02253171721	0.02227685579	0.02462154286	0.02212313532
	0.0234323275	0.02173752019	0.0214020668	0.02290666504	0.02245463604
	0.02867928678	0.02252763266	0.022399495	0.02233919251	0.02246409203
	0.0224896526	0.02764722557	0.02260803949	0.02572023151	0.02089012568
	0.03052217216	0.02154476341	0.02129617994	0.02895885061	0.02758848015
	0.02217267421	0.02199775141	0.02244717066	0.02254422929	0.02619161435
	0.02489544425	0.02309083004	0.02373138596	0.02266373681	0.02264954233
	0.02260494331	0.02251854596	0.02260950355	0.0225531071	0.02245212056
	0.02331497197	0.02217501915	0.022747695	0.02195069004	0.02258813274
	0.02650361503	0.02247641197	0.02251016714	0.02260105059	0.02259015858
	0.02273484249	0.0253359739	0.02265473884	0.02406550461	0.02268909611
	0.02239716531	0.02169414193	0.02802157033	0.02205354206	0.02190342086
	0.02658342927	0.02556665409	0.02231315501	0.02243078938	0.02264744602
	0.02258849162	0.02440313554	0.02360306463	0.02265124548	0.02286989456
	0.02267451242	0.02265773753	0.02247362513	0.02257455079	0.02254830525
	0.02255952067	0.02472578879	0.02229348351	0.0225343584	0.02256435226
	0.02256782683	0.02265457332	0.02266629611	0.02377256612	0.02270487468
	0.02263477125	0.02317778652	0.02243779207	0.02272329627	0.02216268224
	0.02554490628	0.0222731154	0.02237434285	0.02465709127	0.02414873779
	0.02259703989	0.0225132262	0.0226874634	0.02266362029	0.02303479681
	0.02341916376	0.02264425012	0.02261514111	0.02265840831	0.0226400119
	0.02255934878	0.02367082857	0.02263585527	0.02269617098	0.02270760355
	0.02271351792	0.02303952363	0.02267162017	0.02291741608	0.02261036618
	0.02251068521	0.02263666729	0.02266371334	0.02244009244	0.02384970216
	0.02257732984	0.02250208125	0.02352275383	0.02340484898	0.02265723337
	0.02271541535	0.0227551145	0.02273648846	0.02305365014	0.02292475703
	0.02273998308	0.02272025373	0.02275524207	0.02276396659	0.0228080155
	0.02266452487	0.02276025897	0.02282395701	0.02274183694	0.02293454236
	0.02274181914	0.02319756175	0.02282695255	0.02261452256	0.02302106589
	0.02273077035	0.02266075868	0.02303709126	0.02310088957	0.02283706103
	0.02278805956	0.0228883566	0.02285096824	0.02297640261	0.0229597834
	0.02288474129	0.02287320574	0.02281192176	0.0227894387	0.02299283718
	0.02303501052	0.02283988468	0.02293798485	0.02284417506	0.02276035939
	0.02275867849	0.02286753092	0.022814741	0.02290517015	0.02300307952
	0.02295397689	0.02292378033	0.02297629758	0.02298329994	0.02299544479
	0.02284740594	0.0230260673	0.02299851377	0.02288689662	0.02299740245
	0.02287773126	0.0229260126	0.02274645072	0.02297028199	0.02297527302
	0.02290956255	0.02298354838	0.02301985323	0.02301237455	0.02300695994
	0.02300540205	0.02305204678	0.02290768691	0.02287271414	0.0228019913
	0.02306875679	0.02302632832	0.02305531038	0.02293444811	0.02302465469
	0.0230013105	0.02301883952	0.02288561782	0.022853255	0.02310143495
	0.02300742229	0.023043679	0.02296196306	0.0226005728	0.02282967478
	0.02300646039	
