5400	
	0.05007088542	0.03179179032	0.06452338011	0.05007094176	0.06894475385
	0.03312275689	0.01808505443	0.074575692	0.0985922715	0.03548593798
	0.03717176413	0.03678589873	0.09612542697	0.1179532968	0.1205777044
	0.08655330209	0.07578660467	0.07860212905	0.1947397893	0.1596444845
	0.1626094119	0.1446870296	0.1708090427	0.1212450813	0.2900873271
	0.2015434566	0.2185207725	0.2059916474	0.2655631895	0.1621854193
	0.3877377123	0.2462770961	0.2829518631	0.2729879378	0.3626001653
	0.2036605961	0.4918325212	0.29218323	0.3545619593	0.3466985107
	0.4668527566	0.248085185	0.5956682263	0.3319186629	0.4282434188
	0.4217160073	0.5735973779	0.2935704721	0.6809256956	0.3536766898
	0.4929045451	0.4853589334	0.6658831607	0.332766978	0.7216737138
	0.3444444519	0.533921101	0.5202284981	0.7179269901	0.3540392215
	0.6909248309	0.2964446999	0.5384353754	0.5090970822	0.7017447043
	0.3446505491	0.5695226659	0.2213041704	0.502916808	0.4426030158
	0.5963922505	0.2972754666	0.3558603332	0.1864321471	0.4420392062
	0.3322155917	0.3983064156	0.2245465397	0.08403271408	0.2664397586
	0.3944025204	0.2436255207	0.1361521493	0.1939934692	0.2624588118
	0.3827148425	0.4033483147	0.2987339286	0.2088871685	0.2745235697
	0.5541262797	0.4581154516	0.4669133025	0.4404290819	0.493765077
	0.3896166806	0.7668759878	0.4581998947	0.5497875413	0.5567308775
	0.7099608756	0.4637659693	0.8562626108	0.3867231117	0.6318490482
	0.6036671402	0.8109765894	0.4624273425	0.8059464616	0.3077450717
	0.7083666065	0.5840086024	0.7800111726	0.3892377017	0.633392509
	0.3385251365	0.7685698097	0.544369804	0.6321978708	0.3085923987
	0.3905824332	0.4557478877	0.7890136957	0.547068071	0.4132750276
	0.3394137963	0.1857305579	0.5468854002	0.7491401037	0.5948469695
	0.2062635159	0.4580996649	0.2379722295	0.5621693403	0.6502632392
	0.6282091866	0.1940749558	0.5504495592	0.3685365338	0.5031848715
	0.5201198305	0.6025879295	0.3101502753	0.5661117661	0.432903393
	0.399084035	0.3992667984	0.5176968579	0.3823419637	0.5065616965
	0.4267129323	0.2848210102	0.3159300487	0.403621257	0.3926190194
	0.4011996018	0.3694576636	0.1857163829	0.2667500518	0.2951193499
	0.3546068631	0.2855318793	0.2775758874	0.1142106724	0.2259144347
	0.209503766	0.2843485774	0.1858505293	0.1499498555	0.06497171393
	0.1578150556	0.1457444993	0.1909874662	0.1200968384	0.03043058828
	0.0001444131153	0.03043058828	0.1094389098	0.1098196188	0.09211842535
	0.03836117364	0.03941357054	0.03985983732	0.01610473954	0.1069799971
	0.07969596747	0.09168635033	0.05625960931	0.07994178028	0.08929094186
	0.08179619756	0.04932094378	0.1721720996	0.09421041521	0.1372233672
	0.1499976274	0.1578214595	0.06750513816	0.2507734232	0.132410618
	0.1922643106	0.2031203352	0.2352944598	0.1023877481	0.3348645186
	0.1692635876	0.2527793125	0.2616981171	0.3169390975	0.1388761905
	0.4221178986	0.2027853836	0.317543469	0.3248256756	0.403178447
	0.1746617563	0.499717384	0.2268727966	0.3771898111	0.3812802279
	0.4837919624	0.2066356946	0.545811823	0.2321404184	0.4161557934
	0.4134804209	0.5377630599	0.2287407447	0.5367220635	0.2103342972
	0.4188598327	0.4049575403	0.5403212992	0.232595542	0.4578348086
	0.1622550354	0.3783496219	0.3494145143	0.4744553234	0.2112440451
	0.3140684065	0.1119839565	0.3057720577	0.2607330417	0.3425544884
	0.1672251703	0.1366772062	0.1174171019	0.2383159406	0.1879570648
	0.1748519187	0.1266813644	0.09010908914	0.166371885	0.2252185585
	0.2016705513	0.09216942624	0.1376833855	0.2250434286	0.1994893995
	0.2585806587	0.2656621157	0.2040366905	0.1836783202	0.3152283369
	0.1946021408	0.2897685903	0.3105232181	0.294245256	0.2142911254
	0.3472213256	0.1533616329	0.3004558294	0.3148118128	0.3310984256
	0.2086350444	0.3333509284	0.1033601952	0.3028211367	0.2846521553
	0.3259759937	0.1687927203	0.2921800809	0.1209071175	0.3210834349
	0.2463915328	0.2981324096	0.1220719783	0.2380137346	0.2038658327
	0.3667288658	0.2438339295	0.2607253136	0.134380432	0.1776760721
	0.2916327751	0.4270103407	0.2986557952	0.215903239	0.2104968105
	0.1168649244	0.3595315219	0.4787482294	0.380828394	0.1625578035
	0.2957840859	0.07520228426	0.395855138	0.5018369458	0.4527135246
	0.1105303325	0.3634227489	0.08596370036	0.395426646	0.4842273161
	0.4896188012	0.09270929789	0.4006773721	0.1207080027	0.3591219903
	0.424418594	0.4796476829	0.119099099	0.4016956123	0.1466565555
	0.2944746831	0.3330875532	0.4235800713	0.147733283	0.3665902945
	0.1558379637	0.2150227971	0.2311880913	0.3339309701	0.1570530778
	0.3020553458	0.146529767	0.1364979777	0.1422303815	0.2307604637
	0.1450635682	0.2214396232	0.1195846203	0.07315884543	0.08444319053
	0.1360571654	0.117543328	0.1428922306	0.09950660099	0.05170909021
	0.09010513009	0.09896727076	0.09573673495	0.09405376773	0.15993732
	0.06570827139	0.156067215	0.1919687953	0.1405876882	0.1143783434
	0.09957670265	0.08667635367	0.08699391941	0.1136282525	0.1290089525
	0.1269705167	0.1719674083	0.07447893972	0.1608474317	0.1806860649
	0.1562317196	0.07879943081	0.2451321649	0.09651063494	0.2128495546
	0.2312570659	0.231688285	0.08347989287	0.3107151025	0.1228390007
	0.2609309768	0.2759585036	0.2974973789	0.1077979558	0.3748911333
	0.1447824327	0.3124317039	0.3232300566	0.3614641574	0.1323334741
	0.4256887328	0.1564465128	0.3577377715	0.3612261373	0.4160664149
	0.1512025648	0.4379968695	0.1499460914	0.3764321583	0.3674740385
	0.4381734508	0.1582962379	0.3889472575	0.1229948392	0.3517808011
	0.3259332608	0.402896387	0.1487456956	0.2759710366	0.09277819999
	0.2872788992	0.2446438713	0.3034077645	0.1249022936	0.1271182286
	0.100897395	0.2194476272	0.1721617022	0.1648169359	0.10687371
	0.06686616887	0.140192996	0.2063560588	0.1817179938	0.08098113192
	0.123044	0.1642115566	0.1710446015	0.2421437081	0.2373536211
	0.1530150216	0.1587508867	0.2224199856	0.1793752865	0.2728346488
	0.2752904692	0.2117242785	0.1840475962	0.2367310715	0.1672825437
	0.2785453227	0.2835236923	0.2282882342	0.1877932075	0.2287480519
	0.1428356682	0.2637356719	0.2701510887	0.2217645312	0.1727649636
	0.2198181074	0.1156703832	0.2381890871	0.245006391	0.2161136387
	0.1479052643	0.2180617164	0.09984661242	0.2117274636	0.2137960051
	0.2238803221	0.1247599774	0.2167497926	0.1136452608	0.1995189832
	0.1821789701	0.2396271092	0.1180372228	0.203815967	0.1556132879
	0.2217794197	0.169267212	0.247554491	0.1380484514	0.1723544122
	0.2067302057	0.2789394123	0.205091604	0.232735164	0.177676742
	0.129690239	0.2497640458	0.345583577	0.2817992935	0.1910969851
	0.222174789	0.107479605	0.2735955048	0.393784837	0.360980165
	0.14229545	0.2593615313	0.1296856524	0.2749375449	0.4063225309
	0.4102721054	0.1349179583	0.2813401808	0.1600158208	0.2564469997
	0.3790907095	0.414152876	0.1717197867	0.2848552468	0.1673993464
	0.2219803236	0.3182191863	0.3746928716	0.201634007	0.269845477
	0.1455004625	0.1748711924	0.2358375991	0.3045132326	0.2010564047
	0.237243799	0.1019278499	0.1207810362	0.1459082827	0.2179115308
	0.1702070027	0.1901350537	0.05513601906	0.07188536532	0.06685529489
	0.1309030911	0.1251119712	0.1401692473	0.07733667673	0.062570427
	0.1046014077	0.1127860295	0.10964081	0.1185106691	0.207655055
	0.1091720014	0.2620683664	0.258101519	0.190277824	0.165009093
	0.1875994457	0.1349821754	0.2161823171	0.2555616339	0.1858447459
	0.1622575157	0.2414910177	0.098967683	0.2472690178	0.2661153859
	0.2280543757	0.10287884	0.2954952798	0.1034227465	0.2805790361
	0.2936057693	0.2836804393	0.1012694084	0.3417225166	0.1158019616
	0.3181250045	0.3249352568	0.3312139113	0.1148204447	0.3719135153
	0.1213644312	0.3512192147	0.3490444056	0.366583581	0.1240309551
	0.36169095	0.1143161994	0.3565697566	0.3395072491	0.3678777207
	0.1216790416	0.2893378104	0.1003283686	0.315349337	0.2782345999
	0.3116802294	0.1088385264	0.1602242934	0.10671379	0.2419532734
	0.18653366	0.1989600116	0.1027269278	0.04779030971	0.1450796916
	0.2009052778	0.1532413645	0.08900695752	0.12481626	0.1499972518
	0.1905994296	0.2363524358	0.2147422092	0.141667198	0.1659806765
	0.2383450952	0.2271316877	0.2914034138	0.2783840775	0.2283728504
	0.2054762567	0.2827988589	0.2536651976	0.3284583715	0.3151150656
	0.2777595172	0.2347709243	0.2972537521	0.2743012214	0.3483349208
	0.3324376764	0.2969026668	0.2557640399	0.2951904256	0.2906653981
	0.358784807	0.3413174732	0.2979052975	0.2729695715	0.2829286691
	0.2999081183	0.361671439	0.3471175614	0.2863577688	0.2876003448
	0.2637946283	0.2964660126	0.3527030097	0.3492274806	0.2647914673
	0.2965275753	0.2438860752	0.2746084474	0.3243126993	0.341926089
	0.240388798	0.2946123608	0.2317033552	0.2312169193	0.2691298974
	0.3150251299	0.2287788609	0.2777875269	0.2287507291	0.1715507105
	0.1901033167	0.2569697256	0.2416096725	0.246113936	0.2241969126
	0.1257329594	0.1429959469	0.1674560075	0.2643365088	0.2073274696
	0.2099063802	0.1458261205	0.2207049366	0.1217968364	0.2667083147
	0.1798978103	0.201731846	0.1990229679	0.3341249019	0.230739349
	0.2390390582	0.1843448276	0.2257562322	0.232326445	0.4036254711
	0.3548148839	0.2221042175	0.2145647679	0.2671724225	0.2348331963
	0.4065950878	0.4168044166	0.2603557443	0.2437325629	0.2889743308
	0.2162723264	0.3539350099	0.4015385514	0.3106321273	0.2541481551
	0.2728763807	0.1862885509	0.2702157962	0.3303816427	0.3232096252
	0.2423396703	0.2222706343	0.149088606	0.1764945086	0.2344124899
	0.290601931	0.2132410568	0.1570082187	0.1143521373	0.09361613027
	0.1381117977	0.2321176685	0.180433562	0.1282550798	0.1096604521
	0.1280872724	0.1218598461	0.1917157491	0.1740195574	0.2090067919
	0.1644011056	0.2928935866	0.2682099554	0.2339599764	0.2232562602
	0.2832165508	0.1707223813	0.3503539666	0.3949444698	0.2926577685
	0.176577586	0.2882393287	0.1165872416	0.3147106205	0.3272954559
	0.2858573856	0.1158904652	0.3125425077	0.1079671282	0.3237730039
	0.3257461607	0.3048220616	0.1119178878	0.3300971636	0.1104107339
	0.3437999817	0.3354996974	0.3251418374	0.1142003572	0.3126831925
	0.110406526	0.3431854672	0.3202443334	0.3193415631	0.1093439186
	0.2368563323	0.1120440565	0.2966613354	0.2536347263	0.2610995356
	0.1009478586	0.117316612	0.1340471133	0.2208937493	0.1593037037
	0.157721898	0.113209677	0.113744577	0.17922725	0.2021832045
	0.1589435216	0.1208806503	0.1536809492	0.2347377616	0.2304264105
	0.2675717225	0.2494593839	0.2205539741	0.2020164706	0.3325814482
	0.2779179532	0.3402059796	0.3270669407	0.3198330101	0.2456876577
	0.4004440217	0.3223712201	0.3940682011	0.3781834813	0.3932881549
	0.2845380391	0.4474562058	0.3659475512	0.4337923896	0.4123274009
	0.4468675337	0.3231124583	0.4753479991	0.4075285794	0.4643006337
	0.4365893442	0.4818466759	0.3635871849	0.4806084407	0.4442054012
	0.4873699603	0.4549335544	0.4940324881	0.4038668589	0.4617935476
	0.4735463661	0.5050486589	0.4714904194	0.4808986892	0.4402077975
	0.4218900072	0.4932694592	0.5187188726	0.4899045904	0.4439538166
	0.4696363604	0.3678803784	0.4992470428	0.5246171857	0.5100991077
	0.387483081	0.4897101307	0.3126478513	0.4839450079	0.510204769
	0.5248951537	0.3205433161	0.4969016099	0.2768201721	0.4372968792
	0.4549108399	0.5176194334	0.2676433962	0.4858133523	0.2721300129
	0.352681466	0.3401150905	0.4633182692	0.2691250063	0.4504644008
	0.2763900575	0.242581536	0.1857946996	0.3403627159	0.3149559516
	0.387332009	0.2650106012	0.1711405857	0.1965366338	0.1734999179
	0.3348908886	0.3012017095	0.2623388691	0.2024239867	0.3606727281
	0.2066084163	0.2968314748	0.2237476076	0.305138566	0.2463705217
	0.4527965763	0.3772975688	0.2771596578	0.2183056054	0.355359996
	0.2518071481	0.4339503662	0.4524183268	0.3462861347	0.2638996661
	0.3616404826	0.2302826688	0.3383340017	0.4070519919	0.4065487497
	0.2876356444	0.3156346387	0.1983144838	0.21543567	0.289664637
	0.3957904107	0.2743826674	0.2404088007	0.1684423347	0.1002778059
	0.1564598667	0.332318994	0.2459944553	0.1865970698	0.1671594274
	0.1227046711	0.1103609917	0.2716954782	0.2392062337	0.228358265
	0.2215993426	0.2831261044	0.253725158	0.279507738	0.2785822798
	0.3704158168	0.1846680429	0.452198359	0.49429709	0.443457379
	0.1922814924	0.3042160116	0.1229338153	0.3468381144	0.3493835351
	0.3214428625	0.1197596897	0.2947592933	0.1110796042	0.3347794557
	0.322823105	0.292859356	0.1134611656	0.2779139846	0.1123658201
	0.3287514359	0.3032632992	0.2807764387	0.1058793977	0.215071385
	0.1205378796	0.2841643686	0.2410257576	0.2337285386	0.09951214587
	0.1233562601	0.144436568	0.2068481321	0.1465262722	0.1538422212
	0.118998673	0.1590470336	0.1886101081	0.1943747572	0.1593047646
	0.1569750152	0.1666975373	0.2869680145	0.2403383977	0.2801896269
	0.2721511225	0.2686571496	0.2180179415	0.3988602933	0.2883683392
	0.3699237065	0.3677986512	0.3807757027	0.2611971268	0.4835919843
	0.3303942299	0.4340597954	0.4311996028	0.4703717935	0.2975463195
	0.5413530086	0.3661370361	0.472846512	0.4666595133	0.5353545066
	0.3309692007	0.5678614103	0.3943765494	0.4879979396	0.4775262854
	0.5703199853	0.3620173261	0.5623684501	0.4156628955	0.4847680949
	0.4704447013	0.5727454331	0.3886612442	0.5321546611	0.4336756789
	0.4749913109	0.4569781294	0.5488561323	0.4102560062	0.4876835457
	0.4535541568	0.4728356673	0.4491711731	0.5095174362	0.4293368809
	0.4364827057	0.4794610557	0.4887579816	0.4558870677	0.4633528462
	0.4502582159	0.3811084969	0.512449008	0.525398129	0.4819066009
	0.4129299174	0.4767772488	0.3226597437	0.5481846539	0.5747850852
	0.527242441	0.3549864506	0.5098764141	0.2724198719	0.5742150986
	0.6148268306	0.5838775003	0.2877369595	0.5459815362	0.2632535702
	0.5684348561	0.6064575345	0.6291763444	0.2384707584	0.5757692189
	0.303440206	0.5044214185	0.5022324794	0.6208050713	0.2816521441
	0.5836357007	0.3316089444	0.3734838887	0.2886742867	0.5079810364
	0.3867126954	0.546926663	0.305609475	0.2321334375	0.1823883473
	0.2838750829	0.4246568297	0.4422002094	0.2959696447	0.2177576548
	0.3927786947	0.2030085979	0.3445204894	0.2884306491	0.3731809118
	0.2737643091	0.5008088564	0.4050034055	0.3110150451	0.2298573477
	0.4338456329	0.287075216	0.4431675849	0.4771246174	0.4315230665
	0.3087323277	0.4111785799	0.2636794966	0.2892423446	0.3825111632
	0.4946548647	0.3502486714	0.3312270265	0.234055093	0.1184501938
	0.2089307057	0.4506152775	0.3351344838	0.2616654811	0.2318047737
	0.1018985915	0.09488800549	0.3737252423	0.3198696168	0.2753512552
	0.2769216287	0.2775151264	0.2488096369	0.3519294208	0.3462667073
	0.4469524142	0.1982700408	0.4884368316	0.5195367591	0.631493474
	0.2850943729	0.2911233823	0.1217759953	0.3357126874	0.3267024363
	0.3372753745	0.1287513983	0.2496318773	0.1136652275	0.311672019
	0.2864268706	0.2543363311	0.1061985808	0.2031029608	0.1184298569
	0.2736219625	0.2340063621	0.2127909523	0.09439471262	0.1346525884
	0.1369496272	0.1953134418	0.1402924652	0.1546242647	0.1088482122
	0.169234581	0.1760516527	0.1709190405	0.1416824155	0.1668611445
	0.1604791234	0.2975873345	0.225521664	0.2711068191	0.2726557861
	0.2787410253	0.2164298148	0.4170493495	0.268976848	0.38004074
	0.3880037342	0.3962485754	0.2583107782	0.5042064081	0.2989483641
	0.4532884628	0.4605926385	0.487692696	0.2850094713	0.5508711865
	0.3133963121	0.4841516816	0.4877168987	0.5427100532	0.2999602745
	0.5507699844	0.312151787	0.4720420022	0.4711830131	0.5526629565
	0.3049291056	0.5093085777	0.2987697011	0.4261478793	0.4231649682
	0.5194505525	0.300321927	0.444033553	0.2805229198	0.365432686
	0.3635788752	0.4586520117	0.2880095431	0.3745362494	0.2657328121
	0.3103076451	0.3102487707	0.3904167941	0.2726781249	0.3144535178
	0.2616951544	0.2768514453	0.2739770534	0.3304656149	0.2607777895
	0.2691798598	0.2741571241	0.2755763162	0.259953864	0.286804376
	0.2588793442	0.2363721528	0.3075141941	0.3112503568	0.271273791
	0.2596470804	0.2726784332	0.2079374434	0.3645399083	0.3839570039
	0.3116374444	0.2415911498	0.3065672123	0.1785065645	0.4440230166
	0.4881384389	0.3853045431	0.2181711646	0.3631078129	0.1762603518
	0.5344721989	0.6022456404	0.4911605922	0.1776139596	0.4417553878
	0.2592164143	0.6047167508	0.6721220474	0.6078344658	0.175196785
	0.5361160466	0.3800309379	0.6020000728	0.6119519029	0.6757541678
	0.3235190436	0.6263500733	0.4245551181	0.4832995594	0.3688540638
	0.6047281978	0.5079611416	0.6623328968	0.3442452494	0.2944167579
	0.1891124897	0.3568375065	0.5444704238	0.5683885882	0.3246490091
	0.2346131303	0.4399077509	0.2323185712	0.3770257187	0.3412634102
	0.4662546038	0.3096997117	0.5290844476	0.4409892987	0.3619669199
	0.2469073159	0.5257274758	0.3385413645	0.4018088257	0.4644725393
	0.5544061101	0.3854867201	0.4622877372	0.3216341595	0.1818106465
	0.2969657029	0.5974749698	0.4407652344	0.3711692648	0.3124779683
	0.0817766413	0.1058610235	0.5220128804	0.4301259221	0.3464495475
	0.3451060999	0.2977884343	0.2635259624	0.4678638077	0.4463380223
	0.5376151209	0.2876867141	0.4464934206	0.4585783547	0.8472339114
	0.4834998862	0.2639596007	0.1290932426	0.2837165027	0.2639454412
	0.3482093557	0.1655212725	0.1919168472	0.1128595777	0.2582227136
	0.2235318888	0.2025510533	0.0923371658	0.1397959951	0.1198922541
	0.1914417233	0.1440558121	0.1493008799	0.08708750609	0.1546667588
	0.1486073212	0.1372354239	0.1060045457	0.1546264193	0.1346759232
	0.2733013148	0.1968880537	0.2390680977	0.2451928487	0.2584190745
	0.2004657903	0.3959752107	0.2408188939	0.37067124	0.3827352046
	0.3768627931	0.2483512032	0.4823334955	0.2649106375	0.4595690958
	0.469042932	0.4661885265	0.2702226501	0.5165844443	0.2649754803
	0.4901273489	0.4930152213	0.5090671598	0.2686385918	0.4913599504
	0.2423151578	0.459965337	0.4550319961	0.4952465903	0.2489298256
	0.4170063393	0.2034011044	0.383078204	0.3730639823	0.4301382456
	0.2172056799	0.3192816041	0.1583829977	0.2866790895	0.2766446914
	0.3363883417	0.1791645028	0.22420893	0.1166956425	0.1960878947
	0.1903289964	0.2403766023	0.1400380673	0.1479748858	0.08444447281
	0.1253797252	0.1256237148	0.160451526	0.1047300954	0.09673009629
	0.06495704014	0.0790274096	0.08383433023	0.1048058857	0.0773980486
	0.07070944078	0.06073630856	0.05993269494	0.0622982452	0.07529827088
	0.06137403049	0.06525934097	0.07471324732	0.07317531493	0.05874350992
	0.07027142488	0.0597928645	0.06900842301	0.1114828541	0.1195651118
	0.07402866568	0.08274805861	0.07586361663	0.06751471105	0.1791642022
	0.2058884025	0.1156946745	0.1007816764	0.11365802	0.06502532656
	0.2872422013	0.3425354987	0.1985232304	0.1049200004	0.1799513272
	0.1517479739	0.4354730627	0.519311998	0.335606996	0.07711015078
	0.2848847197	0.339941019	0.5905671041	0.6684632378	0.5132177356
	0.1652481474	0.4389522439	0.5309550139	0.666793512	0.6531754941
	0.6542666096	0.4330360495	0.6288518937	0.5597856852	0.570971079
	0.3801948025	0.6210991618	0.6880288647	0.7599274702	0.3723332801
	0.3379358322	0.2399488572	0.3619866328	0.6725114337	0.669421984
	0.3915316947	0.2561656156	0.5119976898	0.3054445903	0.3705167427
	0.3465540876	0.6083649899	0.3740274077	0.5132933911	0.4723056664
	0.4951516576	0.3107005321	0.6308929135	0.4233619358	0.2835128659
	0.3827538241	0.7288226629	0.5169604749	0.526358921	0.4208025648
	0.07733476506	0.1518819853	0.7172447998	0.570192758	0.4553495645
	0.4451261385	0.3395146945	0.2913054351	0.6377400284	0.5905884938
	0.680633238	0.484581747	0.3668983578	0.3568566275	1.073157752
	0.7467262886	0.2521935833	0.1670947542	0.2051439085	0.1767671593
	0.3754243288	0.2379177115	0.1428382362	0.1063698227	0.1840666301
	0.1452310149	0.1565674786	0.07880796057	0.1331186904	0.1153974372
	0.1141618343	0.07417584492	0.131737857	0.09245951149	0.2264593774
	0.1584243877	0.1827824035	0.1882037724	0.2172277531	0.1667510752
	0.3494705344	0.2113780142	0.3359845273	0.3480740982	0.3357364618
	0.2321691277	0.4402159022	0.2433807335	0.4495917895	0.4576797774
	0.4271921719	0.2629474026	0.4734691357	0.24428936	0.4935644528
	0.4933134034	0.4670610934	0.2570947747	0.4392136732	0.2155407619
	0.4610188098	0.4507348087	0.4435722025	0.2220886114	0.3491655448
	0.1663117081	0.3681214479	0.3500550845	0.3632373255	0.1713487991
	0.2350754075	0.1111068944	0.2512656685	0.2302389598	0.2533275404
	0.1182402184	0.1294268779	0.06361861567	0.1459859901	0.1257629238
	0.1457978466	0.07094227562	0.05157642198	0.03456078327	0.07231294906
	0.05243244212	0.06152785785	0.03358158638	0.02071249571	0.03174383685
	0.03931692249	0.01677123939	0.01384116263	0.01558550498	0.03759438536
	0.04056073964	0.04100687978	0.02829420691	0.03168237681	0.02705849348
	0.04724944037	0.04766878127	0.04830736323	0.04110640201	0.04449270709
	0.03966355298	0.04836592835	0.05014897849	0.05065194587	0.04856236078
	0.04583302402	0.04757894811	0.04736775287	0.04552413523	0.04418415258
	0.05133651179	0.04175654461	0.050721516	0.0497423533	0.03172161383
	0.0264805027	0.04575979185	0.04560952974	0.04888577583	0.04709266189
	0.05237043495	0.07140505299	0.0214423916	0.0652664531	0.04512384138
	0.0518842471	0.1598288679	0.2138607251	0.05899749261	0.07464534727
	0.06578026679	0.200247066	0.349597874	0.4337108381	0.2052934697
	0.03725718832	0.1587680165	0.4781343588	0.5867964572	0.6400645929
	0.4204626686	0.2286612333	0.3625332864	0.7328741639	0.738803919
	0.6290044295	0.6024799784	0.6128786445	0.6658498425	0.6932338276
	0.6445843189	0.3091775342	0.5665805067	0.9127168671	0.8820487089
	0.365048266	0.3430787419	0.378771994	0.3334002951	0.7452397343
	0.725115427	0.562507488	0.3154213402	0.5786879901	0.4170684532
	0.3579904587	0.283117284	0.7868682202	0.4998539732	0.4057604779
	0.4380130959	0.7536140792	0.4947512431	0.7280407599	0.5580141213
	0.1099033694	0.2092007987	0.9300149655	0.7164025616	0.6190861483
	0.5886247615	0.3902474217	0.3252804088	0.8661421775	0.7799389125
	0.8845900889	0.7477321352	0.386747359	0.3780251276	1.282652351
	1.023603159	0.2863148628	0.2408184578	0.1428326058	0.1147287773
	0.4326729607	0.3370457318	0.1272587193	0.0978510941	0.1064025537
	0.06991604295	0.1397872554	0.08092985689	0.1731920845	0.1129978187
	0.113282377	0.1117497848	0.1656197258	0.1128268758	0.2865143524
	0.1738422427	0.2698840758	0.2802687351	0.2788844751	0.1992535501
	0.3871899026	0.2268033732	0.4141780894	0.42052454	0.3794535309
	0.2553403865	0.4333167879	0.2442756337	0.4871780068	0.4852332852
	0.4285785013	0.2634592613	0.4086092937	0.2232861109	0.4714945256
	0.4596906247	0.4111418744	0.2278522346	0.3208378234	0.1733574289
	0.37843247	0.3585708668	0.3316984455	0.165728197	0.2035127718
	0.1132298246	0.2489119348	0.2255344722	0.2186439807	0.1001221415
	0.09698724636	0.06331758958	0.1303185526	0.1073036426	0.109437485
	0.04791766411	0.03667181512	0.0391625822	0.05377535867	0.03086737989
	0.03445675988	0.01968865809	0.04805241674	0.03964394109	0.0372443878
	0.02689959008	0.03787935343	0.02588628787	0.06309515024	0.04553064863
	0.04690474344	0.04274018884	0.05805026525	0.03751799625	0.06682769166
	0.05029442835	0.05242384734	0.04912927131	0.06528172832	0.04517237416
	0.06408254272	0.05487954963	0.05575122397	0.05188877004	0.06488519967
	0.05026717088	0.05823564967	0.06084330441	0.06074939691	0.05487731463
	0.06067066704	0.05488518074	0.05165378357	0.06879623862	0.06886407917
	0.06045873816	0.0538480994	0.06074230821	0.04994016552	0.0768323325
	0.07662247407	0.06957240858	0.04603349508	0.0688687871	0.05970111714
	0.0769533382	0.07015585916	0.07831458548	0.04908498042	0.07907277233
	0.06510817803	0.05269391126	0.0272357449	0.07133862292	0.07582802149
	0.08738341989	0.06370840569	0.089419938	0.1397785316	0.02472630974
	0.0928414577	0.07840324252	0.2724727387	0.3164374567	0.3914999618
	0.1390567261	0.05635605139	0.09318626903	0.6686784298	0.6410327163
	0.6128664958	0.3675050564	0.3543558471	0.3637640584	0.9628428156
	0.8494000702	0.5257565127	0.5364407589	0.8810100158	0.8047651188
	0.7490391989	0.6912813703	0.2716470916	0.4604177091	1.136299983
	1.037273339	0.4051580972	0.2940241284	0.5785787409	0.4024143298
	0.658437534	0.6630058798	0.8432834021	0.4872102741	0.5388887778
	0.474823009	0.593476066	0.3403607563	0.9532165934	0.7032893624
	0.1800504046	0.2663471571	1.097303191	0.8193209625	0.8455986094
	0.7769564956	0.4425940524	0.3652277709	1.146429213	1.005570131
	1.115769788	1.024953897	0.5747130278	0.5924863835	1.444613418
	1.264098127	0.3673050171	0.3403033009	0.1813899694	0.1738431405
	0.5171932683	0.4510153734	0.1485062574	0.09867943401	0.07235035208
	0.06451862785	0.1606279594	0.1087833169	0.2168114379	0.1225589317
	0.1782585843	0.1858579018	0.2110647528	0.1422009207	0.3225825653
	0.1972491726	0.3437178014	0.3488154198	0.3202598468	0.2288826127
	0.3915169003	0.2448867099	0.4573466894	0.4550602558	0.3903695426
	0.2702706086	0.3922265525	0.245372748	0.4791892307	0.468324768
	0.3934222234	0.2538446088	0.3228809508	0.2034201625	0.406958301
	0.3890416793	0.3284202256	0.1928286217	0.2114924636	0.1384838393
	0.2759957386	0.2550994821	0.2204308888	0.1157005051	0.1030104031
	0.07691628436	0.1423387077	0.1227379661	0.1104332749	0.05141370764
	0.04120914204	0.03952728667	0.04975828589	0.03317425502	0.03639763399
	0.01959530171	0.04761134805	0.03076598844	0.0289898815	0.02654369354
	0.03807733852	0.02409015115	0.05635173649	0.03098012651	0.03856235297
	0.03880698048	0.05171830285	0.02951058402	0.05435195273	0.02999207981
	0.03819065668	0.03834121303	0.05266625345	0.03058225681	0.04836498465
	0.02878449129	0.0341500865	0.03443354067	0.04813203074	0.0297549335
	0.04252673431	0.02911889432	0.03147116733	0.03144758707	0.0431878167
	0.02884279034	0.03783209577	0.03234277261	0.03240432376	0.03043106166
	0.03961528125	0.02923284013	0.03383602118	0.0401045595	0.0393193461
	0.03221876951	0.03703865299	0.03230460683	0.03221794749	0.05435137372
	0.05458867145	0.03926905694	0.03395291881	0.03982914204	0.04389981143
	0.07546065779	0.07574334552	0.05440977051	0.03223681601	0.05441290672
	0.07390593714	0.09619481449	0.08653180778	0.07472607467	0.05184585129
	0.07946798243	0.09112610853	0.08929842102	0.04947331445	0.08306121175
	0.1003398055	0.112660611	0.07870530442	0.07536740037	0.1326677687
	0.05339354517	0.1245389797	0.1190410879	0.3997807863	0.3592381906
	0.4067721673	0.1389685826	0.09975666771	0.08576177075	0.9441643874
	0.790724782	0.5616117038	0.3454926534	0.5938468641	0.5019859188
	1.168479532	0.9988085785	0.3399864876	0.4426971091	1.252844574
	1.084972112	0.6406040551	0.6405579857	0.5325450861	0.4467734266
	1.220337745	1.132883151	0.7270113633	0.3493182413	0.6780992041
	0.5378928957	0.4385983981	0.3862135073	1.14950333	0.8084253279
	0.2884455174	0.3346826192	1.132804263	0.8094414591	1.130028711
	1.00184414	0.4941311632	0.4150097125	1.454413728	1.245907491
	1.323192574	1.265780693	0.819478898	0.8606085489	1.531440096
	1.426160869	0.4744071907	0.4539784769	0.2923052694	0.2940638779
	0.6152467811	0.5679800635	0.1849753005	0.119675332	0.1208028075
	0.1267446819	0.2023639201	0.1544983829	0.2484879391	0.144826077
	0.2416757166	0.2457393725	0.2477093795	0.1735566324	0.3370941152
	0.224198209	0.3896075835	0.3876851604	0.3401774537	0.2531164305
	0.3740254624	0.2611820144	0.4641169632	0.4548261098	0.3771745365
	0.2774179876	0.3382240265	0.2419673331	0.4368814632	0.4215462172
	0.3406665372	0.2382426419	0.2441834459	0.1802738241	0.3251952107
	0.3073512778	0.2467152651	0.1592308414	0.1333465091	0.1054929943
	0.1829567009	0.1667487977	0.1354470936	0.07770538915	0.05208648367
	0.04746539048	0.06725064939	0.05524469619	0.04964668205	0.02495455547
	0.03682201385	0.02309334915	0.01926932934	0.01812316031	0.02911704523
	0.02006490575	0.04305231412	0.02063944374	0.03175423936	0.03274872159
	0.03927790324	0.02326843268	0.03861414759	0.01736678709	0.03024937116
	0.03007129866	0.03734067277	0.02018375342	0.03023596133	0.0128224905
	0.02267959835	0.02215067461	0.03001074144	0.01577537133	0.0235098724
	0.009882414564	0.01706025451	0.01654531677	0.02343304432	0.0123393926
	0.01986101869	0.009097601499	0.01485616397	0.01455715685	0.01968247432
	0.01030989217	0.0185635254	0.009728601527	0.014158293	0.01460611364
	0.01860386542	0.009530161689	0.01830859518	0.01234951379	0.01406108931
	0.01497368152	0.01936018686	0.009841545828	0.01809791971	0.02026753056
	0.01911046793	0.01510716391	0.02071719931	0.01219042685	0.02335756321
	0.03836431772	0.03706331899	0.01928833963	0.02089191072	0.01989413948
	0.05202244293	0.07068861235	0.06587087583	0.03573984351	0.02712590634
	0.03961371685	0.10351902	0.1114565106	0.08451654969	0.06131696053
	0.06984344606	0.08168214109	0.1261599634	0.1192910112	0.052656977
	0.07706050533	0.1441389191	0.1435145921	0.1250624131	0.1033464006
	0.1934407508	0.07681556631	0.154975332	0.1511669118	0.6546361763
	0.5161278937	0.4486862325	0.1752185088	0.2363923229	0.1669220789
	1.312036813	1.06583373	0.4051514579	0.3087987137	1.039304929
	0.8601146204	1.201406928	1.100168693	0.4760908529	0.4533641761
	1.628446886	1.443139604	0.5663737766	0.3879140974	0.8236298751
	0.6515561443	0.9054514313	0.9095033554	1.241672752	0.8034574764
	0.4508624674	0.4441327789	0.9667692162	0.6304821531	1.451777867
	1.242048296	0.5400935582	0.4738049694	1.742195798	1.460586158
	1.460995861	1.428017053	1.034430434	1.091901612	1.526729612
	1.482805499	0.5883204479	0.5704306087	0.4133967325	0.4180793108
	0.7103401105	0.6755501543	0.2240169427	0.1592277961	0.1846463161
	0.1878643004	0.2511255287	0.2093615344	0.267160333	0.172780186
	0.2857925812	0.2843430956	0.2716780715	0.2024482409	0.3367090961
	0.2486176295	0.4066631466	0.3990792302	0.3433373225	0.2705160705
	0.3469102352	0.2712439459	0.4425127538	0.4293642667	0.3511741608
	0.2781347835	0.2866489765	0.2318193626	0.3776413018	0.3618689809
	0.2867434595	0.2205246432	0.1834855448	0.1539766008	0.2470784806
	0.2326208326	0.1807160193	0.130664081	0.0838616983	0.0748416944
	0.1126834466	0.1024259604	0.0799696325	0.0509034619	0.0297556452
	0.02448332705	0.02363827178	0.01927863983	0.02501894717	0.01557902185
	0.03044948091	0.0162055313	0.02374268483	0.02538560764	0.02851063057
	0.02155869295	0.02842782911	0.01547480752	0.02772713877	0.02755813359
	0.02769626656	0.01852559719	0.01951574055	0.009581795653	0.01921748519
	0.01822309436	0.01937458018	0.01115263513	0.01170577188	0.004407173843
	0.01136681346	0.009601235103	0.01178273405	0.00543760345	0.008283422846
	0.00468172004	0.009779235869	0.007133695982	0.008211962959	0.004155053105
	0.008369433271	0.006927116261	0.01191843702	0.009475500621	0.008008109871
	0.005824657182	0.009886188424	0.00846343811	0.01449134309	0.01290633608
	0.009369377293	0.00756869147	0.01195287892	0.008876777832	0.01606379759
	0.01618275909	0.01151009372	0.008698246622	0.01395522941	0.007863656767
	0.01483809277	0.01819554997	0.01432875753	0.008835667941	0.01516111806
	0.01035730059	0.01127268166	0.01728428304	0.01728292452	0.007696742745
	0.02652652168	0.03100475202	0.02551826178	0.01403454689	0.01869087984
	0.01037314274	0.07435986414	0.07709959609	0.05704524765	0.0243355176
	0.03698440743	0.03787032529	0.150528445	0.1406098028	0.07187429707
	0.05022772434	0.1111466127	0.1068725782	0.1556740788	0.1469855467
	0.08737010109	0.07893750174	0.2105983791	0.1982966346	0.2871215812
	0.2033513631	0.308445119	0.1286902361	0.1474437834	0.145590455
	1.119077035	0.8659876788	0.4013642075	0.1838763693	0.6308728684
	0.4907532012	1.637129554	1.41853093	0.4135795787	0.4056405076
	1.709989327	1.482103046	0.890900427	0.8959711735	0.9774003925
	0.8058373687	1.606685873	1.524851365	1.169678662	0.6302657424
	0.6903286751	0.6282851957	0.659140466	0.3850768826	1.7701844
	1.457210783	0.5706741742	0.5312954245	1.942397555	1.59131456
	1.499658034	1.48466534	1.176435507	1.243514246	1.430201644
	1.42596795	0.6939006594	0.6775523715	0.5211716791	0.5280112204
	0.7863996587	0.7607112634	0.2641043725	0.2102655868	0.2406854765
	0.2389216366	0.3029213178	0.2690757365	0.2762000402	0.2001245179
	0.309094164	0.3029876269	0.2850350641	0.2271464547	0.3283108912
	0.266824632	0.4002035748	0.3892224864	0.3360114478	0.281022816
	0.3190705019	0.2741853161	0.4039408741	0.3896986948	0.3222271279
	0.274615191	0.2444850501	0.2171395599	0.3161090815	0.3020454829
	0.2415248766	0.2040246653	0.1403124593	0.1283637383	0.1831665456
	0.1725966525	0.1337859183	0.1087969855	0.05248507851	0.04949989324
	0.06578176499	0.06027718882	0.04646119147	0.03305400073	0.01789943165
	0.01209906732	0.009016743281	0.01236577437	0.01836200851	0.01603945725
	0.02286742475	0.01782778108	0.02574105428	0.02640711709	0.02387533412
	0.02181433138	0.01746459167	0.01455398936	0.02174563035	0.0214767461
	0.01745837556	0.01541012309	0.008834505978	0.00738334755	0.01188493063
	0.01141769225	0.008661225181	0.006927361681	0.004074419192	0.00380281022
	0.006277759961	0.004789172067	0.004727139506	0.002322089585	0.005024257628
	0.005770265436	0.007493459552	0.00511964941	0.005724424865	0.004502525997
	0.007353781378	0.008100440846	0.01099016011	0.008804921958	0.007644972985
	0.006947314486	0.009866244096	0.01007276614	0.01509671094	0.01312543487
	0.009978189842	0.008996406276	0.01242573096	0.01170407626	0.01927753707
	0.01763634491	0.0124267977	0.01073090278	0.01518970134	0.01260283632
	0.02246344424	0.02194095036	0.01485921798	0.01197824671	0.01796704225
	0.01156589518	0.02229548814	0.02508831632	0.01790536719	0.01251576733
	0.01984795638	0.009539590237	0.01629183451	0.02524717501	0.02137260264
	0.01143650834	0.04109020802	0.0357198569	0.02292018312	0.02174511576
	0.02481794105	0.01229658316	0.1189400711	0.1058901657	0.05035596307
	0.02666476159	0.06844873911	0.05988083471	0.2169271354	0.1944054408
	0.06712670426	0.06197148765	0.1911080626	0.1742099521	0.154018992
	0.1524093366	0.2169632856	0.1355617844	0.2789588229	0.2655474885
	0.7224324047	0.5154102398	0.3783795051	0.164322721	0.2334542278
	0.149615973	1.760015981	1.471547354	0.329947828	0.3267180732
	1.474934152	1.263831895	1.541698558	1.509888767	1.128666252
	0.9821847242	2.198440225	2.038993463	0.9860078312	0.3886860972
	1.027515286	0.9192362648	0.7564370641	0.7252791363	2.026792118
	1.588704922	0.5871932743	0.5816759367	1.989047692	1.576861989
	1.430389763	1.427707555	1.228821257	1.299232357	1.259355646
	1.26641942	0.7774410574	0.7624598266	0.6036972084	0.6137277798
	0.8287631217	0.8105959298	0.3074550193	0.2679393874	0.286402455
	0.2803643226	0.3573025648	0.3310291891	0.279972243	0.2240696584
	0.3152976303	0.3061478187	0.2920422187	0.2481416149	0.3170817326
	0.2779885957	0.3777623675	0.365504056	0.3237725716	0.2856463965
	0.2954100522	0.2719086088	0.3585147999	0.3449533259	0.2968450884
	0.26921044	0.2134626548	0.2019319582	0.2608797669	0.2490988443
	0.2092265075	0.1912735273	0.111199663	0.1073091647	0.1357281693
	0.128196233	0.1043726155	0.09448201645	0.03194554143	0.03127135526
	0.03743882985	0.03528172111	0.02697849198	0.02256602643	0.01389032463
	0.01328540169	0.01540983998	0.01828464757	0.01728518995	0.01803567403
	0.02044165289	0.02041105184	0.02515593675	0.0256821905	0.02162314628
	0.02209014646	0.01479850273	0.01465542814	0.01856759235	0.01888011285
	0.01485381831	0.01474980589	0.008600640766	0.007277146136	0.01031732324
	0.01093022558	0.00905675199	0.007061675808	0.006709359563	0.004602843593
	0.006315424529	0.006628529093	0.007894640959	0.004385550385	0.007838331397
	0.006155516051	0.007233470192	0.00671965395	0.008752411908	0.005809672722
	0.01027901721	0.008198883997	0.01082218169	0.009948208866	0.01072351921
	0.007724984263	0.0132149454	0.01027579044	0.01534967211	0.01419854824
	0.01355273547	0.009697323252	0.01605167506	0.01237598461	0.02031339978
	0.01880064226	0.01652964021	0.01167703136	0.01873492682	0.01432693384
	0.02542934163	0.02370852265	0.01908955724	0.01336531346	0.02195808039
	0.01575450072	0.02961650384	0.02869068445	0.02146698117	0.01453377562
	0.02567710169	0.01506548321	0.03010589023	0.03282394695	0.02509452243
	0.01554089895	0.03053801884	0.01368633669	0.02479392793	0.03470855387
	0.02952048625	0.0149281558	0.07688988149	0.06040961546	0.02900297314
	0.03513511572	0.0441844494	0.02828619714	0.2015452599	0.1736569472
	0.05283055594	0.05488282528	0.1433579079	0.1258961998	0.2779189677
	0.26248897	0.1730250646	0.1415276009	0.3197867284	0.2965600445
	0.3297136113	0.1962495071	0.3754870924	0.2201672687	0.2323097258
	0.2293625199	1.568101533	1.264836789	0.2407107247	0.2159365042
	1.04296525	0.8805402317	2.137622774	2.027724338	1.247133878
	1.140267193	2.543962319	2.348160332	1.01938701	0.7253612627
	1.469522636	1.334558891	1.480160176	1.486309395	2.163113665
	1.574862489	0.6439219827	0.6635058789	1.848601129	1.379077387
	1.26522894	1.267972317	1.194499282	1.262496637	1.048755157
	1.030683809	0.8257522677	0.8123102666	0.6536084522	0.6682366091
	0.8257261348	0.8141816942	0.3557088373	0.3290849563	0.3228993361
	0.3142755267	0.4125410421	0.3918807368	0.2825754962	0.244722401
	0.3100417509	0.299423163	0.2976741331	0.2675046235	0.3060365699
	0.2830570028	0.346597174	0.3346743235	0.310511037	0.2859485092
	0.2778682656	0.2671317432	0.3131708252	0.3012797075	0.278039394
	0.2637120781	0.1933567934	0.1896625489	0.2153115861	0.2057050322
	0.1905758969	0.1837261932	0.09379400683	0.09316615519	0.1027967653
	0.09738108494	0.09040948778	0.08802249882	0.02011971523	0.02049726082
	0.02274508389	0.02368705278	0.01875506575	0.01888212994	0.01674643932
	0.01708300092	0.02016127581	0.02287694275	0.01843709305	0.01893480603
	0.0224180639	0.02201984781	0.02502547217	0.02587709443	0.02304787706
	0.02263238119	0.01706262491	0.01521318616	0.01880411441	0.01956715886
	0.01775533402	0.01573674207	0.01197614173	0.00822742	0.01243784953
	0.01355328151	0.01321977606	0.00905014192	0.01045917076	0.00595500287
	0.009218814251	0.0104157367	0.01183569333	0.006813895978	0.01158457793
	0.007062596726	0.0098165309	0.01061294251	0.01254520484	0.007588071968
	0.01419391606	0.008934250202	0.01308189433	0.0133608704	0.01474449915
	0.009153493589	0.01742049131	0.01108588066	0.01733112258	0.01712981881
	0.0178807325	0.01107817422	0.02063059217	0.01341550765	0.02211129548
	0.02137168053	0.02129907556	0.01325594114	0.02351719612	0.0156897301
	0.02755139054	0.02620950009	0.02439366144	0.01529264752	0.02650267381
	0.01771149399	0.03344064659	0.03176355721	0.02688402992	0.01662116225
	0.03096831762	0.01938615093	0.03836030529	0.03774350586	0.02982373219
	0.01753761316	0.03674659255	0.01821438794	0.03954468108	0.04351444332
	0.03539415586	0.01930804956	0.05467874122	0.02902794059	0.03704016941
	0.0486539159	0.04355052766	0.02051274591	0.1562699169	0.1266628826
	0.04577543388	0.06189305211	0.1020080333	0.08180164631	0.3261057738
	0.2953034141	0.1495413031	0.1452040722	0.2973450242	0.272396278
	0.2492435126	0.2444988944	0.3897065003	0.2863365362	0.415979019
	0.4022514438	1.173151228	0.8898646024	0.2399515352	0.1229062955
	0.5578563162	0.4449975691	2.516506034	2.340900464	1.292707598
	1.223815177	2.612952389	2.418949522	1.549542103	1.485626342
	2.002017965	1.85771659	2.378604272	2.353566206	2.152240347
	1.377341905	0.8602001769	0.8830826549	1.557765021	1.023053132
	1.034772025	1.032022173	1.090296848	1.150672782	0.8475320056
	0.7567448693	0.8272754716	0.8160490606	0.6674010019	0.687640157
	0.7713914003	0.7648725385	0.4073846567	0.3899877683	0.3513544065
	0.3423396606	0.4628560304	0.4457779071	0.2875513507	0.2640567944
	0.2991665683	0.2883220283	0.3067230102	0.2880130386	0.2964171269
	0.2837191026	0.3126500642	0.3021538772	0.2985004984	0.2837683482
	0.2664563738	0.2620207997	0.2718832572	0.2622934701	0.2658885496
	0.258970564	0.1833003637	0.1823434793	0.1796579514	0.172204258
	0.1839963434	0.1816194771	0.08701796812	0.08680276317	0.08120346269
	0.07772162513	0.08982219028	0.08909394376	0.01856231699	0.01715876572
	0.01846189091	0.02305709302	0.02313133847	0.02186975317	0.02101199621
	0.01892088299	0.02333418978	0.02694406801	0.0209286462	0.01869935378
	0.02580994696	0.0231151347	0.02616791836	0.02762993856	0.02627673756
	0.02336083024	0.02072865283	0.01656054665	0.021146166	0.02219564039
	0.02220928494	0.01776998022	0.0160551905	0.0102909141	0.01617655411
	0.01745987455	0.01781725836	0.01192673006	0.01487968677	0.00830636815
	0.01380768524	0.01530993147	0.01632479317	0.009776086307	0.01622002375
	0.009139657349	0.01456917624	0.01591356206	0.01726296357	0.01022692815
	0.0188679686	0.01086142192	0.01742482698	0.01835794277	0.01963475433
	0.01159477547	0.02216228169	0.01301866614	0.02117035456	0.02164221743
	0.02284078782	0.01346781886	0.02568146511	0.01550870322	0.02554310484
	0.02552346488	0.02649075552	0.01578134745	0.0290851933	0.01804816637
	0.03085226586	0.03027130532	0.03014923555	0.0181741574	0.03235425648
	0.0202264437	0.03731617847	0.03618598651	0.03335497233	0.01988670014
	0.03666530138	0.02218328713	0.04444450627	0.04330302662	0.03642208809
	0.02057442187	0.04404889288	0.02400420297	0.05066275601	0.05148233836
	0.04181236603	0.02212528914	0.05564407035	0.02289420444	0.05380268833
	0.06037458649	0.05122927502	0.02459237314	0.1173654772	0.08234004208
	0.05624140784	0.07274173299	0.0823054387	0.05339009858	0.309551682
	0.2726460982	0.1349612568	0.1458495459	0.2525782325	0.2274128872
	0.408547947	0.4065484731	0.4041156547	0.3390628764	0.5122020327
	0.4899572313	0.7220055506	0.465786446	0.3739594381	0.2388642963
	0.2166741604	0.1554035047	2.633717051	2.414362735	1.231779414
	1.190071583	2.437114132	2.26724188	2.348214677	2.353456392
	2.591232871	2.443545881	3.280858535	3.223754718	2.036194457
	1.021488356	1.308087095	1.32611883	1.301767463	0.7552563074
	0.786032857	0.7578426793	0.9407248476	0.9888632255	0.7096521904
	0.4919934787	0.774825812	0.7670181539	0.6459613638	0.6718640589
	0.6696202233	0.663533871	0.4564409075	0.4445478855	0.3717318206
	0.3648808165	0.4977892115	0.4836389874	0.2978243496	0.2848603908
	0.2877070887	0.2775288842	0.3224874647	0.3117965908	0.2884822026
	0.2819418334	0.2805161694	0.2720953086	0.2891591396	0.2812964902
	0.2598121029	0.2576815642	0.2367759931	0.2300371272	0.2584161685
	0.2549707607	0.1816951798	0.1804809977	0.153052089	0.1482602342
	0.1860376756	0.1840344331	0.08979518112	0.08802155695	0.06833868237
	0.06783910862	0.09928719989	0.09667632182	0.02596646114	0.02073371837
	0.02121982326	0.02957849609	0.03583091217	0.03066032265	0.0251601706
	0.01913841837	0.02666148823	0.03225090315	0.02532741734	0.01845977419
	0.02970367196	0.02416973848	0.0286747092	0.03126138805	0.03033959009
	0.0241549704	0.02532726398	0.01891769242	0.02486362662	0.02634473719
	0.02744544109	0.020561473	0.02114985347	0.01354455584	0.02113428181
	0.02251130407	0.02327800993	0.01566021236	0.02035835596	0.01177086935
	0.01966800279	0.02122904586	0.02185872324	0.01355750002	0.02187596781
	0.01243183979	0.02065052609	0.02221029798	0.02301522574	0.01380754408
	0.02446580249	0.01401028387	0.02317790069	0.02448854813	0.02548015336
	0.01506185341	0.02769286929	0.01610846982	0.02650215535	0.02744652668
	0.02866050941	0.01689766732	0.0314198128	0.0186780334	0.03059134341
	0.03114068148	0.03241520831	0.01928987013	0.03546829219	0.02147580944
	0.0358800445	0.03602330189	0.03657395406	0.0219730592	0.03965716159
	0.02395401651	0.04280524461	0.0425539162	0.04077831135	0.02420124727
	0.04452783349	0.02588911303	0.05138945086	0.05096389994	0.04496512382
	0.02524227155	0.05237736036	0.02832631297	0.06096860562	0.06130521065
	0.05078414608	0.02624107201	0.06505747055	0.02953467826	0.06963454054
	0.07308625631	0.06117830886	0.02953302447	0.1003511698	0.05418505445
	0.07431217367	0.08558428753	0.08219726869	0.04225019589	0.268261817
	0.2280880597	0.1282857968	0.1447488184	0.2116680148	0.1831202303
	0.5093572326	0.492569705	0.4094225322	0.3709698701	0.5376877264
	0.5130294358	0.3968098389	0.2057730938	0.5516030214	0.4325157127
	0.4095391305	0.4057874398	2.511491238	2.264136206	1.048454022
	1.023822129	2.070349027	1.931966335	3.206935893	3.224281084
	3.192508176	3.037224286	4.119090979	4.039573857	1.963623533
	0.7549573397	1.976199575	1.99665359	1.476780597	1.167578563
	0.5825005638	0.4927809327	0.7716712261	0.8038518622	0.6611925853
	0.30328987	0.6694776797	0.6659872609	0.5948567301	0.6250479856
	0.5385482134	0.5211145759	0.4921078207	0.4835260313	0.3827944735
	0.3808304531	0.5043995759	0.4944166546	0.3150775179	0.3093349819
	0.2792926222	0.2704724312	0.3444774071	0.3383852782	0.2824508218
	0.2800192014	0.2537868891	0.247724095	0.2839072137	0.2811661519
	0.2556308879	0.2542927061	0.2093036154	0.2058531591	0.252840212
	0.2513659322	0.1858731827	0.183360417	0.1350232783	0.1338885845
	0.1920289196	0.1891807003	0.100073615	0.09591753618	0.06330621145
	0.06778509296	0.1144568274	0.1091617701	0.03862370973	0.02995511164
	0.02862279646	0.04124886291	0.05313842543	0.04444576631	0.03038286151
	0.0191416527	0.03175041671	0.04069258375	0.03350744499	0.02127489534
	0.03439957895	0.02533764004	0.03293614501	0.03760500761	0.03574005474
	0.02516645349	0.03117345325	0.02224027581	0.03000930616	0.03242386805
	0.03386491627	0.02386920218	0.02760286849	0.01798735687	0.02733583547
	0.02895934838	0.03014748365	0.02024911343	0.02706050805	0.01639845175
	0.02663873305	0.02820396735	0.02873634063	0.01832871297	0.02866372309
	0.01691744067	0.02781959666	0.02945311129	0.02991345143	0.01842881988
	0.03118702611	0.0183607762	0.03013932476	0.03169849567	0.03240141999
	0.01960236653	0.0343245117	0.02036274079	0.03320067851	0.03454642948
	0.03556418614	0.02142192283	0.0382099686	0.02292269491	0.03721322618
	0.03830061992	0.03941266023	0.02385869837	0.0429539781	0.02588813782
	0.04277108306	0.04363242278	0.04406430966	0.02674115982	0.04849263932
	0.02873597345	0.05048290618	0.05119479072	0.04944501219	0.02945575074
	0.05497966664	0.03097850121	0.06065250746	0.06137394507	0.05548114132
	0.03121289213	0.06387679834	0.03342587086	0.07304230227	0.07420814954
	0.063040625	0.03241474818	0.07760428409	0.03663241557	0.08596635907
	0.08869595199	0.07443782314	0.0354617065	0.1024270794	0.04539804494
	0.09419988397	0.1015406487	0.09286710079	0.04301904025	0.22919637
	0.1838688225	0.1299337616	0.1457163159	0.1862734784	0.1498707719
	0.5411119427	0.5152890183	0.4052218835	0.384244842	0.523900165
	0.4989610052	0.4498539078	0.4265725382	0.7174480774	0.6121811095
	0.6753761701	0.6679809686	2.199939578	1.929832866	0.7481295757
	0.7351004212	1.566586592	1.457769318	4.03120666	4.040484233
	3.757472611	3.585311507	4.859068769	4.764718372	2.169653346
	1.169350414	2.843595194	2.874773204	2.221672079	2.10562538
	0.4902855021	0.3036451503	0.6049617613	0.6190388669	0.6695355287
	0.2731612407	0.5250145869	0.5237533145	0.5234524606	0.5549201585
	0.4147085937	0.3601969255	0.5008213218	0.4957497732	0.3832133652
	0.3885974377	0.4728056873	0.4689913999	0.3380349782	0.3371397112
	0.2758477666	0.2691624889	0.3660756878	0.3627733004	0.2792471514
	0.2806934892	0.2352747536	0.231575802	0.2841383086	0.2858289085
	0.2514168554	0.2516868333	0.1909805358	0.1908672206	0.2470707453
	0.2483170793	0.1921712687	0.1894551586	0.1263674388	0.1295656396
	0.1971136963	0.1949380931	0.1147891199	0.1091702494	0.06734865298
	0.07780238597	0.1307611796	0.1245247245	0.05512209594	0.04435871926
	0.0413023331	0.05867489742	0.07315685752	0.06270565008	0.03861342779
	0.02208499674	0.04057417433	0.05446963269	0.04673892976	0.03094838284
	0.04056931508	0.02670687462	0.03989264539	0.04824553585	0.04384614744
	0.02772573122	0.03848590738	0.02610537959	0.03701014191	0.04141067541
	0.04209073444	0.02752878568	0.0355152683	0.02331072567	0.03488600934
	0.03726696821	0.03878590221	0.02539282304	0.03502000209	0.0220412113
	0.03467079379	0.03640278127	0.03718887545	0.02396096159	0.03659521577
	0.02246936318	0.03601583372	0.0377081751	0.03808387243	0.02404685938
	0.03908896067	0.02378569966	0.03827014699	0.0400271368	0.04044916437
	0.02516898824	0.0422166994	0.02565945421	0.04126899376	0.04302557959
	0.04360885411	0.02697422368	0.04632260029	0.02811573199	0.04545483201
	0.04717286991	0.04763522621	0.02942292181	0.05186404955	0.03110884047
	0.05163103367	0.05335361552	0.05290456028	0.03241852464	0.05907236319
	0.03425843361	0.06059617746	0.06242490714	0.05970309806	0.03552518954
	0.06799394086	0.03705816259	0.07281569764	0.07488523156	0.06814849482
	0.0380929821	0.07913255319	0.03989056154	0.08808451191	0.09058467721
	0.07856814492	0.04011680554	0.0938397125	0.04390218312	0.1043876469
	0.1076815882	0.09186483299	0.04307343299	0.1147007926	0.04919588808
	0.1151842794	0.1206606273	0.1096215404	0.04919413243	0.20435534
	0.1510309772	0.1390300959	0.1515441978	0.1780531745	0.130819061
	0.5308862126	0.5010331992	0.396015975	0.3860509488	0.4952035512
	0.469837004	0.6718263908	0.6802630882	0.8475806448	0.7531886012
	0.8605543908	0.849356229	1.755252011	1.457053461	0.3682000167
	0.3603372978	0.9784159301	0.8924432759	4.775468321	4.765704794
	4.234798966	4.035072383	5.47100341	5.365130419	2.793472459
	2.108272759	3.910000787	3.956635017	3.342899732	3.315388636
	0.5060022783	0.2733430649	0.4548435355	0.4511361485	0.6792639172
	0.340353326	0.3733296066	0.3626969278	0.4425767785	0.4710019764
	0.346874472	0.2179403439	0.4712941146	0.4719139665	0.3731281702
	0.3874372363	0.4045436824	0.4060754223	0.3603020309	0.363422798
	0.2777256997	0.2745304453	0.3749858546	0.3752960157	0.2802894935
	0.286588867	0.2269722824	0.2254292129	0.289364552	0.2955746049
	0.2456366677	0.2501695414	0.1832712494	0.1860042779	0.240760438
	0.2470505727	0.1965828901	0.196938881	0.1285703577	0.1353490949
	0.1975110474	0.1997063353	0.1301367266	0.126178511	0.08207191494
	0.09671200422	0.1436528703	0.1405276913	0.07398429017	0.06401979227
	0.06123336106	0.08268628216	0.09315771219	0.08457549987	0.05078896144
	0.0323302305	0.05577311471	0.07566697513	0.06406035366	0.04854069941
	0.04873801374	0.02941939715	0.05131511744	0.06548520823	0.05562692003
	0.03542634602	0.04702922833	0.02982472417	0.04666619223	0.05504647989
	0.05248513272	0.03231717918	0.044446655	0.02850753572	0.04389657262
	0.04829170077	0.04908618974	0.03056903946	0.04377107939	0.02779153168
	0.04355685486	0.04604612539	0.04701393705	0.02965540348	0.04517890912
	0.02827794	0.04493028189	0.04688670386	0.04728180797	0.02992456455
	0.04771286769	0.0295213797	0.04726100446	0.04927376823	0.04928452757
	0.03108543224	0.05104984274	0.03126395514	0.05045876461	0.05269204143
	0.05240024544	0.03287069497	0.05564655842	0.03356354476	0.05515072715
	0.05763744379	0.05674869408	0.0352733193	0.06227487778	0.03648891002
	0.06237033427	0.06514616828	0.06294399889	0.03830830776	0.07150888245
	0.03986395269	0.07309669105	0.07622238546	0.07159920276	0.0417434045
	0.08340825564	0.04334524763	0.08782563593	0.09135365107	0.08299037533
	0.0451211854	0.09763267733	0.04706180923	0.1060694372	0.1099939033
	0.09698757675	0.04824294549	0.1137055528	0.05177074848	0.1249730696
	0.1291745037	0.1129767479	0.05163325995	0.131758044	0.05734443955
	0.1366738064	0.141294044	0.1305413416	0.05762348623	0.1944973745
	0.132947487	0.153109144	0.1616996168	0.183127967	0.1250409771
	0.5024441905	0.4717008449	0.3876098937	0.3840970234	0.4664243076
	0.4403163038	0.8515907929	0.8585358518	0.9326789761	0.8476398883
	0.9644584325	0.9526024337	1.240408244	0.8962135187	0.2605173336
	0.2034344617	0.4029121322	0.3293302929	5.407520064	5.365813839
	4.563923303	4.326829949	5.905140988	5.788421699	3.802170666
	3.318715971	5.204628745	5.267509705	4.764125825	4.781111532
	0.5484356056	0.3410531784	0.3272586045	0.3092355836	0.657444734
	0.3947036809	0.2714917405	0.2199457826	0.3616692927	0.382280021
	0.3480059776	0.154728763	0.4028442991	0.4104401784	0.3553364385
	0.3787234899	0.32155225	0.3177784592	0.370331761	0.3785878253
	0.2845327261	0.2876160544	0.3595194087	0.3655261186	0.2855493695
	0.2982848644	0.2299173731	0.2302133696	0.2943092954	0.3059013524
	0.2386645644	0.2510212773	0.1868239235	0.1916352238	0.2346633699
	0.2489762147	0.1960034008	0.2043435464	0.141623389	0.1501292618
	0.1918288258	0.2033181768	0.1419691158	0.1450072554	0.1066250765
	0.1219985717	0.1493310238	0.1552153127	0.09241022841	0.08856720863
	0.08953363272	0.1126378874	0.1092631488	0.1084569388	0.06564451045
	0.05189914214	0.07998787344	0.1049986929	0.08220721124	0.07303338131
	0.05850268839	0.03785442139	0.0701693761	0.09147519366	0.06997790038
	0.05226275845	0.05569007318	0.03413857837	0.06098394219	0.07601053494
	0.0642752262	0.04179867941	0.05290916562	0.03236019688	0.05504382521
	0.06402224762	0.05986549066	0.03658951044	0.05174643793	0.03170012545
	0.05299311569	0.05789558762	0.05687546971	0.03444572112	0.05283022111
	0.03221140488	0.05377181095	0.05680142784	0.05619854801	0.03436666562
	0.05555273414	0.0334537464	0.05620278197	0.05879783506	0.05765411551
	0.03546986626	0.0595880857	0.03515237515	0.05994768239	0.06278091637
	0.06078733163	0.03720098541	0.06538205727	0.03739685462	0.0655945099
	0.06890711951	0.06576258453	0.03945502265	0.07380124088	0.04039300845
	0.07430754547	0.07814140592	0.0733915196	0.04238537073	0.08554652488
	0.04416309416	0.08720392626	0.09152631861	0.08454191099	0.04609411976
	0.1006079178	0.04852608194	0.1046380753	0.109383108	0.09941906946
	0.050379727	0.1178981372	0.0534837359	0.1254757486	0.1304544618
	0.1171938592	0.05480928311	0.1350181067	0.05924082144	0.1456190359
	0.1502859302	0.135762823	0.05909262267	0.1495047742	0.06618016266
	0.1560275238	0.1594108548	0.1527634101	0.06635296001	0.1936654915
	0.1282731291	0.1683062599	0.1720779455	0.1951817236	0.1296313741
	0.470706712	0.441965423	0.384633683	0.383498334	0.4439082767
	0.4182723154	0.9588715408	0.9601693897	0.9731342329	0.8974902683
	1.001916947	0.9916992871	0.7696477529	0.3591438709	0.6958372599
	0.6109596163	0.4595185853	0.4582329236	5.883274575	5.788225053
	4.664600091	4.383860383	6.067734148	5.941966465	5.156121806
	4.785351156	6.794864031	6.870242967	6.540577668	6.584001295
	0.5598847972	0.3963624698	0.2222385095	0.1972637523	0.5959753829
	0.4083174441	0.2678494937	0.1572445049	0.2874597266	0.2958310705
	0.367887494	0.1796214342	0.3159878708	0.3233265646	0.3361923695
	0.3670296901	0.2688905445	0.2321034375	0.3571119181	0.372033655
	0.296866712	0.3111627968	0.3213280157	0.3303153952	0.2907135566
	0.3115778382	0.2441265871	0.2469425945	0.2893026578	0.3072607722
	0.2321355136	0.2555763731	0.200969633	0.2069931299	0.227814543
	0.2527348609	0.1897091378	0.211185667	0.1629733294	0.1718886052
	0.181332152	0.2069047373	0.1468613174	0.1634210735	0.1374060627
	0.1507098163	0.1463270963	0.1677152722	0.1065904606	0.1162860457
	0.1246813737	0.1457402941	0.1177106562	0.1321193011	0.07991048795
	0.08004581868	0.1137871872	0.140341563	0.09651386661	0.1020952514
	0.06797245999	0.05781009993	0.09940511124	0.1261688668	0.08327087322
	0.07882959776	0.06234847595	0.04519212944	0.08398376886	0.1066159881
	0.07484325143	0.06142020051	0.05833119781	0.03763916291	0.0716425057
	0.08808335126	0.06848939098	0.04890909331	0.05627579189	0.03354541293
	0.06462111149	0.07508994593	0.0640477676	0.04102815577	0.05702180286
	0.03224443347	0.06270000847	0.06901440239	0.06228795766	0.03732683905
	0.06040183816	0.03277780401	0.06448878499	0.06878459216	0.06342190296
	0.03660981985	0.06612747853	0.03436317692	0.06898773429	0.07275726508
	0.06724346449	0.03753652518	0.07443331354	0.03679223978	0.0761279141
	0.08011506887	0.07382770495	0.03930449107	0.08582942065	0.0402598271
	0.08656052724	0.09100145351	0.08374775501	0.04173523649	0.100556858
	0.04494795313	0.10120447	0.1060204089	0.09772990341	0.04510971829
	0.1181233029	0.05068611695	0.1203779515	0.1253182538	0.1158539728
	0.04983044986	0.1367166283	0.05706838481	0.1422331221	0.1469252259
	0.1364976959	0.05570609883	0.1523233389	0.06382246886	0.160827692
	0.1643987721	0.1557235572	0.06174739818	0.1605784328	0.07310043781
	0.1665181478	0.1667119247	0.1698175064	0.07277854094	0.1921271093
	0.1334230056	0.1789792375	0.1747874073	0.2055054531	0.140668845
	0.4420506137	0.419910444	0.3890843394	0.3851477386	0.4275827329
	0.406346161	1.000719879	0.9983756707	0.9761943577	0.9096788386
	0.9915988689	0.9846041904	0.655123219	0.5011107829	1.13165361
	1.002156965	0.9557590465	0.9610424086	6.122608588	5.93988391
	4.430318706	4.111031739	5.804062943	5.67832187	6.897833669
	6.589645973	8.793800161	8.86938134	8.827344041	8.886943322
	0.5239993087	0.4116377758	0.1413430112	0.127534354	0.4966943604
	0.3831699553	0.3127674533	0.1861726759	0.2269047822	0.2197612195
	0.3619198078	0.2060253779	0.2625559207	0.2397603376	0.3270887399
	0.3620386153	0.2824327663	0.1877205138	0.3232790499	0.3402037098
	0.3188046613	0.3495339796	0.2893016996	0.2817966236	0.2875870341
	0.3167436016	0.2687881827	0.2785344553	0.2696341659	0.2905806907
	0.2260130592	0.2621095908	0.2234005639	0.2297951659	0.2156139193
	0.251494178	0.1795808856	0.2175924446	0.1887573203	0.1973386765
	0.1677418395	0.2102415853	0.1437228255	0.1793016861	0.169501224
	0.1797574643	0.136412982	0.1782646133	0.113162468	0.1437402323
	0.1619586855	0.1777213711	0.1169809583	0.1533322491	0.08966447031
	0.1134308865	0.1536181947	0.1764420764	0.1028951413	0.1318595941
	0.07451500516	0.08968810022	0.1385463649	0.1654801774	0.09102596899
	0.1117252824	0.06508067052	0.07110826118	0.1190562426	0.1457826612
	0.08071065018	0.09245935518	0.05888186001	0.05620361334	0.1000987896
	0.1232293931	0.07215604843	0.07480563039	0.05598169079	0.04467119341
	0.08567356575	0.1034816512	0.06625444351	0.05996267881	0.05726686427
	0.03680411956	0.07772481373	0.09014770249	0.06412588953	0.04888301061
	0.06275092892	0.03265714769	0.07626375037	0.08452569225	0.06630861946
	0.04185111047	0.07181991495	0.03170800665	0.08023430322	0.08600612181
	0.07259102643	0.03835019558	0.08398066323	0.03314157277	0.08850221091
	0.09308739181	0.08251584141	0.03729884838	0.09885430373	0.03634762964
	0.1001995569	0.1043072626	0.09570721157	0.03754608885	0.1157086886
	0.04112300578	0.114622258	0.1184598035	0.1117979214	0.03833490078
	0.1329677006	0.047428861	0.1310723572	0.1343062877	0.1301497466
	0.03981561069	0.1475855194	0.05475126402	0.1477099593	0.1493733765
	0.1488651099	0.04338479319	0.1544854463	0.06220865862	0.1583671192
	0.1570220841	0.163212538	0.05154198761	0.1506846114	0.07540480313
	0.1546430711	0.1472375858	0.1697333552	0.07384456783	0.1773138748
	0.1445136357	0.1768389117	0.1588338547	0.2025218539	0.1546971801
	0.4172145256	0.4092564085	0.4003051271	0.3836039191	0.4126122885
	0.4021852532	0.9937459882	0.9913507677	0.9528761975	0.8925030415
	0.9530316361	0.9504869225	0.9734302116	0.9971322723	1.447752496
	1.264497683	1.321250518	1.320826119	5.992866541	5.672726822
	3.736339266	3.400437264	4.899066109	4.797491628	9.163393381
	8.894772064	11.37063768	11.42421665	11.87558467	11.93868309
	0.4466984707	0.3910626527	0.1217030732	0.1590992953	0.3516722063
	0.3154551913	0.3531009193	0.2223717231	0.2008927584	0.1855391531
	0.3349768658	0.2024455055	0.2957522092	0.2016423775	0.3446790951
	0.3819137371	0.3485434974	0.2029681516	0.2995058631	0.294576864
	0.3578895366	0.4055891184	0.3081637029	0.2471036542	0.2725446947
	0.3031167404	0.3026748551	0.3271798143	0.2513384216	0.2569135254
	0.2162224027	0.2623374343	0.2487287398	0.2564914666	0.1952201571
	0.2354075279	0.1674025628	0.2213358153	0.2134542849	0.2195344495
	0.1503690665	0.2076913195	0.1343586998	0.1906091051	0.1975765832
	0.2040494785	0.1225155174	0.1854130063	0.1113264602	0.1665345261
	0.1948409151	0.2037664393	0.108948928	0.1699273016	0.09281511752
	0.1460306507	0.1920611069	0.2066920991	0.1006916365	0.1576119685
	0.07744997438	0.1275367653	0.1814642424	0.2019043382	0.09162803015
	0.1446374725	0.06583738926	0.1101987576	0.1636230766	0.1873012021
	0.08148467688	0.129581499	0.05895255604	0.09395217962	0.1429866385
	0.1667055261	0.07263710554	0.1131526749	0.0578126985	0.07937993739
	0.1241670359	0.1453828634	0.06768326051	0.09692787464	0.06256691839
	0.06719312032	0.1104435445	0.1277020365	0.06823057172	0.0823719577
	0.0720593085	0.05779601851	0.103473991	0.1164133889	0.07422980968
	0.07037127166	0.08476024374	0.05109519177	0.1033862176	0.1124841271
	0.08444685001	0.06109895652	0.09940593367	0.04649065929	0.1091058398
	0.1151522346	0.09744212857	0.05399723332	0.114721139	0.04304700525
	0.1187495917	0.1222880411	0.1118330327	0.04778053596	0.1287354294
	0.04000491768	0.1295200029	0.1306369578	0.1258699221	0.0404803073
	0.1382297626	0.03791875706	0.1370647442	0.1355146962	0.1369837278
	0.02985672147	0.1392143963	0.04019480565	0.1354582418	0.1305224447
	0.1421723213	0.01739333771	0.1289529504	0.0525543657	0.1193337656
	0.1080672101	0.1397224005	0.02935533732	0.1136984655	0.0830372816
	0.09796939638	0.0702695374	0.1369767293	0.07573565052	0.1589486742
	0.1665704599	0.163930305	0.1311112403	0.1887761215	0.1764383138
	0.4012186493	0.4115302229	0.4155150702	0.3771082911	0.4017758125
	0.4053595661	0.9599984669	0.9609649304	0.9150002345	0.8406382097
	0.8960065111	0.8981421758	1.314116371	1.361315542	1.58892315
	1.363235565	1.484447109	1.478547308	5.276717862	4.785971633
	2.520369477	2.243012588	3.208240298	3.175151393	12.17286
	11.94953229	14.71914603	14.69756421	16.05352922	16.09123918
	0.3794162464	0.3439669973	0.2416353395	0.3341252398	0.2461800515
	0.1552581388	0.4134389072	0.2435994813	0.2580843502	0.2758537678
	0.3903255799	0.2175997477	0.3938897166	0.224734105	0.4046937027
	0.4553828182	0.455826401	0.266179861	0.3243269872	0.2580592854
	0.4155155135	0.4777003145	0.3794796144	0.2493786918	0.2568441915
	0.2662135261	0.3407001667	0.3834590446	0.2641436549	0.2204086422
	0.1978063925	0.241426665	0.2657875344	0.2791931994	0.1764198437
	0.1986559768	0.1516870417	0.2120429831	0.2250252089	0.2247145993
	0.1278351311	0.1867091875	0.1222948438	0.1913589887	0.2127006167
	0.2110016492	0.1054336053	0.1796963314	0.1055985213	0.1786427629
	0.2155582361	0.2155560941	0.09793670867	0.1755095567	0.09376279628
	0.1696083972	0.2200659232	0.2239638015	0.09518655475	0.1726691715
	0.08312933707	0.1608978392	0.2178465124	0.227026224	0.09090814218
	0.1687582634	0.07524712176	0.1509799131	0.2075402771	0.221493483
	0.08514427555	0.1621118574	0.07296327156	0.1397552161	0.1919753258
	0.2089115985	0.08122960258	0.152611959	0.07697879046	0.1278217315
	0.1750256074	0.1928827876	0.08199868389	0.1411619501	0.08548225229
	0.1157856007	0.1598626216	0.1769712339	0.08769947855	0.128873874
	0.09600276215	0.1037899766	0.1483740241	0.1636699052	0.09650838299
	0.1164824953	0.1064419323	0.0912967035	0.141173387	0.1540273805
	0.1060571793	0.1040282191	0.1149334537	0.0771201718	0.1378331729
	0.1475887824	0.114077792	0.09070463203	0.1195981935	0.05991055201
	0.1372027399	0.1426002565	0.1184111985	0.07479226317	0.1190943186
	0.04061464248	0.1377781645	0.1366725546	0.1174334028	0.05373657389
	0.1155622706	0.03552398353	0.1380827666	0.1285333577	0.1122828783
	0.02559147533	0.1230309144	0.06524069862	0.1378404991	0.1227424653
	0.1129299673	0.02886824471	0.168122598	0.110210427	0.144256753
	0.1356654511	0.1394347681	0.08906889208	0.2494627646	0.1633962136
	0.1758776153	0.175802381	0.1939443842	0.1696913601	0.3298398865
	0.2494145875	0.2555637141	0.2379633766	0.2637362901	0.2652141833
	0.4649325376	0.4487156848	0.4598122882	0.4137136412	0.4288416212
	0.442657487	0.9197714894	0.9217179563	0.8681814331	0.7760379773
	0.8582651655	0.8618703125	1.506610022	1.541844678	1.591489486
	1.287304685	1.48790942	1.471950749	3.830196731	3.15596039
	0.9401627565	0.9200493246	0.8779793311	0.9448784277	16.25027205
	16.10587031	19.05826847	18.91120659	21.5584402	21.53832887
	0.6312083118	0.3145791123	0.5780479547	0.7236415871	1.013894828
	0.3963675983	0.536477251	0.28000436	0.4337569252	0.5535457358
	0.6505509723	0.4082676386	0.4909454589	0.2636461209	0.5006426078
	0.6034396052	0.5965430534	0.3738470479	0.3680850151	0.2271499503
	0.4665224713	0.5476671455	0.4586847682	0.2757148398	0.250259765
	0.1978425944	0.3570117974	0.4107391646	0.2998787576	0.1840755758
	0.1778518356	0.1727454115	0.2468749455	0.2673778686	0.1741194955
	0.1283807482	0.1440304002	0.1556940722	0.1890256683	0.1795686423
	0.1091691704	0.11395631	0.1291504177	0.1489983302	0.1829624717
	0.1644157582	0.09393289641	0.1211203254	0.1220913722	0.1494669327
	0.1981268279	0.1835139993	0.09741902194	0.1321588618	0.1165011837
	0.1522796625	0.2136656634	0.2049956584	0.1021234516	0.1417882178
	0.1098016339	0.1535595223	0.2214496375	0.2190962548	0.1033536561
	0.1484620774	0.1030081685	0.1509685949	0.2197775156	0.2239422824
	0.1016520093	0.1510386028	0.09798941747	0.1433362705	0.2099702332
	0.2203957814	0.09907259262	0.1486839053	0.09498983341	0.1301173178
	0.1943810809	0.2103093336	0.09668092641	0.1409090338	0.09272067996
	0.11118292	0.1755143653	0.1955986898	0.09401425322	0.1273969237
	0.09084534324	0.08752840104	0.1563941154	0.1781044194	0.09095798682
	0.1079851896	0.0934801394	0.06522918549	0.1422113245	0.1604855673
	0.09137710215	0.08341445578	0.1106825008	0.06621000468	0.1419276345
	0.1483247255	0.1057521275	0.05940652456	0.1514550923	0.1057201083
	0.16463478	0.1519266261	0.1444605739	0.06005018338	0.2168212398
	0.1685411831	0.2117940203	0.1816738279	0.2087396928	0.1017343663
	0.3033777793	0.244628818	0.2788197979	0.2394190665	0.2943815054
	0.1665748311	0.4067387788	0.3288264319	0.3607607536	0.3211768623
	0.3957298662	0.2459353096	0.5250663356	0.4144394974	0.4536701199
	0.4241820632	0.5067094883	0.338538884	0.6667583873	0.4871052302
	0.5577533858	0.5482652357	0.6200607907	0.4480870053	0.8353408644
	0.5324362797	0.6756801685	0.676337321	0.7122248082	0.5828511321
	0.9606585929	0.6236520699	0.7464182937	0.7132917135	0.7197604495
	0.7211702598	1.053472614	0.9659013825	0.8802221522	0.7640781883
	0.7470124814	0.8563937533	1.53979214	1.559430072	1.515814968
	1.317917014	1.463774729	1.472275533	1.185685043	1.00776148
	0.9880546303	1.038070238	1.404543234	1.107791726	21.55341641
	21.55526937	24.15754131	23.64442219	28.94655489	28.70362529
	1.27559639	0.7474215333	1.215312947	1.079989615	3.284300446
	2.097265542	0.5069364045	0.4466715527	0.7763084864	1.207802685
	0.8184267177	0.8571215801	0.5435303465	0.5003239867	0.7020897912
	0.8335062308	0.6727790319	0.4952775595	0.571543705	0.5328343261
	0.6646155203	0.6781378133	0.6419347224	0.4795679702	0.5786458975
	0.5342318087	0.5991065478	0.5999452716	0.605243261	0.5079072282
	0.5817346564	0.5126985586	0.5302435282	0.5429755024	0.5700029874
	0.516662093	0.5828434485	0.4836390121	0.4855078789	0.5051419938
	0.5585727335	0.5020549996	0.5788920503	0.4580643533	0.4647870075
	0.4819197047	0.5594565246	0.4780693914	0.5743622858	0.442539005
	0.4602619911	0.469379313	0.5652260544	0.4560916274	0.5749509802
	0.4402650324	0.4668719852	0.4657548706	0.5757741868	0.4428905232
	0.5850836464	0.4527613411	0.4832862529	0.4711172942	0.5939272359
	0.4418530706	0.6081109615	0.4806634967	0.5103997221	0.4868545116
	0.622801244	0.45480832	0.6464046874	0.5237825253	0.5497354206
	0.5148430769	0.6648584205	0.4827303107	0.7009092764	0.5808753465
	0.6019776895	0.556423261	0.7212812711	0.5256747513	0.7708310754
	0.6495627946	0.6661515419	0.6115573128	0.7915984739	0.582527929
	0.8537538583	0.7265225061	0.739665343	0.6785685656	0.8737311602
	0.6509634986	0.9460254009	0.8078527143	0.8188846994	0.7544457128
	0.964358689	0.727674548	1.043180154	0.889481338	0.8998085944
	0.8354096654	1.059380319	0.8087595287	1.140273643	0.967578573
	0.9786634163	0.9174966576	1.154321072	0.8901429342	1.232131366
	1.039008155	1.05244574	0.9971051549	1.24464445	0.9680007565
	1.313648139	1.101899716	1.119518938	1.071590745	1.326010636
	1.039246587	1.3803247	1.156535951	1.180392002	1.140039422
	1.394507983	1.102226392	1.428990163	1.206617322	1.238539565
	1.204445242	1.447098588	1.158051081	1.462084623	1.257576163
	1.299095274	1.272141444	1.48478324	1.213399449	1.517105828
	1.297373684	1.364572856	1.361270312	1.523254785	1.284719487
	1.711207536	1.252322944	1.472172274	1.498767834	1.58347857
	1.405380217	2.090674549	1.135231543	1.570209539	1.53955285
	1.545902132	1.607798514	2.29587135	1.78414578	1.276019401
	0.8841121843	1.251108954	1.493340844	1.663992119	1.452052701
	2.832308215	3.016783158	2.030737845	1.971326992	28.53818856
	28.71746521	29.41367919	28.46484447	33.21969923	33.20964554
	3.083955792	3.906424914	4.978386803	0.6173390387	10.11753706
	6.920834437	4.633674433	4.423757026	4.503916198	4.162681716
	5.539861084	3.611114085	5.459894498	5.204019061	5.193800957
	4.577953742	6.045164645	4.400378371	5.756823859	5.598239578
	5.572505543	5.216278682	6.286836612	5.202426377	5.723361258
	5.688733726	5.652824966	5.559886289	6.156704982	5.599978346
	5.597150175	5.609592529	5.572145447	5.647275822	5.955282821
	5.69350812	5.43711637	5.441677824	5.405192873	5.572899907
	5.746278291	5.616302929	5.270689461	5.238071877	5.203222565
	5.408361439	5.547190772	5.449445496	5.106566101	5.026616966
	4.993583067	5.206161895	5.357673297	5.246163966	4.946573983
	4.818945244	4.787823999	4.995210467	5.173805013	5.034413832
	4.788496937	4.617572912	4.588473683	4.787924077	4.991048904
	4.825962384	4.628652229	4.421031625	4.39407635	4.587144214
	4.805449225	4.62349644	4.463810418	4.226926624	4.202220078
	4.39146032	4.614368108	4.42572656	4.292292706	4.033485826
	4.011087455	4.198428044	4.416941001	4.230408005	4.11423061
	3.840119274	3.820035389	4.006206451	4.21407332	4.035869817
	3.931266556	3.647415636	3.629612083	3.814153113	4.008055714
	3.841574897	3.74600643	3.456890463	3.441315895	3.622828278
	3.802018848	3.648128336	3.561451393	3.270704639	3.257315323
	3.433742322	3.599427496	3.457039815	3.380526637	3.091497139
	3.08028018	3.249076922	3.403730177	3.270454504	3.205742155
	2.922438417	2.913435911	3.07153147	3.218213565	3.090996553
	3.038979622	2.767621743	2.760959159	2.904410745	3.046089515
	2.921834047	2.881462172	2.632964691	2.628871418	2.75209416
	2.89089126	2.767087728	2.734301012	2.528016977	2.526722805
	2.621113294	2.757338736	2.632766463	2.599768665	2.470081204
	2.470927941	2.522317824	2.652700879	2.528661094	2.481551618
	2.4914219	2.488828769	2.475680333	2.590510307	2.472696141
	2.410447655	2.623990944	2.599239963	2.522035409	2.614262847
	2.498362454	2.615945589	2.710365802	2.75496258	2.755883026
	2.868206614	2.644429482	3.572218598	2.073160111	3.761458935
	3.433056742	3.336004456	2.88258095	7.680962625	2.735521466
	4.308336597	6.526772086	5.452562303	5.533556979	33.07340533
	33.20175123	31.34979978	29.60995533	49.62019208	45.6243929
	54.64564226	40.57207506	42.87131124	59.55074021	55.31531525
	59.58502174	32.15645712	27.78338166	28.08985346	40.45137512
	32.57262761	39.89950948	22.65461023	21.04461684	20.95642461
	28.10104741	22.45423063	27.71138756	17.60507385	17.15298574
	17.0430437	21.24402647	17.34949472	21.02457352	14.54021949
	14.60753088	14.51412628	17.28983077	14.27368762	17.13902816
	12.36665258	12.69173735	12.62143701	14.73432597	12.09626573
	14.59675265	10.65210563	11.08828577	11.03794774	12.82702662
	10.37150221	12.68214703	9.189140828	9.659998594	9.626002158
	11.237683	8.899645849	11.07889046	7.896450218	8.363539157
	8.342930313	9.820957036	7.604858757	9.650413751	6.750444353
	7.196687547	7.187139307	8.529240473	6.465720279	8.353754787
	5.750928718	6.169969445	6.169361895	7.35861696	5.481526524
	7.186918221	4.902540044	5.292607357	5.298715338	6.319719029
	4.655042413	6.160538814	4.206547592	4.567250707	4.577612713
	5.423046336	3.985209084	5.283864868	3.658509878	3.989408456
	4.001383397	4.673261039	3.465373669	4.559509515	3.248871172
	3.548985964	3.559970291	4.068329404	3.084201099	3.98289972
	2.964600807	3.232377841	3.240125847	3.600819996	2.827423995
	3.543829487	2.790827609	3.024363413	3.027307265	3.259690128
	2.67944386	3.22857223	2.712103001	2.909623373	2.90706546
	3.031757539	2.624516508	3.021799023	2.713434572	2.874094453
	2.866187241	2.902798378	2.647769702	2.90811675	2.781520407
	2.906666152	2.894192036	2.858746111	2.736561325	2.873435164
	2.906813273	3.002052772	2.986094641	2.887673609	2.882878089
	2.906662337	3.087487175	3.166322905	3.147934867	2.983353957
	3.087980306	3.002564404	3.337485371	3.427959208	3.407988753
	3.15185556	3.371735711	3.167274429	3.703461227	3.859959824
	3.839456054	3.424659331	3.79173362	3.429307377	4.301371697
	4.62300181	4.605305914	3.886336084	4.48250761	3.861531314
	5.389796786	6.047427282	6.042679094	4.733522513	5.73443773
	4.624046544	7.494359549	8.786217954	8.811440899	6.397534334
	8.158657186	6.045872696	11.70625381	13.80536949	13.8481334
	9.822794549	13.1119987	8.776439461	22.02345696	21.61158766
	21.92995265	17.21601762	23.9126261	13.76489664	65.75066636
	74.91265775	60.90346606	39.06787935	49.75492002	21.03074464
	
