5400	
	0.1162006878	0.0583534551	0.1219900987	0.1162008122	0.1332037357
	0.06069693635	0.08229931634	0.1257350494	0.201091958	0.09499737992
	0.129372788	0.07174117087	0.0899140516	0.18363609	0.206142433
	0.1400862351	0.06546973187	0.1334990135	0.2352326888	0.2384458819
	0.238113012	0.2008178221	0.2009517112	0.188572568	0.3638749523
	0.3176154212	0.3187558142	0.2703753414	0.3323758307	0.2411409989
	0.5408793921	0.4492260968	0.4550161494	0.3869813796	0.5000516602
	0.3210275682	0.8240290942	0.6438463768	0.6634410744	0.5824886029
	0.771482442	0.4533953442	1.213503348	0.8828721056	0.9359706963
	0.8552264883	1.15922098	0.6475766046	1.646264272	1.093563987
	1.21916821	1.160831745	1.602230865	0.885637122	1.970620777
	1.165131007	1.419371353	1.395512212	1.951234099	1.095189235
	2.003419438	1.006987778	1.448979615	1.435507475	2.019099054
	1.165722562	1.625617318	0.6264633554	1.306658361	1.201624119
	1.676827053	1.007278627	0.8540585868	0.4923029278	1.176831166
	0.7359512391	0.9307083561	0.6288537416	0.2902618801	1.064687115
	1.329212654	0.5501065693	0.2500254381	0.5009294177	1.274025453
	1.626446051	1.66393133	1.137108381	1.183279859	1.071766875
	2.084576242	1.874561234	1.881441973	1.720512625	1.984648613
	1.632450215	2.470525994	1.681352744	1.844439647	1.981776311
	2.363716481	1.880109994	2.332106523	1.084547789	1.671588126
	1.801708318	2.231031087	1.687327147	1.708549675	0.6370711054
	1.727676651	1.243311383	1.644647364	1.092163667	0.8405993139
	1.304071446	2.111995938	0.8719088069	0.8581781125	0.6443276382
	0.6807500832	1.983854097	2.423519077	1.457025965	0.6921487285
	1.307165156	1.313439621	2.204976999	2.371722609	2.101898836
	1.23210954	1.987612762	1.652140581	1.942658714	1.961184932
	2.29412242	1.529147108	2.209314889	1.599315805	1.402488825
	1.410045055	1.990189263	1.479167542	1.946694987	1.295537663
	0.8553117098	0.9553970382	1.409400351	1.213233441	1.404952571
	0.9163657189	0.4648984458	0.6622557479	0.850490286	0.8848007431
	0.8552885476	0.5802924687	0.2457889177	0.4603242596	0.4848285158
	0.5894328148	0.4639540402	0.3311833649	0.1388009727	0.3053025427
	0.2932360483	0.3650018844	0.2475420245	0.1487082374	0.07765115349
	0.1798201441	0.1922056267	0.2130333315	0.1495321797	0.03128331279
	0.0001484598528	0.03128331279	0.1305770457	0.1288627472	0.1098688751
	0.1292669745	0.06577684951	0.1400460538	0.1208786377	0.2579239466
	0.1529040106	0.07514687252	0.08024245622	0.1131345139	0.1011417446
	0.1142528425	0.1119333783	0.2101843525	0.1364853572	0.1865469777
	0.2034007823	0.19059981	0.09846631671	0.3378006783	0.2120861407
	0.2629966428	0.2757558472	0.316071198	0.1489607133	0.5289183352
	0.3172339589	0.3962915854	0.40854217	0.4847245773	0.2249190982
	0.82386802	0.4535139525	0.6093841566	0.633298435	0.7643325072
	0.3348458968	1.1531254	0.5663058067	0.8506338263	0.8762644724
	1.100449105	0.4666939964	1.346162462	0.5642821122	1.012043286
	1.004768984	1.326882104	0.5714053678	1.191019606	0.3869720862
	0.9677755251	0.879828067	1.229004701	0.564029145	0.6335081919
	0.2091412082	0.7252338924	0.5056572565	0.7215937462	0.3918904619
	0.1169609396	0.4738595277	0.5987025631	0.304182545	0.1283698998
	0.2360272422	0.6998488541	0.71547914	0.7550600939	0.6177517459
	0.6488517239	0.4886232063	0.9525442289	0.780461325	0.8607008175
	0.8235592321	0.9253481169	0.722273841	0.8969941089	0.7029075189
	0.8063557065	0.8436592363	0.8885392775	0.7825584561	0.6784618013
	0.558061649	0.6593133108	0.7503680308	0.6837452965	0.7019193343
	0.4469426769	0.3973338505	0.4973885846	0.6235079041	0.4581109122
	0.5547616053	0.3247791729	0.2392843839	0.3523220094	0.4993592247
	0.3221964347	0.3924124122	0.3462237161	0.1520191597	0.2713019393
	0.3721931521	0.3433730137	0.2391136486	0.3855088256	0.2828362172
	0.3827169563	0.2667334539	0.4374789184	0.1835963664	0.3436094899
	0.469730306	0.6095013163	0.3554801195	0.4720435062	0.3175478969
	0.2345245115	0.608134796	0.8029866251	0.6039933327	0.3650852526
	0.484124601	0.1519727291	0.6584624533	0.8832427082	0.8165381216
	0.1715707687	0.6107998897	0.1500422143	0.6633837887	0.8861391445
	0.8910130002	0.1421128516	0.6645245504	0.1621542836	0.6416949813
	0.8266286576	0.8680877641	0.2122133322	0.6741407215	0.1678982787
	0.5520285304	0.6669208921	0.7949355706	0.2459974415	0.656695248
	0.1966859907	0.3904760333	0.4295027643	0.6479075602	0.2332893369
	0.5685571079	0.2148593338	0.22582456	0.2251096257	0.4329651809
	0.1870226289	0.4014456168	0.1914039271	0.1157692358	0.1272612944
	0.2357454387	0.1479645413	0.2284124982	0.1482714477	0.0774248195
	0.1152766067	0.1395375923	0.1255831764	0.1222068682	0.1940742485
	0.07817263039	0.1820520453	0.2395355447	0.1757709858	0.1426943068
	0.1696824633	0.155557167	0.1044264608	0.09356679485	0.3746907476
	0.2961923726	0.2376569385	0.1348565298	0.2560592633	0.2887188785
	0.2305235966	0.1871601831	0.3778623188	0.1579436681	0.3294597898
	0.3672066952	0.3601274191	0.1245954587	0.5291887599	0.2317500379
	0.4204390853	0.4600875769	0.4962441614	0.1792589728	0.7843797786
	0.3147051177	0.6300345129	0.673395088	0.7268500829	0.2672087281
	1.028767969	0.3465569265	0.8701081991	0.8793221472	0.9924455022
	0.3425302381	0.9821830305	0.2585868875	0.9196360784	0.8264132734
	1.015353059	0.3431638142	0.4898805637	0.2140540643	0.6809769511
	0.4355536563	0.5991430097	0.2462793487	0.278512239	0.4559828143
	0.5118734016	0.308024262	0.2172950744	0.2393004799	0.8426417162
	0.666101374	0.7458418518	0.6932015479	0.7872679674	0.4776345329
	1.080021191	0.7794697171	0.9093801797	0.8710568603	1.065706781
	0.6743259495	1.116534991	0.8573533132	0.9581210244	0.9130205475
	1.126592293	0.7788004058	1.113858142	0.9390236249	0.9983963597
	0.9373160041	1.140450358	0.8535378321	1.109356688	1.014296448
	1.047974337	0.980036952	1.147061548	0.9350766144	1.067295193
	1.060964783	1.081021951	1.027506254	1.108744328	1.01096726
	0.9605056612	1.067143022	1.085177356	1.066671911	1.002753033
	1.058169863	0.7941905141	1.022669079	1.051911155	1.092975329
	0.8372518629	1.06447194	0.6008716288	0.9041555779	0.9460764864
	1.0892618	0.6323704882	1.020043513	0.4481527938	0.6824636328
	0.7091923182	1.004994783	0.4429874093	0.9055802001	0.3931920144
	0.3764243163	0.3447084535	0.7637594975	0.4246480375	0.7073932506
	0.3580096271	0.2338021887	0.3443816772	0.3508624313	0.5194635391
	0.4674276149	0.3581826319	0.4055510977	0.6734246173	0.3505124811
	0.4514861687	0.3277962891	0.4517063584	0.428772614	0.7271224015
	0.7238261922	0.4062082485	0.4152403059	0.5148155406	0.3484013027
	0.5951714672	0.75935126	0.5666794947	0.4628641606	0.4934230942
	0.2909348492	0.4662924914	0.5740744789	0.5779730316	0.3955034667
	0.3843720552	0.242957692	0.3640057544	0.4036319936	0.4714924805
	0.3202679989	0.2190994951	0.1655197239	0.2453215238	0.2967778371
	0.333921192	0.2572505216	0.07022797446	0.07819435471	0.1210263483
	0.1970522123	0.1878672167	0.1772939781	0.0756968605	0.05521191444
	0.1016137361	0.125693543	0.1067665211	0.1192371425	0.2564539215
	0.1328807564	0.3167397865	0.3150107301	0.2289003497	0.1965873071
	0.3054086637	0.3005954503	0.2876737123	0.3231354706	0.5164358782
	0.4902096519	0.4261410609	0.2125561025	0.4706192497	0.5158268117
	0.402244645	0.2575716156	0.5341124669	0.1795262112	0.4870422302
	0.5226641237	0.5134419665	0.1636954599	0.7123313106	0.2207684073
	0.6341638245	0.6586798923	0.6653711633	0.2206756801	0.8830969001
	0.241294409	0.8639711212	0.8413574636	0.8626327708	0.2632070266
	0.6993418678	0.2143527495	0.8232214165	0.6811572613	0.7723182524
	0.2130894908	0.159551772	0.3178712706	0.4745649737	0.1944255542
	0.267320097	0.1916347316	0.6925500428	0.515394083	0.5864328392
	0.5773738389	0.5906972383	0.3615906015	1.094977976	0.6490808839
	0.8834035724	0.8942249685	1.040775728	0.5456784588	1.225247506
	0.7283178084	0.9788435563	0.9756420578	1.207850318	0.6552907404
	1.24922298	0.7775362075	0.985180937	0.9737452834	1.254291544
	0.7234685651	1.205844144	0.7888450169	0.9459555494	0.9356253101
	1.223879777	0.7707471056	1.0901339	0.7698200228	0.8667078094
	0.8665774625	1.109766765	0.7831500694	0.9435156226	0.7496044219
	0.7903679743	0.7950309569	0.9622284059	0.765943432	0.8178586029
	0.7542683607	0.7621503217	0.7508194568	0.8397943455	0.7473032491
	0.7304672924	0.7981739735	0.7997395426	0.7490575025	0.7593162622
	0.7531103905	0.6656608581	0.8872578445	0.9071178568	0.7997193283
	0.707624796	0.797775929	0.5944300546	1.013749408	1.075074182
	0.913945446	0.6594465216	0.8868778722	0.4998224199	1.133008139
	1.244374784	1.091493029	0.5753415559	1.011874933	0.4335664155
	1.136920775	1.262094962	1.279494189	0.430325758	1.130730343
	0.4618946409	0.8852829311	0.9238050005	1.315899507	0.4227748319
	1.153674451	0.4285822193	0.3867304109	0.283120045	0.9678549718
	0.6618624646	0.9688818012	0.4081081744	0.3822761099	0.6792150018
	0.2759602955	0.5993852218	0.5279717714	0.5578859534	0.5373891004
	0.8766085739	0.6965056052	0.4162544847	0.3953404623	0.5914665062
	0.4092795577	0.6272913541	0.8828340461	0.7115846418	0.6009136823
	0.5118219691	0.2914518024	0.3646548275	0.5915403063	0.7080918021
	0.494179183	0.3854397867	0.2193899367	0.2181320244	0.3074310068
	0.5174831588	0.3341304568	0.2352704	0.1404512753	0.1253504495
	0.1633242764	0.3398657327	0.2305610835	0.1394456315	0.1031427007
	0.1280891254	0.1168692716	0.2244254038	0.1889081192	0.2434904704
	0.1959952738	0.3405635929	0.3087665636	0.2722563025	0.2576019258
	0.5561765995	0.4958401759	0.6555401495	0.7180420969	0.6783004226
	0.6791400417	0.5723479031	0.2739164345	0.6676691057	0.6997069413
	0.552961407	0.3019737087	0.628564788	0.1771107257	0.6306013731
	0.6393887808	0.6017953867	0.1926866116	0.7445471112	0.2044283859
	0.7954384719	0.759741157	0.7242631153	0.2201432206	0.5563583167
	0.2388250774	0.7447459304	0.6044259297	0.6329434487	0.1646792924
	0.247819467	0.3315171783	0.3675609647	0.1707082587	0.2412431004
	0.2241561527	0.8387288745	0.4796235826	0.67431606	0.7186703113
	0.7320203309	0.4087684522	1.161920476	0.5682833481	0.9736389947
	1.000980097	1.110306328	0.5289506908	1.212581366	0.576892383
	1.010628998	1.0143651	1.203745435	0.5701336325	1.087326918
	0.5096976968	0.8956733322	0.8807992452	1.108960524	0.5583640525
	0.8221660832	0.3859492232	0.6742663224	0.6573851464	0.8564851628
	0.4881534499	0.5189596574	0.2527945636	0.4279484732	0.428093722
	0.5497476118	0.3678030343	0.2810493065	0.1477369798	0.2370236077
	0.2525808457	0.3018731565	0.2390693462	0.1372416357	0.08398996275
	0.1182627235	0.1370411747	0.144708014	0.1373249218	0.07451556956
	0.06141948503	0.06085011493	0.07289495987	0.06932288784	0.07684020074
	0.07123699038	0.07529027328	0.07159208184	0.05328895862	0.06083805504
	0.05771482767	0.09632934361	0.1287974933	0.1365874294	0.06959233959
	0.09111053362	0.07394048234	0.1360404507	0.2418964984	0.2687261291
	0.1251689026	0.1535342631	0.1300793011	0.1674525868	0.4490839486
	0.5170946943	0.2453402594	0.2343993254	0.2453174956	0.1935657062
	0.7726656155	0.9129836715	0.4850471928	0.2895807574	0.4502225871
	0.3662352002	1.127846035	1.333833619	0.8893523312	0.2466658742
	0.7656157511	0.6256155052	1.221239271	1.374405958	1.334525821
	0.4000556329	1.135148312	0.5726147248	0.711356184	0.6177974989
	1.386344845	0.8899302195	1.314063996	0.4097037714	0.3335574974
	0.600807444	0.6143459477	0.8222374329	0.8573475484	0.7182604693
	0.6512199516	0.9861376153	0.6193532868	0.418383339	0.3511783965
	0.7205198813	0.5131211786	0.6697067348	0.9600450055	0.9068859649
	0.7536160482	0.5160504322	0.3207688886	0.2947414128	0.5941702201
	0.8236069948	0.6131379289	0.3217105934	0.2158757749	0.100320149
	0.2146600138	0.5128060274	0.3685072931	0.2041373774	0.1792904321
	0.1253700419	0.1076274433	0.3197378705	0.2761157419	0.2604653952
	0.2554224721	0.3154057176	0.2903094138	0.309258141	0.3103935098
	0.8293560196	0.6846004562	1.065541061	1.137695563	0.8385316119
	0.7509941279	0.6283943947	0.3079708315	0.7829970115	0.7841178397
	0.6209386913	0.3194738792	0.6173129958	0.1936491346	0.7101345114
	0.6757426729	0.5998633784	0.2046047717	0.5032630613	0.2374873484
	0.68414848	0.5747937715	0.552573585	0.1581207863	0.2672082857
	0.2958573703	0.3109276595	0.156296553	0.2656372506	0.2260840128
	0.8216219156	0.4150158243	0.6872086366	0.7429776863	0.7181413056
	0.4183218839	1.118410923	0.4858866495	1.021707587	1.042975977
	1.071602064	0.4992006615	1.087113166	0.4464476036	1.013644041
	0.9933264334	1.094776835	0.4771104581	0.8188475993	0.3240387596
	0.7821421134	0.7278995671	0.8641453773	0.3918545656	0.4424471391
	0.1789033022	0.4521052022	0.3930609453	0.4928163058	0.2612564047
	0.1413911908	0.08176901228	0.187946313	0.1408240608	0.168323289
	0.1214396913	0.0721344913	0.07864810674	0.08140976166	0.02500886451
	0.03872060154	0.02799349841	0.1331641301	0.1022441306	0.09688371953
	0.07400196087	0.1209589537	0.06650565379	0.1567204047	0.1158379083
	0.1141016849	0.103335232	0.1517572839	0.09954094962	0.1571634326
	0.1217557942	0.1202387705	0.1152968952	0.1550423175	0.1146111955
	0.1452573273	0.1233997053	0.1211847709	0.1195824598	0.1471007785
	0.1207151262	0.1249599347	0.1231230719	0.1205292173	0.1206007834
	0.1300106604	0.1222920561	0.09766418936	0.1198900563	0.1191398988
	0.1225637936	0.09941539212	0.1214967738	0.07452113079	0.09757270731
	0.09890151039	0.1294294357	0.05931263869	0.1178603363	0.05904585107
	0.04829626178	0.05697807913	0.1223611416	0.08043729002	0.1010460382
	0.07585132391	0.3297294056	0.4145213966	0.05167106643	0.1560974611
	0.08372369533	0.4400239838	0.8899068921	1.080745639	0.3806704609
	0.1188601477	0.322646981	0.9345020343	1.358776894	1.538834261
	1.054523721	0.4410357975	0.8944735661	0.8417403216	0.9467120233
	0.8341824295	1.50397243	1.201982876	1.480915512	0.415946016
	0.3290157486	0.5838414597	0.7930934911	1.055519464	1.091372277
	0.95624485	0.7485411017	1.009893165	0.6216469923	0.5176502323
	0.3653496387	0.8634080365	0.5954271721	0.6056102289	0.9275247675
	1.167175048	0.9057670183	0.5037849723	0.3548361386	0.1638186565
	0.4703821667	0.893219564	0.6895426764	0.298955441	0.2677057528
	0.1237226007	0.1117451494	0.5096112136	0.4305972262	0.3082042144
	0.3089605591	0.3393852877	0.3220494614	0.4057785546	0.40335305
	0.9809433218	0.7551881259	1.32281227	1.384851508	1.012112696
	0.6094179727	0.5946449866	0.3217777365	0.7970690379	0.7636218391
	0.5999941081	0.3152883698	0.4667687024	0.2231506568	0.6304483403
	0.5546575586	0.4829150088	0.1771866569	0.2352817723	0.2446359664
	0.3034730017	0.1605289532	0.2776330491	0.1794917438	0.6896122398
	0.3398495344	0.5962870696	0.6511106931	0.6023832906	0.4013278037
	1.01878078	0.4385258909	1.021364759	1.036855896	0.9737903212
	0.4889857785	0.9677876756	0.4033438596	1.017815236	0.9816954459
	0.9817075778	0.4270241312	0.6435925807	0.2761528391	0.7163273312
	0.6441512658	0.6966423262	0.2928443804	0.2556653637	0.1438935407
	0.3291893725	0.2588761975	0.3001709692	0.1468170174	0.07680084107
	0.07954403112	0.08306208126	0.03273730722	0.0326561422	0.036380609
	0.1269749416	0.07103667372	0.06990232722	0.06695658182	0.1070762097
	0.0458968691	0.1253002749	0.06394494895	0.07442824996	0.07522471763
	0.1195321908	0.06560869448	0.09938108572	0.05352685267	0.05866802822
	0.0637748017	0.09631724218	0.06271888924	0.07643927813	0.04542748687
	0.04635192168	0.05205473837	0.07350892173	0.05252264409	0.06408692227
	0.04168812737	0.04169948862	0.04392306421	0.06116577128	0.04383658784
	0.05948141547	0.04223384442	0.04152275762	0.04031582857	0.05698984581
	0.03959626083	0.05727724358	0.04697004177	0.0450941831	0.04091953056
	0.05734559157	0.04018765652	0.05339500406	0.06001955736	0.05879993086
	0.0451246679	0.05745826133	0.04545198185	0.0490236937	0.09017291031
	0.0966419031	0.058898362	0.05109776276	0.05847416054	0.06564132911
	0.137474555	0.1582563385	0.09894180055	0.03454304309	0.08741753956
	0.09894450649	0.1519496696	0.1739685261	0.1659670061	0.06003598465
	0.1361145762	0.02259260508	0.06200989807	0.08098448207	0.1863760806
	0.1542170056	0.1701825701	0.5084899382	0.7044644377	0.8418910636
	0.06852174966	0.1117509186	0.09213033772	1.283102866	1.437365469
	1.520632499	0.8125620269	0.5662905066	0.7365297469	1.104476474
	1.055724193	0.7621609897	1.436580627	1.594906227	1.631161702
	0.5396117533	0.4019656127	0.7227355064	0.7053711953	1.147450791
	1.141139906	1.248909317	0.86255721	0.9263107139	0.7187761028
	0.8829241865	0.5783158984	0.9298354133	0.6503961636	0.3799787132
	0.7371222326	1.398835621	1.056320608	0.4978997004	0.4207589302
	0.1149941388	0.2310320136	0.9002863536	0.7370300871	0.4020376934
	0.4032509949	0.4403997958	0.4009727732	0.6085140172	0.5930452263
	0.9150889072	0.6113862348	1.251631955	1.287029852	1.310742401
	0.4901386182	0.4966030754	0.3178229028	0.7121860509	0.6545312957
	0.5175847786	0.2812681368	0.2577614721	0.2120058559	0.3701376165
	0.2740049511	0.2950962517	0.1271053427	0.4743683293	0.246676599
	0.3886160832	0.4329049889	0.4260238276	0.3295347555	0.8793493581
	0.4065711622	0.9486716172	0.9676292531	0.8368136245	0.4933376433
	0.8965595698	0.4254870752	1.039714912	1.005829056	0.9030044657
	0.4399854835	0.5929260203	0.3077369299	0.7344928683	0.6660038776
	0.6371947266	0.2718252924	0.2178483318	0.1603675323	0.3070041016
	0.2432347027	0.2475297362	0.1090042234	0.0921230389	0.07228459711
	0.05133361316	0.0226027637	0.03819320337	0.02214109381	0.112355069
	0.04482075539	0.06428326869	0.06458571362	0.1005407345	0.04019824103
	0.07981351627	0.0299616427	0.04737885238	0.04706221973	0.08016869236
	0.04168245481	0.0438684147	0.02064175799	0.02185829497	0.02815874108
	0.04463515403	0.03064056479	0.02597516759	0.01780343142	0.01653968752
	0.02176560745	0.02433711199	0.02024667617	0.02007354384	0.01781085735
	0.0184652916	0.01836989968	0.01655509932	0.0146880448	0.01751636787
	0.01810386271	0.01908928545	0.01579590056	0.01317609408	0.01331207549
	0.0165691939	0.01808984313	0.01927118726	0.01524845501	0.01237913688
	0.01389823476	0.01734813013	0.01737947363	0.01937030666	0.01735905855
	0.01438848711	0.01480091251	0.0181008827	0.01454085174	0.01701801591
	0.01984791516	0.01748039018	0.01499331046	0.01693677764	0.01136473064
	0.01097281394	0.01897296649	0.01933036145	0.01309566143	0.0213984139
	0.03656422054	0.04165615531	0.01206499617	0.01806068973	0.01069135749
	0.06534610031	0.1053126503	0.1256115984	0.04028264837	0.01002753686
	0.03372169152	0.1477094013	0.193086793	0.2197240964	0.1245616997
	0.05925965657	0.1037801987	0.08738605763	0.08391344532	0.05473812433
	0.2163378278	0.1920182408	0.2142660781	0.6211128805	0.6794383623
	0.7741962728	0.06512298734	0.1316563473	0.1161269915	1.686809074
	1.56839465	1.39827836	0.725253247	0.8404492962	0.8099087683
	1.177060359	1.036169293	0.4299102088	1.246985749	2.063173814
	1.87822787	0.978999392	0.6185741203	0.9315530351	0.4992575683
	0.8289785075	0.8650937353	1.486879017	1.000682607	0.6638811804
	0.7460476251	1.522914252	1.052945296	0.8887659132	0.7112038112
	0.1221907506	0.3707809701	1.477469133	1.167962937	0.5883653678
	0.5921804878	0.5922411538	0.5089681124	0.9730321494	0.9219781756
	0.8100492653	0.4909129121	0.8476251659	0.8463164127	1.831449194
	1.078528219	0.3696685929	0.2872963433	0.5384167798	0.4771656128
	0.4061222924	0.2170468985	0.2546758111	0.1641097599	0.1356941557
	0.1207593188	0.253100644	0.1829348154	0.6742039573	0.3350577859
	0.7463079256	0.7715629543	0.6478745111	0.4584859288	0.8435122955
	0.4630023706	1.044170004	1.023394367	0.8396048467	0.4992761373
	0.6319811223	0.3827108521	0.8308810441	0.7764566359	0.6573918433
	0.330623158	0.2690606493	0.2101142319	0.3822009065	0.3285800106
	0.2888914955	0.1291923908	0.09137502852	0.07863472136	0.0635078124
	0.03766320679	0.03801132698	0.02501237967	0.09244295096	0.03129182353
	0.05491246558	0.05326993265	0.08135802706	0.03123766953	0.05410320666
	0.01695362344	0.0329596868	0.03087854241	0.05697786421	0.02849588993
	0.02279814373	0.01495941757	0.01026897709	0.01846383226	0.02479295865
	0.02005956874	0.01737886322	0.01620034973	0.01819531528	0.02142613124
	0.01644628442	0.01473159219	0.01642061744	0.01572339663	0.01907753717
	0.01911789205	0.01488270337	0.01229201208	0.0141615576	0.01457848944
	0.01617366951	0.0147497533	0.01177864461	0.01092292632	0.0127257902
	0.01392787522	0.01404894804	0.01165812344	0.00931706338	0.01024939378
	0.01245783678	0.01399697717	0.01421720959	0.01111956593	0.008735300757
	0.01044445932	0.01258344521	0.0145208669	0.01592192297	0.01259983365
	0.009665052023	0.01140728523	0.0124112374	0.01525313173	0.01835654219
	0.01527877521	0.01097641067	0.01278038443	0.0110938072	0.01555831247
	0.02020438891	0.01841663112	0.01137805734	0.01424420704	0.008258232072
	0.01238519802	0.0165674724	0.02068362772	0.01062867008	0.01535353937
	0.007097455416	0.01003808358	0.0111231279	0.01729774596	0.01223001019
	0.01405778109	0.06411882182	0.0821494457	0.09442242195	0.00964857321
	0.006680152735	0.009370066674	0.19662576	0.2133986342	0.2185893829
	0.08975806715	0.07158420133	0.08720526789	0.1269868823	0.1111426627
	0.04054859792	0.2037837775	0.2502638952	0.2497529284	0.9068763438
	0.8407901874	0.86180231	0.07703219436	0.09201606772	0.09517078439
	2.157214507	1.792506759	1.089952562	0.728080627	1.432765179
	1.222387238	0.8013031195	0.77911238	0.5593951527	0.9305203511
	2.368258685	2.090723796	1.675735686	1.045147329	0.924544609
	0.5532470286	0.6531300768	0.3791930268	1.484990307	1.131740776
	0.1932776387	0.4514643795	2.043425204	1.561158712	0.9219390468
	0.9183352939	0.7932852069	0.6613753996	1.55134102	1.427131812
	1.220195475	1.081343382	0.6821861221	0.6870481056	2.496602004
	1.970309495	0.264290557	0.2290359809	0.3054349042	0.2598999631
	0.3150271901	0.1771204408	0.3975131317	0.1953332101	0.3738891536
	0.395913488	0.3961173893	0.3131761331	0.7350646212	0.4484094392
	0.9317571674	0.924409655	0.7360322399	0.5354444598	0.7026050216
	0.4762660418	0.9486393636	0.9100583796	0.7106748327	0.4537384968
	0.3892385508	0.305763698	0.5499527728	0.5058646422	0.3982609097
	0.2195258241	0.1189529667	0.1177730831	0.1432837428	0.1206342748
	0.08993443454	0.04977575599	0.07693737943	0.03050587065	0.03893481824
	0.03794847496	0.05738589582	0.02625521271	0.04491032953	0.01216062396
	0.02926403435	0.0264556317	0.04654836179	0.02268213232	0.0172187842
	0.01315230035	0.008489736298	0.01685237197	0.01924133884	0.01699086375
	0.01719563963	0.01553486493	0.02037513709	0.02268147439	0.01664380059
	0.01363712338	0.01594189566	0.01432088427	0.01938336612	0.0191735278
	0.01490368587	0.01092765373	0.01312824674	0.01226634541	0.01458440543
	0.01356614679	0.01104756479	0.008811499096	0.01165106822	0.01069279318
	0.01081589104	0.009536688482	0.008585503931	0.007502088731	0.01142905726
	0.009756911534	0.009149650045	0.007651826119	0.00814250343	0.00693873427
	0.01175914309	0.009366257113	0.009317219252	0.00759641966	0.008823577844
	0.006923536794	0.01205641635	0.009407288502	0.01051550707	0.008610067632
	0.009647250414	0.007295792516	0.01189414188	0.009750231616	0.01216798139
	0.01004439391	0.01022980027	0.00796265615	0.01104883773	0.0105923559
	0.01457832846	0.01186991657	0.01033621923	0.008847349714	0.0103870415
	0.01270273286	0.01826155614	0.01459522239	0.00956915818	0.01010467569
	0.01327637675	0.01506843347	0.02034037072	0.01869097951	0.01016467383
	0.0127593773	0.007398579482	0.005397119975	0.004292341189	0.02107276613
	0.01812053739	0.01697621065	0.07401712314	0.08487159406	0.08800368786
	0.006188951156	0.01034387891	0.006095884408	0.2591526223	0.2412751828
	0.1912109857	0.07825314493	0.1097257359	0.1088501488	0.09240764865
	0.1205481683	0.1803213027	0.1679661232	0.3316359079	0.3063655386
	1.551010601	1.260111157	0.955866028	0.1578855894	0.2625540369
	0.1942580196	2.392378647	1.982503352	0.5303135507	0.6933396954
	2.487261767	2.090029938	0.9208594198	0.4274897538	1.063770771
	0.7249189032	1.651065062	1.57028966	2.119924296	1.531162699
	0.404082284	0.4596768973	2.104418941	1.534036851	1.462196205
	1.420815236	1.049309208	0.8710471551	2.323238367	2.091862819
	2.03285787	1.974340791	1.397551689	1.454187259	3.120594305
	2.80509848	0.2467355625	0.1909858008	0.08913917097	0.07234640657
	0.3161952336	0.246081465	0.5038494166	0.3137818296	0.5917939758
	0.5911142424	0.5227245691	0.434476475	0.7155027008	0.5274323951
	0.9612298586	0.9341691715	0.7270004342	0.5689034782	0.5504521053
	0.4441450585	0.7665869131	0.7294174983	0.5486962899	0.3893249014
	0.2315981009	0.2149330531	0.3195662408	0.2958817138	0.2159811883
	0.1360989501	0.06800425512	0.05219208728	0.03881719533	0.03771499628
	0.03246405745	0.02515680171	0.04241320975	0.01148766786	0.03063478792
	0.02805878025	0.03901806171	0.02203689677	0.01454053546	0.009432618209
	0.004610157258	0.0136576559	0.01623272977	0.0144215115	0.01632994016
	0.01410552266	0.02013415174	0.02271941144	0.01605374594	0.01254069269
	0.01573867327	0.01348177644	0.01988595977	0.01996934421	0.01518441025
	0.01003985654	0.01226674259	0.0110154968	0.01421709423	0.01362931085
	0.01078154028	0.007656045737	0.01011437447	0.009000630354	0.009579903807
	0.008849217315	0.00759944586	0.006100326377	0.009526025483	0.007794348714
	0.007166840072	0.00623574094	0.006562801673	0.005289069395	0.009831451626
	0.007244170263	0.006769327646	0.005610112254	0.007012287966	0.005079191815
	0.01051618879	0.007139124586	0.007598982275	0.006432910214	0.008135372523
	0.005342398014	0.01122917269	0.007278867162	0.008845182492	0.007832825046
	0.009401274342	0.005890200364	0.01167733656	0.007533284474	0.01010773078
	0.009244775952	0.01040291315	0.006533339044	0.01166850731	0.007868311096
	0.01150726304	0.01053920937	0.01093240108	0.007181561178	0.01142825446
	0.008624932185	0.0140303584	0.01212492972	0.01093607056	0.007808015399
	0.01372483411	0.01153756085	0.01918111116	0.01509123157	0.01075100288
	0.008541084419	0.02225194853	0.01698998717	0.02402250156	0.02047669822
	0.01502378507	0.01174994151	0.01292476728	0.009394160419	0.008942842115
	0.02475310613	0.02640940432	0.01895991308	0.1147090793	0.1153424049
	0.09706857618	0.01256763286	0.01240058457	0.01362770966	0.3425351029
	0.2872641907	0.107786073	0.07908089534	0.2040544789	0.1869823846
	0.3546789555	0.3131006954	0.4860449992	0.1406406994	0.3849246605
	0.3510785588	2.630307156	2.071834331	0.6895188001	0.2634879384
	1.320648875	1.088298038	1.531264899	1.494498451	1.107892095
	0.8792595922	3.234427039	2.832602877	2.333972674	1.528955186
	0.7427563292	0.6139940069	1.177624824	0.761226554	2.223130303
	2.083887146	1.291432481	1.10629634	3.143785332	2.783055377
	2.839152568	2.809179081	2.227333536	2.313269441	3.52979583
	3.379143272	0.3244441998	0.2508923858	0.2145789263	0.2098040368
	0.4117116059	0.377694703	0.5664025024	0.4322087342	0.7090605145
	0.6905905938	0.5970972293	0.5244982562	0.6675758902	0.5643836855
	0.8976032472	0.8639104232	0.6756771453	0.5742063663	0.4278999036
	0.3863953653	0.5811698078	0.5531890389	0.4113679339	0.3268923321
	0.1381912927	0.1360043093	0.1721648566	0.1631232337	0.1136304179
	0.080004937	0.03612576654	0.01595182828	0.01894599558	0.02117737827
	0.02701192044	0.02350855447	0.01603583576	0.009617261517	0.01368680145
	0.01493760538	0.0174836628	0.01652447478	0.0129842875	0.01029865227
	0.01551829784	0.01908844892	0.0133037493	0.01034590088	0.01569627999
	0.01217889241	0.02041209947	0.02113527216	0.0159349245	0.009258415511
	0.01205432186	0.01005230817	0.01509738097	0.01511882566	0.01176814186
	0.007046574964	0.008666247091	0.007670715968	0.009510798704	0.009438285229
	0.007383535758	0.005195084701	0.00701734139	0.006096385373	0.005970895762
	0.005676566106	0.004720763143	0.003909410396	0.006813705176	0.005333379646
	0.004568148016	0.003666388973	0.004064279524	0.003273982195	0.007621692483
	0.005271061799	0.005228088214	0.003976970302	0.005161956885	0.00345705669
	0.00895290311	0.005696581427	0.006929316536	0.005831676165	0.006993083534
	0.004256484155	0.01037092244	0.006345531258	0.008802942166	0.007993107453
	0.00890161658	0.005290955145	0.01159676186	0.00703341467	0.01051401564
	0.01002463753	0.0105981233	0.00633033746	0.01251372182	0.00772847316
	0.01207916143	0.01183057208	0.01194314742	0.007306218549	0.01319095005
	0.008523570301	0.0140499967	0.01361192313	0.01293793759	0.008274958204
	0.01435440772	0.009697819031	0.01788288386	0.01605834722	0.01368115258
	0.009197980987	0.0201245968	0.01340851758	0.02497402506	0.02033248146
	0.01505037518	0.009770592237	0.03164140485	0.01955713419	0.02803033538
	0.02660501784	0.02320981665	0.01407250594	0.01375238773	0.02356803748
	0.02085039909	0.02883962785	0.03367349817	0.021421481	0.2179952955
	0.1887503639	0.08943868968	0.03095763677	0.05739555508	0.05866748473
	0.3755547824	0.3397333705	0.2044723966	0.1342550222	0.4133626102
	0.3737708096	1.532354283	1.133151726	0.6273268937	0.1312778413
	0.1349418377	0.1021513897	3.161052983	2.783860009	1.052194221
	0.9598675438	3.41070734	2.981578466	1.708766004	0.7678360178
	1.280099613	1.009158331	1.225006732	1.246295738	3.087678138
	2.776748896	1.440153799	1.308359248	3.750598828	3.274508407
	3.399517833	3.382421809	2.832949402	2.932688129	3.617907507
	3.578074253	0.4397152599	0.3763430862	0.4056245698	0.3897107865
	0.546869933	0.5248210153	0.6011687377	0.521333071	0.7444637239
	0.7174369652	0.6313360277	0.5819263967	0.618871674	0.5713263088
	0.795655234	0.7629379351	0.6189903493	0.5654872832	0.3390204288
	0.325501223	0.4308972198	0.4113367792	0.3145775009	0.2760004597
	0.07866314673	0.07822692267	0.08745046908	0.08474427111	0.0602506693
	0.0424608771	0.01850017725	0.01444698157	0.02178708439	0.02164905081
	0.0280319358	0.02778574233	0.01262400172	0.01189263935	0.01053636272
	0.01322551468	0.01581657631	0.01495090114	0.01495399897	0.00927204992
	0.01811335517	0.01935464658	0.01618252355	0.008243023357	0.0130298758
	0.00899052329	0.01672489369	0.01717653173	0.01408380732	0.006861393304
	0.008724356858	0.00674676609	0.01093965281	0.01142864626	0.009337843002
	0.005077761927	0.005516743974	0.004806537524	0.006380306869	0.006900796737
	0.00533858289	0.003427535295	0.003843847569	0.00355999431	0.003298684194
	0.003479072115	0.002258746051	0.001917544399	0.004153999563	0.003236883262
	0.002407260825	0.001115603896	0.0015266419	0.001281536024	0.005900284893
	0.003842604646	0.004367410769	0.003104974077	0.004001443754	0.002360938719
	0.00807089383	0.004925840341	0.00694922538	0.005969396404	0.006647411224
	0.003872351041	0.01021691902	0.006129775752	0.009504746853	0.008773396605
	0.009151113643	0.005386146844	0.0121662518	0.007304970248	0.01189219848
	0.01143679619	0.01142041763	0.006815636127	0.01389698257	0.008448795031
	0.01412400875	0.01397060867	0.01344301811	0.008159973282	0.01550344966
	0.009711635853	0.0164801003	0.01650142488	0.01529640823	0.009525142108
	0.01719141931	0.01126379809	0.01989980245	0.01942295717	0.01710637062
	0.01107668144	0.02007866743	0.01314199336	0.0260698027	0.02355247877
	0.01888168913	0.01245124459	0.02953914957	0.01793219315	0.03405352523
	0.02942942647	0.02208763207	0.012921362	0.03894801759	0.02363782749
	0.03007310734	0.03478336667	0.03486787813	0.02091143781	0.06462643106
	0.06633117141	0.03797001524	0.0383515665	0.03483936099	0.02376843683
	0.4323285044	0.3684287734	0.1160214074	0.1164789977	0.239813748
	0.2262754735	0.3621130494	0.2281011128	0.5610679612	0.2979146088
	0.5689925809	0.5300551457	3.516508836	2.968272727	0.8133282995
	0.864969149	2.439259518	2.177868557	1.421710555	1.223487548
	2.053628346	1.738026988	3.281233357	3.085128728	3.816062212
	3.271103005	1.41796077	1.367926216	3.806113753	3.277194554
	3.589623774	3.580135469	3.097067435	3.199789971	3.360271393
	3.374153391	0.5673009531	0.5218159201	0.5654336717	0.545609541
	0.7016251672	0.6831833324	0.6194336921	0.5785143019	0.7256889553
	0.6970661894	0.6412744376	0.6127869254	0.5799345036	0.563158389
	0.6889706996	0.6599074718	0.5746966082	0.5533252496	0.2775136919
	0.2747083191	0.3214428897	0.306867949	0.2538015145	0.2402550832
	0.0388679711	0.03950445678	0.03943880786	0.03855576274	0.03239297975
	0.01958237132	0.02486540552	0.02561659131	0.02660884818	0.02715760594
	0.03465763874	0.03361366657	0.01849999753	0.01413819738	0.01425620716
	0.01567831493	0.02090065351	0.01600546987	0.01508550902	0.007794528661
	0.01675274268	0.01728881099	0.01676554225	0.007773900183	0.01114840613
	0.006361787665	0.01340867963	0.01405896255	0.01293480042	0.00597775485
	0.007146179312	0.004512593118	0.008660318112	0.009632764672	0.008882625591
	0.004576969534	0.00402169141	0.002852716528	0.005052279675	0.006177328842
	0.005569267438	0.003086034676	0.001735142757	0.001519202902	0.002079767472
	0.003267488541	0.002922040418	0.001546253477	0.002757331254	0.001743445269
	0.001745642237	0.001843016838	0.002433410674	0.001192337923	0.005461872424
	0.00321991819	0.004641287898	0.004064709061	0.004726739988	0.002654690119
	0.008275939772	0.004886909029	0.007726977122	0.007095789442	0.007549507085
	0.004387916387	0.01098546796	0.006543119504	0.01078786704	0.01022077153
	0.01037423937	0.006144757563	0.01353165293	0.008144896043	0.01379931519
	0.01336855355	0.01308068084	0.007873064487	0.01594746811	0.009717993661
	0.01679739553	0.01657344174	0.01565743433	0.009568070998	0.01836015434
	0.01140916602	0.01993030974	0.01994417448	0.01820105858	0.01131546115
	0.02092426273	0.01351391095	0.02374265718	0.02373367384	0.02089571162
	0.01335180127	0.02376826177	0.01602807755	0.02957469703	0.02850223438
	0.0237661485	0.01574000062	0.02866778746	0.01863013543	0.03817081192
	0.03474714976	0.02637038099	0.0171011887	0.04213599717	0.02623906857
	0.04323303487	0.04082592214	0.0326558184	0.01892795093	0.036868351
	0.03140596926	0.03559927724	0.04571476036	0.05029050159	0.03414774012
	0.263963874	0.22743745	0.08099900973	0.09611658731	0.09922705516
	0.09920587704	0.5364771243	0.5379224019	0.5288796585	0.4134276818
	0.6987534357	0.6612941085	2.697716048	2.1797448	0.4040889758
	0.4780981666	1.122842896	1.029815487	3.071859301	3.074616947
	2.907650948	2.658156959	4.810598368	4.525829628	4.104618268
	3.274890338	1.193882417	1.197280955	3.090464598	2.576878356
	3.378470369	3.374983936	3.00390707	3.103387632	2.811829126
	2.814517975	0.7092464574	0.6807511329	0.700971296	0.6837980831
	0.8751659433	0.8557633881	0.6277215955	0.609461975	0.6760939142
	0.6494055828	0.6384163491	0.6242151571	0.553995068	0.5512297814
	0.5928519005	0.5674830385	0.5485073521	0.5440182985	0.2383088745
	0.2390410824	0.2459567894	0.233493604	0.2225851202	0.2212765234
	0.01579134351	0.01720852797	0.01658089644	0.01924943183	0.01915278352
	0.01511696193	0.03507848293	0.03361481735	0.03233592663	0.03414453779
	0.0400554758	0.03814971107	0.0223987488	0.0161112799	0.01760885133
	0.01877042332	0.02366323289	0.01771888393	0.01544740298	0.007517243063
	0.01564576118	0.01622883311	0.01694016315	0.008661689361	0.01135353252
	0.005617048317	0.01215715078	0.01313592124	0.01327944452	0.006709555756
	0.008198845079	0.004334161825	0.008712608581	0.01004621379	0.01027478902
	0.005656171353	0.005682424168	0.00303956305	0.006052530261	0.00754593421
	0.007757157653	0.004488076042	0.003987798503	0.001979491551	0.004050911386
	0.005570179749	0.005909095015	0.003500052746	0.00440589305	0.00229814566
	0.004011624489	0.00500274992	0.005539469337	0.003351043801	0.006673254587
	0.00377850739	0.006229941089	0.006487442015	0.007003892737	0.004222347482
	0.009565149562	0.005594192277	0.009303533374	0.009179867994	0.009530923076
	0.005713256174	0.01261072417	0.007510639878	0.01267542706	0.01239110598
	0.01246713041	0.007505126085	0.01566036379	0.009461101298	0.01621964747
	0.01590415272	0.01552952913	0.009449332602	0.01870201629	0.01144547753
	0.0199464661	0.01969962548	0.01862461111	0.01148008393	0.02184267407
	0.01356713573	0.02394764444	0.02385917702	0.02179898974	0.01362372786
	0.02525600075	0.01613270751	0.02854008687	0.02857623127	0.02525015078
	0.01609743366	0.02895660081	0.01944669487	0.03468001609	0.03428329774
	0.02914120056	0.01921356697	0.03279164807	0.02273522999	0.04348326211
	0.04144204078	0.03284658944	0.02216500465	0.04072437984	0.02701483103
	0.0519202843	0.04859947417	0.03585129341	0.02250070283	0.05559226625
	0.04107770258	0.05086745598	0.05346828157	0.05125941949	0.03489167243
	0.1151943797	0.1042327723	0.069881568	0.08221785153	0.0585310863
	0.0472335104	0.7025066371	0.6636093561	0.4744801386	0.4260582181
	0.5857221434	0.5684627027	1.469894531	1.037662349	0.2780545056
	0.1273926318	0.07457162739	0.09464176648	4.603997907	4.522751062
	3.607093078	3.427241124	5.511712541	5.268116848	3.772831288
	2.573792546	1.22181974	1.221512422	1.816734768	1.319362445
	2.812828032	2.814409204	2.610727082	2.703673194	2.10845233
	2.0066176	0.871127676	0.8546033086	0.8183219938	0.8086856475
	1.053226133	1.029549151	0.6296010482	0.6210818943	0.6124645895
	0.5886574237	0.6306605431	0.6234312099	0.5416108107	0.5420625703
	0.5113247222	0.4889930881	0.5397625191	0.539874513	0.2193218576
	0.2200672282	0.1963040995	0.1843417611	0.2186373909	0.2201553811
	0.01376241877	0.01339280961	0.01946515878	0.02673861543	0.01307315842
	0.01956940145	0.04144286138	0.03826093517	0.03691699015	0.03973408897
	0.04177564581	0.0400233394	0.02471587208	0.01773869853	0.02096546276
	0.02210672397	0.02539546985	0.01966363981	0.01676380836	0.008552505979
	0.01646371922	0.01726448261	0.01785963317	0.01032930031	0.01347560055
	0.00675928107	0.01337685328	0.01461810488	0.01489730088	0.008373711697
	0.01113735714	0.005924349432	0.01090141434	0.012399425	0.01274033968
	0.007518039362	0.009089776449	0.004968002266	0.0088517469	0.01045584853
	0.01077913976	0.006555846411	0.007689107755	0.004243911109	0.007359851748
	0.008970353886	0.009353325684	0.005808514726	0.007643176392	0.004335181769
	0.00721627627	0.00857604391	0.009031726419	0.005711972824	0.009156477658
	0.005338841147	0.008797068803	0.009681781812	0.01009770847	0.006369700699
	0.01175639098	0.006969890142	0.01161690939	0.01205283521	0.01232715966
	0.00766308856	0.01494932681	0.008975756005	0.01516724127	0.01527334988
	0.01529833986	0.009432993686	0.01845063882	0.01120982554	0.01920481863
	0.01910439241	0.01868971251	0.01155001859	0.02213792618	0.01360242789
	0.02365735736	0.02347170961	0.0223214332	0.01391334927	0.02603388479
	0.0161845321	0.02855447147	0.02840672311	0.02615967124	0.01648608889
	0.0302873086	0.01920722758	0.0340802335	0.03404280023	0.03035525439
	0.01942242547	0.03496667954	0.02312565993	0.04088953386	0.04073156331
	0.03515623733	0.02313072986	0.03951711435	0.02757902587	0.05004388423
	0.048937568	0.04014778302	0.02733186945	0.04400229714	0.03090648983
	0.05993262576	0.05742037536	0.04319560602	0.02880233284	0.05882259175
	0.04366049309	0.06328662176	0.06292924661	0.05160163389	0.03456549087
	0.06453076218	0.0582882554	0.07375820485	0.08061538836	0.07043354243
	0.05253613295	0.610717293	0.5707243525	0.3940618017	0.3724912726
	0.4229723315	0.4170159517	0.557870797	0.1466093798	0.7171503497
	0.6280265058	0.8196460038	0.7958332734	5.403274985	5.267336885
	3.996997882	3.857019082	5.560284274	5.399173002	3.082601955
	1.316288325	2.28324395	2.277982457	1.708464248	1.54160044
	2.006048511	2.006083439	2.026172271	2.108903369	1.494008831
	1.114290469	1.042230574	1.029646771	0.9090625225	0.9113586868
	1.187978115	1.161329437	0.6277800175	0.6204433928	0.5473755887
	0.5262445564	0.6282946779	0.6215128171	0.5416354063	0.5380087711
	0.4428230407	0.4232901849	0.5441108805	0.5400027525	0.2208147284
	0.2187179589	0.1659169981	0.1539271782	0.2418308538	0.2376871954
	0.01688794948	0.01583032854	0.02482669473	0.03554708596	0.02355463143
	0.02730488117	0.04355279272	0.03959612223	0.03892822611	0.04266009366
	0.03992129687	0.03888428644	0.02645537474	0.01938115049	0.02433871757
	0.02509156085	0.02788355189	0.02231796438	0.01892293713	0.01032011946
	0.01913583571	0.01984284551	0.01989070897	0.01253580636	0.01675505742
	0.008724625806	0.01656446734	0.01790130576	0.01737284426	0.010394632
	0.01515694483	0.00811671441	0.01460201259	0.01616793846	0.01579209883
	0.009582921185	0.01341883999	0.007332811634	0.01276576643	0.01439057107
	0.01416486664	0.00870427007	0.01205731875	0.006742940821	0.01133353685
	0.01300069944	0.01293532766	0.008029574941	0.01166613233	0.006767793642
	0.01093995659	0.01251831589	0.01269175122	0.007990794922	0.01254364905
	0.00750687302	0.01201084864	0.01333340866	0.01364646155	0.008694811989
	0.01468529094	0.008916338481	0.01450874574	0.01547696746	0.01572680631
	0.01002256277	0.01784766928	0.01090682298	0.01815308543	0.01873598503
	0.0187408502	0.0118712383	0.02173796493	0.01336478359	0.02268757127
	0.0229124217	0.02246250382	0.01418761227	0.02612517219	0.01617143164
	0.02794945123	0.02791162494	0.02668531959	0.01691128254	0.03090305814
	0.01927221529	0.0338673938	0.03371192651	0.03129361518	0.01997819199
	0.03611148833	0.02281890512	0.04048917699	0.04035672572	0.0363424413
	0.02347268503	0.04183041524	0.02727395018	0.04821611863	0.04807648354
	0.04205809588	0.02778496836	0.04758798733	0.0326280657	0.05788518334
	0.05730697358	0.04820589536	0.03291393743	0.0517837654	0.03651737065
	0.06851634528	0.06706022978	0.05239512307	0.03575421181	0.06082610345
	0.04462292776	0.07427503399	0.07389424015	0.05648268786	0.03731178641
	0.0761249832	0.0638263385	0.08320509952	0.08819788434	0.0805397088
	0.06178259053	0.449832869	0.4198288812	0.3111933393	0.3008547748
	0.2943935991	0.288362559	0.8139724058	0.8015933187	1.09480766
	1.043027957	1.308925324	1.283220602	5.549814531	5.398499793
	4.043741031	3.923670311	5.205284244	5.113765694	3.037689221
	1.546414819	4.016847513	4.023020265	3.662387385	3.664548873
	1.155805866	1.114087225	1.388906905	1.453444064	1.295877678
	0.4828204103	1.17964637	1.162576745	0.9479122529	0.9675561144
	1.200133499	1.178837972	0.629148372	0.6186701591	0.4923879649
	0.4736894238	0.6499320955	0.63672723	0.5508952134	0.5382593053
	0.3840397125	0.3679589597	0.5543449935	0.5410190895	0.244148804
	0.2359157946	0.1494778189	0.1379866204	0.2899438307	0.2734786476
	0.0235557248	0.02151033496	0.02493092572	0.0404913568	0.05793834648
	0.05011546238	0.04175382955	0.03774096515	0.03789732559	0.04317050656
	0.03434106381	0.03429444299	0.02860128643	0.02184636305	0.02731786948
	0.02733365311	0.03175173995	0.02597289642	0.0215362641	0.01269590794
	0.02288575999	0.02295360634	0.02316213731	0.01542134482	0.02045053424
	0.01100290513	0.02108407178	0.02232076503	0.02070050603	0.01272354397
	0.01990254768	0.0104818555	0.01963044884	0.02132657679	0.01957908401
	0.01194099801	0.01881568042	0.009805839339	0.01790212225	0.01960130853
	0.01802799097	0.01098122344	0.01748186826	0.009229295594	0.0161549588
	0.0178721481	0.01652033358	0.009994580216	0.01664138865	0.00922122211
	0.0151346308	0.01687307644	0.01607002192	0.009674078341	0.01684117621
	0.009932415593	0.01552818567	0.01713801682	0.01709079188	0.01047161144
	0.01832980862	0.01128865041	0.01762401541	0.01900867362	0.01935027362
	0.01222048623	0.02119163718	0.01327613827	0.02130892852	0.02237932657
	0.02257883813	0.01452839431	0.0252952335	0.01590714316	0.0263654976
	0.02702712884	0.02667666916	0.01726767578	0.03038631977	0.01912428882
	0.0325918749	0.03282052942	0.0315641887	0.02047419191	0.03621279164
	0.02282484374	0.03980516944	0.03970343457	0.03710984705	0.02416822554
	0.04262748704	0.02703661234	0.04786281128	0.04760991959	0.043238297
	0.02840598462	0.04959501143	0.03211640576	0.05688360131	0.05658910111
	0.05000177703	0.03346167094	0.05679620823	0.03817441169	0.06738804289
	0.06696188243	0.0572197956	0.03936104861	0.06232403861	0.0428206377
	0.0786147482	0.07799261462	0.06268621859	0.0432317653	0.06804155811
	0.04737839341	0.08615234095	0.08685608927	0.06574351074	0.04318268699
	0.09022154105	0.07178653227	0.09671461348	0.1024062825	0.08847655049
	0.06690140935	0.3165138043	0.2919855264	0.2467948942	0.2424878553
	0.2183926961	0.2052027639	1.275711294	1.285762535	1.348017031
	1.316704419	1.565403987	1.546986329	5.26635366	5.112590884
	3.792790062	3.678246385	4.612215145	4.565180504	4.341819402
	3.671025241	6.03386035	6.053541009	5.99682485	6.028332787
	0.7278379463	0.4843701624	0.8455176194	0.8774302924	1.473169677
	0.7587975291	1.205330089	1.181398959	0.9052490479	0.9485095834
	1.018124739	1.010013945	0.6500371705	0.6343320693	0.457735926
	0.4418594983	0.7128997574	0.6852511375	0.5634327302	0.5395583566
	0.3327747748	0.3216950507	0.5628301051	0.5393738221	0.2894597793
	0.2714961874	0.1422152173	0.1333397455	0.355440422	0.3235079726
	0.0514381796	0.04508721044	0.02462425872	0.04619018676	0.1122730728
	0.09247556002	0.03586737044	0.03227162667	0.03418212563	0.04319487496
	0.02460910945	0.02521117971	0.03190342496	0.02547526547	0.02910987576
	0.02881803866	0.03564070959	0.02952683063	0.02457366542	0.0158515987
	0.02660628199	0.02543458369	0.02777100597	0.0192185165	0.02394833211
	0.01371862903	0.02623560811	0.02685006231	0.02508114091	0.01552547982
	0.02459994469	0.01326391516	0.02598598551	0.02779879896	0.02470075427
	0.01503607161	0.02495025037	0.0125998446	0.02501229851	0.02707786925
	0.02347296362	0.01434071345	0.024555936	0.01176190229	0.02307685599
	0.02504922892	0.02125150584	0.01291948426	0.02347538365	0.01133822735
	0.02068636261	0.02264992405	0.01930458229	0.01126917251	0.0226404869
	0.01193080272	0.01925342402	0.02120522544	0.01943244825	0.01076093529
	0.02300684591	0.01355702086	0.02015838816	0.02185732932	0.02200210726
	0.01263054779	0.02502627861	0.0158522885	0.02372551021	0.02515065452
	0.02605715334	0.01615937264	0.02889976109	0.01875974319	0.0294414124
	0.03054218619	0.03094029914	0.02015210152	0.03450064734	0.0223993964
	0.03688311549	0.03750792729	0.03663491306	0.02434016741	0.04145244661
	0.02678061737	0.04579066824	0.04585883464	0.04328900376	0.02895916461
	0.0493749305	0.03187265069	0.05586126707	0.05546467486	0.0507879091
	0.03423897922	0.05795644021	0.03780513623	0.06686158836	0.06621138428
	0.05890505954	0.04037779761	0.06698031379	0.04461215931	0.0789919063
	0.07827545685	0.06735932491	0.04719142391	0.07483056575	0.04992639194
	0.09154917929	0.09121344888	0.07440506926	0.05205403964	0.08119958081
	0.05262545903	0.1018424136	0.1035649014	0.07908162415	0.0522916689
	0.104022558	0.0760923562	0.1166067122	0.1235504329	0.09973027126
	0.07165623617	0.2382078532	0.2099945625	0.2109602997	0.2109781225
	0.1877040123	0.163407947	1.545414184	1.548546031	1.488085173
	1.465027212	1.660451682	1.649844908	4.72531753	4.563404169
	3.304177643	3.183648566	3.858193036	3.836099629	6.344125791
	6.035144905	8.145063219	8.177129043	8.343811206	8.388725442
	1.055642197	0.760228205	0.5267185099	0.5193548809	1.634118359
	1.129610896	1.033920045	1.014422479	0.7737907767	0.842386829
	0.6747127361	0.6456033576	0.7083110676	0.6841166698	0.4456404922
	0.4355500814	0.7929722224	0.7492719917	0.5720435395	0.5384761821
	0.2906184509	0.2860618678	0.5712925372	0.5390914654	0.3520538864
	0.3216985482	0.14018766	0.1380481245	0.4237448747	0.3778154937
	0.1023187103	0.08836577608	0.03122536773	0.0597109397	0.1847184118
	0.1522852195	0.02451741853	0.02110955683	0.02920778138	0.04707437059
	0.03004121211	0.02322524246	0.0356829384	0.02905946252	0.02921280608
	0.03079457465	0.03617813534	0.02990501364	0.02893160299	0.01986095981
	0.02940247866	0.02703803622	0.03398087951	0.02429024227	0.02783640889
	0.01701954826	0.03107722127	0.03021870639	0.03055787748	0.01911156372
	0.02881165683	0.01696521612	0.03270602816	0.0339524208	0.03089278554
	0.01861333318	0.03016230487	0.01667298577	0.03371892984	0.03601913594
	0.03090697795	0.01872465027	0.03184509396	0.01559323423	0.03345941884
	0.03607957329	0.0294336748	0.01830913806	0.03282157473	0.01402137585
	0.03108638893	0.03363860523	0.02644201246	0.01709222624	0.03200924097
	0.01305704383	0.02663638588	0.02910349759	0.02321057485	0.01457202615
	0.03041504951	0.01423911497	0.02268649076	0.02510095798	0.02293652875
	0.01196463848	0.03021550591	0.01742904582	0.02341480023	0.02523899053
	0.02703272942	0.01381297405	0.03262732799	0.02136819563	0.02961891987
	0.03091372275	0.03363558863	0.02009453781	0.03797857653	0.02575625243
	0.03905620779	0.03999704688	0.04111004934	0.02705700737	0.04579181956
	0.03095325753	0.05030458415	0.05062896127	0.04910917523	0.03366267521
	0.05532039966	0.0371453868	0.06315301421	0.06265860153	0.05819340483
	0.04057248914	0.06599479383	0.04434978981	0.07723808138	0.07601306741
	0.06813819836	0.04838010961	0.07752811913	0.05227035968	0.09256132744
	0.0910759449	0.07857440665	0.05684864902	0.08913510937	0.05863508678
	0.1086521065	0.1078080219	0.0884787888	0.06352658062	0.09992661124
	0.06137742359	0.1244627941	0.1264227235	0.09758860102	0.06612411253
	0.1229690535	0.08095940207	0.1456183413	0.1533311193	0.1187537763
	0.08110751248	0.2096054813	0.1698464752	0.2049495995	0.2083194425
	0.1891286503	0.152216314	1.654131461	1.651141866	1.542156016
	1.519950208	1.650831725	1.646159648	4.021809959	3.833679774
	2.615621954	2.482775509	2.961987203	2.952958113	8.537308615
	8.395581804	10.27270956	10.31414934	10.65263348	10.7089371
	1.3997826	1.130963322	0.4489980743	0.4500212036	1.601040732
	1.260181973	0.6497182907	0.6521419599	0.5895103326	0.6707270929
	0.5126154539	0.2521117145	0.7869967008	0.7509743635	0.4419074251
	0.4473688609	0.7878827591	0.7469566497	0.5777043263	0.5390312799
	0.264163973	0.2660523205	0.5989401983	0.5573676904	0.4190799587
	0.3769928286	0.1431368473	0.1514052752	0.4764180471	0.422929288
	0.1728202947	0.1489011044	0.04742487828	0.08546681394	0.2689577769
	0.2245791723	0.02309790544	0.01453502866	0.0275512827	0.06253348664
	0.0776492345	0.06085141669	0.03667158209	0.02945518387	0.02897050705
	0.03782459695	0.03049901802	0.02339007435	0.03533808879	0.02504224363
	0.03151703882	0.03001218803	0.04100349294	0.02957431607	0.03375101943
	0.02096251042	0.03532100157	0.03287451527	0.0380034325	0.02446076244
	0.03445428859	0.02111493249	0.03872557671	0.0384191359	0.03776178419
	0.02268581143	0.03491719006	0.02186202067	0.0416847687	0.04312133362
	0.03866789183	0.02301045631	0.03643319331	0.02201174343	0.04436313659
	0.04683419409	0.03902369923	0.02344376561	0.04015329794	0.02102020295
	0.04584755727	0.04904495145	0.03840239868	0.0244297275	0.04419282572
	0.01830061489	0.04425894705	0.04761418873	0.03641064352	0.02641528841
	0.04490697549	0.01494333147	0.03751446285	0.04044151653	0.0333858042
	0.02680717898	0.0417279986	0.01546459787	0.02681690253	0.02958483227
	0.03170329311	0.02241258198	0.0390862898	0.02107214324	0.02290522785
	0.02491842629	0.03437474857	0.01748846296	0.0410076289	0.02796229179
	0.03351264715	0.03415303627	0.04214958397	0.02342563447	0.04819961662
	0.03479426676	0.04964535137	0.04988990046	0.05295331957	0.03507304557
	0.05879919177	0.04238957761	0.06661882022	0.0659798704	0.06391495612
	0.04590073048	0.07202243991	0.05136816106	0.08544034578	0.08363667032
	0.07620125362	0.05652541038	0.08725031917	0.0612531214	0.1063254746
	0.1037704897	0.09003468551	0.06799604639	0.1048822633	0.0699277838
	0.1299474811	0.1279810161	0.1055575334	0.07855354637	0.124317056
	0.0753144534	0.1560626517	0.1573626896	0.1230982871	0.08656946995
	0.1508202475	0.0914801505	0.1860255926	0.19366349	0.1488059586
	0.1003650846	0.2154307526	0.1607359743	0.2266702542	0.2314616146
	0.2121628704	0.163596197	1.653111013	1.647599237	1.541062816
	1.517176704	1.58152144	1.580768131	3.19888098	2.949694958
	1.739175911	1.593051557	1.906738205	1.904620133	10.76994935
	10.71586041	12.422559	12.46964523	12.973946	13.04054457
	1.493117047	1.262637751	0.4461846801	0.4938592914	1.391224717
	1.1807051	0.3178256714	0.2568676826	0.410706919	0.4786671591
	0.7574826652	0.4066837211	0.7925826466	0.7537196263	0.4219715779
	0.4600806128	0.5854962546	0.5785878325	0.5992825876	0.5584652325
	0.2593492842	0.2642790998	0.6486209593	0.5967286548	0.4716594002
	0.4243056781	0.1565483493	0.1734369172	0.5071116783	0.454677461
	0.2557533043	0.2229673249	0.07837099543	0.1225762736	0.3482573666
	0.297568766	0.06825370409	0.05587518695	0.04204004132	0.09753002608
	0.1509465119	0.1262048122	0.03159990749	0.02195560912	0.0332408877
	0.06071853461	0.0377749822	0.02829991267	0.04268162197	0.0305600403
	0.03497666682	0.03989322663	0.04573200026	0.03056351374	0.04225754951
	0.02669154176	0.03985565484	0.03793572022	0.04823720074	0.03162801772
	0.04323982776	0.02578545027	0.04476832763	0.04288475404	0.0469020035
	0.028654134	0.04325716568	0.0268211301	0.04864034684	0.04849832142
	0.04699970575	0.02786820044	0.04203149254	0.02820943489	0.05252267099
	0.05352543472	0.04752880059	0.02807895469	0.04282139447	0.02998836476
	0.05720572325	0.05910927355	0.04872304424	0.02883795396	0.04925163801
	0.0317484813	0.06195149791	0.06516615992	0.05064935637	0.0319814471
	0.05940854526	0.03086483942	0.06527198371	0.06914801482	0.05347618082
	0.0410878984	0.0659168371	0.02503110728	0.06248031137	0.06490029669
	0.05750910595	0.05284946403	0.06226272077	0.01925487976	0.04598956939
	0.04655353594	0.06026495593	0.05536651313	0.05289272865	0.02435712738
	0.02114730669	0.02232485692	0.05787748878	0.04275065037	0.05013218047
	0.03564545398	0.03077707821	0.02985890237	0.05517849024	0.03084058248
	0.05858318333	0.04657329782	0.05898882283	0.0576683941	0.06506865056
	0.04350730759	0.07373257465	0.05785533785	0.08617665094	0.08407200661
	0.08076515214	0.06179365603	0.09469258811	0.07093725523	0.1161421135
	0.1130065429	0.09957229329	0.07858275041	0.120857068	0.08386672896
	0.1520321134	0.1493999148	0.1244192119	0.09603076337	0.1536010588
	0.09566333365	0.1951709388	0.1954468888	0.1555001566	0.1132151571
	0.1885116723	0.1122119772	0.2387645336	0.2448319142	0.1910589385
	0.1317833176	0.2425926607	0.1741971146	0.2743172683	0.2776476992
	0.2528439468	0.1962064635	1.587022658	1.582599898	1.518442286
	1.493541404	1.492428553	1.494152605	2.289778346	1.899944821
	0.6736593144	0.5193764055	0.6660296676	0.6668589873	13.05178324
	13.04780836	14.67169027	14.72370632	15.43522044	15.50990556
	1.359720114	1.185197865	0.4241093819	0.509164519	1.096576834
	0.9844193189	0.5902442735	0.4050522497	0.2721221908	0.3048725199
	0.9261765235	0.6293049646	0.6026632885	0.5901162092	0.372740824
	0.4590524717	0.3083341795	0.2797559821	0.6437413965	0.6008969579
	0.2714521753	0.2729097085	0.636632488	0.5896556357	0.5010859526
	0.4589749817	0.1839138935	0.2026824456	0.5341093172	0.4872161922
	0.3341053425	0.3002395654	0.1278633525	0.1658984752	0.39975379
	0.3550109152	0.1394895273	0.1252852575	0.08598463389	0.1520037371
	0.2294761356	0.2039643384	0.03713091076	0.02573928792	0.05601551248
	0.1121365469	0.08760730965	0.08024247106	0.04817633596	0.03159481315
	0.0456000866	0.07021203763	0.05293758609	0.03266179439	0.05290002312
	0.03438714021	0.04732324449	0.05218360539	0.0600844632	0.03660605802
	0.05449926193	0.0329983654	0.05248553895	0.05134622365	0.05983351601
	0.03674530632	0.05564198479	0.03311408133	0.05719844419	0.05586945949
	0.0587859955	0.03524894147	0.05457854157	0.03415596838	0.06081183896
	0.06048399759	0.05797334801	0.03451847081	0.05134512119	0.03621815756
	0.06505970211	0.06508500255	0.0577308815	0.03454422888	0.04989936943
	0.0407567534	0.07164869749	0.07175041346	0.05983492678	0.03580466707
	0.05919614981	0.04939792646	0.08031820271	0.08197474062	0.06550175087
	0.04059936235	0.07981508093	0.05839737319	0.09323935475	0.09663422787
	0.07652487851	0.05734470137	0.100479454	0.05783385576	0.1099069167
	0.1102942153	0.09639357402	0.09001624565	0.1048031143	0.0442877477
	0.1066040474	0.1015852493	0.1188744865	0.1181645748	0.08499394244
	0.03303388181	0.0626632245	0.05839942943	0.1234383025	0.1119153935
	0.06453992997	0.04387825126	0.01770550101	0.02019889463	0.09654921532
	0.06964306763	0.07073756047	0.06163322374	0.0655496987	0.06329492581
	0.07962746018	0.05122198384	0.09798784373	0.07906861742	0.1148217898
	0.1133523359	0.1045274068	0.08164328353	0.1349571881	0.09896202987
	0.166911867	0.1648706345	0.1388708401	0.1100697799	0.1838422807
	0.1204163108	0.2336578923	0.2345879204	0.1899462326	0.1411001567
	0.2312459099	0.1445026173	0.296547107	0.2991914998	0.239630095
	0.1711637616	0.2816625331	0.2084618937	0.3493372859	0.3428995991
	0.3089763236	0.2490863491	1.497286438	1.496060784	1.510225527
	1.49408638	1.433361857	1.437086389	1.442529349	0.6571660014
	0.5804134903	0.7569405543	0.8784208419	0.8586631344	15.49138976
	15.51799224	17.16508631	17.22226934	18.25835156	18.33546133
	1.098341235	0.9916851431	0.3897083268	0.4932186026	0.8167498484
	0.7701997477	0.821680833	0.6353819225	0.1956217776	0.1747226698
	0.8710977374	0.6638438763	0.2814440084	0.2847402515	0.3061958043
	0.4346454459	0.4457407625	0.2529918174	0.6353318862	0.6003980157
	0.2814937326	0.3126551036	0.4596877412	0.4460153824	0.5240585901
	0.4943267306	0.221010385	0.2247281192	0.5487389854	0.5097595449
	0.3848731158	0.363940383	0.1862931651	0.2109082062	0.4197539287
	0.3940271149	0.2161446452	0.2106856288	0.1581208744	0.2133474308
	0.2847593384	0.2728234842	0.08331980716	0.08502011089	0.1165472712
	0.1914592046	0.1542602262	0.1578047021	0.05508230934	0.03630789544
	0.08069500787	0.1382773112	0.08436929159	0.07693749185	0.06344649624
	0.03883027942	0.06540932977	0.09246975612	0.07595814011	0.04574726932
	0.06656493058	0.04102388348	0.06473907489	0.07195904582	0.07573876604
	0.04261380263	0.06883165791	0.0419001776	0.06878599702	0.06897578029
	0.07426113892	0.04306081129	0.06992456869	0.04280612248	0.07280097896
	0.07181187471	0.07303890392	0.043278281	0.06889785189	0.04415895406
	0.07607560225	0.07523432732	0.07154969207	0.04338584492	0.06495170209
	0.04717765897	0.08037359184	0.07896438168	0.07031679658	0.04400396362
	0.05975409937	0.05454778535	0.08863128282	0.0854419219	0.0722029608
	0.04647734763	0.06873275882	0.07182815783	0.1009880497	0.09788813138
	0.08105755573	0.05297307069	0.1051139692	0.1001562883	0.121840623
	0.1227968078	0.1015088757	0.07249297827	0.1517296287	0.1219203642
	0.1736458222	0.1702067128	0.1433527846	0.1263551675	0.1828713211
	0.1125806683	0.225891581	0.2094555305	0.2059354258	0.2063064363
	0.1628104195	0.07444203195	0.1907630759	0.173209254	0.2549103303
	0.2473051965	0.1001531964	0.05479000507	0.06451609192	0.06958801364
	0.228850898	0.1869176744	0.09003456719	0.08088443746	0.07357939844
	0.07486986716	0.1357600543	0.0707430755	0.1467969317	0.1104850172
	0.166192528	0.1704286936	0.1499056779	0.1071082503	0.2034760457
	0.1452755704	0.2487244504	0.2487293698	0.2043545467	0.1549104238
	0.2669298687	0.1822893747	0.3438235081	0.3421301124	0.2794794531
	0.2036496333	0.3225342169	0.2605181679	0.437755257	0.4135114904
	0.3731553082	0.3224703632	1.437161772	1.439024904	1.565792537
	1.558264976	1.451435424	1.457308381	1.466275816	0.8591426808
	1.948633075	2.138640071	2.549585279	2.51686879	18.29941779
	18.34517357	20.14556878	20.22620996	21.76276525	21.83239638
	0.8164379404	0.782059513	0.3805694914	0.4923400176	0.6371853915
	0.6256083202	0.8042550713	0.6814767239	0.1999916312	0.1511020191
	0.6561589816	0.5649468015	0.3821508952	0.2505434185	0.2939800045
	0.3931305485	0.5959775497	0.4027057953	0.4718923719	0.4592894154
	0.2843385419	0.4283028574	0.318666351	0.2701701234	0.5349657336
	0.5204902816	0.2540015654	0.2471499305	0.466803345	0.4468758512
	0.4044289816	0.4067371148	0.2373428841	0.2416527021	0.4154592773
	0.4128186124	0.2716098	0.2875991255	0.2358444312	0.264619096
	0.3020939242	0.316687882	0.1473589291	0.1726640955	0.2109222281
	0.273837189	0.2057065607	0.2323921378	0.08049010569	0.09290320022
	0.1619557705	0.237951621	0.1348730193	0.1575426771	0.07152891069
	0.05626316556	0.1174566202	0.1769542965	0.1024208433	0.09869927579
	0.07313507353	0.04460761603	0.09237671545	0.1258098342	0.09186988334
	0.06289750855	0.07526132224	0.04326927165	0.08463790965	0.09755150608
	0.08715809365	0.04756480907	0.0778324732	0.04548948772	0.08517394862
	0.08786006288	0.08499023851	0.04465389185	0.07957117396	0.04821026346
	0.08796143458	0.08713498051	0.08398528102	0.04612666887	0.07990737452
	0.05100987346	0.09116456195	0.08930133977	0.08270322789	0.04826878758
	0.07776476244	0.05526386823	0.09550699478	0.09257688634	0.08078658309
	0.05063626402	0.07112070685	0.06438882788	0.1045379888	0.09839517052
	0.08064264632	0.05468372493	0.07368103012	0.08765878662	0.1213938517
	0.1108445762	0.0888777618	0.06333847457	0.1286031	0.1400378693
	0.1439734212	0.1377126835	0.115081807	0.08291366594	0.2182732703
	0.2117138889	0.2200987083	0.2127131102	0.178620279	0.1428346347
	0.2965003415	0.2473594671	0.3865275245	0.3470641887	0.2990869227
	0.2862970242	0.3102614793	0.198839588	0.4551899319	0.4016431745
	0.4546721884	0.4538947492	0.1968780609	0.1082503773	0.2504665916
	0.2403062334	0.5346644683	0.4613857819	0.1222968318	0.115372986
	0.08811873654	0.1062484532	0.3736051338	0.2170141274	0.2142392822
	0.1608806946	0.2395959908	0.2455033969	0.2216682379	0.1419085186
	0.2648848023	0.2128324666	0.3119775066	0.3059802123	0.2626008602
	0.221860062	0.3583629369	0.3322007744	0.5479256134	0.4762449657
	0.3830251937	0.3456801146	1.465510299	1.455807318	1.66832144
	1.714756673	1.621939502	1.632582841	2.609030165	2.520167364
	3.163745294	3.303595935	4.006536591	3.963153281	21.78024457
	21.84447682	23.87985563	23.97390707	26.44991287	26.48061002
	0.6232274606	0.6495478873	0.473597836	0.611469032	0.5955459072
	0.5994892253	0.6532337146	0.5943336836	0.2906680971	0.3043198484
	0.4728134746	0.4328485511	0.6037011214	0.4181724858	0.364941667
	0.3755318744	0.5990867158	0.4164305918	0.3480608056	0.2646243961
	0.3683524301	0.5436501146	0.4987345032	0.3266061794	0.4560871892
	0.4556518394	0.2685391285	0.3758286975	0.3380374194	0.3136093731
	0.402113954	0.4196783565	0.257726924	0.2230172729	0.3434050029
	0.354738027	0.2957271305	0.3276787883	0.2828772087	0.2783477247
	0.2894213351	0.3209527751	0.2030460587	0.2480061962	0.2965945712
	0.3205975997	0.2300965773	0.2726495876	0.1286752037	0.1816379882
	0.2711540347	0.3233423425	0.1791376565	0.2303456641	0.08768156371
	0.1316479085	0.2211166352	0.2831654219	0.1357739554	0.1841283873
	0.07267394961	0.09454512078	0.1708447943	0.2248392371	0.1061824526
	0.1381062128	0.06776351137	0.06658848566	0.1333420476	0.171718814
	0.08895574732	0.09885459621	0.06708019769	0.0467469365	0.1106853868
	0.1334879756	0.0799015775	0.06890065872	0.06824486752	0.03440796469
	0.09933404859	0.1103855086	0.07575706422	0.0480020321	0.06978734405
	0.02831333281	0.09506908652	0.09883390128	0.07428318821	0.0348980643
	0.07167850641	0.02657737233	0.09512950196	0.09503817996	0.07405155593
	0.02802475992	0.07459405459	0.02825033083	0.09843613085	0.09639721637
	0.07455570327	0.02569953749	0.07838604551	0.0357946426	0.1066658342
	0.1022055382	0.0776463947	0.02751031851	0.09088887952	0.0619859432
	0.1274652685	0.1147368943	0.08889115553	0.03556313745	0.1621975932
	0.1390734919	0.1604667988	0.1383304111	0.1134977537	0.05732726742
	0.3146475947	0.2896820943	0.2176453909	0.2050455828	0.1745987242
	0.1178211935	0.4701498278	0.4549619737	0.5021645636	0.4404110618
	0.3511733209	0.3029995763	0.5594587049	0.4817646855	0.8927989352
	0.7649663704	0.6723189052	0.6732103209	0.4862234964	0.305048742
	0.7987731917	0.7443298648	1.047028635	0.9884836523	0.2098031411
	0.1890855518	0.1531380239	0.2840590745	1.035775672	0.7572579347
	0.2593068302	0.2282897421	0.293114433	0.3212603742	0.312947538
	0.1534733963	0.342306699	0.3522702721	0.393404641	0.3524697327
	0.4962932809	0.4549994975	1.617343737	1.638959431	1.839314986
	1.700741581	1.39313256	1.372510621	3.967910379	3.973176119
	3.786760508	4.131902074	4.697185845	4.673846894	26.406351
	26.49657012	28.82028147	29.06578642	32.46070263	32.45169868
	0.8383173446	0.7078724199	0.8576697308	1.125109848	0.8112395242
	0.5744737337	0.6763307231	0.495810053	0.4554672958	0.5613711649
	0.7145277542	0.4761204487	0.6792184562	0.4157134329	0.3800241658
	0.4232267471	0.7197509397	0.462460306	0.4955552388	0.2867980159
	0.4648872264	0.5248274183	0.6406676961	0.406087294	0.3115870048
	0.2941493643	0.3407070113	0.4911197613	0.3901576631	0.296335427
	0.342758592	0.3349277519	0.1931147419	0.2364745786	0.2077877908
	0.21205798	0.3110412311	0.2944881655	0.2445027351	0.1651912145
	0.2353447725	0.216498902	0.2565173496	0.253227799	0.3101353113
	0.2795894819	0.2483299315	0.2330786407	0.1989432921	0.2273099293
	0.335155494	0.3324775058	0.2254856407	0.2351915527	0.1457495852
	0.207477113	0.3215989524	0.337719269	0.1847719024	0.2279931906
	0.112748215	0.1893926329	0.2875245336	0.312507853	0.1440687228
	0.2123708593	0.1037883702	0.1720336405	0.2497428068	0.2753841981
	0.1184112956	0.1926961228	0.1090404261	0.1562314849	0.2175013269
	0.2392831379	0.1116818737	0.1731060504	0.1183176609	0.1423890717
	0.1931111501	0.2100248562	0.1167566714	0.1558990216	0.1272275572
	0.129900665	0.175373608	0.1882932177	0.1255664242	0.1413837647
	0.1351596198	0.1178054634	0.1626707317	0.1726842614	0.1343474654
	0.1286782306	0.1429154419	0.1055104166	0.1544256732	0.1619796062
	0.1423130601	0.1166664776	0.151998829	0.09238744262	0.1510798387
	0.1561877313	0.1509555166	0.1046669296	0.1662189596	0.07601305996
	0.1538287723	0.1565432249	0.1638242372	0.09221303826	0.1919092053
	0.05294517581	0.1662252527	0.1635641468	0.1826940321	0.07737983588
	0.2497417745	0.09118829058	0.2035428673	0.1745287216	0.2012303953
	0.05588539706	0.4215267275	0.3062466305	0.2558393155	0.1955660432
	0.2102242976	0.07324501572	0.7251357194	0.6817034232	0.477871268
	0.4329281164	0.3588602374	0.2532767309	1.004053882	0.9907313084
	1.372240194	1.181268376	0.8832395465	0.7764156223	1.283545225
	0.8009976602	2.124644361	1.932077851	1.711302028	1.721650433
	1.147850144	0.2687807106	1.190874539	1.431599701	2.468350833
	2.230693517	0.5500282389	0.4955237572	0.4575786839	0.627557
	1.520293297	0.9320080925	1.406745281	1.424109445	0.8066302671
	1.085792094	1.590644691	1.186638339	5.507279418	4.670267357
	1.850890198	1.402835945	1.446239009	1.408359247	32.3000342
	32.46844334	34.43534399	34.39478611	40.69376706	40.43434846
	1.627236136	1.114682267	1.639038411	2.020297882	2.418152751
	1.128449864	0.7211611758	0.5023307408	0.7192341939	1.159696456
	1.185656055	1.104444478	0.5235096076	0.45899218	0.4214625158
	0.561059693	0.8192400486	0.6900363277	0.4119414305	0.4855846483
	0.5082339582	0.4840914069	0.5683655353	0.5390725738	0.2961948848
	0.455138855	0.5368991132	0.5413124244	0.4134088301	0.4710772857
	0.3640625171	0.369866635	0.3546094616	0.4598439954	0.2539773191
	0.4091804446	0.4410641508	0.2673262058	0.2131622589	0.3076365266
	0.3133158091	0.3135519074	0.4304310952	0.18626276	0.241383424
	0.2513312201	0.3998688449	0.2348463317	0.3760265543	0.1395128744
	0.2877282612	0.2750548695	0.4065815225	0.1951738671	0.3072452855
	0.1236699933	0.3036123769	0.2890337054	0.3630156964	0.1741750834
	0.2410120309	0.1284839598	0.2970038505	0.2832295824	0.2984664617
	0.1617751107	0.1919039268	0.1438668061	0.2817078693	0.2682068837
	0.2340023462	0.157176815	0.1705136964	0.1635175839	0.2682631103
	0.2541271182	0.1874900597	0.1609196859	0.1769754024	0.1838587178
	0.2613654389	0.2468374751	0.1726691087	0.171929509	0.1994172653
	0.201431307	0.2600528826	0.2471687369	0.1872955832	0.1872208884
	0.2242603203	0.2116584225	0.259482041	0.2517487043	0.213882615
	0.2022913315	0.2414912969	0.2086030213	0.2532832401	0.2547674963
	0.2360783784	0.2114832879	0.2433652018	0.1858343768	0.2363591289
	0.2496545281	0.2421047698	0.2081700765	0.2218170249	0.1381525272
	0.2092067414	0.2313988248	0.2227227914	0.1855933715	0.1727060689
	0.07102517723	0.1911704009	0.2026375192	0.1755096311	0.1388563914
	0.1246505483	0.1142466783	0.2360785792	0.1857829381	0.1195244009
	0.07737086039	0.1637394311	0.3053722114	0.3783681753	0.2247281013
	0.1543830627	0.1237797834	0.3078274631	0.6297247168	0.6302940384
	0.3678329088	0.3653868423	0.3103593124	0.825015529	1.189683045
	0.9505970348	0.7354938408	0.8402066746	0.6247287681	1.862614573
	1.973622356	1.798255238	1.708134663	1.776054988	1.114581956
	3.123011261	2.299090855	4.219321084	3.708754924	3.099264329
	2.312472223	4.250771152	0.9215331302	5.08360033	5.051238488
	5.067798834	5.00779828	3.539374288	1.493947573	2.265199398
	2.557174151	7.579449584	6.425234816	2.220528885	1.374142839
	1.983355809	2.811332941	5.923835133	4.39444337	40.18852108
	40.455386	40.85280346	41.04034548	42.6385751	42.84815775
	3.369881325	5.394956915	6.228643484	2.077491071	7.901433019
	4.723660585	3.087774293	4.492421787	4.551140661	5.521503836
	3.245054606	5.548928165	3.443211853	4.371051467	4.331912258
	4.465905985	3.602461441	4.492517116	3.58617616	4.156712858
	4.114196807	4.330011491	3.802839413	4.35117956	3.356102754
	3.701870695	3.67577205	4.145416621	3.547022711	4.135108185
	2.989193223	3.158840548	3.140644404	3.71522126	3.131598099
	3.687897443	2.650645939	2.66675798	2.648683258	3.181812673
	2.759769695	3.157839799	2.382211546	2.29695345	2.283261679
	2.685810782	2.499646526	2.676331996	2.18547561	2.06159906
	2.057414535	2.308219205	2.334598128	2.312758822	2.069864642
	1.946712647	1.949805773	2.0659361	2.245681	2.080679281
	2.039771258	1.933806777	1.938360726	1.945578877	2.228966484
	1.966385147	2.091299228	2.003020608	2.004556316	1.929600222
	2.281714094	1.951800199	2.212382664	2.133745427	2.130555729
	1.998404776	2.395404522	2.018027534	2.385698362	2.30575925
	2.298068292	2.130439978	2.556132665	2.145452816	2.59256557
	2.500743353	2.489587736	2.304261617	2.747663314	2.314483725
	2.81581443	2.703256153	2.689844672	2.500780921	2.954335531
	2.507043858	3.041161602	2.900938297	2.886417933	2.70430525
	3.16268599	2.707699401	3.257217236	3.084480652	3.069881076
	2.902515024	3.361666214	2.904000274	3.454004066	3.247384229
	3.233584218	3.086191274	3.542350952	3.086531776	3.622697468
	3.384455389	3.372283486	3.248989175	3.698730178	3.248710659
	3.759070666	3.491670381	3.482269677	3.386192197	3.826769862
	3.385249741	3.859740356	3.572771975	3.567227797	3.494075149
	3.917138185	3.492020692	3.904812804	3.64863204	3.644511832
	3.575011095	3.9554833	3.572854077	3.840280285	3.778468678
	3.759676292	3.645465866	3.949783787	3.64865089	3.560887314
	4.102270409	4.031729478	3.763948279	3.997531801	3.776758914
	3.683347352	4.858678573	4.394567399	4.100967566	4.510770133
	4.099879066	6.333410482	6.243091156	5.284065805	5.15353669
	6.325481417	4.575939001	8.982399092	7.09603327	12.35346926
	9.242554814	8.47670807	5.034900538	13.62632616	4.426661933
	16.18822369	19.10245058	15.21023175	15.46163987	42.76922614
	42.84182675	39.49520604	39.74142776	60.67453674	55.65193327
	58.9295186	49.2310188	49.44316804	59.26180979	57.81192471
	59.59390488	43.07885989	39.05354554	39.07951037	48.96239118
	43.89017359	48.95355301	34.86430319	32.80268841	32.66276135
	38.94862467	35.23926659	38.98804895	29.93835645	29.23926748
	29.05293909	32.68921956	30.17112334	32.7823042	27.06435274
	27.24650664	27.06447407	29.11896095	27.18193828	29.22781987
	25.29345219	25.94641188	25.78532719	27.14157379	25.28472689
	27.24004573	23.95883098	24.71209031	24.56711627	25.86922996
	23.82265215	25.94147021	22.63098765	23.24590794	23.10879742
	24.66627014	22.390314	24.70643408	21.1362457	21.53348013
	21.40195066	23.22567613	20.83206426	23.23861561	19.49590316
	19.69489946	19.5704836	21.52809537	19.16850586	21.52474524
	17.81462716	17.87031362	17.75476909	19.69378073	17.49236787
	19.68548996	16.19850727	16.16585553	16.05983232	17.86576732
	15.89815017	17.86101352	14.72234379	14.64311561	14.54626218
	16.1535059	14.45233104	16.15723279	13.42639441	13.32759201
	13.23898836	14.62120033	13.18993258	14.63549863	12.32438457
	12.2211392	12.13963353	13.29604249	12.12171987	13.32112131
	11.41311281	11.31233806	11.23673902	12.18085435	11.24299002
	12.21582984	10.67997428	10.58346518	10.51263998	11.26471824
	10.54050089	11.30812929	10.1077791	10.01450898	9.947433239
	10.53013716	9.996962395	10.58025404	9.67754862	9.585125836
	9.520907174	9.957153068	9.593509195	10.01217197	9.369606125
	9.275849351	9.213736385	9.525345145	9.310625372	9.58352959
	9.162466696	9.069224174	9.008601984	9.215044313	9.128492132
	9.274856789	9.032966217	8.949475334	8.889839321	9.008449205
	9.028590909	9.068714488	8.963009713	8.904378789	8.845331751
	8.889361538	8.995617206	8.94935018	8.942877737	8.945079023
	8.886651265	8.84526254	9.017691415	8.904488694	8.969265965
	9.159771462	9.103467881	8.887474392	9.103255311	8.94526956
	9.094734692	9.850804792	9.789473268	9.10272686	9.37319296
	9.159638446	9.513929936	11.88073577	11.83986607	9.784330702
	10.39974223	9.837740142	11.94833553	17.12576091	16.97355151
	11.98493644	14.19279781	11.8313807	27.52535116	28.25170586
	23.95836623	18.68984545	25.2405502	16.85735965	73.98100766
	81.4001796	61.91164265	37.29028033	49.30593776	23.94436548
	
