3721	
	4.771314151e-34	6.696939042e-34	-1.043534438e-33	3.228435561e-34	-6.734334493e-35
	0.1412342273	0.03446145044	-2.791696134e-34	8.218800845e-35	-0.0213557629
	0.2503411672	0.2021801018	1.370150471e-34	3.336411987e-34	-0.03041582696
	-0.01225542083	-0.02491599061	-0.05761600598	-3.493583757e-34	-1.962795982e-34
	-0.006379811378	3.951588824e-34	2.806554214e-34	0.3248288436	0.2936074426
	-0.06996665672	-0.06096674288	-0.01316002775	0.006586988358	-0.007276160972
	-0.02185308337	-0.00444995909	-3.496352261e-34	-0.02872023909	-0.04584320188
	-1.83241174e-34	0.379319198	0.3551677983	3.639587783e-34	4.472907229e-34
	0.02376578803	0.04745490805	-0.05571765549	-0.06183807354	-1.72736976e-34
	-0.001882537889	-0.0009646961129	-3.315516223e-34	-0.00638213846	-0.01932790393
	-0.0554575384	-0.03209065842	-0.0544476248	-0.01168436523	-0.04026208446
	0.4240624555	0.4030916978	4.37869633e-34	4.894453103e-34	-3.127211853e-34
	-5.8636659e-05	-1.624451079e-34	0.0004830516279	-0.02489177339	-0.0399231526
	0.09271443515	0.06735980579	-0.03972111295	-0.05009578836	-0.03589187478
	-0.040045728	-0.002507270987	0.0005859816454	-0.001880621763	-0.009557852085
	-0.02177792848	-0.02259615827	-0.01036027474	0.4647080776	0.4450239158
	5.048195808e-34	5.255717543e-34	0.01690367553	-0.003468119256	0.1139565215
	0.1405354217	0.001221960786	-2.926601406e-34	0.0009118531661	-1.522756459e-34
	0.00402516419	0.002613323852	0.006391711206	0.002593519007	-0.02521545833
	-0.02537032172	-0.012205492	-0.00756125913	-0.01594094151	0.007065934506
	-0.000237036133	-0.005909026708	-0.006993570693	0.004881027691	-0.0002472104777
	5.590335465e-34	0.5034034714	0.4843410171	5.67823446e-34	0.06502214117
	0.04178986462	0.1627716705	0.190011816	0.02484788614	0.005822934765
	0.03542783533	0.01316843799	0.001770772309	-1.418683319e-34	-2.717295612e-34
	0.00151024747	0.005237611814	0.006282382294	0.01188479175	0.009399925402
	0.01434144904	0.02194091935	0.01296208816	0.01759597169	0.02446641762
	0.007887917025	0.01082757306	0.01351077068	0.0252843772	0.02472854921
	0.02449362063	0.5405859624	0.5221575561	6.262275317e-34	5.901892609e-34
	0.2126005127	0.2397496498	0.1156305354	0.09146946634	0.06908738217
	0.04707693795	0.08324795927	0.05919969785	-1.313715694e-34	0.002238984552
	-2.512653667e-34	0.002008091263	0.04140243102	0.05954317592	0.0644139446
	0.04377403218	0.01402705147	0.007230343599	0.008098366209	0.01589912936
	0.03334619779	0.02819801898	0.02479226359	0.02152131763	0.03733474256
	0.04732760622	0.03364842007	0.0562252824	0.0521052433	0.04108194634
	0.03964133363	0.5758681591	0.5583716635	6.78961659e-34	6.187658344e-34
	0.1657420372	0.1420596798	0.2619915284	0.2882664627	0.09281602079
	0.1316441588	0.1077398658	0.115465381	-1.216464553e-34	0.002615160834
	-2.336348907e-34	0.002429123649	0.1077586597	0.07952778756	0.09956698503
	0.0859163269	0.01750172567	0.01884670881	0.008871295006	0.009523920957
	0.09285415397	0.07401712097	0.08578282275	0.06863222043	0.02980344209
	0.0409739226	0.02758032132	0.03760258218	0.07877431414	0.07085821141
	0.05549818558	0.0519835358	0.06193752768	0.04720125655	0.06257484464
	0.6086271265	0.5924097914	7.250977947e-34	6.442682461e-34	0.2132739198
	0.1910045517	0.3095277404	0.3342626308	0.1604801584	0.1387707062
	0.1777548915	0.1552526866	-1.140526592e-34	0.002848192498	-2.22007463e-34
	0.002732587994	0.1508061108	0.1403037952	0.1202845941	0.1295537332
	0.02056665145	0.01986340456	0.01006436714	0.0104072158	0.1308827499
	0.1212606301	0.1036562119	0.1118094978	0.03263638571	0.04351994721
	0.04517409857	0.03154251987	0.1023862466	0.08668555289	0.1120178067
	0.09532263455	0.05559811984	0.09238998722	0.07010637624	0.05797019499
	0.08168314735	0.06682105948	0.07723861918	0.6383078241	0.6236494992
	7.641906843e-34	6.663321851e-34	0.2569193996	0.2366176901	0.3540589414
	0.3767666254	0.2019662251	0.1821535996	0.2198528252	0.1994927272
	0.178986517	0.1602016069	0.1714766418	0.1910502231	0.002863707113
	-1.102886341e-34	0.002884743037	-2.199752741e-34	0.02080762862	0.02086867427
	0.01062935256	0.01057342942	0.1557250497	0.1494334372	0.1674782375
	0.1388664927	0.03304440769	0.04586169289	0.04597547397	0.03320105389
	0.1179434855	0.1443426058	0.128347421	0.1328903547	0.05920018286
	0.05924502195	0.07233568002	0.07196208613	0.0977516399	0.1214929456
	0.1071973889	0.08531747225	0.1098099426	0.0960732318	0.08435381111
	0.6645464534	0.6516189511	7.962695001e-34	6.848210754e-34	0.2959673797
	0.2779112207	0.3947766651	0.4151525151	0.2387127424	0.2213185847
	0.2570226459	0.2391798163	0.2270385755	0.2139709774	0.1971383893
	0.2097507882	0.002776367042	-1.121462863e-34	0.002686379796	-2.309848291e-34
	0.1846558353	0.1874825409	0.1721087638	0.2009245638	0.009901065888
	0.01942505755	0.02030551669	0.01040794814	0.03092131689	0.04309433073
	0.04491404049	0.03234675023	0.1596264847	0.1742359588	0.1610600113
	0.1473911866	0.05820789584	0.05611569771	0.06923638859	0.07143308099
	0.1351892666	0.1228964929	0.1481108981	0.1351277648	0.09769628826
	0.1222501271	0.08470580291	0.1092083594	0.09595090781	0.08267372564
	0.1104190899	0.6871885597	0.6760572912	8.217205961e-34	6.998132706e-34
	0.3301321225	0.3144103723	0.4311988598	0.4490956523	0.2701509708
	0.2554038414	0.2889024669	0.2737054514	0.2443585211	0.2298599855
	0.2433145764	0.2580240111	0.2161438388	0.2154843094	0.2020579754
	0.2302200765	-2.576426649e-34	0.00244604486	-1.211890849e-34	0.002239238614
	0.008356525597	0.01644424695	0.01811270852	0.009315764559	0.1879344081
	0.1860370254	0.2007106899	0.1740404232	0.02640737098	0.03721400111
	0.04053536769	0.02899296744	0.05307209442	0.04916861529	0.06166552992
	0.06597774186	0.1602819843	0.1467741716	0.1574683933	0.1716335099
	0.09281073423	0.07933319659	0.07488228268	0.08833426792	0.1296642495
	0.1198614032	0.1435026231	0.1332968475	0.1158335112	0.106359124
	0.1020897822	0.7062564391	0.6969012614	8.411410251e-34	7.115397563e-34
	0.3594121961	0.3459935583	0.463113166	0.4785055199	0.296137689
	0.2840730668	0.315492802	0.3029102215	0.2837338816	0.269769912
	0.257747522	0.2716871732	0.2431773706	0.2391819424	0.2279241232
	0.2548902257	0.2124701494	0.2072336122	0.1971605849	0.223181393
	0.001557513521	-3.010150833e-34	0.001875510371	-1.383956976e-34	0.006001370665
	0.01205023826	0.007362987554	0.01440019162	0.01985166659	0.02877009499
	0.03330100558	0.02339442556	0.1820551221	0.1915378908	0.1762175518
	0.167328657	0.04448716623	0.0505788921	0.03915985749	0.05652833295
	0.06940587353	0.08278958769	0.07623191954	0.06309856572	0.1528409201
	0.138607538	0.1466313698	0.1612553808	0.09655362189	0.08994813245
	0.1244946016	0.1038486186	0.1179984641	0.1322092766	0.1104653672
	7.203165863e-34	0.7218992632	0.7142405601	8.552156613e-34	0.38397937
	0.3727639939	0.4905090935	0.5034574027	0.3167975385	0.3073322804
	0.3370133341	0.3269194206	0.2901795386	0.2806158604	0.2947709743
	0.3042013739	0.2748577932	0.2655020089	0.2584586476	0.2493856718
	0.2328698231	0.2244814035	0.2163647446	0.2414982626	0.0006829904885
	-3.600631692e-34	0.001095082743	-1.638330489e-34	0.2000632569	0.1912541306
	0.1842087964	0.207648658	0.004653179433	0.002983615157	0.006546665451
	0.009418009623	0.0117286132	0.01839334226	0.02381553525	0.01597541581
	0.04402356433	0.03323374654	0.03686435127	0.02685993944	0.1599188847
	0.1687485603	0.1753281718	0.1537373096	0.06887929656	0.05601833317
	0.0483324802	0.06077690741	0.08239614828	0.09623378365	0.0740554751
	0.08770139818	0.101731677	0.1449152311	0.1390411577	0.1245949772
	0.1158788379	0.1302946801	0.1103510954	0.7343445803	0.7282670639
	8.646331041e-34	7.264914252e-34	0.5135141996	0.5241333788	0.4040960978
	0.39495198	0.332403024	0.3253917917	0.3537959755	0.3460195865
	0.3196294384	0.3057638573	0.2985567305	0.3127000297	0.2831849602
	0.2734863689	0.2664892326	0.2902896214	0.2316906044	0.2491732339
	0.2379880595	0.2558437852	-1.96431104e-34	-0.0003170632408	-4.313622106e-34
	0.0001602198442	0.2143511269	0.2028399261	0.1974592801	0.2202006235
	0.001371770834	-0.0004754814614	0.0003162047288	0.00351250842	0.169772122
	0.1810533492	0.1652445831	0.1859911026	0.002570535584	0.006712508878
	0.01271493154	0.0072479028	0.02928440573	0.02005077983	0.01296780419
	0.02126921139	0.05209207099	0.04007700185	0.04286014965	0.03139276204
	0.135072858	0.1541260959	0.1499310129	0.1390348937	0.05541496997
	0.0685273667	0.07844125851	0.06502116997	0.1062936314	0.09228416871
	0.1243509211	0.120567717	0.09594762464	0.1100500616	0.08215014433
	0.7438594337	0.7392306864	8.700357612e-34	7.304092221e-34	0.4200594517
	0.4128458194	0.5323415082	0.540776782	0.3385626869	0.3662101923
	0.3605686277	0.3432876556	-2.339342031e-34	-0.001352869727	-5.092504264e-34
	-0.0008514759071	0.3302880423	0.3167752753	0.311797436	0.3257210639
	0.3014479558	0.296458672	0.2845548434	0.279483782	0.2665443744
	0.2616599213	0.248133823	0.2434579951	0.225290687	0.2114948368
	0.2075050909	0.2296376267	-0.002226502332	-0.004093287564	-0.006202186239
	-0.002905537614	0.1902259618	0.176843991	0.173613037	0.1938371979
	-0.007060146293	0.0006162595702	-0.005663623398	-0.002237481987	0.1576190449
	0.1422503433	0.1448518612	0.1605124132	0.01299063515	0.005594583606
	0.004416686531	-0.001891248046	0.02316287271	0.01291723107	0.02229549519
	0.03320849878	0.04719464216	0.05808906472	0.04530368405	0.03478619834
	0.1129620746	0.1297731553	0.1152169044	0.1273989465	0.07356408364
	0.06025630375	0.1010338663	0.08500470369	0.07143929323	0.0872062809
	0.09888254634	0.7507223808	0.7474062208	8.719884006e-34	7.323937329e-34
	0.4321674757	0.4267477553	0.5472505442	0.5536600938	0.3497903962
	0.3471858026	0.3746168837	0.3709363521	-2.730964469e-34	-0.002317302973
	-5.86515095e-34	-0.001843920642	0.3234568529	0.3205937507	0.3341100758
	0.3364479826	-0.005829264475	-0.007538582549	-0.01252187991	-0.009375175828
	0.3085833321	0.3055909171	0.2919416414	0.2886644843	0.2520562029
	0.2706660674	0.2552819023	0.2739131551	0.2363856398	0.233340303
	0.2177260147	0.2148877613	0.196900443	0.1818444585	0.199469587
	0.1795674149	-0.01190068624	-0.01187287647	-0.0181158495	-0.01656579798
	0.162901511	0.1486394388	0.1469461884	0.1648865589	-0.013126541
	-0.004272610442	-0.009529798831	-0.01711210372	0.1330649497	0.1316240851
	0.1181088314	0.1168753816	0.01282832814	0.002218820209	0.00325009359
	-0.006556080333	0.02433034342	0.03592161172	0.01273295071	0.02389792704
	0.03677026894	0.04867546301	0.06172021667	0.04955945601	0.08971087594
	0.08869738491	0.1036824059	0.0760578829	0.1026124549	0.07512298825
	0.06272234025	0.7552030761	0.7530699586	8.709427853e-34	7.327376611e-34
	0.4407021697	0.4369494448	0.5585209764	0.563063331	0.352226583
	0.3515897355	0.3793449374	0.3774710867	0.3383471212	0.325997641
	0.3251651194	0.3381241458	-3.101561635e-34	-0.00309589253	-6.556167844e-34
	-0.002709061461	-0.009082902694	-0.01045333264	-0.01811746805	-0.01539148299
	0.3118765102	0.3108034717	0.2958434088	0.2942730957	-0.02111828114
	-0.02529823431	-0.02996591917	-0.02411108987	0.2577968307	0.2781676928
	0.2764643676	0.259679847	0.2200403184	0.2407299261	0.2388642773
	0.2218714351	0.203296949	0.1837336643	0.2015965474	0.1852733218
	0.1500146564	0.1678601133	0.1511316956	0.1665191928	-0.03076067614
	-0.03203427915	-0.02193386846	-0.02469919981	0.1341854413	0.1196735845
	0.1350799874	0.1190056605	-0.01950573647	-0.008558562378	-0.01653818163
	-0.02649838391	0.09028409054	0.1044024537	0.09059643679	0.1048717982
	-0.01031186543	0.0003686676387	0.00129229427	0.01246282959	0.0121632125
	0.02458162327	0.02446710973	0.03711770284	0.06332149375	0.05007060647
	0.06317405504	0.03721250023	0.07659282517	0.05012680275	0.07677026721
	0.7575423171	0.7564809458	8.671665901e-34	7.316915451e-34	0.4459223383
	0.4437202062	0.5664353605	0.5692575123	0.3508784669	0.3520715216
	0.3806830082	0.3804861119	0.3361804365	0.3245185783	0.3256658313
	0.3379818085	-3.415487926e-34	-0.003583764285	-7.102545365e-34	-0.003339088953
	0.3122349806	0.2963534866	0.2964544829	0.3114171722	-0.01162312482
	-0.01249217634	-0.02245230135	-0.0204210604	-0.02921310708	-0.03256094769
	-0.04044188202	-0.03537775791	0.2792158243	0.2614394701	0.279407922
	0.260858188	-0.0477603401	-0.03919632697	-0.03934258325	-0.04587375115
	0.2232006778	0.2240741325	0.2427940081	0.2420662974	0.2054922733
	0.1873503885	0.1864706453	0.2046019834	0.1697230123	0.1689225122
	0.1527106192	0.1520223828	0.1357750778	0.1363180693	0.1205388708
	0.1201700523	-0.04628723889	-0.04151111397	-0.03048236239	-0.03650612243
	0.09071328786	0.09070854008	0.1051658331	0.1053563602	-0.03395644402
	-0.02437323398	-0.01192203832	-0.02211451731	0.06316446005	0.07674267319
	0.07657797862	0.06287214272	-0.001418413604	0.01160195417	-0.000473746692
	-0.01327760479	0.02418708027	0.03692098538	0.03647943226	0.02361692835
	0.04994514048	0.01100558133	0.04952578517	0.7579204972	0.7578576644
	8.605839448e-34	7.294367721e-34	-3.647017455e-34	-0.003708702482	-7.468386163e-34
	-0.003645595627	0.4480584908	0.4473002575	0.5712650465	0.5724843981
	0.3459984083	0.3488924936	0.3788782294	0.3802587432	0.3190783317
	0.3221807004	0.3338635098	0.3301054017	0.3099328357	0.2934635588
	0.2952479595	0.3072040352	-0.0131266412	-0.01338250729	-0.02503887189
	-0.02394398204	0.2789665323	0.2605550233	0.2612886054	0.2776235862
	-0.04485683293	-0.03547529565	-0.03765369635	-0.04868844043	-0.06320176622
	-0.0521563077	-0.05568362246	-0.05769213993	0.243000733	0.2244285153
	0.2243259108	0.2425698334	-0.06510235591	-0.06314314659	-0.0523820271
	-0.05594221199	0.1878774993	0.2060475744	0.1880765142	0.2059901228
	0.1534399322	0.170498655	0.153180432	0.170253898	0.120923909
	0.1369098389	0.1207882937	0.1366945997	0.1054721648	0.1054494684
	0.09064310774	0.09052197423	-0.04958781047	-0.05773038368	-0.03693486045
	-0.04590874965	0.0760630204	0.06247212147	0.0620389523	0.07633695027
	-0.01462175608	-0.02626366279	-0.03935633698	-0.02795897384	0.04842427163
	0.04900975473	0.03514868217	0.03583758787	0.01018359234	-0.003332577311
	-0.002311665514	-0.0157728726	0.0093481402	0.02295302964	0.02213760996
	0.7563928953	0.757334077	8.504273866e-34	7.260168151e-34	0.4472992456
	0.4478890086	0.5732494872	0.5729172621	-3.786485704e-34	-0.003454789873
	-7.653090963e-34	-0.003582973222	-0.01338145773	-0.01299632956	-0.02553343839
	-0.0255310704	0.3378180866	0.3422817417	0.3741319944	0.377034392
	0.3096926393	0.3147359483	0.3259252701	0.3202560375	0.3038613122
	0.2870741949	0.2905935004	0.2991567961	0.2756611843	0.256928024
	0.2727083219	0.2590301996	-0.05167860542	-0.0392352073	-0.03997257165
	-0.05384735521	0.2416110362	0.2225228977	0.2236600672	0.23995599
	-0.06643553623	-0.07594402432	-0.06992666305	-0.06256758605	-0.08184781711
	-0.08346803883	-0.0738903082	-0.07347981484	0.2056922782	0.1873291176
	0.2048488229	0.1878817159	-0.06221994521	-0.07483411965	-0.08093852937
	-0.06952657118	0.1531941579	0.1534415967	0.1700585513	0.1704462838
	0.1209155292	0.1367481588	0.1207568121	0.1369346644	0.09034245591
	0.1052096502	0.1053944435	0.0900950283	0.06111585216	0.07575017425
	0.06158378855	0.07540744443	-0.05259596117	-0.0414560395	-0.05507241125
	-0.06584571718	0.03440320785	0.04721718272	0.03366375287	0.04782132006
	-0.03073455929	-0.04311403175	-0.01698512826	-0.02937050011	-0.005389159133
	0.007439429634	0.02130162104	-0.01807968533	-0.004315729932	0.02042591868
	0.008386686487	0.7527497948	0.7548647242	8.345033667e-34	7.211734409e-34
	0.4437520838	0.4456128426	0.5725512677	0.5705737709	0.3265559932
	0.3324385542	0.36657845	0.3710263331	-3.841926244e-34	-0.002876645998
	-7.688862204e-34	-0.00316832035	-0.01235863623	-0.01141088155	-0.02384596605
	-0.0249489729	-0.05521548637	-0.05503765626	-0.03999146136	-0.03915675303
	0.2963651556	0.3033203462	0.3143206831	0.3067596944	0.2939205175
	0.277009799	0.2823425663	0.2871378606	0.2644707329	0.2691570269
	0.2503843368	0.2539399028	0.2377632208	0.2185041866	0.2207569261
	0.2347833343	-0.07106876649	-0.06935847701	-0.08470643455	-0.08084943172
	0.2035650608	0.1849356002	0.1863277576	0.2017305446	-0.101184517
	-0.09514842488	-0.0891019724	-0.09266912747	-0.08720395751	-0.09209997759
	-0.09936107538	-0.1025109347	0.1693338013	0.1517769413	0.1526330067
	0.168217602	-0.09232254704	-0.08260102067	-0.06879779796	-0.07917075201
	0.1198355432	0.1203977119	0.1356298194	0.1363244243	0.08927752514
	0.08974527745	0.1043828079	0.1048801767	0.07451300505	0.06061981311
	0.07499950633	0.06007818834	0.03292323878	0.04597638757	0.03218597143
	0.04660320246	-0.0586798971	-0.07102915621	-0.04464548882	-0.05700610577
	0.006453398003	0.01956322177	0.005491129352	0.01870504704	-0.00750440414
	-0.02034529738	-0.03315601415	-0.03192689109	-0.01924411091	-0.0459139091
	-0.006427920092	0.7462147	0.7500168791	8.076972129e-34	7.139605968e-34
	0.4373464093	0.4404436188	0.5691520246	0.5651213218	0.3124116248
	0.3195213617	0.3562212454	0.3623969367	-3.835074005e-34	-0.002093687881
	-7.627890227e-34	-0.002487035424	0.2897481178	0.2791305954	0.2879144032
	0.299226234	-0.02226392606	-0.01025487973	-0.008925609967	-0.02022462084
	-0.05245579547	-0.05438122268	-0.0375696463	-0.03524368467	-0.07158505957
	-0.07080564928	-0.08827208702	-0.08717356492	0.2799779082	0.2630432789
	0.2702731068	0.2709873903	0.2592344672	0.2406823619	0.2526439546
	0.2458005177	0.2268249714	0.2312633166	0.2120679221	0.2155331794
	0.1807102328	0.1994298251	0.1830326134	0.1965013172	-0.1146418035
	-0.1034754176	-0.108470373	-0.1000928698	0.1647860079	0.1667252567
	0.1489897546	0.1505514514	-0.1209062335	-0.1123222793	-0.1109123605
	-0.1219252431	-0.1101237324	-0.09638216081	-0.1179571741	-0.105390557
	0.1346496912	0.1179400472	0.133345165	0.1190142317	-0.08519579806
	-0.09941371393	-0.0872530082	-0.07289568465	0.08784480181	0.08864718848
	0.1027659199	0.1036872942	0.0587436375	0.05945918582	0.07316946457
	0.07391015981	0.04457096421	0.04530386835	0.03143375037	0.03064893463
	0.00452643754	0.00357043443	0.01698694505	0.01784967755	-0.06002364942
	-0.07431617422	-0.06133231612	-0.04719337678	-0.009611599913	-0.02149118473
	-0.02260560932	-0.008554038126	-0.03549825316	-0.0343007019	-0.04835506001
	0.7347961086	0.7415161465	7.590772106e-34	7.018368662e-34	-3.793323172e-34
	-0.001260226813	-7.524826691e-34	-0.00167585434	0.4276165099	0.4320112336
	0.5626130503	0.5554440837	0.295533251	0.3036001672	0.3427821756
	0.3511943552	0.258112314	0.2685225163	0.2808627607	0.2693450444
	-0.01789659275	-0.007473460831	-0.006008753652	-0.015263523	0.2619189631
	0.2449422556	0.254116417	0.25057642	-0.02876764746	-0.04579633801
	-0.04962533386	-0.03225668179	-0.06869900699	-0.06539129229	-0.08580568516
	-0.08782636919	-0.1054323256	-0.1220360731	-0.1191285078	-0.1053517212
	0.2456093881	0.2275183328	0.2343260981	0.2369048349	0.2157976135
	0.2218600524	0.2029701472	0.2077631233	0.1930845025	0.1744615511
	0.1778074872	0.1889472083	0.1470085112	0.1624355009	0.1595850043
	0.1446561543	-0.1406845641	-0.1318138727	-0.1284120856	-0.134162111
	0.1317132874	0.1165579275	0.1297142487	0.114882014	-0.1412937465
	-0.136699959	-0.1235614649	-0.1301337163	-0.1137057967	-0.1278306855
	-0.1163897849	-0.1017653288	0.1001615829	0.1015992576	0.08682662674
	0.08559100117	-0.08877302611	-0.10342938	-0.09013089767	-0.07565470997
	0.05789576843	0.0569036466	0.07116660549	0.07226194171	0.0288853213
	0.02980547165	0.0428064956	0.04374431342	0.01609218504	0.01515269506
	0.001613919044	0.002603104452	-0.02486746273	-0.01172122431	-0.01066181018
	-0.02374128978	-0.07679333393	-0.05076449117	-0.0624926883	-0.03666165672
	-0.04957929727	-0.06372372549	-0.03786101428	0.7139220364	0.7262551429
	6.669492367e-34	6.786171989e-34	-3.741352319e-34	-0.0005200597332	-7.422459735e-34
	-0.0008850168412	0.4132748966	0.4191781686	0.5515205824	0.5386569953
	-0.004530091675	-0.009798332419	-0.01257883082	-0.003175605047	0.2759588265
	0.2845155788	0.3253528037	0.3372072097	0.2335818449	0.2451945738
	0.2595019848	0.2455917858	0.2397161198	0.2225413073	0.2336142684
	0.2258810249	-0.02073046051	-0.03612346234	-0.04131798711	-0.02483891099
	0.2279553486	0.2105383273	0.2169260037	0.2191765247	-0.06082209081
	-0.05534170798	-0.07721116965	-0.08228941524	-0.1037042122	-0.100170127
	-0.1218093034	-0.1229070677	-0.1401823197	-0.1533017651	-0.1478016127
	-0.1382780979	0.2092396488	0.1909162826	0.2013681469	0.1971797769
	0.1842976056	0.1659831519	0.1704570271	0.1788248791	0.1386197191
	0.1562881082	0.141839934	0.152441381	0.1128616582	0.1245900695
	0.1273518346	0.1105140708	-0.1605973517	-0.1601377796	-0.1490322477
	-0.1515650321	0.09844111663	0.08235711856	0.08410028279	0.09641819351
	-0.1551947208	-0.1418210763	-0.1456176594	-0.1310221598	-0.1182631995
	-0.1048418966	-0.1197479614	-0.1332216731	0.06986402678	0.05438475244
	0.06833770242	0.05573504749	-0.07800489611	-0.09123693076	-0.1059174686
	-0.09240848117	0.02672235965	0.0405065952	0.02786151129	0.04173231236
	0.01414168887	0.0005828078326	-0.0005039897995	0.01304646235	-0.01391072698
	-0.02601005481	-0.01280082403	-0.02716451558	-0.05323899607	-0.04026499358
	-0.05200588038	-0.06617318919	-0.07915755192	-0.03905266412	-0.06490927269
	0.6737026956	0.6970794716	4.977208609e-34	6.290215668e-34	-0.0002351064539
	-3.696011681e-34	3.15966108e-05	-7.346102666e-34	0.3914859911	0.3989789724
	0.5322425522	0.5077140495	-0.001909629729	-0.004703365541	-0.007194493376
	-0.0008467350759	0.2534465759	0.2615370328	0.3015706523	0.3196846514
	-0.01648923368	-0.01240875932	-0.02488697074	-0.03065205573	0.2182655972
	0.2059087172	0.2180448728	0.2353813558	0.1970879468	0.2134651197
	0.195813996	0.208642507	0.2059459673	0.1893788072	0.2000060909
	0.1924962629	-0.04890934511	-0.04201500134	-0.06339456497	-0.07093129742
	0.1930293067	0.1755630861	0.1834764127	0.1831854793	-0.08782366452
	-0.1131786335	-0.1185605682	-0.09475894381	-0.1573691644	-0.1372653075
	-0.1564442244	-0.139942288	-0.1706165337	-0.1717363467	-0.1791761946
	-0.1671461893	0.1658566171	0.1607681474	0.1727990878	0.1550420727
	0.1481047253	0.1307311327	0.1431734585	0.1348964215	0.1214302486
	0.1178471753	0.1077963066	0.104721243	0.09408244072	0.08033276395
	0.07802888372	0.09142420338	-0.1679948251	-0.179436673	-0.1736542439
	-0.1598419394	0.06657400857	0.05106050943	0.06456317072	0.05282735144
	-0.1482729062	-0.1631635473	-0.1501794649	-0.1348795125	-0.1070337022
	-0.1208070898	-0.1218595328	-0.1359814042	0.03911212771	0.0375379704
	0.02544450288	0.02402159254	-0.08041382457	-0.09350304412	-0.0947250936
	-0.1080388202	0.01184602932	-0.001665938963	-0.002913413937	0.01052963532
	-0.01628572517	-0.01506956057	-0.0283473798	-0.02956470239	-0.05577887612
	-0.04273102684	-0.05450691429	-0.04148767194	-0.0816619296	-0.06743091311
	-0.06873662859	0.5948875091	0.6374572993	2.563139523e-34	5.129208379e-34
	0.0002056305877	-3.665924943e-34	0.000349216911	-7.306892537e-34	0.3562380079
	0.3640413697	0.4962660624	0.4442484429	5.376536019e-05	0.0007256836063
	-0.0006790484655	-0.002554336283	0.2263861289	0.2329203083	0.2657902436
	0.2963698776	-0.005050994342	-0.01380700672	-0.01926549377	-0.0085091926
	0.1750872292	0.1873710192	0.2081120832	0.1866777197	-0.03468323226
	-0.02741621557	-0.04627421483	-0.05517288564	0.1647486369	0.1832818394
	0.1649229466	0.1794181108	0.1793647806	0.1637975537	0.1637242176
	0.1765673179	0.1728512399	0.1565648921	0.1663244431	0.1609620449
	-0.06979655047	-0.07928813793	-0.09663640266	-0.1058714945	0.1582870258
	0.1413803587	0.1497417128	0.1485000848	-0.1555567474	-0.1247498951
	-0.1511136783	-0.1321554325	-0.1733753488	-0.1853237324	-0.189194283
	-0.1740306497	-0.1895809628	-0.1979889785	-0.1974020604	-0.1863763514
	0.1376932343	0.1208348971	0.1315796001	0.1260282277	0.1093666259
	0.1012584565	0.1138281378	0.09740760194	0.08509613566	0.08842721827
	0.07252627078	0.07542846689	0.06229252703	0.04684445934	0.05976147957
	0.04906747277	-0.1655163333	-0.1778431516	-0.1808049574	-0.1917152438
	0.03577173225	0.02243603101	0.03380793829	0.0206835405	-0.1513924247
	-0.1670040413	-0.1523988591	-0.1369936925	-0.1091912715	-0.1377800728
	-0.1227564864	-0.1238109473	0.009082469217	-0.005722377809	-0.004263261639
	0.007496823668	-0.09724857451	-0.08298285758	-0.09593873093	-0.1103253489
	-0.01757623324	-0.03215237875	-0.03083031847	-0.01894859565	-0.07138012434
	-0.04400209976	-0.04530638577	-0.08430375938	-0.05838540472	-0.05707448895
	-0.07004683459	0.4455863408	0.5077090704	-7.647388325e-34	3.754667384e-34
	0.2896400603	0.2990470285	0.4209558664	0.2946362323	-7.307319139e-34
	0.0003951858513	-3.654348148e-34	0.0003768434859	0.001174585729	0.001363709232
	0.001808592714	0.000764553195	0.1875271353	0.196173863	0.207898434
	0.2585629695	0.0003667325922	-0.004494067575	-0.00887338029	-0.002029684313
	0.1397736822	0.1537651034	0.1749811196	0.1498145823	-0.02030543727
	-0.0137622229	-0.02844967103	-0.03733932737	0.1297884991	0.149220951
	0.1303859637	0.1466441703	-0.05934709903	-0.04869804814	-0.07421294018
	-0.08606877876	0.1483998219	0.1339769589	0.1488760128	0.1312329057
	0.148482425	0.133703735	0.1454354569	0.134637278	0.1302113818
	0.1404673073	0.124745015	0.1333923266	-0.143957426	-0.1035755482
	-0.1341544802	-0.1150241732	0.1248446069	0.1087646552	0.1174440906
	0.1150738067	-0.1876628858	-0.1899221357	-0.1632704166	-0.1698579643
	-0.2029901208	-0.2074603729	-0.2148244956	-0.2053377038	-0.2158239546
	-0.2047132557	-0.209723883	-0.1955799482	0.09902546608	0.09315693954
	0.1044261176	0.08848436378	0.07736747076	0.08140179569	0.06932081448
	0.06579369061	0.05695345838	0.04168175236	0.04438574556	0.05388034001
	0.01664160221	0.03163560723	0.0187538894	0.02925666502	-0.1982221696
	-0.1827219254	-0.1840548573	-0.1681119118	0.005761955999	-0.007303227434
	0.003874349019	-0.009011256151	-0.1387121875	-0.1687838898	-0.1530876919
	-0.153890261	-0.1115905063	-0.1248354112	-0.1395844692	-0.1260196254
	-0.02041576981	-0.03500918888	-0.03354289784	-0.02198358349	-0.09856171987
	-0.0999217152	-0.1128536875	-0.08566116214	-0.04805635879	-0.04665610694
	-0.05972332079	-0.06109092287	-0.07272403726	-0.07408473566	-0.08701918652
	0.2051770159	3.689775364e-33	0.0002711229578	-1.830211588e-34	0.1839966896
	0.2291800423	0.1812295816	0.1471059945	0.001218552776	0.002347679682
	-0.0009262648593	0.002115628816	0.1306341536	0.1169038695	-0.007908712223
	-0.02017666779	0.1117912886	0.1113165828	-0.06190469961	-0.0379707999
	0.1140423696	0.1174506261	-0.1221585141	-0.09043427569	0.1201118879
	0.1207224644	0.1152157621	0.1191441791	0.1018648167	0.1093523855
	-0.1819680973	-0.1536683348	0.08340418023	0.09310035802	-0.2045628593
	-0.2189190683	-0.2249992439	-0.2222931021	-0.2133352151	-0.2000130224
	0.07294556268	0.06196403037	0.05051688694	0.03874151501	0.02665834713
	0.01434620419	0.001825091278	-0.01085270776	-0.1847962158	-0.1694824887
	-0.0236614745	-0.03656010117	-0.1406476367	-0.1545905158	-0.1141926805
	-0.1272049589	-0.04951841966	-0.06249724959	-0.1012819038	-0.07546569497
	-0.08839527951	-0.1554983572	-0.1416992199	-0.0201089795	-0.1284889853
	0.002290939419	-0.1155233271	0.003098525258	-0.1026579423	-0.0897779049
	-0.07687067607	0.09742914705	0.00177583796	-0.06394860759	0.09337731614
	0.09615299057	-0.00302908688	-0.05104680418	-0.03820203794	-0.02545203629
	0.107109917	-0.01263457851	-0.01283374262	-0.02783439484	-0.0003831606708
	0.01185798521	0.09436036371	0.08670090403	0.02385321893	-0.04928466334
	0.0355450236	-0.07652687487	0.04689177091	0.05779396395	0.06818256185
	-0.1080591849	0.07786609255	-0.1414113575	0.1005812075	-0.1729691042
	0.104965848	-0.2000540796	0.107174524	0.1046597133	-0.2198551421
	0.1008684738	-0.2309747998	0.09235370389	-0.2331659797	-0.2272461928
	0.1044010795	0.1185714161	0.1202232504	-0.2158291283	0.1282027326
	-0.2010543557	-0.1854548232	0.0007879062769	-0.1700144248	2.357331013e-37
	1.208045586e-32	0.0298088786	3.076187699e-33	0.001590210448	2.90179146e-37
	0.07256197576	0.04484985731	0.07292193805	0.07188170405	0.00318247519
	0.003420221912	-0.00626364389	0.0007320964209	0.07408091395	0.07143099279
	-0.03720209116	-0.01850474513	0.08350546166	0.07783698025	-0.06201968649
	-0.09276979729	0.08857545128	0.09258282257	-0.1608476152	-0.126595243
	0.09439916381	0.09389830536	0.08626390599	0.09107910639	0.07973823772
	0.0719206585	-0.1919346993	-0.2167824345	0.06300959211	0.05333028292
	-0.241006088	-0.2337810786	-0.239722956	-0.2307865323	-0.2173667907
	-0.2018080197	0.04296676469	0.03212156857	0.009190108575	0.02082357092
	-0.002759396706	-0.01495177731	-0.02736234559	-0.03993852153	-0.1707443879
	-0.1858457145	-0.05264992749	-0.06545138528	-0.1563849743	-0.1428920468
	-0.1168851948	-0.1297692057	-0.09117722998	-0.07830786751	-0.1040346982
	-0.14407089	0.003844167839	-0.1310900647	-0.1182351711	0.00316907547
	0.037278221	-0.1054180622	0.04483627642	-0.09259339576	-0.001187847917
	-0.07978042709	-0.0670120613	-0.01045975206	0.06596094554	0.0722195193
	-0.05432970377	-0.04177586201	-0.02586558413	-0.0293893798	-0.01721553603
	-0.04789918371	-0.005291389481	0.006325526305	-0.0764959341	0.01759743022
	0.06548582946	0.02843576564	-0.1101071786	0.03879291231	0.04851002171
	-0.1457297062	0.05750232726	-0.1802394928	0.07230291198	0.07752728324
	-0.209861322	0.08094046577	0.08211464159	-0.2323740375	0.08096795045
	0.07750881187	-0.2457626629	-0.2494360576	0.05960665048	0.05436088431
	-0.244630132	0.04958506608	-0.2332156284	0.01624119426	-0.2184129766
	0.01726669266	-0.202188148	0.0022282215	-0.1864071738	-0.1714226052
	-0.1574427383	5.165960824e-33	2.526176851e-36	-0.0057646354	2.152806952e-33
	1.637196335e-36	0.002838157872	-0.004176582647	0.01367234128	0.03334193573
	0.02422343851	0.004065682899	0.002248580815	-0.01597232532	-0.003952708609
	0.04005516565	0.04832647255	-0.03446814485	-0.0603646049	0.06208573374
	0.05523817988	-0.09219491318	-0.1284283315	0.06683825418	0.0697298132
	-0.1651188172	-0.1989399158	0.07009264895	0.0682522607	0.05866398325
	0.06428933423	0.05157163478	0.043417632	-0.2268856276	-0.246180292
	0.03431607729	0.0245448875	-0.2560290045	-0.2561946196	-0.234839309
	-0.2482349636	-0.2189089325	-0.2026303921	0.003296903619	0.01414910001
	-0.01960957296	-0.007989935867	-0.03153877111	-0.04370932624	-0.06863229095
	-0.05609153163	-0.1723065586	-0.1868683298	-0.09403249075	-0.08129550163
	-0.158490725	-0.1453249222	-0.1323991186	-0.1068079617	-0.1195944982
	0.003840582056	-0.1337150718	0.0006702697434	-0.1209450482	-0.1082067363
	-0.002504115175	-0.09549799065	-0.007737553522	-0.08285373156	-0.02252303059
	0.02963221529	-0.07031751461	-0.05793170485	-0.04574584276	-0.04470559108
	-0.0337981173	-0.07406778512	0.0587689192	-0.02214680817	-0.01082794499
	7.650881565e-05	-0.1091924056	0.05133947845	0.01052865109	-0.14725084
	0.02039332936	0.02961669129	0.03796087222	-0.1841792486	0.04533055239
	-0.2169800076	0.05584587411	0.05834795561	-0.2423453932	-0.2585704924
	0.05670897247	0.05250227134	0.04612185054	-0.2647013184	0.03853757586
	-0.261233691	0.02038479233	0.008679617408	-0.2507751271	-0.2357814824
	-0.01975221761	-0.01184640386	-0.2193590918	-0.2029152675	-0.1465542182
	0.003107894915	-0.1875535327	-0.1731641797	-0.1596370003	3.366165037e-33
	4.724594131e-36	-0.01060428312	1.24674236e-33	2.486779223e-36	0.00324023398
	-0.03071224945	-0.01445491573	0.01074556323	-0.002401167695	0.003124109452
	-0.001688309027	-0.03055695098	-0.0124202975	0.02054731265	0.03022057417
	-0.05615688222	-0.08929193413	0.04343933568	0.03747417699	-0.1269468159
	-0.1661827991	0.04804738155	0.04680705782	-0.2337181638	-0.2028553805
	0.04368585402	0.04684730742	0.03227446364	0.03867228767	0.01607649042
	0.02462367193	-0.269061592	-0.2565621891	-0.003275245604	0.006699809189
	-0.2717436788	-0.2650614404	-0.252411195	-0.2364282222	-0.2195321315
	-0.2033987763	-0.01381972792	-0.02479282844	-0.04786816458	-0.03617218442
	-0.05985267778	-0.07206147801	-0.09699099399	-0.08445897711	-0.1741668614
	-0.1881979532	-0.122298389	-0.1096182759	-0.1478107142	-0.1607641641
	-0.135017004	-0.004722042533	-0.1363114438	-0.01338278454	-0.1236474993
	-0.1110411354	-0.01827438936	-0.09851390192	-0.01127445824	-0.03964848117
	-0.08610581095	-0.07386802528	-0.06184080403	-0.06918971175	0.02951009172
	0.03461111687	-0.05008423904	-0.1054090014	-0.038633453	-0.02756659678
	-0.01691599289	-0.1451992007	-0.006800765503	0.02623173646	-0.1849525294
	0.002742615465	0.01151330188	0.01945424333	-0.2204855098	-0.2493902725
	0.03175572124	0.03554355532	0.03752126145	-0.2689746686	0.03716025133
	-0.2781107558	0.02245711415	-0.2772006423	0.01310055084	-0.2678701753
	0.002303141193	-0.02276959876	-0.2535538899	-0.03450498786	-0.2367164165
	-0.2198777395	0.003008396964	-0.1490372928	-0.2038153913	-0.1890199983
	-0.1751369408	-0.1619291874	0.001913880115	1.996033543e-33	5.689270777e-36
	-0.01344330046	7.992841193e-34	2.645092157e-36	0.002627083012	-0.02848405338
	-0.0364935472	-0.01776198988	-0.00434239138	0.0002161436664	-0.008647740784
	-0.05028149524	-0.02505050086	0.01535270089	0.006248306392	-0.08321961936
	-0.1224354378	0.02168435592	0.02600523166	-0.1635978445	-0.2030350679
	0.02764788726	0.02715433681	-0.263445226	-0.2372701714	0.02002463786
	0.02443991255	0.01401530666	0.006847420308	-0.01040183498	-0.001393478242
	-0.2854358603	-0.2800270077	-0.02013701773	-0.03040633803	-0.2698415792
	-0.2814638035	-0.254140542	-0.237024488	-0.220090148	-0.2044333614
	-0.04118658571	-0.0523581185	-0.07571856302	-0.06389546985	-0.1000599622
	-0.08779393605	-0.1124775045	-0.1249963699	-0.1761852726	-0.189810689
	-0.137592264	-0.1630663963	-0.1502639353	-0.1263404069	-0.03313721023
	-0.01408623479	-0.1139190789	-0.1016283865	-0.06187004524	-0.08950715989
	-0.07761500313	-0.09843411886	-0.06598715856	-0.05469978329	-0.1398020237
	-0.04378147274	0.01412566963	-0.03334087721	-0.1816152992	-0.02340333099
	0.0169193162	-0.01414318304	0.01346996215	-0.2204251442	-0.005592518157
	0.001960003317	-0.2526004445	0.00846107103	-0.2762324282	0.01825710402
	-0.2892990195	0.01748828487	-0.2915076738	0.008382302525	-5.752568151e-05
	-0.2846527333	-0.01054117975	-0.02335977947	-0.2711663505	-0.03204303056
	-0.0365112378	-0.2546423413	-0.2371650488	0.00190913112	-0.1388581429
	-0.2205285886	-0.1514596044	-0.2050101188	-0.1907101395	-0.1771926785
	-0.002024418585	-0.1642041323	-0.01326453113	1.260418928e-33	5.369219332e-36
	-0.01227911989	4.994592128e-34	2.190786662e-36	0.001013793102	-0.03622860681
	-0.03465074255	-0.01591392056	-0.02772928292	-0.01892287231	-0.004758433751
	-0.04210129505	-0.07480791756	0.001637079159	-0.006080277221	-0.1572603255
	-0.1142303804	0.009022041539	0.006528955541	-0.1992093898	-0.2366048819
	0.008918751736	0.006771961624	-0.2873293169	-0.2668286732	-0.002963353885
	0.002637239355	-0.01788267424	-0.009935998376	-0.03627246629	-0.02674926811
	-0.2962339184	-0.2972880787	-0.04642615116	-0.05704698011	-0.2721103151
	-0.2869793236	-0.2374651766	-0.2548298595	-0.2057379394	-0.2208960475
	-0.06811306881	-0.07952068126	-0.09124090671	-0.1032005282	-0.1153641473
	-0.1276748595	-0.1401073689	-0.1526394144	-0.1782289676	-0.1915744664
	-0.1653094968	-0.05237997027	-0.1167937413	-0.0884161941	-0.104772404
	-0.09296313939	-0.03616026262	-0.08143739315	-0.1304940708	-0.07022169955
	-0.1744567448	-0.01210823487	-0.059417289	-0.04904209669	-0.001026728152
	-0.03925243661	-0.2157551818	-0.03006369701	-0.2517633318	-0.02173145334
	-0.0142838418	-0.008122267153	-0.2794292662	-0.003309841238	-0.2971356894
	-0.000384840152	0.0005457506466	-0.3037536288	-0.005193597873	-0.3000095291
	-0.02113937822	-0.0316011081	-0.288734384	-0.2726961232	-0.03462317469
	-0.01256302448	-0.2551576112	-0.2376952192	-0.1289938848	-0.0001951935888
	-0.221465091	-0.2064315856	-0.19249349	-0.1792226817	-0.008156308587
	-0.1663947722	-0.02527019897	-0.1537862236	-0.1413308577	7.809699648e-34
	3.922602528e-36	-0.01099238893	3.083323423e-34	1.192020403e-36	-0.001673244983
	-0.03743566749	-0.03362753083	-0.02611870664	-0.03508192219	-0.0120536695
	-0.03276080797	-0.1028733203	-0.06336176143	-0.01803618732	-0.01205076362
	-0.1468061604	-0.1909801269	-0.008006772491	-0.008740595205	-0.2654610959
	-0.231469695	-0.009727357516	-0.01338163272	-0.2908404838	-0.3053766632
	-0.01881895003	-0.02552976591	-0.03342909933	-0.04214974583	-0.06171818301
	-0.05165695224	-0.3028867298	-0.3091443397	-0.07231533082	-0.0833056535
	-0.2732103475	-0.28992464	-0.2553183776	-0.2381176723	-0.2219905634
	-0.207223381	-0.1063096167	-0.09466810653	-0.130281867	-0.1182031895
	-0.1549029959	-0.1425272273	-0.167445044	-0.1802151263	-0.1933768137
	-0.1175474546	-0.1195613779	-0.01109632266	-0.1078108535	-0.09630638508
	-0.1627505341	-0.08513841866	-0.2067518085	-0.07432115041	-0.06399724516
	-0.02426565282	-0.05417275041	-0.2457716956	-0.01658193285	-0.04508012846
	-0.27796981	-0.03673445363	-0.02950595651	-0.0234640426	-0.3006190512
	-0.01911857062	-0.312448878	-0.01666830956	-0.01913826522	-0.3134033361
	-0.3051221571	-0.03108135372	-0.03826967195	-0.0382481426	-0.2909308745
	-0.03190726679	-0.2735600665	-0.2557157619	-0.003447936124	-0.1315341488
	-0.2385250141	-0.2226801327	-0.1559824408	-0.168464414	-0.2079945187
	-0.1942866274	-0.01676421249	-0.1811718506	-0.04086578694	-0.1436800498
	-0.07540649453	4.608894904e-34	1.27940995e-36	-0.009743091582	1.733465784e-34
	-4.312089184e-37	-0.005625023091	-0.03919033284	-0.03117832758	-0.03616483216
	-0.04157482779	-0.02193628533	-0.05004905368	-0.132347637	-0.08783249734
	-0.02642636083	-0.03052616268	-0.1782192819	-0.2213170843	-0.02552662765
	-0.02468083201	-0.2889549827	-0.2590081064	-0.03362972765	-0.02865663321
	-0.3182221039	-0.3092491584	-0.04021815118	-0.04793656639	-0.06615142775
	-0.05669594409	-0.08685964002	-0.07627715591	-0.3068626446	-0.3168440261
	-0.09788686758	-0.109227782	-0.2916000137	-0.2740169937	-0.2560378344
	-0.2391177505	-0.223350619	-0.2088322192	-0.12086923	-0.1327250183
	-0.1570178791	-0.1447914576	-0.1821143271	-0.1694496521	-0.1951710974
	-0.1105849247	-0.1926163396	-0.09935683678	-0.08853254079	-0.2348155635
	-0.04005832275	-0.07811747639	-0.04468225115	-0.0683245552	-0.2706824648
	-0.05917102873	-0.05099941586	-0.2986915877	-0.04390289044	-0.03834796886
	-0.3163791912	-0.0346130696	-0.03307181027	-0.3230263775	-0.03406333545
	-0.03725519663	-0.3195560203	-0.04130941761	-0.3082134958	-0.02981798619
	-0.292339475	-0.009922788979	-0.2744381238	-0.008063417339	-0.1220920373
	-0.2566344323	-0.1338657016	-0.2397476371	-0.2241718791	-0.2096839035
	-0.02800464756	-0.1960846074	-0.1830434615	-0.05965668366	-0.1704066667
	-0.1580195567	-0.1007856121	-0.1458447709	-0.1468392718	2.352980224e-34
	-2.87599855e-36	-0.008906930684	7.818132695e-35	-2.856487606e-36	-0.01102609528
	-0.02956737886	-0.04114320633	-0.04819353065	-0.04677832538	-0.0344185716
	-0.07003830279	-0.1606929129	-0.1136895414	-0.04411590523	-0.042034127
	-0.206121322	-0.2468245736	-0.0440266964	-0.04181171412	-0.2811834246
	-0.3069597119	-0.04831773551	-0.05438166847	-0.3268572743	-0.3224824726
	-0.07050062209	-0.06192314418	-0.09011074194	-0.08000554953	-0.111843407
	-0.1007915422	-0.3093785405	-0.321689391	-0.123265954	-0.1349335003
	-0.2929068796	-0.275066022	-0.2572301286	-0.2405636006	-0.2106061075
	-0.2250171661	-0.1468624786	-0.1589801129	-0.183970926	-0.1713493757
	-0.1970059168	-0.2181135462	-0.1021900577	-0.2575876077	-0.09179911615
	-0.08197888642	-0.07303578207	-0.2900751603	-0.06510624755	-0.3139918952
	-0.05858694974	-0.05153402864	-0.0538179922	-0.05102088273	-0.3273027999
	-0.05045611618	-0.3299190045	-0.05235075363	-0.05152325632	-0.3234223144
	-0.04236097361	-0.3103322909	-0.02869639989	-0.009166534303	-0.2936970712
	-0.2757573197	-0.1131144501	-0.01417692054	-0.258134206	-0.241492255
	-0.1478519404	-0.2260463595	-0.2116147493	-0.04165875027	-0.1980042286
	-0.08053263518	-0.1849459006	-0.1723058033	-0.1599535636	-0.1263921512
	-0.1737630552	-0.135995578	-0.1243871096	7.723099515e-35	-8.912120066e-36
	-0.008437499566	1.266581802e-35	-6.250704437e-36	-0.01790869994	-0.02890212283
	-0.04373630294	-0.05831725617	-0.05538273161	-0.04904305675	-0.09126805566
	-0.1855579661	-0.1385825112	-0.05930489047	-0.05914159647	-0.2667467162
	-0.2289298465	-0.06065587851	-0.06407687408	-0.2977601426	-0.3196791139
	-0.06929395507	-0.07620390808	-0.3323116133	-0.3312420768	-0.08446457046
	-0.0937110208	-0.1144427801	-0.1038050947	-0.1255984266	-0.1370752168
	-0.3247646715	-0.3113128898	-0.160958033	-0.1488990123	-0.2767252251
	-0.2944389655	-0.2591223931	-0.2426463342	-0.2271816566	-0.2127531324
	-0.1859887236	-0.1733297422	-0.1990930304	-0.2745474598	-0.1057994496
	-0.09627881696	-0.0877501904	-0.3038320802	-0.08049995277	-0.3241725408
	-0.05898702625	-0.07488865343	-0.07093514776	-0.0686716197	-0.3341167022
	-0.06731318083	-0.3340739738	-0.06437889711	-0.04532545728	-0.325920769
	-0.02844932179	-0.3121877231	-0.008756709996	-0.2954898967	-0.02171099175
	-0.1161227173	-0.2778459443	-0.2604781843	-0.1383687358	-0.1500865276
	-0.2440267383	-0.2285984346	-0.05697977748	-0.2141129324	-0.1017206589
	-0.2003848852	-0.1872250044	-0.1745079578	-0.1498237111	-0.1621408816
	-0.196222209	-0.1270021409	-0.2380228044	-2.706210464e-35	-1.705534505e-35
	-0.008252620472	-2.782233355e-35	-1.068172638e-35	-0.02604225631	-0.04692405448
	-0.02895263947	-0.07077272862	-0.06312412399	-0.06479148761	-0.1117437068
	-0.1601326366	-0.2051757815	-0.07565785895	-0.07848508665	-0.2457571378
	-0.2807071241	-0.08166964842	-0.08629058199	-0.3086924294	-0.3274590397
	-0.09988227464	-0.09231324319	-0.3362236299	-0.3353903907	-0.118396791
	-0.1086570875	-0.1400232848	-0.1289370026	-0.1635940091	-0.151630443
	-0.3132164745	-0.3268043676	-0.1759731621	-0.1887135578	-0.2793100073
	-0.2965858962	-0.2620255269	-0.2457273357	-0.230262237	-0.2019422722
	-0.215745436	-0.1048515871	-0.3119467137	-0.008574510292	-0.09839852455
	-0.09315936216	-0.04871288206	-0.3295661766	-0.08878849008	-0.08444411518
	-0.3374024176	-0.07716261591	-0.06683109502	-0.3361107687	-0.02876039102
	-0.3275792589	-0.3141601983	-0.03028299272	-0.1127193376	-0.2980159605
	-0.1217048319	-0.2809941068	-0.2640194014	-0.2477990214	-0.07268213539
	-0.2323734617	-0.1656003089	-0.1779072988	-0.2178145692	-0.1210743125
	-0.2039421859	-0.1906789694	-0.1688877647	-0.2127800244	-0.1537421945
	-0.142404545	-0.2516768174	-0.1316729341	-0.2854142997	-8.487979846e-35
	-2.723455439e-35	-0.008221346399	-4.631706631e-35	-1.604531144e-35	-0.03486974433
	-0.05031062833	-0.02933680421	-0.0836757135	-0.07095777011	-0.08014580935
	-0.12929574	-0.2184222502	-0.176376809	-0.09941757238	-0.09326056094
	-0.2884572379	-0.2561088827	-0.1050080311	-0.111119857	-0.3305554758
	-0.3139664803	-0.1263362342	-0.1180948657	-0.3364793255	-0.337841694
	-0.1355832308	-0.1457783948	-0.1683424205	-0.1567463852	-0.1932307416
	-0.1805255766	-0.328101714	-0.3152860823	-0.2203864067	-0.2064915289
	-0.2995303926	-0.2830664718	-0.2663103186	-0.2503221026	-0.2349220892
	-0.3143580096	-0.1103028446	-0.3302941126	-0.1021888172	-0.08994229911
	-0.07437252589	-0.337339347	-0.05197646257	-0.3361357838	-0.02919995239
	-0.008477844924	-0.3284145897	-0.316210221	-0.1175242266	-0.03916856714
	-0.3012852421	-0.285331274	-0.1408399985	-0.2690704943	-0.2533177594
	-0.08708221112	-0.2380837735	-0.1721201396	-0.1364718365	-0.2236279403
	-0.2097840895	-0.1966219439	-0.1819273495	-0.1840479899	-0.2225769415
	-0.1608782615	-0.1503967936	-0.2586639161	-0.2899451182	-0.1321891422
	-0.1245381361	-1.015148667e-34	-3.894301894e-35	-0.008199355883	-4.544170583e-35
	-2.200050158e-35	-0.04351086382	-0.0295893188	-0.05322564605	-0.09595825151
	-0.07797154626	-0.09329682496	-0.1419646835	-0.1859704191	-0.2246441742
	-0.110811951	-0.1211538421	-0.2596171326	-0.2897196873	-0.138331581
	-0.1300407564	-0.3288894045	-0.3134269075	-0.1560944497	-0.1468108562
	-0.3353462054	-0.335984396	-0.1769601679	-0.1660828685	-0.2008836898
	-0.1885435891	-0.2138455903	-0.2275422606	-0.3283328878	-0.3171735619
	-0.2568037444	-0.2417876099	-0.3030180969	-0.2879007877	-0.2721150944
	-0.3260331639	-0.1013032798	-0.008320941237	-0.08049268329	-0.05433361288
	-0.3334688314	-0.0292825833	-0.3335184321	-0.3276791051	-0.04734789612
	-0.1189356016	-0.3175674945	-0.3046270743	-0.1427315997	-0.1523844127
	-0.2903618312	-0.2753778887	-0.09835935594	-0.260580602	-0.1825946502
	-0.1461593559	-0.2459910014	-0.2320552209	-0.2186338482	-0.1878978367
	-0.2059439956	-0.2251183785	-0.1939002303	-0.1719945896	-0.2586260128
	-0.1620177559	-0.2878113287	-0.1316771314	-0.310774208	-8.238636785e-35
	-5.115105278e-35	-0.008041706446	-2.822314983e-35	-2.794088035e-35	-0.05085306358
	-0.05481060226	-0.02922944997	-0.08285180726	-0.1058726142	-0.102446784
	-0.1482755866	-0.2234564091	-0.1881574398	-0.1414785546	-0.1261853283
	-0.2559115335	-0.2840920347	-0.166087139	-0.1546417274	-0.3218375702
	-0.3066082831	-0.1880090356	-0.1769726976	-0.3297855588	-0.3308795982
	-0.2112532234	-0.1992924278	-0.2236689351	-0.2368130581	-0.2503192107
	-0.2644277214	-0.3175323204	-0.3262134022	-0.2784987888	-0.2926634542
	-0.3057672682	-0.02854384921	-0.3244882256	-0.007973691592	-0.3266103855
	-0.05364344978	-0.05489411848	-0.3234462329	-0.08375941133	-0.3161502415
	-0.3059071705	-0.2939790419	-0.1048653256	-0.2809031735	-0.1656448315
	-0.1788831053	-0.2676069127	-0.1489502105	-0.2034783644	-0.2541232281
	-0.241023674	-0.1862814065	-0.2281235662	-0.2157174516	-0.2201126245
	-0.1914497572	-0.2511924054	-0.2785351031	-0.1499396556	-0.1320522855
	-0.300541337	-0.1091975355	-0.3158477326	-3.410905903e-35	-6.233610039e-35
	-0.007628691202	1.624770567e-36	-3.30320826e-35	-0.05572348064	-0.02785804463
	-0.05419719544	-0.08411584691	-0.111163857	-0.1061225569	-0.1473664042
	-0.1826526678	-0.2146456128	-0.1363083654	-0.1566855815	-0.2446246494
	-0.2710267917	-0.1746271663	-0.1899755885	-0.3081346664	-0.292664037
	-0.2174360664	-0.2040463921	-0.3208239231	-0.3174703223	-0.2304025442
	-0.2434669541	-0.2693517545	-0.2563454074	-0.2939157971	-0.281853445
	-0.3190526325	-0.304525678	-0.3133523148	-0.3082050412	-0.3125739965
	-0.05692396322	-0.3122446887	-0.3079410538	-0.05290117091	-0.3005835926
	-0.2911540693	-0.1054066402	-0.2800696395	-0.1382297206	-0.1442981964
	-0.2681850616	-0.2554137592	-0.2423517844	-0.1769905465	-0.2284843097
	-0.2074471517	-0.214152129	-0.1982766737	-0.1811242881	-0.2360432293
	-0.1608276999	-0.2615351079	-0.1113303796	-0.08277981376	-0.2826675609
	-0.2981981149	-0.02665749941	-0.0073489272	3.527630983e-35	-7.06619497e-35
	3.977869497e-35	-0.006899780553	-3.63253608e-35	-0.05710782211	-0.05080429567
	-0.02528482322	-0.1097028005	-0.08060114055	-0.13902334	-0.1034325851
	-0.1982265624	-0.1695811842	-0.1622332965	-0.1378897762	-0.2255295986
	-0.2499696372	-0.2031568742	-0.1842294531	-0.2705286365	-0.2860494073
	-0.2202090344	-0.235595263	-0.301826494	-0.2965050335	-0.2627050543
	-0.2496685985	-0.2744415119	-0.2848910684	-0.2933947402	-0.2995946612
	-0.3026294438	-0.05633335158	-0.2877893626	-0.006432052081	-0.2893953209
	-0.2871808496	-0.2817266072	-0.09945615023	-0.0767830643	-0.2737370997
	-0.1323183423	-0.2633561231	-0.251303735	-0.2371557986	-0.1834056775
	-0.1603665343	-0.2215277578	-0.1873182979	-0.2033954684	-0.1600841885
	-0.2131177533	-0.1346260285	-0.2363777769	-0.1060301808	-0.04805619759
	-0.2561510523	-0.02356624897	-0.2713354265	-0.2819726956	1.167907455e-34
	-7.429546895e-35	-0.005882347986	8.16950403e-35	-3.69414994e-35	-0.05437586887
	-0.0446585132	-0.02163080402	-0.07209060913	-0.100536705	-0.1236979029
	-0.09424041986	-0.1495389208	-0.1746400504	-0.1289376053	-0.1547077705
	-0.1988310074	-0.2207465272	-0.1990302552	-0.1784538913	-0.2394562362
	-0.2540722553	-0.2328653581	-0.2172810919	-0.2644456458	-0.2703996493
	-0.2461522411	-0.2569437614	-0.2651312581	-0.270361815	-0.2722799546
	-0.2510016742	-0.248787853	-0.00529525417	-0.08728330947	-0.2430142252
	-0.04076438908	-0.2341743151	-0.1138144472	-0.2220939294	-0.2074168729
	-0.1372911901	-0.1895353134	-0.1692623003	-0.1604832959	-0.145846118
	-0.1205481431	-0.1829763153	-0.09331260568	-0.06617911948	-0.20329354
	-0.01954608539	-0.2207162285	-0.2342926864	-0.05150557956	-0.2439797993
	-0.2494600158	-7.182824539e-35	2.015349161e-34	-0.004691076179	1.231800329e-34
	-0.0474752504	-3.430666208e-35	-0.03651924131	-0.01731884702	-0.08478263096
	-0.05968438906	-0.07925117618	-0.1025403568	-0.1450324708	-0.1237434325
	-0.1103286039	-0.1342994529	-0.1655775074	-0.1841813574	-0.1565724819
	-0.1758438025	-0.1999326568	-0.2121877824	-0.2058041821	-0.1924989524
	-0.2206755083	-0.2251997881	-0.2227069841	-0.2160338528	-0.2258772836
	-0.1976023707	-0.193163013	-0.06999886533	-0.1849885427	-0.09031321153
	-0.03208137585	-0.1735170125	-0.1585983529	-0.1409631536	-0.1093434964
	-0.1205610351	-0.1285409549	-0.0984933348	-0.07535357189	-0.05264793386
	-0.1472232935	-0.1638363128	-0.01512323729	-0.004076108107	-0.1778030566
	-0.1883153504	-0.04272657468	-0.1952489649	-0.1983393678	2.819076668e-34
	-6.27424897e-35	-0.003484070338	1.609669387e-34	-0.03704885256	-2.839559438e-35
	-0.02763846069	-0.01291368504	-0.04552264803	-0.0655038788	-0.05999988352
	-0.07741626766	-0.1114814395	-0.09416449499	-0.1056080046	-0.08599981875
	-0.1426731999	-0.1280151294	-0.1392186175	-0.1237331437	-0.1545606251
	-0.1631966651	-0.1520215928	-0.1613837778	-0.169669103	-0.1682903353
	-0.1673989574	-0.04949014858	-0.1294953307	-0.00292098582	-0.06403780957
	-0.1190056704	-0.1058333334	-0.09032213228	-0.07886493776	-0.07333147086
	-0.09405966937	-0.05573132748	-0.03854372022	-0.02332201981	-0.1087275513
	-0.01086152466	-0.1212686236	-0.1311797423	-0.03099277552	-0.1378041136
	-0.1410007624	-0.1406553372	-0.1367398768	3.526371851e-34	-4.779659926e-35
	-0.00239665809	1.931155692e-34	-1.989442667e-35	-0.02441919863	-0.01928467337
	-0.008905429103	-0.03194771332	-0.04640219583	-0.05081787789	-0.03870927915
	-0.07696661431	-0.06348302617	-0.06119195042	-0.07545626495	-0.08956825372
	-0.1002289538	-0.08837517256	-0.09909832872	-0.1081332767	-0.1128887713
	-0.1072993328	-0.1143418035	-0.11240351	-0.0377220362	-0.06170513491
	-0.05001030136	-0.04878614508	-0.03786991917	-0.02598195599	-0.06034584583
	-0.01560522611	-0.007177147502	-0.07131633388	-0.001930449424	-0.08014102367
	-0.0179074932	-0.07208412838	-0.08046868547	-0.08635324275	-0.08948431258
	-0.08946775451	-0.08641422091	-0.02820506533	4.112455654e-34	-2.913033667e-35
	-0.001505453054	2.190508309e-34	-1.01634649e-35	-0.01138862606	-0.005608285596
	-0.01237332041	-0.03031107726	-0.0206819905	-0.0255817119	-0.01798133541
	-0.0449354711	-0.03476553911	-0.04935349879	-0.04005420668	-0.05422311013
	-0.0615869536	-0.0573620701	-0.06345672724	-0.06820831595	-0.06635178155
	-0.0672135249	-0.02382549718	-0.01621317178	-0.0221604184	-0.009606557676
	-0.03080439234	-0.004307131804	-0.001152278888	-0.03888614593	-0.04500333891
	-0.005381496708	-0.03147159432	-0.04871590879	-0.04975551103	-0.04818920291
	-0.04432134115	-0.008760319132	-0.03855681338	-0.01420958939	4.576710112e-34
	-9.895960325e-36	-0.0008431287334	2.391771133e-34	-9.212514455e-37	0.0001461056496
	-0.007328448272	-0.003185392384	-0.01244601082	-0.01836111397	-0.0003283520733
	-0.004402301134	-0.0185388504	-0.01088289447	-0.02408429448	-0.02909671578
	-0.0254826066	-0.03073283698	-0.03267854259	-0.03432929399	-0.03374454905
	-0.001519481931	-0.002336027619	-0.00812469203	-0.0006055284011	-0.01433273439
	0.004818442358	-0.01896159379	-0.009401001183	-0.02159170484	-0.02210296521
	-0.02067444184	0.006581887444	-0.01769339959	0.004101745649	-0.01374438917
	-0.005482896054	4.932428548e-34	6.59492505e-36	-0.000414148062	2.543442163e-34
	6.280859737e-36	0.008671921176	-0.001638221107	-0.004014753685	-0.009714962278
	-0.006815811442	0.01236615071	0.01074100801	0.0001348424291	0.006129740058
	-0.01190212558	-0.01288612055	-0.005443283587	-0.0122303581	-0.009723180943
	0.006336616591	0.01152843956	-0.0002768961001	0.001128193764	-0.002957293742
	-0.002786512971	-0.005495902329	-0.006436099647	0.01642722556	-0.005991624817
	-0.004558159462	0.01579391219	-0.001143133075	0.01170431596	5.197953079e-34
	1.790426814e-35	2.655645784e-34	-0.0001724261522	1.055365954e-35	0.01344907816
	-0.001676527348	-0.0007072535726	-0.002335624885	-0.002368788881	0.01903456291
	0.01928017731	0.01552298199	0.01048873195	-0.001087934675	0.001561153578
	0.005571201853	0.0144592842	0.008024009626	0.00406406231	0.001330269969
	-0.0001346251955	0.0205501369	-0.0005518227278	0.02072751855	-0.0003255015625
	-8.765903212e-05	0.01746255582	0.01275608879	5.394242355e-34	2.31706008e-35
	2.03123124e-06	2.739896659e-34	1.187034455e-35	0.01463137488	0.0001165875904
	0.0006839954254	0.004958511629	0.002221093274	0.02078231269	0.02095868803
	0.01792784635	0.008835277115	0.01340612419	0.008268030759	0.00456527723
	0.000101427447	0.002014166691	0.01982427598	0.0006285804101	0.01996281298
	0.01698504204	0.01415046471	0.01264391303	5.544965466e-34	2.31182972e-35
	0.0002454102928	2.807676296e-34	1.088939101e-35	0.01305968907	0.003418556076
	0.001242373025	0.01090255191	0.006770718344	0.01816561501	0.0180192449
	0.01507199116	0.001887987835	0.01579694445	0.0003905970642	0.01533056553
	0.01163813129	0.01235642762	0.008403716623	0.004677384542	5.671223584e-34
	1.94422876e-35	0.0005824580225	2.865874059e-34	8.556623894e-36	0.009849904521
	0.005660410348	0.002527188494	0.009291287183	0.01311890249	0.01222843105
	0.01015375722	0.008923732181	0.008031558212	0.006048460247	0.002970305583
	0.0007232794684	5.78078936e-34	1.39609386e-35	2.91246814e-34	0.0008528582493
	5.751181944e-36	0.006019890501	0.003198130055	0.005714280473	0.007281404668
	0.0042527316	0.002950878009	0.0008620816101	0.004488238078	8.050331726e-36
	5.862335016e-34	0.0007948967902	2.938519675e-34	2.994019486e-36	0.00231411203
	0.00244094935	0.00118612219	0.0005734097631	2.648423442e-36	5.895151797e-34
	2.936535686e-34	0.0001902749995	6.005695538e-37	1.451826082e-34	1.036082514e-36
	5.880187968e-34	
