3721	
	3.991949213e-34	4.994127035e-34	-9.319447831e-34	2.680038051e-34	-8.952153864e-35
	0.1325962331	0.03139176655	-3.184551054e-34	3.485355086e-35	-0.01840279852
	0.2361217993	0.1910960227	8.973329065e-35	2.76468111e-34	-0.02874377542
	-0.01309222226	-0.02751199685	-0.05772946146	-3.772596541e-34	-2.123612004e-34
	-0.005995599692	3.307677271e-34	2.159899124e-34	0.3072543481	0.2777145476
	-0.07187980305	-0.06126622714	-0.01894218011	-0.002814590167	-0.006958980034
	-0.02107152858	-0.004140584153	-3.739794954e-34	-0.02787020156	-0.04501202371
	-1.967427042e-34	0.3596205028	0.3365533175	2.890048974e-34	3.766874196e-34
	0.01192118251	0.0331427795	-0.06060567269	-0.06505960541	-1.852942776e-34
	-0.001640134097	-0.0007524555889	-3.560307924e-34	-0.005674218207	-0.01796082955
	-0.05515403332	-0.0307694618	-0.05350462804	-0.01073659848	-0.03884749771
	0.4030861269	0.3827437735	3.545612583e-34	4.141763323e-34	-3.376950337e-34
	9.343588788e-05	-1.749806552e-34	0.0005913173236	-0.03191441372	-0.04589721064
	0.075284846	0.05138339586	-0.03815423012	-0.0501226962	-0.03449751525
	-0.04052049817	-0.001426672531	0.001035722887	-0.001233047449	-0.008293510345
	-0.01984615564	-0.02081495919	-0.00872575803	0.443183799	0.4237317323
	4.149315778e-34	4.465099128e-34	0.008951821392	-0.01099888736	0.09558449459
	0.1214895346	0.001286856575	-3.177935674e-34	0.0009894407024	-1.649224267e-34
	0.004311654977	0.002980121928	0.007176978384	0.003505304041	-0.02372882669
	-0.02595290458	-0.01072431953	-0.008174780317	-0.01376867105	0.008469813709
	0.001330414292	-0.003566230608	-0.004941210388	0.00691656648	0.002118533006
	4.768169636e-34	0.4819718245	0.462817672	4.724804068e-34	0.0570616546
	0.03384656182	0.1433243078	0.1704274344	0.02688362459	0.007620475474
	0.03532079083	0.01276954723	0.001848656825	-1.544155724e-34	-2.963554799e-34
	0.001576765714	0.005517776357	0.006590691198	0.0126560115	0.01014359024
	0.01638551609	0.02404738914	0.01432960716	0.01898317196	0.0272126558
	0.01054397631	0.01365800021	0.01611542967	0.02848694692	0.02775952936
	0.02775521171	0.5197206045	0.5009783269	5.262438064e-34	5.053307001e-34
	0.1929542524	0.2202728672	0.1081006525	0.0838044483	0.07197435314
	0.04961015586	0.08394579375	0.05949196668	-1.434685754e-34	0.002365608855
	-2.745483443e-34	0.002108554137	0.0452437528	0.06386640064	0.06835563153
	0.04723741546	0.01489637661	0.007604138729	0.008562591858	0.01691138751
	0.03582246946	0.03045699443	0.02649355367	0.02303735461	0.04088450592
	0.05122541377	0.03663946634	0.06074513687	0.05643032288	0.0443271378
	0.04351385897	0.5558481399	0.5379188246	5.74927659e-34	5.316726996e-34
	0.158676089	0.1348905932	0.2426108658	0.2691834413	0.09621075811
	0.1330831605	0.1088360189	0.119173562	-1.328600795e-34	0.002807085161
	-2.546613682e-34	0.002588176414	0.1125283401	0.08439899583	0.1048064846
	0.09027779232	0.01868454766	0.02021191123	0.009439989613	0.01020493525
	0.09845913665	0.07912699549	0.09143228355	0.07370446626	0.03197935208
	0.04398360248	0.02951786279	0.04034331557	0.0842911275	0.07599114256
	0.05974215116	0.05582083316	0.06648990732	0.05075509192	0.06735981541
	0.5895610948	0.5728742209	6.174926368e-34	5.55270777e-34	0.2064611213
	0.184218045	0.2905730838	0.3156201649	0.164753783	0.1428635987
	0.1796468107	0.1569651097	-1.239328448e-34	0.003104742316	-2.399238471e-34
	0.00295665724	0.1561000902	0.1460808789	0.1258952457	0.1346098054
	0.02225928395	0.02139990196	0.01085828768	0.011301022	0.13707521
	0.1276304878	0.1097745793	0.1177649967	0.03523464774	0.04677713991
	0.04862509277	0.0339541943	0.1087035358	0.0925270955	0.1184625645
	0.1014056285	0.05969565633	0.09841817218	0.07508339724	0.062250238
	0.0872681368	0.07163195022	0.08265860676	0.6201849789	0.6050738754
	6.534565091e-34	5.757121761e-34	0.2500509768	0.2299339421	0.3355093713
	0.3584859672	0.2064660265	0.1866323193	0.2218226629	0.2014810025
	0.1848713633	0.1661272742	0.1768773159	0.1964993742	0.003142688288
	-1.18448438e-34	0.003189712797	-2.341506687e-34	0.02270273691	0.02267850262
	0.01161758986	0.01162141988	0.1621897443	0.1557078361	0.1737349527
	0.1453815249	0.03586705336	0.04949320328	0.04955683382	0.03595027749
	0.1245383402	0.1509700201	0.1349669611	0.1395466008	0.0635904101
	0.06365335345	0.07737846323	0.0770237274	0.1037995822	0.1280749886
	0.1136202166	0.09093320982	0.1161936077	0.1021738149	0.09000673452
	0.6472885693	0.6339527714	6.828501138e-34	5.928358481e-34	0.2887340315
	0.2710077975	0.3765296633	0.3971117747	0.2431103168	0.2258415619
	0.2586995303	0.2410656905	0.2323079622	0.2195865262	0.2029672803
	0.2151347724	0.003086748555	-1.183436743e-34	0.003012011671	-2.411585128e-34
	0.1907638747	0.1935281738	0.1784434061	0.2068069995	0.01100718477
	0.02134769359	0.02223293996	0.01151132258	0.03371704717	0.04661157782
	0.04852611896	0.03519585594	0.166106379	0.1804420074	0.1673636813
	0.1539589429	0.06255554208	0.06033264528	0.07402167118	0.07638510173
	0.1415290068	0.1293535778	0.1544686888	0.1416882561	0.1036131589
	0.1284767509	0.09019976567	0.1152380634	0.1016573562	0.08798349311
	0.1166660276	0.6706898087	0.6592042239	7.060684423e-34	6.067081399e-34
	0.3222765347	0.3069966609	0.4131352005	0.4311781698	0.2741760767
	0.2596692085	0.2899677284	0.2751412946	0.2494272779	0.2352609569
	0.2483837026	0.262861549	0.2217044187	0.220735828	0.2077642046
	0.2354109593	-2.640185371e-34	0.0027563744	-1.253920021e-34	0.002551759362
	0.009409105703	0.01821701022	0.01997731768	0.01042699751	0.1937491728
	0.1914615528	0.2060492304	0.1799703021	0.02894736768	0.0403827392
	0.04390574813	0.03169280837	0.05709999433	0.05297042543	0.06599560064
	0.07055505847	0.1662907131	0.1528317484	0.1630842006	0.177157811
	0.09827178096	0.08441029541	0.07970266647	0.09351487563	0.1353532855
	0.1258070777	0.1491757613	0.1393397433	0.1214463207	0.1121216019
	0.1075532853	0.6904079268	0.6807514575	7.237061565e-34	6.175501251e-34
	0.350748855	0.3378454729	0.4451309881	0.4606215964	0.2995933523
	0.2878482919	0.3156982634	0.3036111691	0.2879870416	0.2741346973
	0.2625021891	0.2762386213	0.2479431978	0.2434302978	0.2327068086
	0.2592151534	0.2172639059	0.2114553493	0.2020190965	0.2273948657
	0.00182238182	-3.042725893e-34	0.00215229056	-1.408131739e-34	0.006892152952
	0.01352404613	0.008368230968	0.01603738554	0.02196644171	0.03144440868
	0.03623978765	0.02574290141	0.1869949959	0.1958249741	0.1806163727
	0.1723852798	0.04803072983	0.05437287711	0.04243106107	0.06059707972
	0.07395430114	0.08768499669	0.08083576704	0.06737060206	0.1580078178
	0.1438679245	0.1513242407	0.1657938782	0.1017056948	0.09478559241
	0.1298022371	0.1087661955	0.1229155523	0.1370303445	0.1157367787
	6.256643526e-34	0.7066008496	0.6986884166	7.364293748e-34	0.3743936648
	0.3637318046	0.4725361694	0.4855487333	0.3195537544	0.3104571626
	0.336180524	0.3266713661	0.2937987236	0.2846265463	0.2987005204
	0.3078090716	0.2782826667	0.2693710344	0.2616654988	0.2531229111
	0.2364897177	0.2274195805	0.2199486179	0.244534635	0.0008689009311
	-3.612657317e-34	0.001307326495	-1.648990844e-34	0.2036660851	0.1942426899
	0.1879104777	0.2105712949	0.005448194823	0.003619760837	0.007610567949
	0.01069878566	0.01330758619	0.02049446506	0.02621480585	0.01783420516
	0.04754218089	0.03621952082	0.04010512137	0.02955300079	0.1632324194
	0.172591244	0.178451415	0.1577651091	0.07320158744	0.06001906515
	0.05206176628	0.06482700093	0.0869305933	0.1008147852	0.07829994547
	0.09196236141	0.1059119178	0.1484525	0.1432611031	0.1289934449
	0.1198756341	0.1340727389	0.1148870728	0.7195084211	0.7132183816
	7.448947775e-34	6.313802419e-34	0.4955072296	0.506168265	0.3935325346
	0.3849525863	0.3343787209	0.3277649984	0.3518050165	0.3446727815
	0.322597311	0.3086850547	0.3018299102	0.3159842246	0.2861822753
	0.2757471675	0.2692156583	0.2928893474	0.2340298701	0.2516577402
	0.2397657721	0.2578160461	-1.967347526e-34	-0.0002350677549	-4.317600875e-34
	0.0002823866916	0.2166260407	0.204525167	0.1997715512	0.2218812369
	0.001871163247	-0.0001650654918	0.0008933773788	0.004344814389	0.1717128371
	0.1834748976	0.1678505895	0.1877673791	0.003542099584	0.008190691145
	0.01451535102	0.008529170341	0.03224772806	0.02244626863	0.01505349807
	0.02395201776	0.05588419121	0.04354786986	0.04641052648	0.03460114919
	0.1381761702	0.1562925708	0.152766101	0.1414704711	0.05915167875
	0.07224846896	0.08241454947	0.06900125147	0.1099355292	0.09614434318
	0.1270875539	0.1239483545	0.09928707544	0.1130984185	0.0857366568
	0.7294094464	0.724603741	7.497071745e-34	6.350215659e-34	0.4085061042
	0.4018481564	0.5142792935	0.5227419418	0.3401211926	0.3629850886
	0.3580245009	0.3444294627	-2.340991904e-34	-0.001390181887	-5.099999146e-34
	-0.0008371968238	0.3326578041	0.3191004845	0.3144117977	0.3283882372
	0.3033630523	0.2986968846	0.2860418617	0.2813402054	0.2676570625
	0.2631767843	0.2489858013	0.2447433692	0.2264459967	0.2121615152
	0.2086416792	0.2303388	-0.002083817468	-0.00415293832	-0.006160856409
	-0.0025835469	0.1914314253	0.1777033602	0.1749677625	0.1945616356
	-0.006748592762	0.001770366414	-0.004860361926	-0.001593761502	0.1591817528
	0.1440746378	0.1461506186	0.1615692284	0.01538628224	0.007363813687
	0.006513514442	-0.0004600205147	0.026266062	0.01560962834	0.02525218782
	0.03652777112	0.05052936355	0.06159557192	0.04882776323	0.03811781137
	0.1154108549	0.131359063	0.1171175181	0.1295202278	0.0764842256
	0.06344718326	0.1032784994	0.08810215448	0.07480174369	0.08979920894
	0.1016655787	0.7365928909	0.7331305318	7.513977019e-34	6.368914965e-34
	0.4196411332	0.4147571405	0.5291256811	0.5355527826	0.3500538055
	0.3478844257	0.3701115223	0.3671329929	-2.73629612e-34	-0.002475786189
	-5.883751144e-34	-0.001944799611	0.3253104549	0.3226659745	0.3362099716
	0.3382690514	-0.006073748007	-0.007978394366	-0.01303729348	-0.009599068475
	0.3099821012	0.3072281494	0.2928544478	0.2898421241	0.2525439523
	0.2714391409	0.2554682914	0.2743966784	0.2363988245	0.2336645529
	0.2176969536	0.2151671144	0.1972334027	0.1820025529	0.1994950187
	0.1800292742	-0.0119415946	-0.01142350541	-0.01805455474	-0.0169546964
	0.163551102	0.1492051824	0.1478258164	0.1652312415	-0.01168875417
	-0.002492385189	-0.008452616117	-0.01641729178	0.1338835023	0.132769119
	0.1191989634	0.1183187776	0.01571496321	0.004894211461	0.005677721908
	-0.004417739558	0.02742594235	0.03911728075	0.01574303465	0.02706393102
	0.03976674714	0.05174630371	0.064522703	0.05230571908	0.09142733726
	0.09081558561	0.1050762526	0.07812618593	0.1043802033	0.07759558395
	0.06514244044	0.7413391018	0.7390856115	7.504006641e-34	6.372678677e-34
	0.4272366287	0.4239942271	0.5403329814	0.5448861057	0.3515618897
	0.3513846523	0.3735320311	0.3723706122	0.3396540631	0.3275017393
	0.3268214351	0.3397021328	-3.113061962e-34	-0.003359744531	-6.587274253e-34
	-0.002918171083	-0.009704670611	-0.01123878245	-0.01917097272	-0.01616491985
	0.3129299656	0.3120118669	0.2963789578	0.2949731365	-0.0218755471
	-0.02640413839	-0.03071895305	-0.02443784499	0.2577390281	0.2782398549
	0.2767209064	0.2594363447	0.2197680129	0.2403095152	0.2386355199
	0.2214212928	0.2029209371	0.1836665887	0.2013913032	0.185053759
	0.1503627182	0.1678441651	0.1513451975	0.1666469764	-0.03010878878
	-0.03218934716	-0.02086759812	-0.0244161259	0.1347775103	0.1203748301
	0.1355362428	0.1198535769	-0.01730341886	-0.006113333335	-0.01470892779
	-0.02501601064	0.091702108	0.1055238178	0.09181478098	0.1058282004
	-0.00759578072	0.003326885932	0.004160296681	0.01547674374	0.01512911593
	0.02754804238	0.02724916687	0.03985706967	0.06513754297	0.05249886205
	0.06525645231	0.03970119777	0.07832944168	0.05228216201	0.0782781072
	0.7439037111	0.7427408245	7.470000711e-34	6.363999686e-34	0.4315612979
	0.4298425487	0.5481872179	0.5510175045	0.3492219264	0.3509089293
	0.3735470427	0.3740655537	0.3369763722	0.3257746823	0.3270207418
	0.3390593921	-3.432348603e-34	-0.003917368189	-7.141159147e-34	-0.003632030004
	0.3131819388	0.2966940767	0.2968674338	0.3122847885	-0.01256069031
	-0.01353510896	-0.02396645474	-0.02170003972	-0.03068163193	-0.03434816225
	-0.04205432272	-0.03654414724	0.2791619301	0.2609627023	0.2792609862
	0.2604714008	-0.0480652307	-0.03983072577	-0.03914004403	-0.0469975466
	0.2226151813	0.2234044095	0.2421384849	0.2415116127	0.2049213502
	0.1869692695	0.1861460367	0.2041113718	0.1695768428	0.1688222242
	0.1528227492	0.1521602651	0.1361648696	0.1366895198	0.1211604549
	0.1208023123	-0.04563616213	-0.03991821178	-0.028565827	-0.03541565744
	0.09180113741	0.09182531304	0.1060411911	0.1062166327	-0.03159754347
	-0.0215312283	-0.009024461277	-0.01955869341	0.06481046187	0.0781116596
	0.077895661	0.06442707887	0.001550367365	0.01446025332	0.002522198728
	-0.01024554779	0.0267837788	0.03919690913	0.03859441464	0.02605454798
	0.05189120659	0.01374517422	0.05134909872	0.7444926058	0.744335085
	7.411987703e-34	6.344944286e-34	-3.66563986e-34	-0.004059591244	-7.505497529e-34
	-0.003980301419	0.4328545543	0.432552381	0.5529652503	0.5541993993
	0.3432686846	0.3467024266	0.3704133467	0.3725055263	0.320152249
	0.3233203885	0.3344245913	0.3303503904	0.3107706048	0.2937750785
	0.2955472717	0.3080244097	-0.0142610318	-0.01454160839	-0.02686049832
	-0.02561738768	0.2787835522	0.2600090891	0.2607512799	0.2774266399
	-0.04687673879	-0.03757866458	-0.03999923587	-0.05112785062	-0.0646407863
	-0.05381344503	-0.05652354938	-0.05985812734	0.2422943739	0.2236979742
	0.2235775226	0.2418312943	-0.06551764479	-0.0623986818	-0.05118006236
	-0.05580184301	0.1874607811	0.2054112536	0.1876567163	0.2053794125
	0.1535730114	0.170341817	0.1532904413	0.1700962249	0.1216148429
	0.1373281926	0.1214324953	0.1370824785	0.1064126303	0.1063388621
	0.09175499544	0.09169029319	-0.04695585673	-0.05591159158	-0.03418579632
	-0.04378639221	0.07744015917	0.06401332467	0.06361445255	0.07766394408
	-0.01152938471	-0.02318496762	-0.03625646779	-0.02472662266	0.05020351152
	0.05077847182	0.03714762046	0.03786785264	0.01281659824	-0.0004761931193
	0.0006056411478	-0.01266086115	0.01189472611	0.02527105736	0.02439649843
	0.7432074212	0.7440390457	7.324161507e-34	6.316678506e-34	0.4313212911
	0.4323367904	0.5549226954	0.5546323349	-3.802220941e-34	-0.003763930398
	-7.67991993e-34	-0.003905524949	-0.01454547995	-0.01409555769	-0.02743435539
	-0.02741030877	0.3339189611	0.3389773765	0.3643465305	0.3679478309
	0.3106000542	0.3157031006	0.3259075452	0.3198602377	0.3047187378
	0.2875067785	0.2909351204	0.3000370203	0.2755124693	0.2564589026
	0.2726148466	0.2584938282	-0.05446299477	-0.04179299503	-0.04264251972
	-0.05695105881	0.2408912294	0.2218017731	0.2229033778	0.2392596994
	-0.06960230409	-0.07862999115	-0.0719634364	-0.0652716913	-0.08357336036
	-0.08389453063	-0.07495108803	-0.07327510188	0.2050652175	0.1869375222
	0.2042305807	0.1874622755	-0.05978318359	-0.07265489601	-0.07997583942
	-0.06808958042	0.1533905238	0.1535991591	0.1699428324	0.1703117688
	0.1216562204	0.1372498602	0.1215533764	0.1373969215	0.09157852774
	0.1062741342	0.1063987509	0.09140374534	0.06283707346	0.07719963663
	0.06322533461	0.07693264085	-0.04949330287	-0.03809868103	-0.05159725961
	-0.06280734946	0.03642777414	0.04911848314	0.0357425624	0.04964991501
	-0.02736789076	-0.0395732962	-0.01388304311	-0.0260416044	-0.002618199872
	0.009935272883	0.02354419364	-0.01500763915	-0.001515704643	0.02269853374
	0.01089447307	0.7399203674	0.7418733359	7.188165334e-34	6.27821863e-34
	0.427104863	0.4293503708	0.5542624272	0.5523949092	0.3213884767
	0.3279225707	0.3555091799	0.3606277837	-3.851297614e-34	-0.003094715385
	-7.700861367e-34	-0.003425630987	-0.01336812178	-0.01227858563	-0.02555521187
	-0.02678185864	-0.05866216651	-0.0583502131	-0.04271036048	-0.04181608555
	0.2970582068	0.3040983074	0.3136134928	0.3055830717	0.2948918043
	0.2776947069	0.2828626406	0.2881368624	0.264623827	0.2691966019
	0.2501338992	0.253542636	0.2371529482	0.2179058808	0.2200692414
	0.2342463562	-0.07501288438	-0.07297945947	-0.08859193942	-0.08412894602
	0.2029954721	0.1846173427	0.1859564138	0.2011967915	-0.1031180639
	-0.09834156178	-0.0915801396	-0.09379926136	-0.08540360547	-0.09172907428
	-0.09804605121	-0.1028291341	0.1692571764	0.152046485	0.1528586658
	0.1681672512	-0.08965051734	-0.07904558586	-0.06526109196	-0.07625666569
	0.1207263448	0.1212401716	0.136212257	0.1368723448	0.09070832649
	0.09111730993	0.1055541664	0.1060039718	0.07617511194	0.06241880583
	0.07659913082	0.06195009371	0.03507550246	0.04803461757	0.03441607125
	0.04858546214	-0.05475716886	-0.06709387988	-0.04100523264	-0.05324856939
	0.008977726061	0.02188878096	0.008059956512	0.02109953981	-0.004726881529
	-0.01731224905	-0.02980664698	-0.02856136914	-0.01619124526	-0.04224143147
	-0.003669522942	0.7339902279	0.7375198471	6.958853272e-34	6.223274036e-34
	0.4202109696	0.423624367	0.5510518432	0.5472770683	0.3059030385
	0.3137018919	0.343961686	0.3507545089	-3.837270497e-34	-0.002197185438
	-7.626288737e-34	-0.002642997954	0.2876108003	0.2794915746	0.2884107376
	0.2976802173	-0.02378200774	-0.01095799782	-0.009445146221	-0.02149335886
	-0.05579246177	-0.05783248472	-0.04007948564	-0.03751477527	-0.07578572811
	-0.0750938309	-0.09306183132	-0.0915376627	0.2811061863	0.2640819142
	0.2710768583	0.2720910457	0.2596115958	0.2407971205	0.2531730946
	0.2456764459	0.2265689824	0.2308873284	0.2116957834	0.2150068861
	0.1805122059	0.1989867966	0.1827507732	0.1961226542	-0.1183014017
	-0.1080813703	-0.1112291153	-0.1040535187	0.1648240935	0.1667285549
	0.1493393621	0.1508501898	-0.122947728	-0.1134720368	-0.11023366
	-0.1220274011	-0.1068567616	-0.09292294366	-0.1161650656	-0.1030755331
	0.135275959	0.1189084496	0.1340017742	0.1199406772	-0.08110827065
	-0.09526854401	-0.08280767785	-0.06870593888	0.08936439205	0.09012374513
	0.1040185686	0.1049046951	0.06072650143	0.06139044186	0.07492988114
	0.07562733524	0.04675446042	0.04743121261	0.03373582635	0.03301641806
	0.007155807441	0.006263539736	0.01952073975	0.02031608178	-0.05602502531
	-0.06999041735	-0.05732932269	-0.04352643963	-0.006753148312	-0.01845207471
	-0.01955268305	-0.005744711588	-0.03219019409	-0.03098014741	-0.04472661494
	0.7236269995	0.7298889629	6.535974914e-34	6.1319826e-34	-3.790142478e-34
	-0.001258828566	-7.515025846e-34	-0.001723461568	0.4103340965	0.4149011455
	0.5450211307	0.5383911969	0.2877011643	0.2964170947	0.3295300907
	0.3384762429	0.2579695603	0.2685543647	0.2783233063	0.2660527787
	-0.01888905438	-0.007799672844	-0.006158377302	-0.01594240392	0.263176989
	0.2463840525	0.2552525657	0.2516669081	-0.0303313965	-0.04853656115
	-0.05273146289	-0.03419614833	-0.07294551399	-0.06943157333	-0.09093099271
	-0.09284903146	-0.1110753836	-0.1273558285	-0.1236141254	-0.1105818242
	0.2464622401	0.2281466379	0.2346065834	0.2379086671	0.2159539414
	0.221853164	0.2029442045	0.2075023785	0.1928484052	0.1744463281
	0.1776665833	0.1888124902	0.1473913219	0.1625472633	0.159748759
	0.1451039109	-0.1427785423	-0.1328354216	-0.1314762895	-0.1382152666
	0.1324155519	0.1175565414	0.1304497078	0.1159230095	-0.1410758004
	-0.1343518249	-0.1206721339	-0.1290377919	-0.109582383	-0.123903979
	-0.1116178595	-0.09712886572	0.10148328	0.1028900678	0.08837971862
	0.08718010625	-0.08411129097	-0.09846609748	-0.08539837495	-0.07129606035
	0.05991894595	0.05896384413	0.07299881627	0.07406141104	0.03135258485
	0.03222603599	0.04507701656	0.0459758652	0.0186874753	0.01779971231
	0.004427280071	0.005357844671	-0.02174021136	-0.008753093974	-0.007749899608
	-0.02065472897	-0.07247717224	-0.04720163767	-0.05853489683	-0.03336158679
	-0.04598288185	-0.05982018664	-0.03454557804	0.704504563	0.7161200236
	5.715235748e-34	5.949647328e-34	-3.735822208e-34	-0.0004497006371	-7.410663364e-34
	-0.0008469583572	0.3965327516	0.4022258891	0.5350833368	0.5232478581
	-0.004512903672	-0.009890490193	-0.01296475783	-0.003032449593	0.2670436678
	0.2759694604	0.3114785578	0.3237962454	0.2327608121	0.2444846766
	0.2558829861	0.2409786032	0.2409864574	0.2243419791	0.2350380246
	0.226715775	-0.02143409637	-0.03789420732	-0.04362565228	-0.02596586485
	0.2293803498	0.2118037392	0.2184396023	0.2199825941	-0.06448949993
	-0.05852839078	-0.0819191786	-0.08730017223	-0.1096390807	-0.106133319
	-0.128304928	-0.1288635161	-0.1461670801	-0.1577523897	-0.1510217369
	-0.1433836197	0.2097403743	0.1913694745	0.202073454	0.1973087297
	0.1843672638	0.166236034	0.1705312482	0.1790486897	0.1392021192
	0.1565541353	0.1423344171	0.1527918104	0.1139353437	0.1254258364
	0.1281415027	0.1116376189	-0.1600321696	-0.1622131788	-0.1474646788
	-0.1524324854	0.09980103364	0.08401461044	0.08572014718	0.09781286018
	-0.1522427885	-0.1382514708	-0.1410101142	-0.1262645722	-0.1130237853
	-0.09973636339	-0.1142711799	-0.1278187636	0.07172980622	0.05651045375
	0.07023585596	0.05782708632	-0.07376006749	-0.08653261096	-0.100799863
	-0.08778904176	0.02926434125	0.04284535289	0.03036710378	0.04403825954
	0.01683483455	0.003446979573	0.002407997192	0.01577945338	-0.0108356059
	-0.02283437851	-0.009777252503	-0.0239367861	-0.04968029831	-0.03688516191
	-0.0484512329	-0.06236723934	-0.07500352192	-0.03571264554	-0.06106809668
	0.666852877	0.6892036281	4.183092796e-34	5.52590583e-34	-0.0001513459195
	-3.69073035e-34	0.0001270061465	-7.336416994e-34	0.3766970002	0.3828672961
	0.5182336701	0.4953941127	-0.001665920457	-0.004359273217	-0.007052527653
	-0.0005468928965	0.2441050464	0.2517238331	0.2877010342	0.3063992759
	-0.01676541613	-0.01232329806	-0.02555882102	-0.0318892629	0.212277554
	0.2042805148	0.2162709505	0.2307571668	0.1973338175	0.2145042298
	0.1977626905	0.2101930538	0.2079270189	0.1913192508	0.2014295527
	0.1944514148	-0.05146826035	-0.04392807891	-0.06696108168	-0.07516222579
	0.1941556037	0.1766237147	0.1841376624	0.1845624502	-0.09317979173
	-0.1199458292	-0.1252973697	-0.1005373879	-0.1640524936	-0.1445772995
	-0.1620179319	-0.1467457354	-0.171275338	-0.1765449641	-0.1812826635
	-0.1706064674	0.1665769651	0.1611608957	0.1732919392	0.1556727578
	0.1485957107	0.1315088714	0.1438007737	0.1355530935	0.1223367322
	0.1188251246	0.1089637009	0.1059530857	0.09552195809	0.08202592432
	0.07976712789	0.0929094646	-0.1659101658	-0.1785117315	-0.1701192167
	-0.1556485555	0.06850879479	0.05325782695	0.06653674634	0.05498635727
	-0.1428095606	-0.1578821074	-0.1441565451	-0.1290964929	-0.1019961651
	-0.1152523355	-0.1163631515	-0.1300076035	0.04148466867	0.03994638061
	0.02802045086	0.0266335847	-0.07632714056	-0.08900232387	-0.09032607258
	-0.1031358533	0.01461693245	0.001288103118	8.224608865e-05	0.01333740662
	-0.01311476793	-0.01194455681	-0.02506806591	-0.02623244052	-0.05215602616
	-0.03925269921	-0.05092215315	-0.03806109119	-0.07762900316	-0.06364684368
	-0.06494371862	0.5909148177	0.6321498606	2.034541022e-34	4.454521237e-34
	0.0002961504807	-3.662082783e-34	0.0004353357411	-7.300305143e-34	0.345990669
	0.349747337	0.4869811038	0.43677259	0.0003803294112	0.00104816365
	-0.0001269240947	-0.002083583709	0.2177063544	0.2222434681	0.252973039
	0.2846417955	-0.004435087345	-0.01353598107	-0.01944286919	-0.008111215821
	0.1725291184	0.1843707229	0.2026681759	0.1796316835	-0.03588725916
	-0.02797986486	-0.04826415964	-0.05800464593	0.1641387087	0.1836624611
	0.1665838848	0.1808438482	0.1816898254	0.1662922094	0.1659180969
	0.1786253503	0.1746666762	0.1583287257	0.1676571852	0.1630699305
	-0.07369291621	-0.08397663425	-0.1025515173	-0.1123507943	0.1593334243
	0.1425176477	0.1511002271	0.1493406142	-0.163053099	-0.1322833747
	-0.1592448481	-0.1397659908	-0.1807310818	-0.1889552757	-0.1944734782
	-0.1802419024	-0.1901080606	-0.1968079734	-0.1995683567	-0.1838532235
	0.1385095054	0.1218969663	0.1326013762	0.126924759	0.110552819
	0.1025552407	0.1149034337	0.09879210787	0.08670294334	0.08996990342
	0.0743676388	0.07721284781	0.06431077473	0.04912945683	0.06182895242
	0.05130546669	-0.1594495946	-0.1729733719	-0.1748908255	-0.1876423259
	0.03821954575	0.02508584544	0.03629967409	0.02337542052	-0.1450241428
	-0.1603792302	-0.1459276161	-0.1310164162	-0.1044234684	-0.1319104492
	-0.117399119	-0.1186161997	0.01192842327	-0.002644842056	-0.001227650895
	0.01038370892	-0.09298950922	-0.07896661667	-0.09163147903	-0.1056895463
	-0.01435973628	-0.02871942449	-0.02744814939	-0.01568781951	-0.06751947785
	-0.04046859708	-0.0417185721	-0.0802837789	-0.05465809187	-0.05340285545
	-0.06622913711	0.4446748023	0.5044811202	-7.546470733e-34	3.215678853e-34
	0.2868426886	0.2885473754	0.4188880921	0.2920053768	-7.302354625e-34
	0.0004654501046	-3.651713678e-34	0.0004288782838	0.001468173716	0.001610753451
	0.002353329464	0.001333835107	0.1805392644	0.186118707	0.1985372934
	0.2497711925	0.001180405921	-0.003646410989	-0.008268311711	-0.001270269126
	0.1362375157	0.1498740515	0.1688070078	0.143039492	-0.02027350571
	-0.01326096097	-0.02887860741	-0.03853858701	0.1283764342	0.1484522809
	0.1312532187	0.1476532225	-0.06227661505	-0.05068834545	-0.07831694744
	-0.09119539904	0.1506792744	0.1367300811	0.1514276632	0.1333210678
	0.150958058	0.1361911773	0.1475239271	0.1373852438	0.1323094047
	0.1421900867	0.1265159531	0.1348182639	-0.1522974079	-0.1099959383
	-0.1423725021	-0.1221571522	0.1261113116	0.110224439	0.1189911833
	0.116314704	-0.1957928239	-0.1966669061	-0.1721867759	-0.1782160874
	-0.2070116007	-0.2079337227	-0.2172531958	-0.2111307812	-0.2144948245
	-0.2018004019	-0.2052394293	-0.190196164	0.1005109459	0.09463905673
	0.1057481957	0.09008764095	0.07914262341	0.08308564399	0.0712241397
	0.06777086894	0.05907677496	0.04407536249	0.04672174236	0.05606669342
	0.01943027582	0.03417569696	0.02149176052	0.03185072008	-0.1917311776
	-0.1759905317	-0.1768418314	-0.1612218721	0.008692834903	-0.004182136021
	0.006853906465	-0.005843322387	-0.133014331	-0.1618086545	-0.1466611452
	-0.1476178255	-0.1070432912	-0.1198142605	-0.1340870432	-0.1211312543
	-0.01710958381	-0.03147760227	-0.03006129568	-0.01863052182	-0.09432757167
	-0.09567693462	-0.108370438	-0.08161090361	-0.04435949268	-0.04301268218
	-0.05593865755	-0.05724627178	-0.0688102211	-0.07011251523	-0.08292465326
	0.2087485794	3.572279264e-33	0.000302571793	-1.828968178e-34	0.1813106747
	0.2337848918	0.1760957124	0.1405872747	0.001391679627	0.00282502936
	4.43054882e-05	0.002909612815	0.1245845933	0.113039895	-0.007055559998
	-0.01997802788	0.1099730882	0.1116747685	-0.06494221363	-0.0390051702
	0.1158921227	0.1201501557	-0.1298373555	-0.09581945374	0.1230665257
	0.1235217826	0.1173371644	0.1216055184	0.1035704582	0.1111967664
	-0.1910395872	-0.1627988718	0.08514915423	0.09476972973	-0.2121229239
	-0.223359183	-0.2256475442	-0.2192080151	-0.2074360779	-0.1927624425
	0.07482554579	0.06402540139	0.05277333906	0.0411983556	0.02931073322
	0.01719046113	0.004856796504	-0.007634409928	-0.1773141093	-0.1625949831
	-0.02025943458	-0.03297865368	-0.1353278792	-0.1485308535	-0.1097290965
	-0.1224274564	-0.04576745233	-0.05859488045	-0.09700794801	-0.07143084672
	-0.08424542181	-0.1496500507	-0.1365405904	-0.0212071545	-0.1237706747
	0.002653838593	-0.1110576686	0.003806760906	-0.0983378191	-0.08556690762
	-0.07277514097	0.09390344876	0.002770202544	-0.0599879771	0.09343312571
	0.09777124346	-0.001967442937	-0.04724289427	-0.03456898434	-0.02199787238
	0.1101940816	-0.0119298069	-0.009561728583	-0.02806059494	0.002705863355
	0.01476204596	0.09633589329	0.08859287393	0.02657012889	-0.05118155671
	0.03807137429	-0.08075708067	0.04922898371	0.05995166357	0.07019002696
	-0.1148159938	0.07977356172	-0.150258469	0.1027663443	-0.1826633481
	0.1074470614	-0.2089721221	0.1100076665	0.1077503188	-0.2263990713
	0.1035002159	-0.2338137201	0.09067718207	-0.2319520614	-0.2224965837
	0.1002789332	0.1144994204	0.1188870105	-0.2088546534	0.1316861523
	-0.1932723792	-0.1779370004	0.0008803174818	-0.1633015077	2.231216508e-37
	1.160323691e-32	0.03178302771	2.870938397e-33	0.001802791188	2.585287716e-37
	0.0721049159	0.04583533755	0.07069067641	0.06892477544	0.003731124456
	0.004335929809	-0.005235290614	0.001866187098	0.07406368209	0.06987174627
	-0.03809447239	-0.01805870568	0.08596946404	0.07914369917	-0.06493363802
	-0.09836074455	0.09165313571	0.09586307936	-0.1705969359	-0.1347036693
	0.09751996449	0.09673951912	0.08854247973	0.09358663174	0.08186126278
	0.07402015921	-0.2019155591	-0.2250904847	0.0651558573	0.0556007734
	-0.2420365734	-0.2390181228	-0.2366486112	-0.2246433317	-0.2095441435
	-0.193789607	0.04539142312	0.03472501834	0.01215878805	0.02360848683
	0.000389609944	-0.01162205102	-0.02385399986	-0.0362524074	-0.1642526773
	-0.1784220026	-0.04879252046	-0.06143516217	-0.150747243	-0.1378421264
	-0.1123907823	-0.125084775	-0.08690467837	-0.0741510203	-0.0996590782
	-0.139103523	0.00457772892	-0.1264046007	-0.1137008506	0.004243274092
	0.03748293235	-0.1009846602	0.04410200501	-0.08825899302	4.353722116e-06
	-0.07556652069	-0.06294072136	-0.009545990834	0.06825631429	0.07528487987
	-0.05041887751	-0.03803549702	-0.0258691498	-0.02582362682	-0.01382616693
	-0.04960504517	-0.002078095166	0.009361194725	-0.08066676789	0.02045676626
	0.06778788999	0.0311210743	-0.1171122583	0.04131941089	0.05090284448
	-0.1550426848	0.0598168491	-0.1906740669	0.07470014663	0.08010300534
	-0.2196976156	0.08380647384	0.08526290334	-0.2397771715	0.08436607732
	0.08088439586	-0.2493779452	-0.2485802102	0.06091487927	0.05457433735
	-0.2398809058	0.0490243346	-0.225884841	0.01778910776	-0.2100826976
	0.01836571715	-0.1940922167	0.002549382251	-0.1791700709	-0.1651659724
	-0.151964814	4.879408457e-33	2.494361544e-36	-0.005777983842	2.043464369e-33
	1.619104568e-36	0.003279360314	-0.002551513579	0.01491936705	0.03436477274
	0.02485079159	0.00494246883	0.003423292596	-0.01533196701	-0.002776596207
	0.04146392598	0.05066668001	-0.03505540794	-0.06314554411	0.0655322226
	0.05817078568	-0.09772576795	-0.1368171355	0.07037250925	0.07317308823
	-0.1754796079	-0.2096661235	0.07325079829	0.07115464507	0.06120251449
	0.06694616312	0.05405745924	0.04595423116	-0.2362861711	-0.252298865
	0.03694816078	0.02732138811	-0.2533297355	-0.2580243851	-0.2266661844
	-0.2419570224	-0.2102640149	-0.1946238183	0.006403405164	0.01708394424
	-0.01615783283	-0.004712123427	-0.02791523128	-0.03991322754	-0.06450797946
	-0.0521275597	-0.1662568316	-0.1798663152	-0.0896406969	-0.07702587025
	-0.1531499534	-0.1403954184	-0.1276963476	-0.1023146993	-0.1150112619
	0.004825637553	-0.128981028	0.001894480351	-0.1163110346	-0.1036593304
	-0.0002597465219	-0.09105187098	-0.006677609213	-0.07853324891	-0.02225188127
	0.03212177705	-0.06614237654	-0.05391526379	-0.04189532607	-0.04611945388
	-0.0301157671	-0.07805670964	0.06224252284	-0.01863430871	-0.007483900599
	0.003252403237	-0.1161808644	0.05410470376	0.01354480569	-0.1569385857
	0.02326164959	0.03237129283	0.04064269817	-0.1952642061	0.04801985477
	-0.2277417766	0.05880160996	0.06152967364	-0.2509063343	-0.26319737
	0.06034372574	0.05621069166	0.04955897745	-0.2646591119	0.04164488736
	-0.2567802849	0.02266521628	0.01061626192	-0.2432999414	-0.2269712277
	-0.01849259029	-0.01188194042	-0.2106260588	-0.1950683564	-0.1416442761
	0.003634138725	-0.1807790514	-0.1673019647	-0.1543810715	3.176542571e-33
	4.741581568e-36	-0.01033362195	1.170434508e-33	2.512698341e-36	0.003844313918
	-0.02966583632	-0.01154769185	0.01406529241	0.0005861737478	0.004176981303
	-0.0004844282884	-0.03087057896	-0.01155765961	0.02382946216	0.03391368327
	-0.05853633746	-0.09467420397	0.04730810849	0.04125715569	-0.135384235
	-0.1769404292	0.05153687258	0.05050017744	-0.2441149215	-0.2144403427
	0.04671248379	0.05005931046	0.03512574103	0.04155332471	0.01904669847
	0.02749745516	-0.2719806151	-0.264044951	-2.851431298e-05	0.009793413593
	-0.2698183083	-0.2590876315	-0.2439313809	-0.2272668216	-0.2108266699
	-0.1957621352	-0.01041403596	-0.02122046093	-0.04396433415	-0.03243482386
	-0.05578690595	-0.06783852851	-0.09249706054	-0.08009119665	-0.1684421223
	-0.181651125	-0.1176160862	-0.1050194062	-0.1428954334	-0.1555715321
	-0.1302455788	-0.003583474557	-0.1315038052	-0.01330636101	-0.1189213784
	-0.106400535	-0.01775394048	-0.09397852408	-0.007471121374	-0.04066165943
	-0.08169740029	-0.06960327504	-0.05772995477	-0.07277476525	0.03355759357
	0.03859848078	-0.0461337798	-0.1122355252	-0.03484514374	-0.02394221595
	-0.01345138033	-0.1549701113	-0.003490918251	0.02924138532	-0.1966006519
	0.005918041634	0.01457868814	0.02246573325	-0.2322038731	-0.2591942293
	0.03486264035	0.03880047859	0.04103234171	-0.2750814362	0.04089264239
	-0.2792536556	0.02659397358	-0.2735364535	0.01708252	-0.2605519597
	0.0063808318	-0.01952962108	-0.2443937512	-0.03345337103	-0.2273405965
	-0.2112944613	0.003657534094	-0.1441093883	-0.1963969499	-0.1826510667
	-0.1695253362	-0.1567658202	0.003003127012	1.883160936e-33	5.793166563e-36
	-0.0133170006	7.598629177e-34	2.73023e-36	0.003320978247	-0.02500188212
	-0.03525960922	-0.01329962437	0.0003889141786	0.001308435203	-0.007675119625
	-0.05224442876	-0.02497001494	0.01984882633	0.01073925609	-0.08810781293
	-0.1307227358	0.02593480103	0.03007846766	-0.1745858644	-0.2152510695
	0.03141935	0.03069520052	-0.2723223299	-0.2489058786	0.02322482769
	0.02775278775	0.01715382614	0.01002029842	-0.007030148644	0.001853420429
	-0.2847874259	-0.2846165582	-0.01662504551	-0.02673656144	-0.2614779997
	-0.2761602176	-0.2444606965	-0.2276060105	-0.2116754297	-0.1972156302
	-0.0373581448	-0.04836790018	-0.07141882973	-0.05974849078	-0.09549201777
	-0.08335259129	-0.1078018736	-0.1202353627	-0.170644461	-0.18360196
	-0.1327499089	-0.1579194637	-0.1453160293	-0.1215536164	-0.03369932712
	-0.01398504387	-0.1092213825	-0.09703901814	-0.06489083685	-0.08504399535
	-0.07329292991	-0.1047574674	-0.06181501117	-0.05068446469	-0.14948802
	-0.03992394304	0.01855364631	-0.02964128456	-0.1935548545	-0.01985057859
	0.02050195889	-0.01072348749	0.01685009121	-0.2330175032	-0.002267283147
	0.005229512014	-0.2638253727	0.01175694415	-0.2840253187	0.02207185847
	-0.2922487832	0.02164595634	-0.2891329264	0.01317231324	0.004902549813
	-0.277985961	-0.005364337517	-0.01856129168	-0.2619303128	-0.02845679924
	-0.03537195846	-0.2446686502	-0.2277629817	0.002625404939	-0.1339908516
	-0.2122836332	-0.1464925289	-0.1979713114	-0.1846080436	-0.1717043062
	-0.0009666694107	-0.1590584372	-0.01251081385	1.203918929e-33	5.635171091e-36
	-0.01203845907	4.81655417e-34	2.380495425e-36	0.001750389818	-0.03500896043
	-0.03108719813	-0.0103608312	-0.02262800083	-0.01854546387	-0.003774160174
	-0.04341120727	-0.07909451467	0.006691648635	-0.0007738876117	-0.1681912805
	-0.1220042955	0.01326944325	0.01111753838	-0.211938811	-0.2492625133
	0.01279372149	0.01041353442	-0.2938199299	-0.27747718	0.0004359826058
	0.006095170848	-0.01441096475	-0.006540108684	-0.03255313522	-0.02317116858
	-0.2922770587	-0.2985681384	-0.0425575216	-0.05302035928	-0.2622607874
	-0.2790870298	-0.2281468806	-0.2446603456	-0.1988349091	-0.2128238168
	-0.06393237332	-0.07518945191	-0.08676980929	-0.09860266451	-0.1106555448
	-0.1228751997	-0.1352216512	-0.1476568677	-0.1727662355	-0.1855593886
	-0.1601599112	-0.0546619536	-0.1120903569	-0.09402392233	-0.1001825384
	-0.08850085455	-0.03266405402	-0.07711660872	-0.1396736765	-0.06604968615
	-0.1864940185	-0.006458155711	-0.05540007494	-0.04517566818	0.003745060597
	-0.0355302572	-0.2289851078	-0.02645832972	-0.2643336996	-0.01821297838
	-0.01078141917	-0.00457612206	-0.2892475334	0.000407237096	-0.3022691635
	0.003572255898	0.004905444166	-0.303429179	0.0001062946419	-0.2946114894
	-0.01535235844	-0.02644642976	-0.279906136	-0.2623529329	-0.03351748767
	-0.01239794435	-0.2449033509	-0.228463002	-0.1241937232	0.0005438124555
	-0.2135191117	-0.1996324157	-0.1865215746	-0.1737723285	-0.007321212527
	-0.1612374016	-0.02533632906	-0.1487925702	-0.1364400992	7.607395623e-34
	4.472873434e-36	-0.01075245716	3.045826458e-34	1.552274012e-36	-0.0009594891991
	-0.03411629627	-0.0325179826	-0.0201382304	-0.02986646785	-0.01141951088
	-0.03347665681	-0.1098887876	-0.06669993434	-0.01212535439	-0.006500312765
	-0.1573230149	-0.2038849426	-0.003505492885	-0.003786347523	-0.277694725
	-0.2450578104	-0.005661605883	-0.009563938679	-0.2997351273	-0.3090785201
	-0.01517083012	-0.02191658019	-0.02979203971	-0.03841878755	-0.05772232446
	-0.04780599546	-0.2962639852	-0.3072712578	-0.06817099031	-0.07901177854
	-0.2625447709	-0.2802803591	-0.2450189596	-0.2289687838	-0.2141511967
	-0.200480947	-0.1017436979	-0.09023261614	-0.1254955323	-0.1135190858
	-0.1499058715	-0.1376395613	-0.1622774087	-0.1747612214	-0.1874293156
	-0.1259426849	-0.1149110382	-0.01094679876	-0.1032847496	-0.0919128879
	-0.1744123413	-0.08088812269	-0.2203798736	-0.0702140374	-0.06003160303
	-0.01808034204	-0.05032600095	-0.2594810141	-0.01138246825	-0.04132641337
	-0.2897702494	-0.0330054307	-0.02573853067	-0.01951887271	-0.3084490807
	-0.01490183408	-0.3147707218	-0.01198413785	-0.01333276606	-0.3101767156
	-0.2974295676	-0.02499729427	-0.03317445172	-0.03507563575	-0.2806997732
	-0.03095228386	-0.2626312555	-0.2453929234	-0.002777959583	-0.1267720496
	-0.2294282485	-0.2148817152	-0.1509826916	-0.1632830439	-0.2012712811
	-0.1883257835	-0.01645973378	-0.1756986701	-0.0423014189	-0.1388058195
	-0.07997498606	4.621490247e-34	2.230119943e-36	-0.009534650267	1.772519551e-34
	1.537085253e-37	-0.005066375544	-0.03627960048	-0.03030928578	-0.03001121927
	-0.03657159069	-0.02201914622	-0.05241368272	-0.1420625843	-0.0936656133
	-0.02034237459	-0.02412167818	-0.1909140281	-0.2354409741	-0.02061167275
	-0.0192330371	-0.3001547089	-0.2727477594	-0.02951731581	-0.02425143198
	-0.3192199499	-0.3160021449	-0.03630447123	-0.04407303785	-0.06218820682
	-0.05281748484	-0.08265124305	-0.07220181806	-0.2983124641	-0.3123621608
	-0.09354128629	-0.1047478848	-0.2808610434	-0.2629077625	-0.2456889233
	-0.2300299901	-0.2155594897	-0.2020798351	-0.11625898	-0.1279936505
	-0.1520165348	-0.1399315011	-0.1766050952	-0.1642453232	-0.1891727836
	-0.1061427525	-0.2061072589	-0.09504295927	-0.08434393645	-0.2493329206
	-0.03734478973	-0.07402741404	-0.03990848241	-0.06430543419	-0.2842784214
	-0.0551468552	-0.04690079667	-0.309262376	-0.03957458512	-0.03368396921
	-0.322051875	-0.02940765024	-0.02728402894	-0.3228296689	-0.02768976467
	-0.03062464138	-0.3140666627	-0.03514299333	-0.2989407618	-0.02911880435
	-0.2812423214	-0.009834252353	-0.2631627835	-0.007633839535	-0.1175150277
	-0.2462253975	-0.1291564145	-0.2306180818	-0.2163118123	-0.2028530102
	-0.02864261812	-0.1900034536	-0.1774666472	-0.06299934428	-0.1651602646
	-0.1529995352	-0.1079375938	-0.1409907956	-0.1577743101	2.478653755e-34
	-1.456967694e-36	-0.008774250676	8.586313774e-35	-2.022883764e-36	-0.01083110591
	-0.02901960604	-0.03874268706	-0.0436174923	-0.04064521417	-0.0356607015
	-0.07450853772	-0.172683375	-0.1221325796	-0.03729983843	-0.03534531851
	-0.2203042458	-0.2615690675	-0.03846831528	-0.03568426018	-0.2946053945
	-0.3168307283	-0.04334288444	-0.0497725407	-0.3256103001	-0.3271354675
	-0.06626745391	-0.05758426109	-0.08586100053	-0.07580392811	-0.1073961247
	-0.09645680553	-0.2995531429	-0.3153000737	-0.1186890854	-0.130218038
	-0.2814920203	-0.26364028	-0.2467307503	-0.2313244265	-0.2036370818
	-0.217038605	-0.1419853061	-0.153914867	-0.1782900834	-0.166027064
	-0.1907989359	-0.2327956596	-0.09771638632	-0.2725054846	-0.08735245099
	-0.07746480741	-0.06837603599	-0.3032115971	-0.06013206681	-0.3232112064
	-0.0531962171	-0.04455851273	-0.04783182151	-0.04445216751	-0.3310565892
	-0.04345285814	-0.3277938573	-0.04629550366	-0.04726926827	-0.3163831952
	-0.04020200225	-0.3000675008	-0.02832364759	-0.009171508731	-0.2820526012
	-0.2641741054	-0.1085744143	-0.01423046309	-0.2474817185	-0.2320791939
	-0.1428907305	-0.2178586903	-0.2044346077	-0.04367515616	-0.1915983116
	-0.08613375303	-0.1790932316	-0.1668468827	-0.154780049	-0.1360373288
	-0.1866851801	-0.1312072787	-0.1197339914	9.456787532e-35	-7.016791395e-36
	-0.008403726314	2.159903314e-35	-5.179162785e-36	-0.01833887652	-0.02873408429
	-0.0419341973	-0.05241643305	-0.05142772883	-0.05186031801	-0.09804164014
	-0.1992155176	-0.1493522319	-0.0519811039	-0.05204791542	-0.2817407033
	-0.2440461314	-0.05366091839	-0.05759749366	-0.3106433625	-0.3282773926
	-0.06342366013	-0.07076819718	-0.3295002925	-0.3342136949	-0.07938603615
	-0.08881518943	-0.1096433066	-0.09900804167	-0.1207379771	-0.1320979228
	-0.3171823015	-0.3007357817	-0.155585001	-0.1437524385	-0.2649611545
	-0.2825843836	-0.2482709632	-0.2329728684	-0.2187132249	-0.2052748855
	-0.179881436	-0.1676466596	-0.1924076167	-0.2896022633	-0.1003812456
	-0.09064349081	-0.08172995455	-0.3164233332	-0.07401814014	-0.3322661102
	-0.05546227818	-0.0678447375	-0.06343790784	-0.06106709549	-0.3365135291
	-0.06019027249	-0.3307723809	-0.05868689914	-0.04382364574	-0.3180365927
	-0.02845638358	-0.3014112368	-0.008872776518	-0.2834898289	-0.02252610778
	-0.1108328359	-0.2659004913	-0.2493608884	-0.1330237067	-0.1445910266
	-0.2340235663	-0.2197409638	-0.06072111598	-0.2062314557	-0.109614844
	-0.1932996012	-0.1807364909	-0.1684653358	-0.1615272732	-0.1564214774
	-0.2105150405	-0.121718999	-0.25344652	-8.950174971e-36	-1.474395097e-35
	-0.008334653202	-1.909249005e-35	-9.422479119e-36	-0.0273657956	-0.04582992709
	-0.02921024137	-0.06541058834	-0.06002659719	-0.06945291947	-0.1206814813
	-0.1726709116	-0.2199317322	-0.06856754285	-0.07064387549	-0.2614692395
	-0.2957884989	-0.07372430688	-0.07864485566	-0.3210836824	-0.3351712878
	-0.09316562862	-0.08517002235	-0.3382069772	-0.3318199393	-0.112297358
	-0.1023325774	-0.1340609782	-0.1229733303	-0.1573368092	-0.1455779052
	-0.3023527478	-0.3187367117	-0.1694056439	-0.1816934491	-0.2671555815
	-0.284468265	-0.2505999155	-0.2353006982	-0.2209251937	-0.1943284229
	-0.2073389763	-0.09693494367	-0.3241740976	-0.008810706748	-0.09013567324
	-0.08477678864	-0.04799821311	-0.3370601685	-0.08082975546	-0.07756830652
	-0.3392340745	-0.07221388075	-0.0643032012	-0.3324918537	-0.02919260561
	-0.3195814737	-0.3033590793	-0.03211405915	-0.105182383	-0.2858750999
	-0.1145193872	-0.268677633	-0.2522539633	-0.2369048639	-0.0782941042
	-0.222452408	-0.1585758594	-0.1706018711	-0.2087646748	-0.1309624952
	-0.1956405069	-0.1829491568	-0.1820418228	-0.2279401644	-0.146861048
	-0.1355516129	-0.2675926167	-0.1247029891	-0.3005373234	-6.81714108e-35
	-2.464238755e-35	-0.008430383765	-3.851025451e-35	-1.468675911e-35	-0.03729379652
	-0.05006141667	-0.03005572842	-0.07931000126	-0.0690240669	-0.08667335333
	-0.139963157	-0.2338571014	-0.1900509299	-0.09147236428	-0.08670229929
	-0.3036419787	-0.2722482256	-0.09632444623	-0.10229196	-0.3380305293
	-0.3261720279	-0.1179209602	-0.1094378537	-0.3330695464	-0.3397250222
	-0.1274436934	-0.1377849993	-0.1603205648	-0.148820927	-0.1846152094
	-0.172294084	-0.3203346146	-0.3046947014	-0.2105768341	-0.1973692344
	-0.2874494578	-0.2706114761	-0.2542124776	-0.2389049439	-0.2243515721
	-0.3266315567	-0.1026151635	-0.3379337811	-0.09623886191	-0.08627902242
	-0.073168978	-0.3395686898	-0.05219406977	-0.3331898054	-0.03008948212
	-0.008835029254	-0.3211804199	-0.3060622538	-0.1087221896	-0.0421688608
	-0.2894587785	-0.2728991959	-0.1315429966	-0.2567241288	-0.2414412817
	-0.09444008137	-0.226852625	-0.162972168	-0.1478124493	-0.2130251619
	-0.1997482363	-0.1870147109	-0.19592935	-0.1747403242	-0.2382552466
	-0.1517608358	-0.1412174853	-0.2749541993	-0.3052268924	-0.1228129163
	-0.1152850464	-8.710373188e-35	-3.626125808e-35	-0.008538735185	-3.875744597e-35
	-2.065243476e-35	-0.04710760974	-0.03077839889	-0.05395598423	-0.09319964089
	-0.07754697255	-0.1014246476	-0.1537514801	-0.2002174154	-0.2404696843
	-0.1056227191	-0.1139694064	-0.2761017111	-0.3051576662	-0.1288803195
	-0.121387935	-0.3369468039	-0.325942757	-0.1460560583	-0.1369492259
	-0.3331771014	-0.3388066296	-0.1667674989	-0.1559894376	-0.1903073036
	-0.1782270142	-0.2029462456	-0.2161933608	-0.3218739305	-0.3077162915
	-0.2445691218	-0.2299899401	-0.2916538672	-0.2756579308	-0.2596759838
	-0.334679402	-0.09958132547	-0.008788003729	-0.08093502083	-0.05559120711
	-0.3371838541	-0.03062435464	-0.3324133685	-0.3223729886	-0.05150170022
	-0.1148791218	-0.3091583271	-0.2940964447	-0.1346510638	-0.1431452957
	-0.2786751839	-0.2631759681	-0.1070664071	-0.2483139008	-0.1718301203
	-0.1582984821	-0.2339061034	-0.2202440113	-0.2071302009	-0.202236994
	-0.1947045301	-0.241060644	-0.1829107542	-0.1615392182	-0.2752238944
	-0.1519931816	-0.3034383404	-0.1253782608	-0.3236331516	-7.028537033e-35
	-4.858130884e-35	-0.008498942902	-2.252910914e-35	-2.670843042e-35	-0.05550793091
	-0.05658224573	-0.03084026732	-0.08421077044	-0.1053742444	-0.1116539196
	-0.1605173803	-0.2394298221	-0.2025130007	-0.136407783	-0.1234330415
	-0.2726643996	-0.2999776317	-0.1575197621	-0.1475386351	-0.3313429612
	-0.3199845633	-0.1776434769	-0.1673223133	-0.3346691467	-0.3312095655
	-0.2000064162	-0.1884278264	-0.2121407811	-0.2250466626	-0.2384316274
	-0.2525774588	-0.3105711211	-0.322405323	-0.2669777805	-0.2819532682
	-0.2964732498	-0.03026078128	-0.3307864597	-0.008521666824	-0.3286483844
	-0.05873389462	-0.05717483023	-0.3215558955	-0.08601815965	-0.3111009903
	-0.2984173657	-0.2848671483	-0.114313658	-0.2707459526	-0.1601391724
	-0.1716756903	-0.2569092392	-0.1612211826	-0.1939970939	-0.243222958
	-0.2301657883	-0.2005213355	-0.2175280714	-0.2055455496	-0.2360629425
	-0.1828923884	-0.2679943708	-0.2946722484	-0.1465314584	-0.1309522347
	-0.3144881438	-0.1099992821	-0.3263188411	-2.380247431e-35	-6.004122136e-35
	-0.008167142268	6.627591443e-36	-3.198973801e-35	-0.06112380187	-0.02975557807
	-0.05690410073	-0.08728147793	-0.1133558193	-0.1157173481	-0.1594165971
	-0.1966939133	-0.2304718326	-0.1369596049	-0.1552673435	-0.261479654
	-0.2874487329	-0.1711397836	-0.1847330233	-0.3197889676	-0.3072987757
	-0.2097009587	-0.1973378284	-0.3249351919	-0.3254248966	-0.2219365563
	-0.2346217256	-0.2606852691	-0.2474024804	-0.2870874011	-0.2738280474
	-0.3194737929	-0.2994167397	-0.3107278329	-0.3178967186	-0.3188907851
	-0.06254461908	-0.3152821521	-0.308147839	-0.05597766748	-0.2984438916
	-0.2873156139	-0.1148700251	-0.2750502633	-0.1407756658	-0.1560648058
	-0.2625285831	-0.249566015	-0.2367301561	-0.1906981279	-0.223503939
	-0.2230554067	-0.2101770168	-0.195687318	-0.1802118373	-0.2528042614
	-0.1616592487	-0.2781522706	-0.1148365582	-0.08668800017	-0.2979294531
	-0.3109996152	-0.02857699926	-0.007927639061	4.450886745e-35	-6.872584224e-35
	4.441620241e-35	-0.007457221831	-3.54945416e-35	-0.06277281802	-0.05410826297
	-0.02724549557	-0.1144330489	-0.08517546691	-0.1502725013	-0.1126539182
	-0.2134791721	-0.1828492717	-0.1654172769	-0.1422294678	-0.2421225831
	-0.2667201458	-0.2036393987	-0.1860490672	-0.2863970141	-0.300049807
	-0.2195137759	-0.234138397	-0.3105319725	-0.3080054953	-0.2609019084
	-0.2477755057	-0.2731319687	-0.2846614221	-0.2946930304	-0.3030089092
	-0.3085209528	-0.06193777703	-0.2986850546	-0.006975179779	-0.2980506555
	-0.2938024548	-0.2866114459	-0.1081857415	-0.08172811219	-0.2773615933
	-0.1429805985	-0.2661394784	-0.2537536143	-0.2396697557	-0.1880393943
	-0.1730491377	-0.2245239016	-0.2020781329	-0.2071043394	-0.1654427846
	-0.2293484752	-0.140542003	-0.253062491	-0.1117005148	-0.05147630285
	-0.2724021764	-0.02543832846	-0.2862775191	-0.2950625591	1.25607448e-34
	-7.269396341e-35	-0.00638335867	8.622198359e-35	-3.627574178e-35	-0.05972132713
	-0.04803361171	-0.02339225722	-0.0772502631	-0.1068648387	-0.1335737186
	-0.1023534189	-0.1615007262	-0.1887291638	-0.1360709976	-0.1619450308
	-0.2145238016	-0.2371666654	-0.2057784955	-0.1855347805	-0.2558604237
	-0.2697279874	-0.2393015107	-0.2237464096	-0.2788603628	-0.2832423687
	-0.2528177981	-0.2642585947	-0.2734141949	-0.2799865338	-0.2834571114
	-0.264009987	-0.2607015046	-0.005737809275	-0.09459556261	-0.2539385742
	-0.04396935712	-0.2443760845	-0.1228173555	-0.2317368636	-0.216778596
	-0.1483905167	-0.1986373907	-0.1782029393	-0.1737352893	-0.1543176909
	-0.1283619443	-0.197911093	-0.09988078466	-0.07122365279	-0.2191580599
	-0.02111893761	-0.2369029839	-0.2501773401	-0.05648762184	-0.2591553065
	-0.2636114142	-7.041938238e-35	2.103598634e-34	-0.005073228501	1.277230755e-34
	-0.05190719448	-3.369408081e-35	-0.03943240466	-0.01867540206	-0.09123176619
	-0.06444654407	-0.08563498475	-0.1105298708	-0.1572585529	-0.1338291567
	-0.1183321633	-0.1433977326	-0.179503255	-0.1991826525	-0.1665734447
	-0.1864778045	-0.215484581	-0.2277996671	-0.2176223264	-0.2037313544
	-0.2359859738	-0.239919617	-0.2359242441	-0.228518718	-0.2398738425
	-0.2114947196	-0.2064700775	-0.07536074106	-0.1975975183	-0.09719374185
	-0.03462168659	-0.1854304635	-0.169657588	-0.1511187608	-0.1183116655
	-0.1295253849	-0.1395808393	-0.1061120174	-0.08132310786	-0.0568888995
	-0.1599488047	-0.1776708604	-0.01624626251	-0.004380060288	-0.1923173876
	-0.2030816801	-0.04652649631	-0.2099597237	-0.2127326987	2.908398695e-34
	-6.129743762e-35	-0.003724913317	1.654886588e-34	-0.0400791413	-2.769144827e-35
	-0.02976099984	-0.0137995814	-0.04914899082	-0.07073857605	-0.06423344671
	-0.083134214	-0.1211979069	-0.1018858496	-0.1138774322	-0.09286460342
	-0.1550515532	-0.1393051754	-0.149805338	-0.1332959321	-0.1676078743
	-0.1765736483	-0.1635223145	-0.1735909665	-0.1828677102	-0.1817045485
	-0.180200202	-0.05260552965	-0.1397243409	-0.003091704245	-0.06851651975
	-0.1283723463	-0.1141868933	-0.09745219086	-0.0853107641	-0.07912162913
	-0.1023497357	-0.06007755091	-0.04146978501	-0.02501025302	-0.1184899281
	-0.01153522312	-0.1319945759	-0.1425023512	-0.0332186715	-0.1493901185
	-0.1525810478	-0.1519949675	-0.1476123583	3.614145222e-34	-4.608986864e-35
	-0.002517619669	1.974124564e-34	-1.898760595e-35	-0.0257844947	-0.0205578919
	-0.00938501717	-0.03418412375	-0.04980465028	-0.0541082809	-0.04065166611
	-0.08380509164	-0.06859144904	-0.06581441232	-0.08123238984	-0.09769148598
	-0.1091834372	-0.09523630634	-0.1068564584	-0.1175211528	-0.1224197155
	-0.115814562	-0.1237494595	-0.1214612315	-0.03980390758	-0.06612236432
	-0.05346763492	-0.05262640396	-0.04037515572	-0.02757498698	-0.06573297427
	-0.01649135855	-0.007492824938	-0.07785300992	-0.002003456757	-0.08732802223
	-0.01844411166	-0.07739284079	-0.08655415353	-0.0938219057	-0.09693260028
	-0.09665127586	-0.09313824356	-0.0290882283	4.193380344e-34	-2.707189934e-35
	-0.001543625753	2.228482774e-34	-9.05293449e-36	-0.01113563568	-0.005781921923
	-0.0129292746	-0.03202845679	-0.0217180891	-0.02660278627	-0.01782343897
	-0.04897054092	-0.03736978619	-0.05255657852	-0.04249209673	-0.0592291982
	-0.06710511167	-0.06129230902	-0.06803939471	-0.07369830104	-0.07199369636
	-0.07232875065	-0.02491623063	-0.01681281039	-0.02368684821	-0.009888872419
	-0.03359823346	-0.004364613896	-0.001160713645	-0.04253787954	-0.04903906381
	-0.004440619848	-0.0331092309	-0.05277573376	-0.0535737875	-0.05158033843
	-0.04717049699	-0.007762256362	-0.04080941521	-0.01423185119	4.645712844e-34
	-7.632672412e-36	-0.0008273437403	2.422883559e-34	2.509361499e-37	0.001655626146
	-0.007415195696	-0.003150038825	-0.01272853098	-0.01901495567	0.001420912925
	-0.003633609379	-0.02027243346	-0.01144875913	-0.02516013415	-0.03067859049
	-0.02795569304	-0.03351707314	-0.03473761344	-0.03681135936	-0.03649309795
	-0.00133426463	-0.002244141759	-0.008980531297	-0.0005734951898	-0.01585479027
	0.006747543946	-0.02074896788	-0.009506211833	-0.02333765674	-0.02359987123
	-0.02181548236	0.008831466768	-0.0184356418	0.005521669813	-0.01413666004
	-0.005445276062	4.987159776e-34	8.698952233e-36	-0.0003717785955	2.56718537e-34
	7.282725525e-36	0.01086297201	-0.001514673639	-0.003929872207	-0.009986617855
	-0.006843132658	0.01498586589	0.01259741315	-4.25641938e-05	0.006903470081
	-0.01244498915	-0.01371219489	-0.006220846582	-0.0132410203	-0.0107561097
	0.006639556862	0.01382932803	-0.0002334449923	0.0008819987416	-0.003456546626
	-0.002707099897	-0.006018492421	-0.006834101918	0.01917220565	-0.006209435291
	-0.00458824838	0.01790705921	-0.001029040613	0.01285489612	5.23820206e-34
	1.943125361e-35	2.672094179e-34	-0.0001349580214	1.118116951e-35	0.0157158974
	-0.001636357394	-0.0006168231748	-0.002497882918	-0.002416319055	0.02123442177
	0.0220246996	0.01689258224	0.01110469275	-0.001299101686	0.001410798292
	0.005683546905	0.016582845	0.008331939623	0.004111005115	0.001278590843
	-0.0001780285811	0.02311429961	-0.0005481625284	0.02284942934	-0.0002770269453
	-6.112269032e-05	0.01888390496	0.01351699318	5.420257615e-34	2.38642691e-35
	1.620846834e-05	2.749242923e-34	1.205123973e-35	0.01652093548	0.0001348745384
	0.0006799497285	0.005094030774	0.002243143019	0.0230858884	0.02291165787
	0.01928913457	0.00922608678	0.01420590047	0.00864299923	0.004705980384
	0.0001058236192	0.002044045756	0.02178633227	0.0006315337087	0.02164243752
	0.01819270086	0.01576425196	0.01337133286	5.557304841e-34	2.300669675e-35
	0.0002480094839	2.810539682e-34	1.070588788e-35	0.01437032467	0.003529067396
	0.001260861837	0.01151934302	0.007080438606	0.01976832539	0.01941671597
	0.01607840458	0.001941595938	0.0170476895	0.0003961793685	0.01641286636
	0.01266527926	0.01313729859	0.008858567188	0.004886046867	5.671708921e-34
	1.880155426e-35	0.0006019671461	2.863582448e-34	8.18927301e-36	0.01061025789
	0.005966036399	0.002637917343	0.009852987672	0.01404906387	0.01303734368
	0.01081102779	0.00947441408	0.008579632688	0.006402393564	0.00312334141
	0.0007550768174	5.772743218e-34	1.31731624e-35	2.906804723e-34	0.000899150636
	5.391890712e-36	0.006381282025	0.003385064567	0.006055574408	0.007718156354
	0.004488807786	0.003122416493	0.0009117649058	0.004742313193	7.455734471e-36
	5.849499395e-34	0.0008396010878	2.931172515e-34	2.77681907e-36	0.002445857126
	0.002561895496	0.001243646664	0.0006062686848	2.42175265e-36	5.880724617e-34
	2.929063267e-34	0.0001987051187	5.12781568e-37	1.448010268e-34	1.123108927e-36
	5.866514748e-34	
