3721	
	1.026966091e-35	-2.469551133e-34	-2.605643249e-34	1.660829304e-35	-1.171268009e-34
	0.05981940519	0.008365998144	-4.585978469e-34	-1.409788126e-34	0.01436825714
	0.1087272379	0.09254258933	-6.537926078e-35	1.290378452e-35	0.002120293633
	-0.02692562454	-0.02686813215	-0.06485525255	-4.423755322e-34	-2.500002532e-34
	-0.002821746985	3.080180523e-35	-3.679172418e-35	0.1468317884	0.13497844
	-0.08265525727	-0.06037129156	-0.04166730629	-0.05694367178	-0.004355231891
	-0.01177672065	-0.0003086974279	-4.322255858e-34	-0.02644315287	-0.03899011864
	-2.278932804e-34	0.1743507535	0.1650027359	-2.204145608e-35	4.745406332e-35
	-0.06296092047	-0.06771798636	-0.08715227012	-0.07974880539	-2.212547744e-34
	0.001503706169	0.002465270222	-4.292707646e-34	0.003697302444	-0.001117059695
	-0.04726322386	-0.01718616012	-0.04079303596	0.001881687726	-0.0234282786
	0.1969618932	0.1874886605	-8.469651576e-36	5.9953755e-35	-4.272250164e-34
	0.00118991632	-2.176935331e-34	0.001109149351	-0.07401143869	-0.07988345195
	-0.0568867294	-0.06381051597	-0.02088057186	-0.042090644	-0.0216411749
	-0.03939092284	0.008456720692	0.003820033771	0.006449038418	0.005565250954
	-0.002125928509	-0.001876357835	0.006103087008	0.2218224531	0.2091932265
	8.038356465e-36	6.817028489e-35	-0.0388849075	-0.05741912591	-0.0425506382
	-0.0229700811	0.0006779615613	-4.211139594e-34	0.0005312431091	-2.143507499e-34
	0.002344776594	0.003237453887	0.007647804826	0.008013713758	-0.0126319403
	-0.02719690979	-0.003491407789	-0.01364194679	0.003654635128	0.01290594756
	0.01205044691	0.01129896656	0.01011978922	0.01762489392	0.01562801208
	7.413658015e-35	0.2533711669	0.2366198125	2.742536053e-35	0.01460114303
	-0.01293364739	0.0007381265272	0.02933127216	0.03553561514	0.01523789115
	0.03188247632	0.007779575535	0.001312694275	-2.097486423e-34	-4.109124843e-34
	0.0008148388718	0.003316236175	0.004526257985	0.01147313554	0.00875019696
	0.02327322804	0.03017214611	0.01591617593	0.01970130873	0.03854158198
	0.02661473219	0.0291752484	0.02858281809	0.04571586514	0.0459772242
	0.04608017869	0.29153127	0.2719034201	4.786542014e-35	7.992141908e-35
	0.05841417403	0.09019576124	0.07687151783	0.04654568573	0.08963892791
	0.06326107479	0.08991575184	0.06003134286	-2.034498295e-34	0.002538118769
	-3.964097529e-34	0.001860041846	0.07068252276	0.0952853024	0.09697701515
	0.07042110312	0.01531980002	0.006693709546	0.0090108626	0.02006942704
	0.04875002734	0.03877523165	0.03327579332	0.02620448972	0.06129560915
	0.07728679413	0.05111338664	0.09467632246	0.08677520055	0.06332542974
	0.06873314394	0.3329882395	0.312476697	6.735373261e-35	8.704071998e-35
	0.1381292685	0.1097739547	0.1193966158	0.1499145324	0.1197341304
	0.1488456432	0.1190876259	0.1455399454	-1.951162936e-34	0.004127654449
	-3.772441593e-34	0.003337761036	0.1496889524	0.1228376629	0.1460588343
	0.1235812567	0.0251275978	0.03043068079	0.01185608423	0.01472114867
	0.1452219961	0.120905937	0.1381726705	0.1144123728	0.04881310846
	0.06826844128	0.04141474441	0.05886325352	0.1307114786	0.1183678385
	0.09175637839	0.08688814396	0.1041166374	0.07635391345	0.1050787454
	0.3739968463	0.3543298444	8.426965544e-35	9.505392974e-35	0.1923400682
	0.1684427536	0.176030217	0.2028635435	0.194726214	0.1729018402
	0.2010647997	0.1749895908	-1.845384334e-34	0.005707403693	-3.537357406e-34
	0.004969562775	0.1949118145	0.1880060702	0.1696917436	0.1727941844
	0.03927716635	0.0351801756	0.01772336859	0.02027604879	0.184797389
	0.1769407206	0.1602884508	0.1661884242	0.06062534214	0.07587133996
	0.0810780725	0.05582178688	0.159849817	0.1418192385	0.170296089
	0.1525298497	0.09578315147	0.1485944173	0.1185293079	0.1008615839
	0.1344865301	0.11313005	0.1289754459	0.4119209248	0.3941294381
	9.795110052e-35	1.029860093e-34	0.2374432381	0.2184906346	0.2246943212
	0.2471529666	0.2349546554	0.2177699513	0.2441106145	0.2227294768
	0.2201668637	0.2065741453	0.2133113349	0.2308723373	0.006329364162
	-1.722271955e-34	0.006837871832	-3.283959388e-34	0.04347805028	0.04201293746
	0.02262932637	0.02395497678	0.2029436758	0.1997840538	0.21318837
	0.1922819326	0.06479829812	0.08381051576	0.08373689999	0.06405779522
	0.174568416	0.1949655639	0.1840316388	0.1846135755	0.1033986901
	0.1028830623	0.1197037417	0.1205806743	0.1501000242	0.1747701497
	0.1637328358	0.135821777	0.1629155066	0.1510049057	0.1369143962
	0.4454358407	0.4299551644	1.08479029e-34	1.100844663e-34	0.2734696744
	0.2590299981	0.264710778	0.282990504	0.2666659129	0.2536050312
	0.2781777714	0.2612927106	0.2585572217	0.2442568995	0.234370912
	0.2450355348	0.006968905656	-1.600449876e-34	0.007157159863	-3.067686397e-34
	0.2236132963	0.21986219	0.2131843045	0.2331588843	0.0245453938
	0.04197124112	0.04335916682	0.02494950042	0.06123689478	0.07805719483
	0.08184584521	0.0640429036	0.2028380517	0.2092323503	0.1975135089
	0.1927442732	0.1002575229	0.09585872783	0.111377031	0.1164838095
	0.1760773477	0.1712327794	0.187264187	0.1822702489	0.1463003905
	0.16505185	0.1323691583	0.1531755413	0.1402975453	0.1268060188
	0.1594470968	0.4741593511	0.4610513952	1.16267651e-34	1.160293705e-34
	0.3013203477	0.2907033016	0.2967916852	0.3114084475	0.2911332464
	0.2813699433	0.3044094928	0.2914342186	0.2624872384	0.2551341764
	0.2693449462	0.2796605169	0.2406326417	0.2316732669	0.2269842914
	0.2477649981	-2.96429302e-34	0.006646937343	-1.512233784e-34	0.006530145717
	0.02187673387	0.03579446839	0.03933484225	0.02393466731	0.2138729789
	0.204466144	0.2181557345	0.201904808	0.05223603778	0.0669116605
	0.07303314106	0.05732174155	0.09000856938	0.08316465156	0.09709272204
	0.1048108199	0.1903257438	0.1792438113	0.1807021015	0.1926416668
	0.1325825653	0.119629343	0.1113234505	0.1236584925	0.158480207
	0.1568179027	0.1696933331	0.1681615454	0.1472897429	0.1452264352
	0.1359311208	0.4982296135	0.4873689361	1.217846022e-34	1.20793643e-34
	0.3221150359	0.3146602446	0.3220785254	0.3335846754	0.3096674372
	0.3024720898	0.3240570044	0.3143930091	0.2957165921	0.2766344584
	0.2709470118	0.2878929566	0.2535685445	0.2412004141	0.2372540947
	0.2592697353	0.2216986011	0.209979705	0.20766667	0.2253833167
	0.005055834574	-3.047700596e-34	0.005415312859	-1.49622981e-34	0.01659493174
	0.02668704003	0.01988820268	0.03151499679	0.04009158448	0.05270267107
	0.06013100891	0.04648018471	0.1944519226	0.1964213923	0.1832550099
	0.1822332839	0.07543238863	0.07944421788	0.06710741259	0.08857701258
	0.1020779451	0.1138900149	0.1036402155	0.09236541626	0.1705274123
	0.1591912346	0.1594880331	0.1712762463	0.1257941493	0.115211785
	0.1481211587	0.1260868584	0.1371729124	0.1482670907	0.1368857911
	1.244800612e-34	0.518008615	0.5091996262	1.254360371e-34	0.336893458
	0.3320623447	0.3416878344	0.3505585834	0.3233038593	0.318163464
	0.3381562702	0.3313269275	0.2877150583	0.2832587512	0.301980748
	0.3077749526	0.2687371245	0.2640792268	0.2495593138	0.2459758952
	0.228754159	0.2156977635	0.213099606	0.2322566661	0.002943775431
	-3.366374003e-34	0.003500249103	-1.585497582e-34	0.1984731486	0.1865391595
	0.1849706214	0.2007855499	0.01364570819	0.009573128307	0.0160238529
	0.02152287841	0.02622310238	0.03682244812	0.04496297645	0.03338877481
	0.06998220579	0.05836551429	0.06022866174	0.04922934687	0.1608266831
	0.1722556877	0.1734693032	0.1601247746	0.09307458492	0.08222734528
	0.07193104105	0.08240825548	0.1043375002	0.1150217768	0.09338931365
	0.103962003	0.1149386045	0.1489042894	0.1485352926	0.1371213728
	0.1259572835	0.1372545817	0.1261381782	0.5339169801	0.5269548562
	1.275435305e-34	1.272223746e-34	0.3565473558	0.363152995	0.3465077962
	0.3438952957	0.3327580119	0.3293575371	0.3474625102	0.3431282682
	0.3164332879	0.2961552174	0.2927849132	0.3124128445	0.27274723
	0.2568175002	0.2536670855	0.276409809	0.2188240438	0.2355479662
	0.2215093318	0.2387230319	-1.795913911e-34	0.0004084161094	-3.923932071e-34
	0.001149021155	0.2032158385	0.1906378914	0.188654823	0.2056856096
	0.006032340777	0.001543472932	0.004574160179	0.01041910351	0.1632530858
	0.1750233332	0.1620211284	0.1766588737	0.01133163627	0.02002438311
	0.0285751834	0.0190221289	0.05041736543	0.04001677961	0.03045381359
	0.04044897899	0.07169495224	0.0615566049	0.06100769326	0.05106327438
	0.1376934586	0.1505785708	0.149717662	0.1383014094	0.07150214257
	0.08187340282	0.09287501952	0.08245989112	0.1147871892	0.1038804127
	0.1264677536	0.1262155913	0.1036538661	0.1149390386	0.09271006016
	0.5463566455	0.5410544265	1.283486248e-34	1.291554174e-34	0.3516115065
	0.3509311149	0.36736843	0.3719863273	0.3366528276	0.3524798012
	0.3504165928	0.3384897191	-2.117529128e-34	-0.00234622029	-4.665901635e-34
	-0.001426278507	0.3219954381	0.3020704508	0.2997790844	0.3196221751
	0.2821850091	0.2795881387	0.2626677425	0.2601474112	0.2442997217
	0.241708045	0.2268225655	0.2243848633	0.208189704	0.1948790263
	0.1928495523	0.2104565988	-0.002327849029	-0.006920666176	-0.007297350449
	-0.001251078455	0.1785046399	0.1661863511	0.164735047	0.1802051703
	-0.004274568438	0.01147262623	0.002610765784	0.003801079114	0.151775727
	0.1391390002	0.1400186162	0.1528516412	0.03053183699	0.0210106961
	0.02047243198	0.01115572147	0.03977746151	0.03014771676	0.04071544086
	0.05038780935	0.0600126901	0.07092282164	0.06072218973	0.04981956773
	0.1152531021	0.1276642958	0.1156768058	0.1271339985	0.08145897121
	0.07063639584	0.1039973631	0.09255501269	0.08175493094	0.09262647331
	0.1039022451	0.5556850193	0.5518826946	1.280523891e-34	1.304107342e-34
	0.3526895044	0.353743668	0.3746751972	0.3775084198	0.3407654817
	0.3404130288	0.3535133141	0.3535938752	-2.509841974e-34	-0.005071935569
	-5.476722984e-34	-0.00401065649	0.3054468641	0.3042885609	0.3238201565
	0.3246101033	-0.01090377006	-0.0152198738	-0.01930971418	-0.01318685878
	0.2858849134	0.2844316442	0.2667828494	0.2650774387	0.2291701873
	0.2467267387	0.2310988642	0.2485174579	0.2144941179	0.2127211259
	0.1986574694	0.1968665467	0.1820368245	0.1690563017	0.1835128385
	0.1676511578	-0.01208749859	-0.006215563877	-0.0154040729	-0.02039092115
	0.1541470952	0.1418910744	0.1409567574	0.1551951606	0.0002525168839
	0.01045609502	0.001495658454	-0.008662909194	0.1290716005	0.1284693591
	0.1166751664	0.1161652524	0.02926186111	0.01868353012	0.01984161319
	0.009179868708	0.03832083643	0.0491795677	0.02828027675	0.03917359098
	0.04866164472	0.05976294114	0.07040665234	0.05931690831	0.09292058038
	0.09274716162	0.1046261862	0.08144417851	0.1044242162	0.08157494121
	0.07028061954	0.5622160815	0.5597766049	1.268369216e-34	1.310829182e-34
	0.3500805428	0.3527454318	0.37885349	0.380042068	0.3397007154
	0.3408446132	0.3507302257	0.3528852949	0.3243388098	0.3062426401
	0.3062835943	0.3250925796	-2.903900064e-34	-0.007409420507	-6.198020519e-34
	-0.006311441139	-0.01901948318	-0.02250464416	-0.03092182462	-0.02500856313
	0.2873422538	0.2871103532	0.26892376	0.2681531569	-0.02840757728
	-0.0366117237	-0.03405836949	-0.02453348381	0.2327026123	0.2510290426
	0.2502128307	0.233950052	0.2001865772	0.2173750571	0.2163000057
	0.2015335261	0.1861713327	0.1703066394	0.1851075922	0.1714670261
	0.1427708031	0.1572662217	0.1436126923	0.1564024109	-0.02049454367
	-0.02915615762	-0.009994754101	-0.01865325652	0.1298699451	0.117683267
	0.1304156215	0.1171698469	-0.002491901843	0.008164553431	-0.001207316309
	-0.01205216551	0.09307575539	0.1050802221	0.093287721	0.1052727725
	0.006721939946	0.01666823251	0.0176743334	0.02753636521	0.02668126659
	0.03781104085	0.03717481702	0.04827639424	0.0700830832	0.05920237015
	0.07015925702	0.04787638712	0.08161383631	0.05882808098	0.08149582857
	0.5662229161	0.5650311543	1.248025126e-34	1.312921e-34	0.3440073949
	0.3482419967	0.3801787228	0.379840634	0.3353222534	0.3380209903
	0.3441834137	0.3483745004	0.3211590612	0.3044176203	0.3056863746
	0.3234829126	-3.217900645e-34	-0.008875663779	-6.679722595e-34	-0.007916643305
	0.2875134917	0.2689109778	0.269149035	0.2864206411	-0.02564152543
	-0.02756981157	-0.04100688638	-0.03591729739	-0.04453882411	-0.05196916589
	-0.05308770414	-0.04340786188	0.2518923607	0.2350865968	0.2516067251
	0.2346660217	-0.04213548299	-0.0396053061	-0.03116297376	-0.05039629651
	0.2024652119	0.2031759501	0.2188178606	0.218561616	0.1878824698
	0.1731192253	0.1723812612	0.1873481219	0.15879124	0.1582423525
	0.1449677986	0.14432547	0.131138397	0.1314896084	0.1185712553
	0.1180871048	-0.03385707243	-0.02405966273	-0.01318023942	-0.02271043779
	0.09363908603	0.09338053505	0.1057374262	0.1058084865	-0.01503933482
	-0.005116061908	0.005840172528	-0.003963159531	0.06992508871	0.08168923003
	0.08150932096	0.06990012523	0.01496919581	0.02610897999	0.01578817137
	0.004593099185	0.03675306796	0.04751853161	0.04717500365	0.03617680949
	0.05873583761	0.02538412936	0.05835118819	0.5679554192	0.5679251093
	1.221126072e-34	1.312773388e-34	-3.389556406e-34	-0.008970789104	-6.852538973e-34
	-0.008379097775	0.3346707631	0.3404413053	0.3788507271	0.3771085293
	0.3275706141	0.3318656133	0.3337929121	0.3400948858	0.2998685445
	0.3024078277	0.3190050794	0.3149894893	0.2855244922	0.2665649554
	0.2679336813	0.2830239565	-0.02937683044	-0.02906285558	-0.04770787552
	-0.04443381934	0.2515391388	0.2342716033	0.2348728471	0.2501076331
	-0.06222461841	-0.05907634334	-0.06458338417	-0.07142093954	-0.0649140629
	-0.06128956681	-0.05337537837	-0.07203536974	0.2192277415	0.2034676736
	0.2033471793	0.218630247	-0.05657151348	-0.04637372972	-0.03510753401
	-0.04500288598	0.1736104479	0.1884012235	0.1738170846	0.1884913622
	0.1457983532	0.1595063131	0.145372908	0.159458498	0.1192088636
	0.1320751212	0.1187400896	0.1321301563	0.1060996165	0.1063059799
	0.09357291309	0.09388435948	-0.02722575641	-0.03720586555	-0.01609465272
	-0.02593674851	0.08142910293	0.06965234989	0.0696827223	0.08174928443
	0.003827237665	-0.006405522459	-0.01769545977	-0.007400080441	0.0578561304
	0.05828049324	0.04648415375	0.04677514654	0.02483046662	0.01345910805
	0.01419381534	0.002776128362	0.02419340613	0.03577913815	0.03522209606
	0.5677022191	0.5687301298	1.192001581e-34	1.310653806e-34	0.3222589619
	0.3294470683	0.3751020745	0.3719779471	-3.411059826e-34	-0.007437241614
	-6.770052066e-34	-0.007470692014	-0.02889372452	-0.02613563559	-0.04882175461
	-0.04848630106	0.3161763181	0.3222279251	0.3194248831	0.3280229393
	0.2923816053	0.296398606	0.3115200428	0.3057180924	0.2809629519
	0.2616924428	0.2644507549	0.2770747731	0.2489543274	0.231354821
	0.2464499046	0.2332044499	-0.07928116032	-0.06954701937	-0.07162449643
	-0.0866186621	0.2181247379	0.201985243	0.2029763853	0.2166535418
	-0.09276213361	-0.08857463045	-0.07666405663	-0.08295222914	-0.08045045991
	-0.06979251873	-0.06839831793	-0.05797172462	0.1884209376	0.173515994
	0.1874823449	0.173701895	-0.03846382562	-0.04985433375	-0.06001506484
	-0.0484595672	0.145992999	0.1456336687	0.1591576255	0.159948408
	0.1189263068	0.1319735426	0.1194310355	0.1327140144	0.09353691152
	0.1060096291	0.1066467562	0.09387257848	0.069336457	0.08169454345
	0.0692966807	0.08116945425	-0.02887051994	-0.01867699711	-0.03004819365
	-0.04028792875	0.04603057183	0.05730157754	0.04576362783	0.05779152648
	-0.009398958613	-0.01999360476	0.00204431762	-0.008511335687	0.01206019218
	0.0230562481	0.03483776625	0.001142517051	0.0127463949	0.03428738977
	0.02362650914	0.565781093	0.5676931452	1.158162459e-34	1.30538614e-34
	0.3068013162	0.3154401558	0.3691854584	0.3646228288	0.3006382941
	0.3089558965	0.3010064699	0.311908445	-3.335042429e-34	-0.004617065371
	-6.569756831e-34	-0.005427166804	-0.0237461987	-0.01928196358	-0.04296884979
	-0.04619901527	-0.09471727405	-0.09136519794	-0.07272827785	-0.07013819283
	0.2816520283	0.2876017639	0.3007152329	0.2931651096	0.2736338941
	0.254195897	0.2586412225	0.2685363608	0.2405461567	0.2440729834
	0.2264881331	0.2294555205	0.2153436314	0.1993000487	0.2006422895
	0.2126432225	-0.1095925367	-0.1024921271	-0.1116763095	-0.1002498016
	0.1872343995	0.172241459	0.1723045783	0.1848567057	-0.09459648161
	-0.1053449419	-0.09300445832	-0.08209385853	-0.06145369846	-0.07177844198
	-0.07318683657	-0.08376382231	0.1596503042	0.1453812279	0.1448514506
	0.1575534181	-0.06330021955	-0.05307923157	-0.04151682096	-0.05171330481
	0.1190097094	0.1184777282	0.1310499029	0.1326877068	0.09341868253
	0.09315741912	0.1054170511	0.106538671	0.08061946795	0.06878102062
	0.08136246179	0.06874000672	0.04524425309	0.05660308972	0.04494241086
	0.05717541549	-0.03247574132	-0.04299990131	-0.02091795327	-0.03142375828
	0.0224729517	0.03388542544	0.02193136541	0.03332064818	0.01073065896
	-0.0003719324419	-0.011196669	-0.01037477993	0.0004234577308	-0.02201248294
	0.01138977642	0.5623582541	0.5651343138	1.098320529e-34	1.30887379e-34
	0.2882589218	0.2988309447	0.3611652494	0.3554020544	0.2803159246
	0.2917541806	0.2785797395	0.2914377481	-3.236246494e-34	-0.001600374029
	-6.380585165e-34	-0.00285607495	0.2771632848	0.2675031876	0.275813832
	0.2862515281	-0.03729817001	-0.01510552519	-0.01049160266	-0.03103530781
	-0.0914108887	-0.0941609166	-0.06615079362	-0.0589847824	-0.1158167362
	-0.1175605955	-0.1306431652	-0.1217120987	0.2635600277	0.2445669146
	0.2501519819	0.2572664971	0.2373331104	0.2203139485	0.2320050329
	0.223061889	0.2062009101	0.2113356974	0.1955146986	0.1959900337
	0.1697877477	0.1850004289	0.1691879731	0.1803336075	-0.1206946801
	-0.1298934111	-0.1075992797	-0.1182053412	0.1546182395	0.1582852731
	0.1436287149	0.1429391358	-0.1088089039	-0.09620425478	-0.08524825741
	-0.09742803254	-0.07656570856	-0.06478311063	-0.08685869421	-0.0750386528
	0.1316901282	0.1176808501	0.1292108419	0.117320963	-0.05461970067
	-0.06632458673	-0.05584079551	-0.044134245	0.09235310089	0.09234131394
	0.1041907176	0.1057038898	0.06778124626	0.06801367429	0.07964811564
	0.08057625646	0.05565529436	0.05632204941	0.04434437525	0.04393952962
	0.02131976056	0.02075814755	0.03224519187	0.03285139834	-0.03363607356
	-0.04534010469	-0.03460259131	-0.02289753287	0.009413257554	-0.001086358325
	-0.001822577837	0.01007211488	-0.01286128239	-0.0120771586	-0.02384387059
	0.557246274	0.561562339	9.818760986e-35	1.342804308e-34	-3.161868199e-34
	0.0005684334942	-6.261370222e-34	-0.0005060309719	0.266765211	0.2800183739
	0.3511154309	0.3447771366	0.2549565393	0.2699845276	0.2526857785
	0.2667221293	0.2509389197	0.2601067655	0.2681550642	0.2571488091
	-0.02401361802	-0.005870517962	-0.002301365444	-0.01652596898	0.2517047307
	0.2341649366	0.2378510494	0.2422285543	-0.04066124153	-0.07508334019
	-0.08435954406	-0.05043628985	-0.1172008018	-0.111195766	-0.1392704955
	-0.1361692795	-0.1501763827	-0.1467448565	-0.1338807886	-0.1415480238
	0.2297183691	0.2132382568	0.2133154366	0.2200027213	0.1970727823
	0.2061802999	0.1901693204	0.1889425492	0.1811166715	0.1655469367
	0.1645450478	0.1739491432	0.1400147498	0.1552008309	0.1503511939
	0.1403437589	-0.1228759601	-0.1100826029	-0.1220640401	-0.1353295138
	0.1293134373	0.115431207	0.1263555319	0.1152448055	-0.1111405699
	-0.1005442131	-0.08852796091	-0.09896778941	-0.07816355463	-0.09002716341
	-0.07954078712	-0.06766644385	0.1021952655	0.103934526	0.09099195848
	0.09055482142	-0.05710448107	-0.06891303882	-0.05820886576	-0.04639482925
	0.06689006893	0.06636264433	0.07813368858	0.07921478801	0.04267121087
	0.04324292948	0.05436115996	0.05514120113	0.031661869	0.03098415093
	0.01946575907	0.02009673738	-0.003271632748	0.008043777649	0.008731017106
	-0.0025464953	-0.04742590943	-0.02556051379	-0.03561776676	-0.01368573517
	-0.02470123408	-0.03652935557	-0.01445637887	0.5494857216	0.5571466987
	7.558978373e-35	1.411088421e-34	-3.120968854e-34	0.001536117765	-6.206433319e-34
	0.0009561894958	0.2434610335	0.2591109386	0.3396237972	0.3334613743
	0.001026607771	-0.003836442664	-0.01013898574	0.003016797121	0.227116451
	0.241704745	0.2236899703	0.2392612349	0.2343813464	0.2379873692
	0.2481646999	0.2303008434	0.2396034559	0.2232184898	0.2206769786
	0.221376206	-0.02058727122	-0.04973916432	-0.06302508693	-0.03011030153
	0.2207911524	0.2039296436	0.2042010152	0.2006784905	-0.1022000516
	-0.08876667	-0.1304922009	-0.1367053768	-0.1573450771	-0.1588136576
	-0.1684392847	-0.1582989732	-0.1622638868	-0.149829212	-0.1362717697
	-0.1491854105	0.1982836611	0.1819633731	0.1856168668	0.1803168233
	0.1743087882	0.1588637612	0.1588146306	0.1659527702	0.1353035555
	0.1498575569	0.1361255553	0.1447814924	0.1126913956	0.1224177928
	0.1254395794	0.1116115685	-0.1250832717	-0.1365057549	-0.112790549
	-0.1237321295	0.1012104492	0.08794023084	0.08897143067	0.0993488104
	-0.1141243166	-0.1020839911	-0.1035801124	-0.09154230751	-0.08083968753
	-0.07011766706	-0.08205767688	-0.09278384123	0.0772383091	0.064393839
	0.07599601522	0.06529280007	-0.04841960487	-0.05929427699	-0.07118138611
	-0.06031823707	0.04105268481	0.05264491929	0.04184507248	0.05357149432
	0.0302511593	0.01872596246	0.0179803885	0.02946840877	0.006559042168
	-0.004025855347	0.00730370337	-0.004784167351	-0.02722594126	-0.01604386422
	-0.02640345049	-0.03833135805	-0.04934838633	-0.01526253927	-0.03745360198
	0.5355998768	0.5495868468	2.448949768e-35	1.49225678e-34	0.001437133709
	-3.103520981e-34	0.001556107298	-6.18865742e-34	0.2240990818	0.2339592414
	0.3285964686	0.3215347864	0.004429087439	0.004284881875	0.0006094945049
	0.004891560676	0.2025965791	0.2026280905	0.188048713	0.2149051209
	-0.01120341279	-0.003972641488	-0.02371737679	-0.03668699782	0.1920414525
	0.2165999534	0.2079373759	0.2281811598	0.1943991865	0.224556582
	0.2077131267	0.2004731348	0.206545448	0.1895302426	0.1871640315
	0.1859758998	-0.0728433953	-0.05632748612	-0.1019282717	-0.1179326542
	0.1854175286	0.1697995924	0.1708442032	0.1727935825	-0.1470277551
	-0.177118081	-0.1744325678	-0.1567900943	-0.1774901453	-0.1849365379
	-0.1637418504	-0.1751516322	-0.1377344993	-0.1635272119	-0.1505093221
	-0.1498391075	0.1566619605	0.1518974671	0.1641818358	0.1495573778
	0.1425481942	0.1285447392	0.1379425513	0.1309910551	0.1203250982
	0.1173494207	0.1088875507	0.1067861358	0.09761140547	0.08613808849
	0.08446416147	0.09558165786	-0.1263809206	-0.1386499494	-0.1279118357
	-0.1157394553	0.07462148613	0.06180716772	0.07315816918	0.06311684389
	-0.1048721903	-0.116956088	-0.1061696861	-0.09409777859	-0.07228400287
	-0.08316228965	-0.0842693062	-0.09515893792	0.05155244717	0.05043029196
	0.04006443586	0.03901293044	-0.05029618722	-0.06129378911	-0.06225961786
	-0.07324246696	0.02855381853	0.0171328857	0.01623533788	0.02762719697
	0.004894369878	0.005727612329	-0.005592487368	-0.006421628945	-0.02889901131
	-0.01768568198	-0.0280721807	-0.01686803161	-0.05117161455	-0.0392083247
	-0.04007350781	0.500626599	0.5267618259	-5.479745142e-35	1.379118336e-34
	0.001274471171	-3.097944891e-34	0.001167995973	-6.187238263e-34	0.2184886983
	0.1958625788	0.3248481924	0.3009747508	0.004836995007	0.004452637638
	0.007333467669	0.006215984797	0.1792552104	0.1534613654	0.1394355632
	0.2000715869	0.006104488444	-0.003973351185	-0.01323610133	0.002134258838
	0.1867405668	0.1751717338	0.1996589787	0.144566172	-0.03921933673
	-0.02501950202	-0.06166453129	-0.08239512181	0.1655829134	0.1972347697
	0.1813264537	0.1808187605	0.1839150314	0.1686207345	0.1675543626
	0.1731276109	0.1684559304	0.1541097055	0.1596543775	0.1590816485
	-0.1119582778	-0.1325277795	-0.1621241244	-0.172207415	0.1520605276
	0.138182954	0.1458594827	0.1431166288	-0.1899885477	-0.1930921504
	-0.2008717455	-0.1925214989	-0.1917395577	-0.1639014828	-0.1776075866
	-0.1777629955	-0.1511813948	-0.1525169297	-0.1639587688	-0.140208027
	0.1339188697	0.1203601789	0.1295446852	0.1243209503	0.1109490929
	0.1039087612	0.1141129392	0.1008595619	0.09076573867	0.09309716628
	0.08012290636	0.08242320194	0.07128705958	0.05856166762	0.06952873717
	0.06029565089	-0.1183357661	-0.1291721246	-0.1305226664	-0.1413586148
	0.04900739037	0.03783472729	0.04764127148	0.03649849898	-0.1072604705
	-0.1193795272	-0.1084140785	-0.09632876439	-0.07426687691	-0.0972869735
	-0.08525851678	-0.08628417197	0.02649985841	0.01417478092	0.01525412148
	0.02539272768	-0.06409883563	-0.05209143399	-0.06317097088	-0.07516379631
	0.003939174079	-0.008238734461	-0.007307316586	0.002987447915	-0.04181612342
	-0.01856196724	-0.01944143347	-0.05295020553	-0.03063364732	-0.02976892035
	-0.04094091734	0.4034213614	0.4484310305	-7.244297107e-34	1.218287207e-34
	0.2170932197	0.1423923014	0.3300536893	0.2171473754	-6.193443211e-34
	0.0008959875601	-3.097563123e-34	0.000672261875	0.003786485066	0.003145626581
	0.006893528886	0.007345340583	0.1350754782	0.1125725212	0.0870113729
	0.1742160074	0.009622137843	0.007308021635	0.002578277864	0.008655207451
	0.1334309107	0.1448280646	0.1448060317	0.1046724326	-0.01215204212
	-0.002684206844	-0.02481331174	-0.04259252528	0.1380754153	0.1559342847
	0.1442071791	0.1588201595	-0.08803107052	-0.06435280936	-0.1199530791
	-0.1434167668	0.1575286533	0.1441968883	0.1556284573	0.1470901174
	0.1503695477	0.1369200288	0.1456786706	0.1425445678	0.1325122911
	0.1386404195	0.1255091065	0.1323148583	-0.2065976182	-0.173982519
	-0.207901352	-0.1886201133	0.123872739	0.110929544	0.1191915061
	0.1161292898	-0.2062547922	-0.1918932754	-0.2154685709	-0.2053229569
	-0.1771865521	-0.1650768309	-0.177793964	-0.191123824	-0.1659342444
	-0.1536443509	-0.1550227954	-0.142775951	0.1030968918	0.09773786525
	0.1066593893	0.09383845158	0.08485277789	0.08758438361	0.07778314014
	0.0748873511	0.06717594286	0.05461922397	0.05677740162	0.06506768132
	0.03346557231	0.04587906918	0.03510232049	0.04423323985	-0.1438118622
	-0.1315923425	-0.1327652252	-0.1205758084	0.02403190023	0.01303617158
	0.02271693131	0.0117520476	-0.0983526718	-0.1215125343	-0.1093873603
	-0.1104403811	-0.0761311911	-0.08720138481	-0.09924646821	-0.08816608058
	0.001882617706	-0.01028313275	-0.009223502607	0.0007886598329	-0.06498071986
	-0.06589131376	-0.07699644724	-0.05386259767	-0.02136184639	-0.02039850788
	-0.03154806267	-0.03247831519	-0.04270553005	-0.0436120924	-0.05473402983
	0.2305609951	2.533243044e-33	0.0004325055441	-1.550780747e-34	0.108427291
	0.244114674	0.09644951553	0.08656648598	0.002207728487	0.006025799533
	0.009937138921	0.009540713537	0.07945519435	0.1054971407	0.004364019694
	-0.01155674201	0.1141997737	0.1280023084	-0.09259415167	-0.0409431625
	0.1305091246	0.1338004661	-0.1992331655	-0.1528316807	0.130434747
	0.1292687973	0.1195456334	0.1233731345	0.1063207408	0.1123391435
	-0.2191552498	-0.2223918713	0.0903076406	0.09799948735	-0.2056391575
	-0.191192201	-0.1783742196	-0.1673118001	-0.1560904217	-0.1450175747
	0.0810707601	0.07218171373	0.06225992779	0.05253152057	0.04213058664
	0.03183136228	0.02110962483	0.01043846781	-0.1337049908	-0.1225850684
	-0.0004845773906	-0.01138466964	-0.1002334928	-0.1113389267	-0.07792863548
	-0.08903964918	-0.02242193824	-0.03345595635	-0.06677122427	-0.04454859498
	-0.0556593478	-0.1123143184	-0.1010844867	-0.03982242934	-0.08996291245
	0.004691253538	-0.07878596587	0.008707233332	-0.06768411064	-0.0565669546
	-0.04550464515	0.07356397896	0.01104104955	-0.03447353331	0.1068421337
	0.1182642535	0.008949689978	-0.02348584774	-0.01259186216	-0.001736081826
	0.1184975266	-0.0008936726189	0.008934343459	-0.02295905734	0.01957228622
	0.02988687807	0.100105361	0.0938560905	0.04018767332	-0.06437989612
	0.04995941308	-0.124153234	0.05976599776	0.06873981378	0.07784995999
	-0.1834969362	0.08568282192	-0.2202238277	0.1070747243	-0.229958233
	0.1112744883	-0.2202396715	0.1167463098	0.1216892129	-0.2051392436
	0.1194906101	-0.1911764779	0.1003634768	-0.1796012109	-0.1683331194
	0.07581620346	0.05859245876	0.07009936109	-0.1572859912	0.124797341
	-0.1459284241	-0.1347573492	0.001246827778	-0.1234537817	1.62390458e-37
	7.46198775e-33	0.03733051875	1.116903079e-33	0.002901857323	-1.029274449e-37
	0.04422674956	0.02417012831	0.05902845655	0.03724147562	0.006963306881
	0.01074660881	0.006078955016	0.011336088	0.09055643253	0.07067015108
	-0.04028299275	-0.008076612128	0.1076227912	0.09845391423	-0.09178462569
	-0.156989729	0.1079942573	0.1099194164	-0.2336914144	-0.2110177674
	0.1065796742	0.1046999757	0.09496673943	0.09931977332	0.08801482891
	0.08168306177	-0.2340493947	-0.2198596997	0.07349274078	0.06563969043
	-0.1921209744	-0.2044712628	-0.1805946384	-0.1695730377	-0.1582016236
	-0.14698766	0.05651729099	0.04755555818	0.02800702582	0.03774806182
	0.01771301158	0.00743735772	-0.003189320816	-0.01382122981	-0.1244347571
	-0.1356154255	-0.02466480796	-0.03552851535	-0.1131593743	-0.1020144873
	-0.07970326955	-0.09081506357	-0.05752253708	-0.04650739702	-0.0685837997
	-0.1028403563	0.009097722103	-0.09171526454	-0.08057221407	0.01181844202
	0.02470175628	-0.06951551533	0.03754555551	-0.0584843975	0.01037451176
	-0.04752629129	-0.03664871401	0.001992656122	0.09016586214	0.09777157563
	-0.02583896192	-0.01518729044	-0.01921474777	-0.004603813936	0.005707703639
	-0.06166170513	0.01595232939	0.02575729454	-0.1245869243	0.03551134273
	0.07637552669	0.04457983292	-0.1888265911	0.05364621422	0.06166833092
	-0.2311425877	0.0697967384	-0.2430727777	0.08325583408	0.08791580123
	-0.2347740675	0.09322836781	0.09541566922	-0.2189165815	0.09884846626
	0.09744366472	-0.2049128509	-0.1928736994	0.08361039723	0.06761003138
	-0.1818352536	0.05207641096	-0.170486091	0.01541267988	-0.1592473352
	0.01905666462	-0.1478160773	0.004310017022	-0.1365783644	-0.1252524239
	-0.1140744245	2.362674643e-33	1.134015652e-36	-0.006817268014	1.099463896e-33
	5.711703569e-37	0.00580678585	0.007149186848	0.01854464589	0.04894603511
	0.02828732159	0.01041310604	0.01198021803	-0.005049760677	0.008235704833
	0.06128301434	0.07661208023	-0.03366964745	-0.08949632566	0.08803963987
	0.08166912663	-0.1584335572	-0.2154966412	0.08729126919	0.08821570623
	-0.2469828826	-0.2471694144	0.0846136773	0.08219043826	0.07188522892
	0.07675560385	0.06490780474	0.05818063022	-0.2340276388	-0.2186512624
	0.04997558296	0.04187060719	-0.1940916859	-0.2053107314	-0.1715433574
	-0.1827774694	-0.1600594864	-0.1487692364	0.02363944969	0.03274482414
	0.004029981908	0.01384421024	-0.006240514272	-0.01654704107	-0.03778871081
	-0.02714561586	-0.1261600982	-0.1373764402	-0.05948273442	-0.04860843607
	-0.1148825279	-0.1037321971	-0.0925644	-0.07045154396	-0.08149137294
	0.01110650586	-0.09345737274	0.01132330717	-0.08238726477	-0.07141413656
	0.01767015821	-0.06051108226	0.004757595097	-0.04969711494	-0.01413681027
	0.05611399897	-0.03901920221	-0.02843094344	-0.01807358722	-0.05496171882
	-0.007812116221	-0.1204824147	0.07791801576	0.002080911164	0.01187370674
	0.02109961831	-0.1904497589	0.06594952382	0.03023466067	-0.2383748112
	0.03851783576	0.04674976808	0.05372655556	-0.2560202747	0.06075107154
	-0.2489292823	0.07143650625	0.07428683591	-0.2333146207	-0.2184085339
	0.07766324277	0.07862844765	0.07353283837	-0.2063743832	0.0695498285
	-0.1950059723	0.04589870528	0.02442428375	-0.18384759	-0.1723425056
	-0.003748394426	-0.01073767339	-0.1609940699	-0.1495365508	-0.1045486857
	0.006668181477	-0.1382644541	-0.1269383565	-0.1157533911	1.682954553e-33
	2.246201293e-36	-0.004690084402	6.307363893e-34	1.082852594e-36	0.007334928014
	-0.01161027988	0.01494030751	0.04223835613	0.02214675335	0.01113063885
	0.009780293819	-0.02860359373	-0.0002055290848	0.05146995189	0.06268805698
	-0.07993800322	-0.1535568223	0.06975069952	0.06585802334	-0.2200202881
	-0.2541285099	0.0681207682	0.06849468041	-0.2486849704	-0.2617799694
	0.06104617376	0.06429882136	0.04988209436	0.05536032115	0.0355273238
	0.0426887247	-0.2190710423	-0.2322850172	0.01876483727	0.02716427555
	-0.2072162947	-0.1961247533	-0.1846417216	-0.1732678213	-0.1617282806
	-0.1504049538	0.009531231635	0.0002374009011	-0.01955623062	-0.009625883255
	-0.02986594456	-0.04024387335	-0.06155840842	-0.05086518359	-0.1277891246
	-0.1390118535	-0.08332026554	-0.07239783859	-0.1054184522	-0.116538889
	-0.09431814327	0.007684141264	-0.09521566557	-0.007475822105	-0.08425371506
	-0.07339723925	-0.008008942222	-0.062658676	0.02041542877	-0.04615499781
	-0.0520222954	-0.04158338424	-0.031252618	-0.1107798291	0.05804265089
	0.06105312271	-0.021233683	-0.186154249	-0.01133511936	-0.001911277996
	0.007379994418	-0.2428976262	0.01596666668	0.04499123952	-0.2663247435
	0.0244180161	0.03184213909	0.03915862433	-0.2636822659	-0.2478714074
	0.0508243539	0.05453713859	0.05852059292	-0.232365996	0.05948612943
	-0.2195837805	0.05573602596	-0.2083489151	0.04609255725	-0.1969375673
	0.0380211967	0.01125903515	-0.1855689236	-0.01213480941	-0.1739772469
	-0.1625755553	0.007462752997	-0.1062391207	-0.1511190933	-0.1398385679
	-0.1285397408	-0.117380518	0.01080238014	1.129267592e-33	2.721128122e-36
	-0.007143652085	5.156662045e-34	1.225222195e-36	0.007666525094	0.009534955615
	-0.01111945148	0.01936129036	0.03448400153	0.01001769827	0.003707549837
	-0.0699895082	-0.01808417163	0.04920374719	0.04142401491	-0.1432570048
	-0.215161179	0.05082142961	0.05281658941	-0.2622585039	-0.2729193743
	0.0508833101	0.04929064943	-0.2471704519	-0.2638511517	0.04085531242
	0.04501217374	0.03475306313	0.02861593445	0.01345132218	0.02107978274
	-0.2206090543	-0.2323494054	0.004830218522	-0.003892036062	-0.1978733828
	-0.2091878057	-0.1862495518	-0.1747947369	-0.1632453265	-0.1519142074
	-0.01330822786	-0.0228197731	-0.04288269889	-0.0328070086	-0.06375360589
	-0.05327504894	-0.07443394307	-0.08520683548	-0.1293482435	-0.1405458881
	-0.09609856507	-0.1181564814	-0.1070991619	-0.08618248721	-0.03338534496
	-0.007446294751	-0.07546834687	-0.06492302519	-0.09665289144	-0.05448889066
	-0.04431942075	-0.1758803533	-0.03427196438	-0.02462538712	-0.2410908332
	-0.01511959507	0.04345976621	-0.006204709146	-0.2751492892	0.002546303692
	0.04017411699	0.01044371807	0.03561851033	-0.277219937	0.01816054861
	0.02466205919	-0.2632748299	0.03099485581	-0.2465408096	0.04234835509
	-0.2330844626	0.04465647945	-0.2213742732	0.04253311405	0.03604898717
	-0.2101522194	0.03021792847	0.01670474543	-0.198563613	0.007513492164
	-0.01182983778	-0.187052208	-0.1754336726	0.007577007878	-0.09700725756
	-0.1640147298	-0.1079342036	-0.152584525	-0.1413251448	-0.1300834753
	0.00881365412	-0.1189816691	-0.00119431779	8.77315604e-34	2.872142644e-36
	-0.005288009947	3.866133247e-34	1.280419709e-36	0.007569160289	-0.01120129694
	0.005998293965	0.02644879747	0.01526983043	-0.01000494288	0.006894403416
	-0.05156387911	-0.1271668634	0.0362308598	0.03133166045	-0.2610089614
	-0.2072502501	0.03681613806	0.03652358189	-0.2849916834	-0.2784831225
	0.03404594222	0.03127253312	-0.2466465553	-0.261991524	0.02126559923
	0.02632199717	0.007802705731	0.01460585435	-0.008278262164	-0.0001701469943
	-0.222364094	-0.2336190885	-0.01722172719	-0.02628136666	-0.1993417907
	-0.2108371637	-0.1761551468	-0.1876403461	-0.1533171787	-0.1646296322
	-0.03592580628	-0.04567139505	-0.05581595052	-0.06605464036	-0.076556243
	-0.08715474218	-0.09791796305	-0.1087917962	-0.1308619501	-0.1420054541
	-0.1197595358	-0.07581861022	-0.07761381829	-0.1581509131	-0.06728059566
	-0.05706185704	0.00387592581	-0.04718116103	-0.2335904559	-0.03742967059
	-0.2779732324	0.02606991384	-0.02817743457	-0.01908011083	0.02948276981
	-0.01070292467	-0.2903935536	-0.002514988817	-0.2788526437	0.004655664855
	0.01160150971	0.01713344846	-0.2615727843	0.02243584494	-0.2466443685
	0.02579951991	0.0290127839	-0.2345647806	0.0298458953	-0.2230556036
	0.02213844357	0.0124567884	-0.2116353319	-0.1999157038	-0.0113641379
	-0.006066228725	-0.1883371292	-0.1767335579	-0.08816989427	0.007412265771
	-0.165330081	-0.1539568099	-0.1427486909	-0.131594002	0.003654194314
	-0.1205758499	-0.02041667179	-0.1096470762	-0.0988369201	6.669330016e-34
	3.126848835e-36	-0.004803352186	2.93130766e-34	1.488657779e-36	0.006740907138
	0.002272573664	-0.01087337878	0.01827892748	0.01035206956	-0.0006299538054
	-0.03621518736	-0.1883476297	-0.1022586764	0.02114277917	0.02369462394
	-0.2574453151	-0.2893302371	0.0213592475	0.02261377197	-0.2781933351
	-0.2937587843	0.01758760324	0.01366484912	-0.2608167568	-0.247248487
	0.007899362379	0.001963094447	-0.005344273777	-0.01280544943	-0.02985343023
	-0.02126847617	-0.2238680004	-0.2351877548	-0.03915100333	-0.04854937618
	-0.2005673091	-0.2121581688	-0.1888397749	-0.1773751793	-0.1658994891
	-0.1546417915	-0.06842606812	-0.05844224944	-0.08915100098	-0.07874240326
	-0.1105030612	-0.09977470094	-0.1213634203	-0.1323522824	-0.1434146637
	-0.2164275989	-0.07979872989	-0.005634079787	-0.06968440862	-0.05967959182
	-0.2755029043	-0.05009429714	-0.2987137562	-0.04063519513	-0.03178674141
	0.01595196355	-0.02309595084	-0.2949132598	0.01572922976	-0.01527236626
	-0.277571938	-0.007652337505	-0.001234085406	0.004927831064	-0.2609013601
	0.009451755093	-0.2476296842	0.01371609003	0.01747380132	-0.2360158541
	-0.2244137921	0.01396191725	0.007325740584	0.0001680271507	-0.2128122019
	-0.01146795532	-0.2010394975	-0.1894561158	0.006117074973	-0.09019370153
	-0.1779008024	-0.1665515205	-0.1113774665	-0.1221730808	-0.1552620034
	-0.144134889	-0.007568318223	-0.1330888133	-0.05382081249	-0.1006936528
	-0.1317891187	4.893010547e-34	3.395701121e-36	-0.004467638513	2.06311875e-34
	1.774771772e-36	0.003899749993	-0.001695386806	-0.0117166751	0.009970666757
	0.004634267529	-0.01578298301	-0.07642421067	-0.2405657981	-0.1614544005
	0.01132052757	0.0107934116	-0.2910967542	-0.3040537828	0.006060267136
	0.008772919994	-0.2768961072	-0.2949423362	-0.003873017775	0.0011644627
	-0.248272422	-0.2607666561	-0.01053057046	-0.01731995609	-0.03341341957
	-0.02531556284	-0.05142608625	-0.04238072753	-0.2250045675	-0.2365356192
	-0.06108136005	-0.07080685156	-0.2132150233	-0.2015727659	-0.1898947273
	-0.1784785057	-0.1670915924	-0.1559150411	-0.08094746108	-0.09116193258
	-0.1122244548	-0.1016493764	-0.1338327598	-0.1229721527	-0.1447974794
	-0.07206129113	-0.3024126051	-0.06225127496	-0.05295463721	-0.3081656095
	-0.004036058155	-0.04376465463	0.001407288914	-0.03531782303	-0.2947360513
	-0.02701035314	-0.01974586211	-0.276313284	-0.01267067146	-0.007024826032
	-0.2611281984	-0.001608170197	0.001868764321	-0.2487046551	0.005095176207
	0.005574677597	-0.2371188004	0.005540570821	-0.2254224272	-0.01267506922
	-0.2137139155	-0.00567318793	-0.2019819469	0.001732335666	-0.08196322387
	-0.1904367656	-0.09220964999	-0.1789759061	-0.1677106452	-0.1565297621
	-0.02811988417	-0.1455031289	-0.1345761095	-0.09998489157	-0.1237694375
	-0.1131081706	-0.1893713747	-0.102546519	-0.2620757749	3.328988287e-34
	3.45428856e-36	-0.004693656459	1.333736913e-34	1.746027904e-36	-0.00337415472
	-0.01355361209	-0.006260693018	-0.001830145296	0.001336958394	-0.0418473096
	-0.1261296951	-0.2788713188	-0.2157669424	0.0001127330643	-0.001217667507
	-0.3116206994	-0.3099317962	-0.009432254316	-0.005316731151	-0.2937444938
	-0.2760633861	-0.01551941058	-0.02162627124	-0.2492099971	-0.2611637329
	-0.03680444017	-0.02919972078	-0.0541793778	-0.04548185886	-0.07310836098
	-0.06363250751	-0.2258267738	-0.237437168	-0.0831016365	-0.09313026985
	-0.2140222704	-0.2024153835	-0.1908425262	-0.1795059073	-0.157161762
	-0.1682446417	-0.1035015717	-0.1139282323	-0.1353037654	-0.1245743345
	-0.1461710959	-0.317783793	-0.06465717319	-0.3112802019	-0.05563210473
	-0.04666435554	-0.0386094019	-0.2934243627	-0.030625089	-0.2756508012
	-0.02391369931	-0.005277976727	-0.01729138744	-0.01241066036	-0.2616158646
	-0.007622711474	-0.2494506409	-0.003340513953	-0.005384949326	-0.2378525487
	-0.00894713921	-0.2260968768	-0.01493451993	-0.006190259154	-0.2144186125
	-0.2027798088	-0.07431260705	-0.008555363806	-0.1913332024	-0.1799997043
	-0.1043414681	-0.1688418687	-0.157783918	-0.05992822938	-0.1468607954
	-0.1514938496	-0.1360503846	-0.1253419677	-0.1148025611	-0.2375409994
	-0.2940666904	-0.09415031518	-0.08402117107	2.016686714e-34	2.429728581e-36
	-0.005300688889	7.413040816e-35	8.659777476e-37	-0.01726816751	-0.01642687653
	-0.01165992749	-0.007895513077	-0.009208824017	-0.0789982586	-0.1763200818
	-0.3049081323	-0.2574435262	-0.01424827876	-0.0111388005	-0.3112374769
	-0.3225895725	-0.01995381846	-0.02541898643	-0.2925312011	-0.2755070999
	-0.03270779204	-0.03983070653	-0.2497361567	-0.2616034065	-0.04829515711
	-0.05665941449	-0.07521682119	-0.06597107711	-0.08511162374	-0.09497551395
	-0.2379654536	-0.226381134	-0.115566116	-0.1052692197	-0.2031646555
	-0.2146460149	-0.1917287694	-0.1805097995	-0.1693884599	-0.158401636
	-0.1367499479	-0.1261393599	-0.1475372084	-0.311561533	-0.06675488013
	-0.05797871489	-0.04913777169	-0.2921084715	-0.04144047957	-0.2752933305
	-0.01328900956	-0.0336146379	-0.02739240362	-0.02099873884	-0.2618512844
	-0.016867326	-0.2497983464	-0.013001431	-0.01485138999	-0.2382446268
	-0.0182575366	-0.2265338164	-0.0070749069	-0.2150106736	-0.02612097994
	-0.07632318266	-0.2034992296	-0.1922156469	-0.09593037231	-0.1060033914
	-0.1810126249	-0.1699796553	-0.1006112202	-0.1590344139	-0.1988874552
	-0.14820177	-0.1374884467	-0.1268482614	-0.2728382435	-0.1164054168
	-0.3149750862	-0.08586549725	-0.3251956635	9.931089691e-35	-4.224082581e-37
	-0.006293675169	3.090159522e-35	-8.991892222e-37	-0.03800669917	-0.01823290126
	-0.02035451267	-0.01809220938	-0.01783277744	-0.1221793582	-0.2186963309
	-0.2865140464	-0.3216185613	-0.02323848564	-0.02806933059	-0.32713097
	-0.3108713213	-0.03538899758	-0.04213615277	-0.2914497584	-0.2749554662
	-0.05866656857	-0.05058911212	-0.2617632424	-0.2497891543	-0.07699874443
	-0.06794817261	-0.09660054644	-0.08686836201	-0.1170732249	-0.1068733319
	-0.2267221266	-0.2382553829	-0.1276183844	-0.1381401551	-0.2038822159
	-0.2152115093	-0.1926245261	-0.1815338014	-0.1705459564	-0.1488796798
	-0.1596414173	-0.05974753597	-0.2908893501	-0.008294766932	-0.05078371295
	-0.04330646618	-0.02211729202	-0.2748266277	-0.03531173153	-0.02948366505
	-0.261635541	-0.02385872828	-0.02273666569	-0.2497789138	-0.02271731354
	-0.23834626	-0.2268604167	-0.05002666527	-0.06834020578	-0.2155510446
	-0.07795451534	-0.2042360115	-0.1931316414	-0.1820592926	-0.1432079158
	-0.1711384954	-0.1178505748	-0.1282305039	-0.1602791934	-0.2360473297
	-0.149502173	-0.1388524938	-0.296988344	-0.3275496747	-0.1074434122
	-0.0974555853	-0.3278886531	-0.08736833273	-0.3107659117	2.962102022e-35
	-5.31232967e-36	-0.007658874463	5.105995089e-36	-3.668809109e-36	-0.06364018782
	-0.02641341057	-0.02543736426	-0.02973079175	-0.02821357939	-0.1631721126
	-0.2495081221	-0.3311749821	-0.3058852643	-0.04291271592	-0.03648261482
	-0.3100684822	-0.328165107	-0.05178696373	-0.05974542032	-0.2743345957
	-0.2902490617	-0.0782329126	-0.06927632042	-0.2495276803	-0.2614268259
	-0.08822333096	-0.09788250805	-0.1183699489	-0.1082174686	-0.1394265566
	-0.1289461049	-0.2383499597	-0.2269664834	-0.1608664536	-0.1501649767
	-0.2158047483	-0.2046295334	-0.19358753	-0.1825995143	-0.1717245715
	-0.28976426	-0.0507843831	-0.2741280377	-0.04345300843	-0.03645324056
	-0.03435326289	-0.2610608334	-0.03120150174	-0.2494619638	-0.02840614256
	-0.009839661227	-0.2382765723	-0.2271510613	-0.06026671329	-0.07710969503
	-0.2160948001	-0.2050453441	-0.08827594545	-0.1940899979	-0.1831558893
	-0.1797707712	-0.1722933021	-0.1190470699	-0.2614015799	-0.1614931585
	-0.1507085503	-0.140086171	-0.3123007596	-0.1294046172	-0.3340239116
	-0.1085266452	-0.09856519046	-0.328185866	-0.309688256	-0.07887650821
	-0.06889223051	-4.563516063e-36	-1.234654684e-35	-0.009375635732	-2.229753319e-36
	-7.675938316e-36	-0.09031419301	-0.03173148219	-0.03666993511	-0.0434586094
	-0.04103363683	-0.1949310385	-0.2687571433	-0.3175281532	-0.3352445419
	-0.05120237312	-0.05894931013	-0.3277849203	-0.309193444	-0.07829483101
	-0.06919746456	-0.2737047315	-0.2891563222	-0.09851521178	-0.0887668018
	-0.2491513334	-0.2607307534	-0.119298492	-0.1090989154	-0.1405114123
	-0.1300016168	-0.1513111252	-0.1620123318	-0.2382860065	-0.2272258683
	-0.1836786434	-0.1728770032	-0.2164230265	-0.2054339987	-0.1945973524
	-0.2735338462	-0.05151418918	-0.01165776999	-0.0488819991	-0.04252697348
	-0.2604101325	-0.03523027078	-0.2490503767	-0.2381603239	-0.1027855599
	-0.0592368873	-0.2274250207	-0.2166434034	-0.07822971479	-0.08789070321
	-0.2058740579	-0.1950209145	-0.204964759	-0.1842176012	-0.1197191723
	-0.2756098568	-0.1733321991	-0.1625656197	-0.1516715334	-0.3199785778
	-0.1410265314	-0.3359747022	-0.1301469657	-0.1088610981	-0.3273938825
	-0.09874444645	-0.3088601629	-0.06760940844	-0.2889806552	-2.03403419e-36
	-2.12371744e-35	-0.01133745989	8.861259906e-36	-1.277253432e-35	-0.1133492075
	-0.04925333931	-0.03896791699	-0.05705375946	-0.06014728093	-0.2137289215
	-0.2775583459	-0.3351599116	-0.3219540886	-0.07643887977	-0.06793623403
	-0.3269830922	-0.3086661191	-0.09766250892	-0.08757018444	-0.2734615503
	-0.2888205166	-0.1193521723	-0.108898773	-0.26017996	-0.2488805863
	-0.1410890239	-0.1304189853	-0.1520674839	-0.1628584599	-0.1737941057
	-0.1846003711	-0.2275064848	-0.2381707771	-0.1954827639	-0.206189474
	-0.2169630502	-0.04255338942	-0.2602521267	-0.01351184941	-0.2489624255
	-0.1224683006	-0.05607125493	-0.2381167019	-0.06689725947	-0.2276771036
	-0.2170568947	-0.2065094038	-0.216652838	-0.1956687382	-0.09718789126
	-0.1076342876	-0.1849521784	-0.279408242	-0.129835066	-0.1739216482
	-0.1631160347	-0.3202918374	-0.1519485389	-0.1411435708	-0.3341844714
	-0.119108159	-0.3261418567	-0.3088367154	-0.08619056125	-0.0776734448
	-0.2892472475	-0.07000463822	-0.2738405393	3.541850024e-35	-3.106080552e-35
	-0.01322644696	3.638833385e-35	-1.826287511e-35	-0.1285221479	-0.0460849623
	-0.06360774891	-0.07662723508	-0.08080490175	-0.2185291552	-0.2764353328
	-0.3188173442	-0.3315366461	-0.08782814055	-0.09615663532	-0.3259421309
	-0.309207076	-0.1070925023	-0.117748059	-0.2746205904	-0.2902253926
	-0.1404298205	-0.1294097362	-0.249224538	-0.2606924793	-0.1518461916
	-0.1628692478	-0.1849443535	-0.1740136306	-0.2065976503	-0.1958545419
	-0.2382717132	-0.2172479237	-0.2277866439	-0.2618352915	-0.2501272995
	-0.13254137	-0.2386418534	-0.2281386461	-0.07050504272	-0.2172624001
	-0.2067292935	-0.2146265771	-0.1956562406	-0.1002353812	-0.2727571626
	-0.1848564896	-0.1735232381	-0.1625133105	-0.3127950709	-0.15098153
	-0.3284270038	-0.1399300672	-0.1284328867	-0.11795882	-0.3244255361
	-0.1077632262	-0.3101012404	-0.09275731849	-0.08795146475	-0.2917626214
	-0.2763712851	-0.04872814906	-0.0148576833	1.015306183e-34	-4.024946995e-35
	7.543879985e-35	-0.01438788059	-2.29500957e-35	-0.1327301792	-0.07731456123
	-0.05083178303	-0.1057348537	-0.09831178567	-0.264856642	-0.2095733503
	-0.3236009748	-0.3070643875	-0.1200146225	-0.1126777837	-0.3238967874
	-0.3111956862	-0.1396006951	-0.1293228912	-0.2945217876	-0.2788771518
	-0.150830596	-0.1619955224	-0.2516579667	-0.2640173688	-0.1846190152
	-0.1734237043	-0.1957654308	-0.2068185387	-0.2176587782	-0.2287445242
	-0.2396791807	-0.1306139821	-0.2547383003	-0.01491422485	-0.2418387483
	-0.2305274164	-0.2187174015	-0.1994012382	-0.1086704999	-0.2077247213
	-0.2548108802	-0.1962081792	-0.1852478821	-0.1739291412	-0.1433858897
	-0.2961024852	-0.1632725609	-0.3168780367	-0.152677777	-0.1346235948
	-0.3206776681	-0.1281685455	-0.3120661231	-0.1187252048	-0.08208092657
	-0.2973784104	-0.05099673043	-0.282717423	-0.2674305749	1.848657857e-34
	-4.663257316e-35	-0.01399439926	1.185602667e-34	-2.531297003e-35	-0.1241781016
	-0.08518647462	-0.05016006325	-0.1164790905	-0.1316525392	-0.2414979316
	-0.1875425776	-0.2846135536	-0.308276628	-0.1425174786	-0.1501470326
	-0.3176678432	-0.3126532477	-0.167172948	-0.1579384288	-0.3013874161
	-0.2874571558	-0.1877858916	-0.1769802655	-0.2725870116	-0.2592269408
	-0.1987490434	-0.2102825022	-0.2216835692	-0.2338516163	-0.2458259487
	-0.251771573	-0.2396020371	-0.01312292368	-0.1718457645	-0.2271467434
	-0.08460705255	-0.2159811618	-0.2244213716	-0.2047043657	-0.1947146962
	-0.2676789906	-0.1846975179	-0.1762542911	-0.2952724978	-0.1665582222
	-0.1577244853	-0.3096944735	-0.1410914087	-0.120706519	-0.310255178
	-0.04675327846	-0.3032407858	-0.2920890256	-0.115628276	-0.2784107306
	-0.265457803	-4.761822447e-35	2.703512711e-34	-0.01168736952	1.581146068e-34
	-0.1026837997	-2.384199095e-35	-0.08085626609	-0.04233519437	-0.1473509383
	-0.1204364977	-0.1536631118	-0.205205639	-0.2797078423	-0.2485471363
	-0.1683599487	-0.1816237723	-0.2994033332	-0.3054712892	-0.1923904394
	-0.202739773	-0.303787358	-0.295723878	-0.2237388669	-0.2124718767
	-0.284628623	-0.2724814969	-0.2472453166	-0.2347146722	-0.2593782394
	-0.2647001382	-0.2537101186	-0.1336463129	-0.2416593774	-0.18146064
	-0.07321338032	-0.2307379191	-0.2182391095	-0.2065096347	-0.224897161
	-0.1903386834	-0.2574264591	-0.1727569595	-0.1451730484	-0.1133145616
	-0.2815016201	-0.2928517031	-0.0361103787	-0.009824539793	-0.2966214415
	-0.2932414935	-0.08835593997	-0.2856576383	-0.2761342813	3.439019591e-34
	-4.086171068e-35	-0.008152319573	1.89162115e-34	-0.0704082852	-1.774855102e-35
	-0.06281168301	-0.02950771115	-0.1015676797	-0.1366659961	-0.1106362463
	-0.1569796438	-0.2318534661	-0.1974768908	-0.1914347881	-0.1681465013
	-0.2741018577	-0.2578993558	-0.2263120713	-0.2107508878	-0.2826600728
	-0.2834975087	-0.2395534885	-0.2519579683	-0.2723868373	-0.2797761619
	-0.2626865075	-0.0882021862	-0.2340334498	-0.006138675092	-0.1290403809
	-0.2185290335	-0.2013238196	-0.1781604337	-0.1685771218	-0.1520109863
	-0.2002205617	-0.1193705425	-0.08472021557	-0.05086384971	-0.2270465133
	-0.02275481784	-0.2448140977	-0.2562025599	-0.05224440551	-0.2605921776
	-0.2593767519	-0.2544707665	-0.2450950614	3.980122946e-34	-2.588613822e-35
	-0.004629011231	2.107067388e-34	-8.027367455e-36	-0.03255877006	-0.03863042937
	-0.01651548464	-0.06660356832	-0.09775560486	-0.1022687005	-0.06351947968
	-0.1664270748	-0.1362428426	-0.1284992214	-0.1550422318	-0.1899159218
	-0.2080010742	-0.1783989588	-0.1961483267	-0.2194405763	-0.2248076274
	-0.2104798849	-0.2249731806	-0.2196363889	-0.07458367416	-0.1234511274
	-0.09989100206	-0.106811559	-0.07446624139	-0.04891944197	-0.1316636284
	-0.02761558094	-0.01112866465	-0.1522601654	-0.003004763718	-0.1669034483
	-0.01377324013	-0.1441138765	-0.1598376935	-0.1761381236	-0.1800507687
	-0.1781625713	-0.1718571837	-0.04119008224	4.341255479e-34	-6.107678952e-36
	-0.001909037033	2.248571217e-34	2.500462199e-36	0.003358261108	-0.006803959914
	-0.018458121	-0.05264350183	-0.03372350919	-0.05042516138	-0.01886988313
	-0.09871128946	-0.07693600874	-0.09080163761	-0.07233865336	-0.113662267
	-0.1249619016	-0.1073114389	-0.1194880086	-0.1316484583	-0.1304417961
	-0.1280506523	-0.03497403654	-0.0217005668	-0.05220826138	-0.01141639702
	-0.06926330334	-0.003640109876	-0.0008696097864	-0.0809737531	-0.08766685532
	0.01874161103	-0.04871682969	-0.08998382943	-0.08825993071	-0.0828180023
	-0.07388608183	1.452750029e-05	-0.06234378823	-0.02734289569	4.581038508e-34
	1.109986805e-35	-0.0003005698094	2.342540158e-34	1.012923126e-35	0.03039359314
	-0.006562784532	-0.001458908211	-0.01279066914	-0.02171431808	0.01710858999
	-0.008773900334	-0.04513903565	-0.0301231752	-0.03083920675	-0.04016827936
	-0.05323006707	-0.05741132823	-0.04782923677	-0.05395098536	-0.0569000461
	-0.01304313201	-0.0002138310392	-0.02577925375	0.0001445925828	-0.032579667
	0.03880275067	-0.03471767844	-0.006916349851	-0.0336186673	-0.02995687907
	-0.02498366307	0.02946265536	-0.01876358933	0.006799327825	-0.01275603083
	-0.003032325598	4.74078723e-34	2.076356582e-35	0.0003208421192	2.402559659e-34
	1.243149614e-35	0.04349055623	0.0006456477682	-0.001100265457	-0.007398142392
	-0.003309458449	0.03932905653	0.01891942937	-0.01092257952	0.000999168329
	-0.01097536315	-0.01503485794	-0.0168191625	-0.01754149265	-0.01884923981
	2.986431128e-05	0.04461569044	0.0004018575508	-0.005855137538	-0.007952853677
	-5.912181766e-06	-0.007734068098	-0.005990199446	0.04404532971	-0.003941284649
	-0.001566459321	0.02689600101	0.0008955383645	0.01109319273	4.839766463e-34
	2.190458103e-35	2.438612677e-34	0.000416513019	1.077597519e-35	0.04318417298
	0.0003431154148	0.0009970758168	-0.001368597786	-0.0003211321149	0.0323055607
	0.04608538523	0.01821541498	0.007884006838	-0.001534170896	-0.0009642385187
	0.001956545259	0.03906756436	0.006520168589	0.003151092626	0.001443150754
	0.0008507155544	0.04394002028	0.0006706116296	0.03327487112	0.0007800209245
	0.0003369807459	0.02192997897	0.01243500512	4.898799778e-34	1.774569709e-35
	0.0002957179935	2.460266425e-34	7.547446476e-36	0.03400354911	0.000781894245
	0.001314817772	0.004958333991	0.002686560386	0.03978705093	0.03258575943
	0.02292073139	0.008814711378	0.0146320468	0.008820622486	0.004903593164
	0.000236740044	0.002321981339	0.03380956017	0.0009253798262	0.0285886428
	0.02143336154	0.02788166946	0.01414598876	4.935522355e-34	1.189665224e-35
	0.0003368528933	2.475110744e-34	4.549093552e-36	0.02213182483	0.003831073935
	0.001442798941	0.01248376359	0.007554409277	0.02721559329	0.02434687475
	0.01839474401	0.002087850194	0.02099368004	0.0004318463702	0.01879632589
	0.01668750914	0.01450702773	0.009439236388	0.005251599717	4.96412802e-34
	6.809397835e-36	0.0006706076698	2.488233888e-34	2.436456907e-36	0.01214783827
	0.006431049272	0.002908377426	0.01046895266	0.01524878483	0.01409182923
	0.01064427791	0.009472035259	0.008474110021	0.006624789786	0.003309077854
	0.0008242395853	4.991970265e-34	3.340177858e-36	2.499548277e-34	0.0009612072731
	1.155618134e-36	0.005531603852	0.003488862118	0.005833386703	0.006881771513
	0.003472540057	0.002901973645	0.0009158929089	0.003959254435	1.350211378e-36
	5.014022777e-34	0.0007421864091	2.504680784e-34	4.24696975e-37	0.00198149562
	0.001754188961	0.0007786373403	0.0004669126658	3.42554733e-37	5.020187612e-34
	2.502096301e-34	0.000128152392	-3.247612716e-37	1.238964279e-34	1.406043565e-36
	5.013428511e-34	
