3721	
	3.180720187e-35	-2.161843595e-34	-3.075478544e-34	2.748394653e-35	-1.233697977e-34
	0.06638140769	0.01024586914	-4.580894856e-34	-1.378896918e-34	0.01039671192
	0.121425353	0.1024081729	-6.449390967e-35	2.462081197e-35	-0.00226270765
	-0.02494426453	-0.02952212134	-0.06379588741	-4.47173145e-34	-2.528188436e-34
	-0.002750116948	4.536257491e-35	-2.979823862e-35	0.1630779043	0.1493328051
	-0.08269282521	-0.06119860694	-0.04243594072	-0.0550194151	-0.004581537617
	-0.01273407173	-0.0007551535084	-4.370019005e-34	-0.02546104925	-0.03929251167
	-2.307474952e-34	0.1932376019	0.1823315186	-1.1492705e-35	6.333449581e-35
	-0.05902219674	-0.06091433334	-0.08697269884	-0.08042215993	-2.230754862e-34
	0.00106520983	0.001907684175	-4.325948933e-34	0.002284134698	-0.003306429253
	-0.04928383419	-0.01850831083	-0.04292712855	0.000201234885	-0.02541660975
	0.2186033403	0.2075854382	5.63595008e-36	7.67488684e-35	-4.289664662e-34
	0.001049144814	-2.187953328e-34	0.001038291868	-0.07215537368	-0.07909742767
	-0.0463563056	-0.05556142106	-0.02344424869	-0.04474679065	-0.02373276397
	-0.04089701593	0.007119802433	0.003424205639	0.005210211208	0.003766214553
	-0.004198131109	-0.004154310721	0.00438580707	0.2460552065	0.2322224654
	2.553054785e-35	8.635031144e-35	-0.03569514695	-0.05470475997	-0.03158716863
	-0.01128570191	0.0008279339117	-4.212909397e-34	0.0006684638789	-2.147311888e-34
	0.002934221033	0.003369681208	0.008161762855	0.007695550211	-0.01427595123
	-0.02812854579	-0.004341560858	-0.01323548088	0.001736149039	0.0131957093
	0.01105057209	0.0101923412	0.008831966078	0.01731057059	0.01504921412
	9.446703076e-35	0.279309345	0.2619665267	4.813953762e-35	0.01766171704
	-0.009312356287	0.01167532473	0.03959749016	0.03519490987	0.0149205005
	0.03303141531	0.008579458348	0.001469321982	-2.093304211e-34	-4.092659772e-34
	0.001018713393	0.003968053422	0.005208934716	0.01246281409	0.009736753474
	0.02397516939	0.03117032129	0.01690693638	0.02100599718	0.03921867124
	0.02560449463	0.02878961004	0.0287416151	0.04560737741	0.04501413196
	0.04552825612	0.3180104732	0.2982781596	7.152771379e-35	1.027454193e-34
	0.06710570533	0.09781261233	0.07871182632	0.04931898904	0.08831915624
	0.06256889019	0.09010015718	0.06078487544	-2.020850893e-34	0.002621565525
	-3.927385058e-34	0.002003835318	0.06914832469	0.09272394244	0.09461052082
	0.06874787611	0.01611570009	0.007210148191	0.009387211488	0.02044145305
	0.04864302217	0.03948425039	0.03365573874	0.02714285125	0.06090543629
	0.07594943891	0.05138878258	0.09213362882	0.08491840533	0.06281569471
	0.06755528548	0.3592020157	0.3388321065	9.35629333e-35	1.119789477e-34
	0.138616855	0.110999647	0.125495711	0.1552006406	0.1178446715
	0.1477833044	0.1186894721	0.1433177428	-1.927730218e-34	0.004057128556
	-3.717930065e-34	0.003353674985	0.1462865479	0.119261964	0.1421847531
	0.1205411907	0.02500344296	0.02967525911	0.0119417415	0.01450747863
	0.1407826918	0.1170954865	0.1338896796	0.1109255115	0.04749586267
	0.06618540518	0.04092920471	0.05778742451	0.1264864091	0.1146751967
	0.08939926253	0.08425900579	0.1008156072	0.07465047451	0.1020698335
	0.3996375326	0.3801482118	1.126483644e-34	1.215719003e-34	0.1920161725
	0.1684011121	0.1803195535	0.206882162	0.1925842236	0.1705020805
	0.1994894285	0.1737060188	-1.814849621e-34	0.005436042346	-3.474590015e-34
	0.004792871669	0.1918622661	0.1847257622	0.1657474767	0.169534347
	0.03737808369	0.03382920181	0.01712226691	0.01932380357	0.1808195684
	0.1728861397	0.1556586056	0.1617698588	0.05788439725	0.07300276764
	0.07772235131	0.05363256657	0.1555393618	0.1373620983	0.1658781977
	0.1478974823	0.09233142743	0.1442128468	0.1144866492	0.09711572244
	0.1303165771	0.1092766079	0.1247738086	0.4370031177	0.4193293235
	1.281661911e-34	1.306413801e-34	0.2369010718	0.2178412401	0.2283133629
	0.2510031129	0.2336629255	0.2157833723	0.2428080443	0.2213605816
	0.2186671174	0.2038907299	0.2110341518	0.2291716735	0.005947198381
	-1.690710741e-34	0.006386837021	-3.228046041e-34	0.04101482475	0.03974261676
	0.02132344833	0.02241611726	0.2009570423	0.1967909423	0.2112075757
	0.1889382244	0.06160945463	0.08035859898	0.08020421063	0.06091118277
	0.1708002593	0.192489017	0.1804623884	0.1820315034	0.09956650189
	0.09923511054	0.1160602817	0.1166636027	0.1466870757	0.171787268
	0.1598590041	0.1322682063	0.1597823746	0.1470618161	0.1329340223
	0.4700960938	0.4546551926	1.402148471e-34	1.385746688e-34	0.2731413034
	0.2583551588	0.2686380587	0.2875019157	0.2665729821	0.2526293792
	0.2776282694	0.2604789997	0.2585863282	0.2448777566	0.2337053579
	0.2443769795	0.00645857707	-1.575759743e-34	0.006620581591	-3.034036792e-34
	0.2229916782	0.2204926474	0.2123338442	0.2336282495	0.02281967751
	0.03965943131	0.04089554098	0.0232384382	0.05840460028	0.07514804948
	0.07862871388	0.06095352221	0.2017923581	0.2094608232	0.1976218989
	0.1913719572	0.09688440533	0.09280987841	0.1085691013	0.113249731
	0.1754360407	0.1692227292	0.1868954179	0.1806083267	0.1435847356
	0.1639150973	0.129297148	0.1516285469	0.1382577166	0.1242953896
	0.1570751155	0.4985394323	0.4854089845	1.492232518e-34	1.451437624e-34
	0.3014591825	0.2903793951	0.3016979186	0.3171039058	0.2922582337
	0.2816205345	0.3047732721	0.2914841896	0.2649563896	0.2565108807
	0.270406838	0.2813231603	0.2423464262	0.2344191773	0.2286043678
	0.250304051	-2.96344964e-34	0.006140887235	-1.501554761e-34	0.006027190716
	0.02037549538	0.03404102344	0.03727319023	0.02225852902	0.2153833044
	0.2067372178	0.2205688995	0.2031029603	0.05003103982	0.06466705778
	0.07046351082	0.05480858398	0.08731675828	0.08082566401	0.09521277188
	0.1024849782	0.1912253751	0.1797756785	0.1822611277	0.1944589992
	0.1312467727	0.1176888433	0.1099033591	0.122879046	0.1592482546
	0.1565238068	0.1708023662	0.1683031373	0.1475736235	0.1444092871
	0.1357168038	0.5224344855	0.5115112389	1.556842814e-34	1.503706713e-34
	0.3228456186	0.3148853789	0.3283540793	0.3407434722	0.3118441598
	0.3038865456	0.3252755608	0.3153411284	0.2986778051	0.2804440626
	0.2739518573	0.2904164942	0.2570074706	0.2452325449	0.2406059735
	0.2631985932	0.2249099186	0.2133743862	0.2105207375	0.2290353782
	0.004675871318	-3.082609243e-34	0.005028677163	-1.503634057e-34	0.01556428415
	0.02555543	0.01858303204	0.03007466661	0.03848066458	0.05105637119
	0.05820384136	0.04459370065	0.1969653359	0.1993272785	0.1858498938
	0.1843845471	0.07344821712	0.07834433001	0.06544593343	0.08712984553
	0.1011295489	0.1136060286	0.1036615681	0.09176164813	0.1723301787
	0.1606753809	0.1613987023	0.1734573352	0.1260251011	0.115726008
	0.1492324473	0.1270239075	0.1384699255	0.1498435037	0.1376230468
	1.543855229e-34	0.5421036333	0.5332096563	1.600360542e-34	0.3382670306
	0.3329232148	0.3495194132	0.3592958413	0.3263019322	0.3205458523
	0.3400591527	0.3330431057	0.2923893698	0.2873828403	0.3055837258
	0.3116590296	0.2734686973	0.2685625405	0.2542351174	0.2502834119
	0.2327944268	0.219508079	0.2166894017	0.236454862	0.002732782486
	-3.432411896e-34	0.003294512261	-1.610983742e-34	0.2016255439	0.1893994765
	0.187700813	0.2040437209	0.01285961112	0.009091504493	0.015416906
	0.02066739108	0.02511393585	0.03564809578	0.04357269149	0.03202690395
	0.06916792714	0.05698764624	0.05960663367	0.04808895189	0.1629335358
	0.1745991169	0.1758858985	0.1621677359	0.09332548079	0.08189079109
	0.07175319431	0.08274166283	0.104991005	0.1160578147	0.09408505579
	0.1049419676	0.1161276572	0.1507037953	0.1502829402	0.1386600371
	0.1273305697	0.138835122	0.1274078349	0.5579384493	0.5508800391
	1.626324809e-34	1.573436286e-34	0.365990576	0.3734841745	0.3485447274
	0.3454243329	0.3363472249	0.3324768783	0.3498413355	0.3454113742
	0.3209208427	0.3013455112	0.2976136562	0.3167384227	0.2777852981
	0.2617736662	0.2584265149	0.2815641873	0.2226591323	0.2399014255
	0.225444844	0.2431256488	-1.835877979e-34	0.0003866802912	-4.01118423e-34
	0.001142744665	0.2065384685	0.1935533249	0.1915097654	0.2090429823
	0.005787400323	0.001607410731	0.004393741997	0.01004198913	0.165346356
	0.1774411142	0.1640922985	0.1791112178	0.01066409513	0.0191749933
	0.0275770932	0.0180990884	0.04991097002	0.03904089442	0.0296206299
	0.03999128271	0.07204764803	0.06144802504	0.06129785069	0.05098007785
	0.1392140737	0.1523328052	0.1514602121	0.139785976	0.07204021734
	0.08257826684	0.09374595141	0.08308533322	0.1159507658	0.104866082
	0.1277247768	0.1275054105	0.1045923234	0.1160133611	0.09352501431
	0.5703243266	0.5649199434	1.637499897e-34	1.593964604e-34	0.3543277141
	0.3531421894	0.3784030643	0.3838708781	0.3402880042	0.3551320949
	0.3530538451	0.3424585954	-2.166314147e-34	-0.002165290895	-4.763393681e-34
	-0.001233529205	0.326844591	0.3075442875	0.3050251946	0.3243885217
	0.287548263	0.2848944678	0.2677350191	0.2651031807	0.2487776017
	0.2461623535	0.2308054751	0.2283007117	0.2115691093	0.1978587472
	0.1957634338	0.2138792328	-0.00204421908	-0.006324995937	-0.007072300678
	-0.001215141793	0.1809670125	0.1683458935	0.1668337333	0.1827402361
	-0.00449921981	0.01073113335	0.001973265208	0.003291188134	0.1535098024
	0.1406018963	0.1415168379	0.1546594841	0.03005007572	0.02022365644
	0.01993261309	0.01044766986	0.03980804426	0.02992692683	0.04055197426
	0.05056051948	0.06033231651	0.07143347052	0.06108049411	0.05004097387
	0.1162526916	0.1288872143	0.1166579537	0.1283171226	0.08195450797
	0.07103160316	0.1047801831	0.09325896184	0.08232549461	0.09323838207
	0.1047037124	0.579611985	0.5757022178	1.636178928e-34	1.606842354e-34
	0.3561082491	0.3566539743	0.3872424484	0.390879395	0.3449222326
	0.3443639514	0.3562675681	0.3563896656	-2.56224488e-34	-0.004680456753
	-5.578455594e-34	-0.003627959642	0.3110510598	0.3097574628	0.3288184219
	0.3296389256	-0.01009052642	-0.01410129705	-0.018606921	-0.01271844108
	0.2913382266	0.2898561656	0.2718854675	0.2701111221	0.2331322115
	0.2512134213	0.2351111009	0.2530283967	0.2179894585	0.2161555989
	0.2017217574	0.199870197	0.1845973907	0.1713390466	0.1861690501
	0.1698624646	-0.01213338309	-0.00676593635	-0.01584450085	-0.02009191033
	0.1559819147	0.143505311	0.1425001812	0.1571304153	-0.0005295855689
	0.009798570324	0.00075356336	-0.009343795228	0.1303848087	0.1297000505
	0.1177166671	0.1171586029	0.02909344329	0.01832945076	0.01944083008
	0.008670496719	0.03823095851	0.04928018627	0.02812662738	0.03916803397
	0.04865741344	0.0599188796	0.07068312344	0.05940791184	0.09348786725
	0.09331329689	0.1054212087	0.08182635053	0.10516421	0.08195016532
	0.07048991949	0.586114008	0.5835606105	1.624332881e-34	1.61324327e-34
	0.3542437684	0.3563889906	0.3928759834	0.3948268051	0.3438720532
	0.3449228945	0.3534534812	0.3556809569	0.3294006248	0.3118620372
	0.311833523	0.3301710227	-2.958441321e-34	-0.006824401435	-6.308769826e-34
	-0.005768725162	-0.01767727707	-0.02091253208	-0.02961369274	-0.02401096362
	0.2928147107	0.2925688231	0.2740142891	0.2732079608	-0.02785009469
	-0.03562958841	-0.03416692064	-0.02483338333	0.2367026479	0.2555547605
	0.2547022053	0.2379750136	0.2032875222	0.2209337163	0.2197860323
	0.2046750384	0.1889342439	0.1726479972	0.1877793659	0.1738706516
	0.144438008	0.1593197886	0.1453498089	0.1583714985	-0.0215835199
	-0.02979385588	-0.01093704356	-0.01938666118	0.1312140149	0.1188155557
	0.1318357477	0.1182516809	-0.003307920997	0.007564351578	-0.001957844461
	-0.01294842073	0.09366391324	0.1058776669	0.09389427351	0.1061442742
	0.006166613394	0.01616040942	0.0172735321	0.0272197236	0.02630115767
	0.03757897691	0.03687804217	0.04815954205	0.07025512979	0.05919203261
	0.07034238102	0.04771147077	0.08195535003	0.05883323397	0.08189679474
	0.590108372	0.5887940702	1.603352111e-34	1.614584342e-34	0.3489890584
	0.3526697028	0.3955779866	0.3959658496	0.3393355681	0.3420441957
	0.3467900186	0.3510674624	0.3261309276	0.3099420857	0.3112099732
	0.3285120108	-3.279144657e-34	-0.008170387792	-6.815022903e-34	-0.00729341942
	0.2929356629	0.2739498221	0.2741914608	0.2918591961	-0.02384746621
	-0.02568093041	-0.03901803067	-0.03428570246	-0.04317069228	-0.05012017439
	-0.05256337294	-0.04323906233	0.2563570406	0.239107446	0.2561246047
	0.2386855607	-0.04347456436	-0.04022935883	-0.03239242882	-0.0508237357
	0.2056327431	0.2063787309	0.2224069574	0.2220815885	0.1907072868
	0.1756188226	0.1748144187	0.1901128776	0.1609232666	0.1603245911
	0.1467900121	0.1460894205	0.1325751789	0.1329934488	0.1197553404
	0.1192559369	-0.03520031004	-0.02539147834	-0.01426893842	-0.02388016127
	0.09426587314	0.09402878713	0.1065891299	0.106750619	-0.01603411676
	-0.006053177755	0.005100313098	-0.004779875839	0.07011901614	0.08204437036
	0.08194862089	0.07006376084	0.01427869797	0.02560581777	0.01518656765
	0.003842491977	0.03637478	0.04732333983	0.046954472	0.03579021587
	0.05868274985	0.02485313247	0.05834628539	0.5918551294	0.5916857522
	1.575070569e-34	1.613001083e-34	-3.466220936e-34	-0.008296677227	-7.028113864e-34
	-0.007817783071	0.3405634281	0.3457290688	0.3955643306	0.3945061247
	0.331242012	0.335671136	0.3362757565	0.3426294398	0.3051948938
	0.3078115015	0.3238443182	0.3197512025	0.2908461344	0.2715278069
	0.272924049	0.2883662655	-0.02738118898	-0.02724491396	-0.04518618666
	-0.04219686106	0.2559609674	0.2382854868	0.2388690604	0.2545798706
	-0.06122756426	-0.05672599441	-0.06181008872	-0.06986063234	-0.0662708965
	-0.0615274231	-0.05474982577	-0.07189380744	0.2227679102	0.2066420801
	0.2065967887	0.2221964974	-0.05835791888	-0.04826067483	-0.03672563576
	-0.04661731948	0.1760790003	0.1912355587	0.1763659062	0.191321677
	0.1476364099	0.1616851387	0.1471980939	0.1616016365	0.1203838242
	0.1336466196	0.1199788801	0.133596319	0.1070986301	0.107162096
	0.09427386851	0.09449464853	-0.02861120082	-0.03870691585	-0.01726928196
	-0.02721045742	0.08189288757	0.06986576613	0.06982268266	0.0820946459
	0.002929205498	-0.007379769225	-0.01883664125	-0.008493790789	0.05783920171
	0.05820086926	0.04622175479	0.04655722107	0.02423803614	0.01266007977
	0.01344873112	0.001866858967	0.02357993067	0.03533687245	0.03478535943
	0.5916379696	0.5925115094	1.542578943e-34	1.609374378e-34	0.3291675177
	0.3357240555	0.3930676088	0.3906124583	-3.508956979e-34	-0.007003677455
	-6.986970399e-34	-0.007126408361	-0.02714253315	-0.02487615467	-0.04627040731
	-0.04596972655	0.3193534421	0.3256616064	0.3218672456	0.3303955648
	0.2974257973	0.3015650741	0.3160366914	0.3101180752	0.2861399022
	0.2665814934	0.2693217742	0.2822330026	0.2533379982	0.2353707841
	0.2508100841	0.237105673	-0.07708923527	-0.06629649754	-0.06822997765
	-0.08373787228	0.2216754194	0.2052277373	0.2060933542	0.2201301099
	-0.09152278464	-0.08946911175	-0.07783316518	-0.0823313952	-0.08252103212
	-0.0722405465	-0.07038727909	-0.06014165802	0.1912551648	0.1760030529
	0.1902929493	0.1761769468	-0.04009770939	-0.05172717349	-0.062120484
	-0.05026518936	0.1477397345	0.1475159293	0.1613754599	0.1620502668
	0.1202322839	0.1336016796	0.1205355011	0.1341171445	0.09428201579
	0.1070451746	0.1074548161	0.09444519922	0.06944879578	0.08200947115
	0.06951942765	0.08163826629	-0.03024124831	-0.01997895943	-0.03155227296
	-0.04185948178	0.04578808639	0.05725999662	0.04545897174	0.05767919823
	-0.01062208501	-0.02130820149	0.001036706616	-0.009640566599	0.01117980619
	0.02237254848	0.03434311572	0.0001176179412	0.01190901673	0.03379899771
	0.0229754088	0.5897495068	0.5915330626	1.502547588e-34	1.604322969e-34
	0.314899987	0.3228623748	0.3883361957	0.3844821802	0.3032481983
	0.3118454753	0.3035753162	0.3142568169	-3.450594505e-34	-0.004589091782
	-6.811268462e-34	-0.005367738015	-0.02273997695	-0.01892536893	-0.04113623307
	-0.04404662751	-0.09073945154	-0.08791376344	-0.06915714371	-0.06692389019
	0.2863572973	0.2923704948	0.3047956795	0.2970027572	0.2786404005
	0.259027159	0.2632865869	0.2733516634	0.2446922503	0.2484269031
	0.2304363806	0.2331986448	0.2188201926	0.2023476551	0.2037059084
	0.215997495	-0.1067823198	-0.1004499427	-0.1113686837	-0.1006037404
	0.1899023003	0.1744796229	0.1748301039	0.1876571171	-0.09749106988
	-0.1072248762	-0.09507577925	-0.08477221731	-0.06360304068	-0.07422370899
	-0.0756296398	-0.08658080091	0.1615543937	0.1469335013	0.1468184493
	0.1598100377	-0.06536156299	-0.05500354712	-0.04323059242	-0.05352295501
	0.120014342	0.1198466759	0.1327034263	0.1339468696	0.09395433796
	0.09392922295	0.1064512233	0.1072789154	0.08106895107	0.06899915038
	0.08165083898	0.06883030116	0.04496974916	0.05652772813	0.04460045361
	0.05703705891	-0.03412997914	-0.04474733937	-0.02235193073	-0.03296216812
	0.0217636632	0.03334269205	0.02118233076	0.03278003885	0.009775601786
	-0.001495567697	-0.01252425006	-0.01162902767	-0.0006719571462	-0.02347627187
	0.01047373695	0.5863310213	0.5890577491	1.434626604e-34	1.608213135e-34
	0.2978063408	0.3075204764	0.3815076153	0.3764377932	0.282434043
	0.2939553275	0.2815378204	0.2940790079	-3.35841344e-34	-0.001911341266
	-6.624818702e-34	-0.00304368019	0.2801039135	0.2718213739	0.2799681469
	0.2897750835	-0.03617541841	-0.01515408992	-0.01099609829	-0.03049346392
	-0.08736112288	-0.09006915732	-0.06330370435	-0.05696757898	-0.1120826301
	-0.1132876434	-0.1283705491	-0.1204729267	0.268338173	0.2491794389
	0.2544904596	0.261481295	0.241501528	0.2238682859	0.2359062435
	0.226731682	0.2095071986	0.2144358549	0.1980546455	0.1991373721
	0.1716289999	0.1872403444	0.1718389967	0.1831587353	-0.1235947489
	-0.1306686854	-0.1105350473	-0.1196707774	0.1568798373	0.1598868666
	0.1449701268	0.1449824705	-0.1123487429	-0.09938223047	-0.08802469153
	-0.100584416	-0.07893859534	-0.06692536705	-0.08951168885	-0.07736215231
	0.1328134107	0.118607212	0.1308321765	0.1187084227	-0.0565891318
	-0.06852410261	-0.05793185759	-0.04600203733	0.09286374284	0.09310061903
	0.1051809715	0.1064126021	0.06785065513	0.06820483378	0.0800573447
	0.08086264864	0.05553994465	0.05617029573	0.0440290361	0.04356091007
	0.02055094555	0.01994836787	0.03165448334	0.03226900948	-0.03533221545
	-0.04726632461	-0.03638376992	-0.02444450519	0.008389748426	-0.002263320128
	-0.003035027065	0.009085709962	-0.01427990242	-0.01343576931	-0.02542976487
	0.5811135524	0.5854683446	1.303644534e-34	1.638782633e-34	-3.281254752e-34
	0.0001516805964	-6.494993126e-34	-0.0008436447648	0.2780873511	0.2900979757
	0.3727249781	0.3668615145	0.2568844692	0.2714511746	0.2562263369
	0.2701073913	0.2544710604	0.2634911533	0.2709379707	0.2587364933
	-0.02413696311	-0.006781057283	-0.003352397192	-0.01724005543	0.2558488295
	0.2378953064	0.2420611206	0.2457464439	-0.04036048693	-0.0724315299
	-0.0809564867	-0.04922445401	-0.1124110566	-0.1066531298	-0.1349095665
	-0.1328297665	-0.1487142803	-0.1486298037	-0.1363685426	-0.1413041765
	0.2331515604	0.2159025127	0.2172009284	0.2238534239	0.2004599417
	0.2085179501	0.1920342158	0.1922870011	0.1828542576	0.167039087
	0.1672574221	0.1767738432	0.1420150856	0.1566095269	0.1525398538
	0.1415596246	-0.1268776183	-0.1136374932	-0.1258678806	-0.1392181452
	0.130418679	0.1167436899	0.1278846644	0.1161347208	-0.1145727265
	-0.1034528663	-0.0911513435	-0.1019503515	-0.08058117171	-0.09269628222
	-0.08207294553	-0.06997308974	0.1031090943	0.1046723293	0.09168511558
	0.09104448711	-0.05926285811	-0.07131493239	-0.06045441571	-0.04840226381
	0.06702739756	0.06640266088	0.07848588577	0.07951771744	0.04224974579
	0.04287523427	0.05419716999	0.05497994732	0.03104345639	0.03034120496
	0.01859606929	0.01926608978	-0.004565368695	0.006955189206	0.007681240372
	-0.00380199935	-0.04949197156	-0.02725180272	-0.03744029611	-0.01513600518
	-0.02634793062	-0.0384169849	-0.01595860428	0.5728483064	0.5806575573
	1.04086825e-34	1.697518049e-34	-3.234472351e-34	0.001209000617	-6.427981818e-34
	0.0006301014758	0.2568861418	0.2706698526	0.3625075617	0.3561837957
	-0.0001479092803	-0.005189867634	-0.01119074986	0.001933371387	0.2288669327
	0.2427902002	0.2278620846	0.2438687043	0.235885798	0.2408985513
	0.2495188182	0.2306653729	0.2420822253	0.2252060828	0.2251324204
	0.2245628832	-0.02161286506	-0.04929183508	-0.06154611644	-0.03059377605
	0.2229909863	0.2055985623	0.2082279489	0.2048375009	-0.09810677412
	-0.08582728583	-0.125327259	-0.1318013446	-0.154403062	-0.1546453664
	-0.1678290827	-0.1590572928	-0.1653173735	-0.1544497683	-0.1406097947
	-0.152899482	0.2000009041	0.1833895418	0.1890624118	0.1836172728
	0.175902713	0.160227251	0.1613125706	0.1686406545	0.1365001574
	0.1513343822	0.1379084428	0.1467842246	0.1138436808	0.1237874142
	0.1266285776	0.1124882972	-0.1287457666	-0.1409587402	-0.1160393597
	-0.1276205536	0.1019868066	0.08840011982	0.0895580663	0.1001450544
	-0.1173248206	-0.1049827882	-0.1065616397	-0.09429260624	-0.08347020188
	-0.07259613245	-0.08477881444	-0.09565984295	0.07754040738	0.0643911537
	0.07626331389	0.06535480311	-0.0505430404	-0.06159942618	-0.07374097341
	-0.06268669337	0.04057940314	0.05241352359	0.04141372278	0.05338509066
	0.02958945649	0.0178297798	0.01704848044	0.02876271159	0.005402429767
	-0.005358070008	0.006191585041	-0.00615455918	-0.0290120804	-0.01762690199
	-0.02814332983	-0.04031667943	-0.05152959479	-0.01679703243	-0.03938401964
	0.5571983648	0.5717189703	4.535333462e-35	1.743387065e-34	0.001229488676
	-3.212294096e-34	0.001395315987	-6.402448326e-34	0.2390433437	0.2470997934
	0.3525051082	0.3439221497	0.003497499173	0.002982116609	-0.000761189397
	0.004182497975	0.2031795253	0.2047215432	0.1937194415	0.2204041145
	-0.01264662177	-0.005511149527	-0.02489350842	-0.03717825219	0.1926155351
	0.2149419572	0.2107783467	0.2269012729	0.1974956253	0.2248856924
	0.2080166799	0.204772592	0.2081377534	0.1908224247	0.1909261039
	0.1898589272	-0.07118273611	-0.05595799185	-0.0983347067	-0.1134078456
	0.1873189531	0.1712840181	0.1736078116	0.1759363906	-0.1415066853
	-0.1731376659	-0.1721615132	-0.1514627944	-0.1814883685	-0.1852166936
	-0.168203502	-0.1771011026	-0.1419016615	-0.1688960716	-0.1552837655
	-0.1548230964	0.1589444919	0.1539486326	0.166034402	0.1510063565
	0.1441612058	0.1297711522	0.1395977859	0.1324806115	0.1215401662
	0.1184720348	0.1098539332	0.1076381766	0.09835749774	0.08660091207
	0.0848709559	0.09620893976	-0.1298851424	-0.1426016263	-0.1313977224
	-0.1189580547	0.07487422618	0.06174225354	0.07330713794	0.06308849656
	-0.1079691425	-0.1202927022	-0.1093685762	-0.09705431257	-0.07489637132
	-0.08596466223	-0.08713404909	-0.09821958867	0.05131127636	0.05010887961
	0.0395585374	0.03847488075	-0.05252437658	-0.06371784517	-0.06473675725
	-0.07592393723	0.02783294474	0.0161658432	0.01523513213	0.02684449298
	0.00366283605	0.004547819455	-0.007001213458	-0.007867928035	-0.03077335957
	-0.01935002291	-0.02990101685	-0.01848394014	-0.05345586415	-0.0412375403
	-0.04215251285	0.517359854	0.5451371311	-4.287223436e-35	1.523780192e-34
	0.00120213563	-3.204159293e-34	0.001138882956	-6.397909013e-34	0.2323588014
	0.2113050098	0.3480830865	0.3213156587	0.004380392051	0.004201797605
	0.006550590597	0.005153735796	0.1783498692	0.1578059239	0.1485455016
	0.2049904891	0.004798330947	-0.005531370192	-0.01468566907	0.0006137303004
	0.1832395465	0.176803263	0.1967554288	0.1466173377	-0.03995926013
	-0.02632084679	-0.06106395971	-0.0803643639	0.1673898744	0.1970041015
	0.1812534032	0.1834295086	0.1860233892	0.1703106692	0.1701047177
	0.1757647904	0.1708272445	0.1559400127	0.1617587677	0.1613176717
	-0.1080019567	-0.12723643	-0.1561253176	-0.1670255453	0.1540074366
	0.1397147455	0.1475074282	0.1447463088	-0.1927127724	-0.1893034899
	-0.2018482963	-0.1907333594	-0.1966340945	-0.1692708234	-0.183546405
	-0.1832620175	-0.1556411688	-0.156745154	-0.1691197296	-0.1440228002
	0.135454614	0.1215341427	0.130771329	0.1255299264	0.1117954125
	0.1046772311	0.1152201577	0.101615791	0.09120440738	0.09373892866
	0.0804281965	0.08274109354	0.07144694102	0.05840355221	0.06954026781
	0.06015748907	-0.1217642807	-0.1327282771	-0.1341842563	-0.1451814976
	0.04868405026	0.03723969699	0.04721294634	0.03587627049	-0.1105649664
	-0.1229347189	-0.1117885759	-0.09944474647	-0.07699290551	-0.1004806613
	-0.08818927963	-0.08926557065	0.02570318605	0.01309543511	0.01420737648
	0.0245202652	-0.06667821084	-0.05441854	-0.0657019621	-0.07795252388
	0.002683892941	-0.009764580041	-0.008795483164	0.001673451216	-0.04398598299
	-0.02025942795	-0.0211890696	-0.05533045174	-0.03259353221	-0.03168446601
	-0.0430632938	0.4116618528	0.4589926666	-7.310542095e-34	1.253387054e-34
	0.2269811894	0.159673806	0.3468633219	0.2313713871	-6.404499828e-34
	0.0009053775975	-3.203024031e-34	0.0006964143001	0.003721002247	0.003173118248
	0.006693526789	0.00687935304	0.1361787908	0.1170263046	0.09875950842
	0.1796487986	0.008972118924	0.00619404714	0.00118797826	0.007646242133
	0.1319048019	0.1436531488	0.1447812871	0.1062380162	-0.01375042913
	-0.004171706485	-0.02616537667	-0.043164086	0.1365801328	0.1561468635
	0.1445324058	0.1591605843	-0.08571200426	-0.06371644813	-0.1154457436
	-0.1378990605	0.1593993025	0.1459505263	0.1572665501	0.1474204314
	0.1524659152	0.1386820632	0.1472958445	0.1437859641	0.1336707965
	0.140351371	0.1268461182	0.1335452421	-0.2052534543	-0.1676332492
	-0.2040705448	-0.182924926	0.1251987107	0.1118887942	0.1200635975
	0.1170200086	-0.2118424384	-0.1978938439	-0.2169452814	-0.2090034696
	-0.1830990753	-0.1698794267	-0.1833263852	-0.1976723034	-0.1704950467
	-0.15775619	-0.159162611	-0.1466670254	0.1036744732	0.09827494889
	0.1075881991	0.09441208638	0.0850882632	0.08807077038	0.07793012531
	0.07504019144	0.06720488987	0.05433493045	0.05650826731	0.06492222821
	0.03273750418	0.04544741986	0.03440143023	0.04368040832	-0.1478290472
	-0.1353809674	-0.1366452026	-0.1242024311	0.02314269252	0.0118980995
	0.02174098932	0.01058010807	-0.1015908952	-0.1252283553	-0.1128380429
	-0.1139421434	-0.07896251797	-0.09024223969	-0.1025494125	-0.0912535879
	0.0005427324466	-0.01189524104	-0.01079710091	-0.0006167730911	-0.06761140148
	-0.06856792391	-0.07988536614	-0.05628454518	-0.02319657574	-0.0221798904
	-0.0335506515	-0.03452442304	-0.04491755017	-0.04587146374	-0.05720600541
	0.2298493786	2.650639337e-33	0.0004516673816	-1.603734456e-34	0.1193712044
	0.247527668	0.1060106938	0.08925843886	0.0022837465	0.006010399665
	0.009173610866	0.0092274563	0.08231338735	0.103940131	0.003155057938
	-0.0130248786	0.1128653154	0.1268193208	-0.09001846107	-0.04173625085
	0.1308100072	0.1343099723	-0.1935717332	-0.1465034534	0.1319065813
	0.1302467265	0.1203561099	0.1247831357	0.1068928103	0.1133481005
	-0.2231615898	-0.2210949041	0.09060309626	0.09864286006	-0.2125221061
	-0.1975308838	-0.1835059109	-0.1717786423	-0.1603229554	-0.149133843
	0.0813357653	0.0721382848	0.06211878004	0.0521100134	0.04156532567
	0.03100659	0.02011068857	0.009195805722	-0.1376790916	-0.126351482
	-0.001919834135	-0.01305175798	-0.103578973	-0.1149020353	-0.08085960071
	-0.09218248666	-0.02429207744	-0.03554825575	-0.06949630328	-0.04684941042
	-0.05817370592	-0.1159223194	-0.1044879761	-0.03684622125	-0.09315029416
	0.004764847956	-0.08176991198	0.008630404867	-0.07045428542	-0.05912882523
	-0.04785445962	0.07448497843	0.01062177561	-0.03660908397	0.1057406079
	0.1171380549	0.008083786107	-0.02541371543	-0.01429891614	-0.003243996912
	0.1196426579	-0.002265589806	0.0076551628	-0.02430620708	0.01847704338
	0.02903108642	0.1007636716	0.09413588866	0.03949023856	-0.06363964491
	0.04951651727	-0.1194337875	0.05944086721	0.06869181743	0.07785770344
	-0.1765718964	0.08600283647	-0.2161775689	0.1075803154	-0.2316103784
	0.1122721422	-0.2263682253	0.1174535536	0.1221293587	-0.2122602898
	0.1199014498	-0.1971647434	0.09742720156	-0.1845027222	-0.1728124154
	0.07542846734	0.06472249044	0.07683585649	-0.1616287535	0.1297459862
	-0.1501545925	-0.1387920479	0.00130549103	-0.1272858218	1.678700627e-37
	7.913642661e-33	0.03843198657	1.291078005e-33	0.002968241589	-6.88542715e-38
	0.04783297479	0.02885683735	0.0586750732	0.03923436489	0.007024584427
	0.01059521156	0.005054508819	0.01082974684	0.08793553311	0.06917755781
	-0.0408691498	-0.009608455557	0.1066772804	0.09724922384	-0.08913244585
	-0.1506308423	0.1083125632	0.1102174986	-0.2322495294	-0.2044425462
	0.107329744	0.1051443786	0.09520729006	0.09989567419	0.08832753175
	0.08169613789	-0.2385291166	-0.2270604252	0.0735052222	0.065374545
	-0.1977094305	-0.2114230875	-0.1853706656	-0.1741361077	-0.1626647722
	-0.1512831997	0.05617797277	0.04695776351	0.027039556	0.03702548552
	0.01658656492	0.006075868787	-0.004732181601	-0.01559135187	-0.128309322
	-0.1397165244	-0.02663066994	-0.03771516943	-0.1168227842	-0.1054599416
	-0.08272933499	-0.09405404904	-0.06012893078	-0.04889878768	-0.07140020023
	-0.1063386744	0.009098295676	-0.09499751581	-0.08364742996	0.01160056714
	0.02616237174	-0.07237764288	0.03709975773	-0.06113659256	0.009729792195
	-0.04996971704	-0.03887890344	0.0007434107421	0.08913330966	0.09691846331
	-0.02786795036	-0.0169993903	-0.02063802635	-0.006226946478	0.004305929864
	-0.06102994931	0.01472027606	0.02475264479	-0.1195974009	0.03464660383
	0.07638853282	0.0439514575	-0.1815168364	0.05311307765	0.0613848449
	-0.2264366725	0.06954369639	-0.2445187079	0.08322428808	0.08818773047
	-0.2412679063	0.09337931626	0.095904937	-0.2266309324	0.09893984512
	0.09770882609	-0.2114166116	-0.19817072	0.08105281409	0.0654046945
	-0.1866359751	0.05056712541	-0.1751603098	0.01691211878	-0.1637956746
	0.01986157704	-0.1521866136	0.004375249241	-0.1407242659	-0.1291822386
	-0.1177803169	2.613640021e-33	1.333756801e-36	-0.006780173121	1.190388996e-33
	7.222174108e-37	0.005842321016	0.006407987612	0.01823866661	0.04674960925
	0.02716686728	0.0103671633	0.01165164329	-0.006413861672	0.007421002475
	0.05871037351	0.07432033978	-0.03466695688	-0.08691802724	0.08724733538
	0.08053142472	-0.1514044989	-0.208685559	0.08730415195	0.08809094005
	-0.2447478809	-0.25130994	0.08476788401	0.08206625312	0.07159424585
	0.07670606934	0.06462418741	0.05766785011	-0.2419854636	-0.2261520903
	0.04940818822	0.04107301615	-0.1992669211	-0.2113375539	-0.1763196001
	-0.1876537127	-0.164692708	-0.1531885781	0.02250981781	0.03184213651
	0.00253473454	0.01257243061	-0.007904063856	-0.01843081965	-0.04007595405
	-0.02921565769	-0.1301307281	-0.1415754664	-0.06218281908	-0.05109427031
	-0.118639675	-0.1072721401	-0.09589495488	-0.07335851437	-0.08460971504
	0.01098883474	-0.09683086376	0.01086126717	-0.08555188375	-0.07436868204
	0.01592709951	-0.0632559814	0.003668006441	-0.05223908715	-0.01553277187
	0.05368220314	-0.04135075965	-0.03057033737	-0.02000190461	-0.05462721715
	-0.009564044211	-0.1157127198	0.07759577517	0.0005406837475	0.01048674916
	0.01992508094	-0.1824750881	0.06563356646	0.02918008083	-0.2328788495
	0.03767657845	0.0459816755	0.05317180412	-0.2567505996	0.06020759328
	-0.2554113326	0.07105990835	0.07417564186	-0.2416540701	-0.2255520146
	0.07750102963	0.0778502919	0.07249242198	-0.2121047451	0.06742739359
	-0.2001418932	0.04313471988	0.02274016349	-0.1888265635	-0.1772161208
	-0.005632957932	-0.01121999394	-0.1656840827	-0.1540102455	-0.1081371171
	0.006681777487	-0.1425032743	-0.1309585962	-0.1195515275	1.812639092e-33
	2.62364773e-36	-0.005586097799	6.717393397e-34	1.301552921e-36	0.007319355212
	-0.01413664457	0.01249579881	0.03941662108	0.02003308825	0.01093536138
	0.009096271805	-0.02946069143	-0.00155899746	0.04900793544	0.06070234431
	-0.07787124977	-0.1468648718	0.06888787927	0.06472205829	-0.2118850999
	-0.250987291	0.06757430646	0.06805890715	-0.2566007312	-0.2654875255
	0.06042220216	0.06388207922	0.04909272455	0.05476596315	0.03450753395
	0.04186769371	-0.2257412207	-0.2406095443	0.01745434076	0.02605941345
	-0.212734525	-0.2013173727	-0.1897337957	-0.1782112615	-0.1664783525
	-0.1549177549	0.008096539048	-0.001406721226	-0.02156493346	-0.01142337589
	-0.03204940338	-0.04263909629	-0.06435553938	-0.05345070273	-0.1318490714
	-0.1432989646	-0.08653003263	-0.07539651787	-0.1090484933	-0.1203849057
	-0.09773743114	0.006702156778	-0.09867859577	-0.008578620269	-0.08750769184
	-0.07644638045	-0.009495588771	-0.06550016375	0.01799939255	-0.04615918154
	-0.0546689292	-0.04402406121	-0.03351234593	-0.1063658814	0.05693741069
	0.06010387031	-0.02328989993	-0.1780373216	-0.01322965064	-0.003605930861
	0.005820515543	-0.236051203	0.01460180586	0.04414547114	-0.2658426777
	0.02315223034	0.03076334246	0.03812951096	-0.2698125518	-0.2566754847
	0.04997048584	0.05387655939	0.05776964233	-0.2402747318	0.05886673538
	-0.2258711601	0.05386361541	-0.2138171945	0.0438510371	-0.2022079656
	0.03515459815	0.008486384997	-0.1907418555	-0.01517685814	-0.1789895878
	-0.1673647473	0.007420733582	-0.1099141042	-0.1556775483	-0.1441626602
	-0.1326452223	-0.1212663989	0.01046955852	1.185017999e-33	3.182578772e-36
	-0.008197499055	5.339358762e-34	1.463356597e-36	0.007560370068	0.006430646423
	-0.01440066997	0.01678202938	0.03169581107	0.009509692417	0.002487628076
	-0.06838657378	-0.01951957535	0.04736003099	0.03919867161	-0.1365446279
	-0.2067920734	0.04959454998	0.05171717562	-0.257271644	-0.2752469607
	0.0500184403	0.04831992703	-0.2560778136	-0.272022739	0.03977334117
	0.0440886961	0.03365865942	0.02735251319	0.01194213954	0.0197539198
	-0.2266565185	-0.2397353013	0.003216446065	-0.005699587074	-0.2032405889
	-0.2146579905	-0.1915061128	-0.1798551247	-0.1680812482	-0.1565087354
	-0.01525247435	-0.02496474077	-0.04539388015	-0.03511323845	-0.06665229109
	-0.05596622398	-0.07752683655	-0.0885088252	-0.1334926757	-0.1449151471
	-0.09960551341	-0.1220874155	-0.1108164514	-0.08952724443	-0.03412878224
	-0.00858874563	-0.0786153869	-0.06786592775	-0.09312951625	-0.05724686821
	-0.04687738531	-0.1675026292	-0.03666201313	-0.02682117419	-0.2331722098
	-0.01716995972	0.04218182543	-0.00806905564	-0.2726989932	0.0007979407296
	0.0389992307	0.008869983247	0.03446634139	-0.2821967567	0.01666344724
	0.02332536769	-0.272446879	0.0296892636	-0.2553241995	0.04129391257
	-0.2400608588	0.04343115397	-0.2272487526	0.04074439625	0.03397640212
	-0.2156904989	0.02750024267	0.01406875593	-0.2040131193	0.004301131725
	-0.01506932689	-0.1923658344	-0.1805414434	0.007386452808	-0.100559367
	-0.1688835674	-0.1116937291	-0.1572196373	-0.1457295128	-0.1342699556
	0.008054367338	-0.1229518473	-0.00266163064	9.012378322e-34	3.349369429e-36
	-0.006329917346	3.944835365e-34	1.511265427e-36	0.00723659957	-0.01435882698
	0.002631917741	0.02383418878	0.01255897523	-0.01131330218	0.005882430718
	-0.05124612182	-0.1214973326	0.03440481944	0.02922541057	-0.2546000637
	-0.1977366934	0.03542014481	0.03509606545	-0.2853076618	-0.2855532719
	0.03277023452	0.02988771641	-0.2549716184	-0.2718028896	0.01974458727
	0.02494084818	0.006079037587	0.0130425107	-0.01026276554	-0.001977119008
	-0.2281958795	-0.2402190354	-0.01932426712	-0.02857338948	-0.2048669576
	-0.2164571651	-0.1813009542	-0.1930121453	-0.1579881564	-0.1695387944
	-0.03836357473	-0.0483065585	-0.05861877832	-0.06905999777	-0.07974648357
	-0.09055100775	-0.1015125777	-0.1125952567	-0.1350876352	-0.1464518582
	-0.1237722019	-0.07363608427	-0.08086260854	-0.1505206366	-0.07033007647
	-0.05993783433	0.0005725789329	-0.049864392	-0.2242186293	-0.03995953
	-0.2733749699	0.02404562659	-0.0305237429	-0.0212986661	0.02795547241
	-0.01275054478	-0.293393072	-0.004467759089	-0.2875864332	0.002855633818
	0.009858054689	0.01552679402	-0.2713218194	0.02084716749	-0.2545756646
	0.02432870326	0.02746887925	-0.2409388176	0.02801240443	-0.2288747267
	0.01958574079	0.009734979835	-0.217323706	-0.2055062856	-0.01436165471
	-0.007076661997	-0.1937477508	-0.181916179	-0.09160776134	0.006887239328
	-0.1702709361	-0.1586642329	-0.1472302633	-0.1358583079	0.002383318529
	-0.1246285602	-0.02145160827	-0.1134904703	-0.1024791823	6.757919418e-34
	3.575192526e-36	-0.005696413319	2.958010236e-34	1.673586552e-36	0.006008752761
	-0.001140208239	-0.01373930228	0.01577706226	0.007580530082	-0.002129366126
	-0.03633116622	-0.1793962817	-0.09796553907	0.01905838757	0.02177679212
	-0.2486738391	-0.287094543	0.01963914325	0.0209314489	-0.2878774649
	-0.2993404478	0.01591523687	0.01187620066	-0.2703177206	-0.2547685677
	0.006087370471	1.177833133e-05	-0.007357505628	-0.01497975378	-0.032302434
	-0.02353938499	-0.2297269638	-0.241398217	-0.04172800775	-0.05131611482
	-0.2062066652	-0.2179298519	-0.194297448	-0.1825899443	-0.1708790879
	-0.1593849918	-0.071543311	-0.06136213179	-0.09264431264	-0.08203314007
	-0.1143928324	-0.1034577527	-0.1254562767	-0.1366568542	-0.1479359055
	-0.2067024142	-0.08315322016	-0.006466226079	-0.07284549322	-0.06267994155
	-0.2681166057	-0.05291019046	-0.2988188133	-0.04331393396	-0.03429371988
	0.01388982323	-0.0254953495	-0.3024621885	0.01391695071	-0.01751791047
	-0.2878384707	-0.00982485751	-0.003273682304	0.002931767037	-0.2700425209
	0.007577610413	-0.2548039459	0.01183356156	0.01550019976	-0.2421637467
	-0.2303075435	0.0114730435	0.004526275945	-0.003147945609	-0.2186286409
	-0.01414088555	-0.2067275351	-0.1949375633	0.005076628452	-0.09372752925
	-0.1831501285	-0.1715592918	-0.1153054695	-0.1263075451	-0.1600404281
	-0.1486909179	-0.009110469051	-0.1374299834	-0.05282989772	-0.1044276838
	-0.1252900762	4.909300504e-34	3.737385953e-36	-0.005233745632	2.0640823e-34
	1.848066651e-36	0.002716975079	-0.005134032476	-0.01427846768	0.007468561564
	0.001756621826	-0.01725122066	-0.07375695017	-0.230941046	-0.1529024701
	0.009234563216	0.008648466042	-0.2853911351	-0.3065042105	0.00400172751
	0.006807907699	-0.2872358309	-0.3042283682	-0.006060865489	-0.0008938463427
	-0.2552225112	-0.2694645636	-0.01276099846	-0.01969824285	-0.03603104187
	-0.02776686566	-0.05433187886	-0.04510432228	-0.2309622759	-0.2426352662
	-0.06412306147	-0.07404116847	-0.2190862576	-0.2073000925	-0.1954144359
	-0.1837591621	-0.1721374477	-0.1607295237	-0.08434161002	-0.09475552659
	-0.1162018268	-0.1054221284	-0.1382157072	-0.1271448981	-0.1493919138
	-0.07533922682	-0.298543886	-0.0653833305	-0.05591184745	-0.3128118573
	-0.007394216411	-0.04660448028	-0.00156015425	-0.0379990871	-0.3049320203
	-0.02960686854	-0.02220426718	-0.2866696202	-0.01506995603	-0.009293095311
	-0.2694858828	-0.003839155636	-0.0002449951608	-0.2554439871	0.002918943663
	0.00340361	-0.24323922	0.002994028189	-0.2314038926	-0.01507390291
	-0.2196261392	-0.006353627058	-0.2077359316	0.000341227162	-0.08542785735
	-0.1959806662	-0.09584284328	-0.1842865453	-0.1727846671	-0.16137874
	-0.02901776422	-0.1501328701	-0.1389950721	-0.09555774003	-0.1279861998
	-0.1171229037	-0.1795301671	-0.1063746867	-0.2528641245	3.308422462e-34
	3.553721446e-36	-0.005359587855	1.321254172e-34	1.699743523e-36	-0.004564585676
	-0.01589019732	-0.009779204873	-0.004928126291	-0.001294279897	-0.04193828543
	-0.1197966573	-0.2707334205	-0.204952053	-0.002158717694	-0.003519841426
	-0.3097668392	-0.3164095781	-0.01183361999	-0.007577242426	-0.3047407893
	-0.2861241186	-0.01795519127	-0.02421370018	-0.2558297224	-0.2692075249
	-0.03960788445	-0.03184346406	-0.05723652045	-0.04836488236	-0.07646707291
	-0.06680325949	-0.2318563047	-0.2435723612	-0.08660323415	-0.09682884196
	-0.2199687942	-0.2082069771	-0.1964156971	-0.1848527051	-0.1620499826
	-0.1733539976	-0.1073665076	-0.1179964754	-0.1397675506	-0.1288282024
	-0.1508381911	-0.3178546832	-0.06793517766	-0.3193001468	-0.0587456219
	-0.04968284748	-0.04147753229	-0.3046321622	-0.03342155976	-0.285553241
	-0.02656307537	-0.007616692556	-0.01987128153	-0.01482941559	-0.2693870544
	-0.01003887738	-0.2559925651	-0.006079766343	-0.008657170983	-0.2439918743
	-0.01243370182	-0.2321494875	-0.01714474233	-0.006753138746	-0.2203892182
	-0.2085877487	-0.07771718376	-0.009598516761	-0.1969343345	-0.1853719857
	-0.1082694068	-0.1739849693	-0.1627055389	-0.0586553439	-0.1515678022
	-0.1434559421	-0.1405505625	-0.1296451889	-0.118908565	-0.2266564957
	-0.2868822404	-0.09788905438	-0.08760471458	1.978872932e-34	2.236911007e-36
	-0.005895389587	7.235138038e-35	6.858582722e-37	-0.01770205763	-0.01861051894
	-0.0153483005	-0.01080167947	-0.01268066691	-0.07613444877	-0.1668945048
	-0.2991129666	-0.2466423242	-0.0167906671	-0.01359517344	-0.3204678542
	-0.3245318169	-0.02250656903	-0.02815747343	-0.3038990274	-0.2851432495
	-0.03551185546	-0.04281637508	-0.2562132599	-0.2691869671	-0.05134769846
	-0.05988607711	-0.07871500004	-0.06928538634	-0.08873086218	-0.09878940907
	-0.2441423365	-0.2324441478	-0.1197330852	-0.1092333944	-0.2089977234
	-0.2206476688	-0.1973573875	-0.1859205829	-0.174565086	-0.1633680829
	-0.1413011609	-0.1304797634	-0.1522811006	-0.3216256667	-0.07019354984
	-0.06124968115	-0.05231994222	-0.3034908457	-0.04444559538	-0.2847316668
	-0.01703421561	-0.03652778035	-0.03010211771	-0.02367381712	-0.2692938439
	-0.01943411948	-0.2562472282	-0.01608898405	-0.01856064452	-0.2443947858
	-0.02033922881	-0.2326145697	-0.007548625051	-0.2210028485	-0.02597145698
	-0.0798692869	-0.209349148	-0.1978635533	-0.09978746831	-0.1100443963
	-0.1864501648	-0.1751940275	-0.09593088707	-0.1640354775	-0.1884385591
	-0.152993824	-0.1420780375	-0.1312484027	-0.2625251418	-0.120612643
	-0.3102930849	-0.08958485727	-0.328796077	9.517457707e-35	-1.084437146e-36
	-0.006822536958	2.918997384e-35	-1.390972275e-36	-0.0368918768	-0.02217504448
	-0.02241701028	-0.02145254851	-0.02185695059	-0.1156682091	-0.207668657
	-0.2767436704	-0.3181973477	-0.02594850131	-0.03085916028	-0.3322294718
	-0.321612688	-0.03821186936	-0.04519352103	-0.3027608232	-0.2843040449
	-0.06203456693	-0.05374128739	-0.2690820143	-0.2562364253	-0.08064477687
	-0.07139987157	-0.1005446432	-0.09061638826	-0.1213519465	-0.1109490539
	-0.2327894864	-0.2444126202	-0.1320562309	-0.1427888994	-0.2097368376
	-0.2212211807	-0.1982996352	-0.1870034453	-0.1757947538	-0.1537094731
	-0.1646907761	-0.06306649511	-0.3022259712	-0.008689859675	-0.05399115528
	-0.04626510617	-0.02611232509	-0.2840505783	-0.03826106853	-0.03237391561
	-0.268965639	-0.02749049553	-0.02713480895	-0.2561952869	-0.02465874503
	-0.2444853277	-0.2329077787	-0.04790730198	-0.07188159123	-0.2215288794
	-0.08161077232	-0.2100922707	-0.1988090345	-0.187552437	-0.1351135128
	-0.176421066	-0.1221672456	-0.1327385596	-0.1653626287	-0.2246385641
	-0.1543857372	-0.1435391654	-0.2876784051	-0.3252000069	-0.1116071718
	-0.101431581	-0.3340674594	-0.09121749684	-0.3219287125	2.624119047e-35
	-6.70596452e-36	-0.008097061669	3.932412343e-36	-4.594888621e-36	-0.06034777433
	-0.03063076142	-0.0273291003	-0.03377975925	-0.03296934876	-0.1536513227
	-0.2380896078	-0.3297642261	-0.2970847215	-0.04597391901	-0.03956800285
	-0.3215418451	-0.335379201	-0.05484391347	-0.0630786517	-0.2836219667
	-0.3015852192	-0.08193912931	-0.07273065909	-0.2559953736	-0.268719553
	-0.09204674334	-0.1019279862	-0.1227533857	-0.1123897107	-0.1441694279
	-0.1334779837	-0.2444477632	-0.2329909539	-0.1659898693	-0.1550775632
	-0.2217559451	-0.2104685545	-0.1992717363	-0.1881071816	-0.1770321399
	-0.3011771243	-0.05406351428	-0.2834822188	-0.04686555892	-0.04088938962
	-0.039543848	-0.2684808115	-0.03544955024	-0.2559405237	-0.03007290831
	-0.01013066361	-0.2443756629	-0.2331120388	-0.0634208034	-0.07260207329
	-0.221998871	-0.2108412327	-0.09211653025	-0.1997514846	-0.1886567933
	-0.1693450364	-0.1776124567	-0.1234213174	-0.2498289076	-0.1666269753
	-0.1556579619	-0.1448388036	-0.3037981321	-0.133986846	-0.3333725547
	-0.1127454903	-0.1025537376	-0.3358843313	-0.3214076024	-0.0824434869
	-0.07233339313	-6.413172268e-36	-1.459771806e-35	-0.009663228277	-2.595791455e-36
	-9.010358497e-36	-0.08467138098	-0.03326101014	-0.04102518527	-0.04848692488
	-0.04663199519	-0.1837018469	-0.2573666455	-0.3092518781	-0.3351549313
	-0.05493442764	-0.06241323208	-0.3360040974	-0.3210514172	-0.081834273
	-0.07247341414	-0.2832672508	-0.3007431121	-0.1024755709	-0.09244418075
	-0.2557265245	-0.2682738619	-0.1236706816	-0.1132228961	-0.1452684034
	-0.134536596	-0.1562360011	-0.1671402691	-0.2443384752	-0.2331466827
	-0.189150129	-0.1781710361	-0.2222403984	-0.2111746013	-0.200207373
	-0.2833963413	-0.05706279621	-0.01176035763	-0.05483954522	-0.04677551674
	-0.2682315885	-0.03632128837	-0.2557771676	-0.2442557034	-0.0960389073
	-0.0635668295	-0.2332868433	-0.2223920732	-0.08162907249	-0.09152697137
	-0.2115122916	-0.2005583538	-0.1934975694	-0.1896075966	-0.1239277
	-0.2639879225	-0.1785734149	-0.1676199362	-0.1565529507	-0.3118568233
	-0.145683941	-0.3360787113	-0.1346239435	-0.1128962559	-0.3356548859
	-0.102470001	-0.3207990591	-0.07143805344	-0.3007583078	-2.160054658e-36
	-2.429149635e-35	-0.01137454044	9.223613899e-36	-1.438781835e-35	-0.1057242054
	-0.05330750116	-0.03975082182	-0.06334352555	-0.06641763853	-0.2019350632
	-0.2660335452	-0.3353674866	-0.3136653189	-0.08070610955	-0.0728523054
	-0.3351862445	-0.3206641319	-0.1014217189	-0.09123225175	-0.283753799
	-0.3008967105	-0.1234563952	-0.1127329968	-0.2683704953	-0.2558445514
	-0.1456345924	-0.1347166515	-0.1568047937	-0.1678034234	-0.1789048915
	-0.1898779287	-0.2333476979	-0.2443213182	-0.2008846159	-0.2117234285
	-0.2226003002	-0.04260617318	-0.2690290085	-0.01329228572	-0.2563611257
	-0.1140889892	-0.05967923051	-0.2445143269	-0.07317116444	-0.2336071532
	-0.2226840879	-0.2119493754	-0.2050441759	-0.2009674244	-0.1012749107
	-0.1116699703	-0.190072935	-0.2675185232	-0.1340151521	-0.1788958657
	-0.1678661594	-0.3119544812	-0.1565320752	-0.1454573834	-0.3338915637
	-0.1230333298	-0.3339612899	-0.3205952134	-0.09115374041	-0.08352940568
	-0.3016366294	-0.07682862677	-0.2846265252	3.651265696e-35	-3.46818075e-35
	-0.01289032148	3.699194134e-35	-1.997185177e-35	-0.1196501371	-0.04559812032
	-0.06647359039	-0.08281984761	-0.08821811664	-0.2068509042	-0.2644295446
	-0.3098659334	-0.3307117168	-0.09461266894	-0.1020330755	-0.3329795252
	-0.3207722036	-0.1118659591	-0.1222227652	-0.2860980745	-0.3028516821
	-0.1447983904	-0.1336683197	-0.2572497164	-0.2701833172	-0.15633277
	-0.167545722	-0.1899879171	-0.1788696519	-0.2120432676	-0.2010769627
	-0.2450673274	-0.2229438375	-0.233953382	-0.2723206766	-0.259044767
	-0.1233615734	-0.2462595696	-0.2349014161	-0.07236804713	-0.2234061279
	-0.2124551247	-0.2033390086	-0.2011034232	-0.1080211045	-0.2603675572
	-0.1900342383	-0.1785668001	-0.167366357	-0.3034868716	-0.1558786652
	-0.3263810703	-0.1448319979	-0.1338245	-0.1238811508	-0.3303885152
	-0.1147693724	-0.320785224	-0.1003090683	-0.09326854997	-0.3045183806
	-0.2883435864	-0.04728472049	-0.01420979115	1.028249993e-34	-4.403923563e-35
	7.566124813e-35	-0.01362115121	-2.455985655e-35	-0.1235203662	-0.0777345669
	-0.04870074136	-0.1130633787	-0.1025984116	-0.2521682983	-0.1983630177
	-0.3201911478	-0.2967245143	-0.1282829361	-0.1212672482	-0.3280719358
	-0.3208902531	-0.1462597438	-0.1366132199	-0.3069503101	-0.2914827797
	-0.1568759834	-0.1678701267	-0.2618003478	-0.2754786596	-0.1905430481
	-0.1792086922	-0.2018930526	-0.2133372235	-0.2246557294	-0.2365465769
	-0.2484063969	-0.1215651826	-0.2660162879	-0.01389573903	-0.252107052
	-0.2397836083	-0.227261224	-0.1887061838	-0.1108178523	-0.2156960445
	-0.2419371381	-0.2038963854	-0.1927552974	-0.1815692089	-0.1522866356
	-0.2851254169	-0.1711341411	-0.3116266592	-0.1610717925	-0.1437525693
	-0.3227007129	-0.1367033694	-0.3197034823	-0.1249012903	-0.08098026898
	-0.3088769499	-0.04802459461	-0.2951172896	-0.2797786661	1.853419703e-34
	-5.012271233e-35	-0.01293805395	1.181360469e-34	-2.668822897e-35	-0.1156351467
	-0.08227078477	-0.04668031336	-0.1163924434	-0.1358450217	-0.2283614379
	-0.1771234703	-0.272447485	-0.3008770817	-0.1502862636	-0.1595618312
	-0.3166769382	-0.3177227161	-0.1772190311	-0.1679957359	-0.3109486411
	-0.2992353958	-0.1974965886	-0.1867455988	-0.2851706144	-0.271603552
	-0.2084163617	-0.2202681922	-0.2320449186	-0.2449015169	-0.2575400568
	-0.2640792207	-0.2516339109	-0.01203077431	-0.1620959973	-0.2389798364
	-0.08030739568	-0.2274894864	-0.2115876912	-0.2160067656	-0.2057393027
	-0.2549559792	-0.1952705882	-0.1859775256	-0.2858838961	-0.1744956556
	-0.1627743548	-0.3055560227	-0.1423498524	-0.1177329139	-0.3117255031
	-0.04304285729	-0.3096678244	-0.3014777458	-0.1077268843	-0.2898544768
	-0.2774722707	-5.044031954e-35	2.696765923e-34	-0.01068128958	1.57367039e-34
	-0.09587424691	-2.497909731e-35	-0.07541632854	-0.0386895416	-0.1450082968
	-0.1150089734	-0.1445596717	-0.1925275468	-0.2681136147	-0.2351307215
	-0.1698814135	-0.1865635615	-0.2915853502	-0.3026519584	-0.2001226066
	-0.2120692926	-0.3057592564	-0.3014270808	-0.2347227791	-0.2229010795
	-0.2931052188	-0.2825053212	-0.258509363	-0.2459938563	-0.2703342352
	-0.271438724	-0.2608736475	-0.1253964399	-0.24876623	-0.1698186859
	-0.0675276415	-0.2370621091	-0.2232394154	-0.2093459465	-0.2116580312
	-0.1905379724	-0.2447853882	-0.1696054043	-0.1396884219	-0.1061991332
	-0.2709109537	-0.2859336	-0.03293124522	-0.008998031102	-0.2936259573
	-0.293783407	-0.08265180937	-0.2891838263	-0.281563771	3.428405512e-34
	-4.296018617e-35	-0.007473546467	1.887954813e-34	-0.0662970859	-1.879418284e-35
	-0.05748487438	-0.02692027033	-0.09383245557	-0.12866	-0.1035194087
	-0.146221162	-0.2184160336	-0.1848665076	-0.1863537911	-0.1610084877
	-0.26323398	-0.245015405	-0.2251210142	-0.2079000141	-0.2743482845
	-0.2780274234	-0.2396908371	-0.2523347719	-0.2712649309	-0.2768374649
	-0.2628510891	-0.0820844638	-0.2272393207	-0.005672998555	-0.1199150077
	-0.2114180146	-0.193255769	-0.1694936013	-0.1571949388	-0.1427184466
	-0.187700799	-0.1109174011	-0.07776591244	-0.04649281256	-0.213896084
	-0.02085147909	-0.2323194554	-0.2447809488	-0.04957183153	-0.2506487039
	-0.2509117319	-0.2470167641	-0.2383629661	3.982757111e-34	-2.756722803e-35
	-0.004282203956	2.11496653e-34	-9.071097344e-36	-0.03160527321	-0.0354891654
	-0.01524016932	-0.06116098964	-0.09010630661	-0.09460493428	-0.05881296503
	-0.1554019917	-0.1268524382	-0.1190855535	-0.1447700782	-0.1779162678
	-0.1954788669	-0.1676669445	-0.185281099	-0.2069027522	-0.212634606
	-0.1994724774	-0.2132522083	-0.2083470839	-0.0685222276	-0.1145970462
	-0.0923777898	-0.09905936394	-0.06879432367	-0.04529960117	-0.1227986661
	-0.02564362317	-0.01039891722	-0.1423591116	-0.002810501147	-0.1562577678
	-0.01433205866	-0.1341413813	-0.1493366132	-0.1650361182	-0.1687176334
	-0.1669754482	-0.1607972463	-0.03761325132	4.372275164e-34	-7.70978702e-36
	-0.001790890469	2.272167388e-34	1.559383555e-36	0.001572928052	-0.006481526862
	-0.0175121018	-0.04917321564	-0.03171397984	-0.04564888963	-0.01651967851
	-0.09227951355	-0.07130636254	-0.0846193694	-0.06738332035	-0.1068521867
	-0.1174578918	-0.1000325372	-0.1116702035	-0.1234811148	-0.1225469359
	-0.1198308917	-0.03326615698	-0.02083841789	-0.04784630104	-0.01115322447
	-0.06476042403	-0.003659822278	-0.000856898058	-0.0764942539	-0.08311106439
	0.01572070661	-0.04616845653	-0.08537169412	-0.08366145617	-0.07840840472
	-0.06987683748	0.00126375979	-0.05896897308	-0.0237932859	4.642409935e-34
	1.0027612e-35	-0.0003365397409	2.379559797e-34	9.480441888e-36	0.02681151005
	-0.006627448298	-0.001651575919	-0.01265311636	-0.0212820201	0.01739544548
	-0.006017718688	-0.04192784626	-0.02679763721	-0.03004661345	-0.03900527575
	-0.05059917545	-0.05506980061	-0.04637960968	-0.05219416237	-0.05496622066
	-0.0102729572	-0.0004364136379	-0.02333965122	5.897421169e-05	-0.03084477329
	0.0349073689	-0.03366166406	-0.00721490145	-0.03305783548	-0.02980117085
	-0.02502051868	0.02904034808	-0.01897741096	0.008928572489	-0.01303181898
	-0.003281748404	4.824219822e-34	2.07492915e-35	0.0002511221986	2.448576812e-34
	1.25389451e-35	0.0396841094	0.0004301745388	-0.00139481317	-0.007926028509
	-0.003800090119	0.03824286177	0.02037430137	-0.008941888035	0.00327100779
	-0.011563651	-0.01541327415	-0.01558422873	-0.01762030797	-0.01830049296
	0.001676622291	0.04122146227	0.0003411145374	-0.004828658542	-0.007608681531
	-0.0003257895893	-0.007898906297	-0.006470215474	0.04267965948	-0.004478968862
	-0.002047253024	0.02794183303	0.0007172352012	0.01291205128	4.937885298e-34
	2.303820261e-35	2.49077605e-34	0.0003660288559	1.14905504e-35	0.04031027967
	6.905273063e-05	0.0008364403281	-0.001727280173	-0.0007284190189	0.03278930256
	0.04456371013	0.01956932642	0.009156413594	-0.001718154339	-0.0007017922301
	0.002749957587	0.03700526896	0.007116098041	0.003319230439	0.001313740334
	0.0005909123462	0.04267561891	0.0004470790721	0.03362110312	0.0006521823055
	0.0003014533498	0.02286875779	0.01338353736	5.007266141e-34	1.946683413e-35
	0.0002595606123	2.516588937e-34	8.495441974e-36	0.03262309514	0.0006697443708
	0.001151077158	0.005040543179	0.00256049931	0.03892999521	0.03274375247
	0.02358764938	0.009207996422	0.01528271248	0.009082907805	0.004930498872
	0.0002120675038	0.002238999886	0.03348115899	0.000840896406	0.028939264
	0.0219723822	0.0272749929	0.01464484508	5.050964651e-34	1.363827558e-35
	0.0003108402319	2.534495019e-34	5.401251877e-36	0.02203134079	0.003821499815
	0.001383035057	0.01284865365	0.007710135989	0.02741015949	0.02477963484
	0.01890665072	0.002072389138	0.02151537159	0.0004176953431	0.01941556645
	0.01701809116	0.01499645962	0.00974149069	0.005346632671	5.085273771e-34
	8.200726895e-36	0.0006650100603	2.55048503e-34	3.044950607e-36	0.01265628478
	0.006628248702	0.002940344025	0.01090770604	0.01598235823	0.01470572324
	0.01136119497	0.01004043586	0.009071589668	0.006944003321	0.003417586267
	0.0008370191141	5.11901091e-34	4.255347994e-36	2.564569567e-34	0.0009942421046
	1.528954122e-36	0.006064543154	0.003667263299	0.006237055993	0.00750433637
	0.003910266254	0.003131566525	0.0009711046654	0.004382989337	1.834847963e-36
	5.146503804e-34	0.0008089256144	2.571554369e-34	6.175719017e-37	0.00222009767
	0.00203125879	0.0009282776304	0.0005341625134	4.907843758e-37	5.155439241e-34
	2.56889979e-34	0.0001483638413	-2.617809617e-37	1.271674895e-34	1.41752445e-36
	5.147957703e-34	
