3721	
	2.453562429e-35	-2.269193922e-34	-2.919703994e-34	2.371473077e-35	-1.214945112e-34
	0.06423139794	0.009627601444	-4.585527469e-34	-1.391738896e-34	0.0116542278
	0.1173269348	0.09922626593	-6.502073808e-35	2.055038419e-35	-0.000875274888
	-0.02556722358	-0.02874254703	-0.06414983655	-4.458323568e-34	-2.52037804e-34
	-0.00274767628	4.039385565e-35	-3.236773317e-35	0.1578444395	0.1447094138
	-0.08273266514	-0.0609727151	-0.0422764618	-0.05575895396	-0.004498784357
	-0.01239601503	-0.0006053605954	-4.356820649e-34	-0.02571045411	-0.03916496451
	-2.299530683e-34	0.1871426279	0.1767428114	-1.525885101e-35	5.792332517e-35
	-0.06041609878	-0.06323647743	-0.08713504797	-0.08029303047	-2.226134697e-34
	0.001204184433	0.002076894691	-4.317737836e-34	0.002726363267	-0.002592394715
	-0.04867826145	-0.0180469133	-0.04226134934	0.0007483164969	-0.02476689041
	0.211624719	0.2010970308	6.793341816e-37	7.09984806e-35	-4.286768824e-34
	0.00108896117	-2.185752819e-34	0.001055605246	-0.07285157266	-0.07946269387
	-0.04985519947	-0.05834822967	-0.02263471279	-0.04397015423	-0.02308936791
	-0.04048292519	0.007522969799	0.003529778622	0.005581764148	0.004339180076
	-0.00352609083	-0.003408521923	0.004933927855	0.2382693982	0.2248079112
	1.945334406e-35	8.011391901e-35	-0.03676966292	-0.05565763946	-0.03522527283
	-0.01514278269	0.000779573868	-4.215178536e-34	0.0006238587852	-2.147495372e-34
	0.002746525884	0.003316716358	0.007994638595	0.007778926063	-0.01377649745
	-0.0278927825	-0.004090506258	-0.01339520862	0.002352288015	0.01310231608
	0.01135485685	0.01056494773	0.009256448975	0.01742430986	0.01526269236
	8.752323541e-35	0.2710065303	0.2538439323	4.101126643e-35	0.01667046631
	-0.01049240386	0.008049306229	0.03616702285	0.03530667668	0.01502564158
	0.03267123183	0.008309280694	0.001419970272	-2.096088658e-34	-4.100799561e-34
	0.0009555196477	0.003764323417	0.004998548581	0.01216395116	0.009435191885
	0.02378404089	0.03089376151	0.01660665133	0.02062028112	0.03906026781
	0.02595198881	0.02896082092	0.02873593293	0.04570641286	0.04535817015
	0.04575758079	0.3095537331	0.2898499831	6.344324861e-35	9.500837567e-35
	0.06415508091	0.09518026348	0.07813323565	0.04844359046	0.08874441563
	0.06280535429	0.090044374	0.06054769287	-2.026647396e-34	0.002597369628
	-3.941875459e-34	0.001960586559	0.06968543057	0.09356657508	0.09538381734
	0.06930664724	0.01588148971	0.007052678903	0.00927805608	0.02034046995
	0.04871281247	0.03930227924	0.03356489259	0.02687542897	0.06109402971
	0.0764253887	0.05135721962	0.0929899791	0.08556138302	0.06302441145
	0.06799134629	0.3508393654	0.3304216012	8.465049718e-35	1.035715117e-34
	0.1384779806	0.1106264332	0.1233239487	0.1532686889	0.1184597768
	0.1481122936	0.1188081513	0.1440371171	-1.936562645e-34	0.004082432413
	-3.73782778e-34	0.00335209944	0.1473789249	0.1204196718	0.143433861
	0.1215151453	0.02505953698	0.02992718852	0.0119249656	0.01458627271
	0.1422200763	0.1183361806	0.1352839703	0.1120716762	0.04793111744
	0.06686451749	0.04110733247	0.05815631686	0.1278648167	0.1158839746
	0.09018571805	0.08511905415	0.1018929694	0.07522492436	0.1030675292
	0.3914645941	0.3719154699	1.030261936e-34	1.126583235e-34	0.1921442157
	0.1684366405	0.1786903043	0.2053293526	0.1933025117	0.1712933284
	0.1999854635	0.174102318	-1.825793268e-34	0.00552382298	-3.496757217e-34
	0.004851684445	0.1928602215	0.1858128855	0.1670305285	0.1705865608
	0.03798356431	0.0342654671	0.01732106394	0.01963101431	0.1821269335
	0.1742275385	0.1571681853	0.1632052709	0.05876074519	0.073925793
	0.07880013643	0.05433664462	0.1569642109	0.1388188342	0.1673339863
	0.1494121264	0.09344799535	0.1456534134	0.115803415	0.0983290631
	0.1316855778	0.1105281066	0.1261462769	0.4290167305	0.4113011731
	1.179410485e-34	1.213577836e-34	0.2371061756	0.2180773275	0.2268819491
	0.2494958395	0.2341393559	0.2164680641	0.2432347428	0.2217966693
	0.2192253053	0.2048058926	0.2118028858	0.2297710513	0.006068603695
	-1.701795009e-34	0.00652966422	-3.24768222e-34	0.04179755465	0.04046342265
	0.02173881272	0.02290247677	0.201676715	0.1978032232	0.211912725
	0.1900686402	0.06263115914	0.08147604149	0.08134181323	0.06191570753
	0.1720671281	0.1933586842	0.1816662413	0.1829413834	0.1008126166
	0.1004277218	0.1172630889	0.1179475391	0.1478396972	0.1728166879
	0.1611577478	0.1334563654	0.1608580555	0.1483743611	0.1342503754
	0.462254757	0.4467962049	1.29489439e-34	1.290160429e-34	0.2732817883
	0.2586048845	0.2671061092	0.2857864519	0.2666908252	0.2530169876
	0.2778383783	0.2607606499	0.2586632187	0.2447881825	0.2340114368
	0.244663368	0.006618580575	-1.584484069e-34	0.006789874283	-3.046327838e-34
	0.2232830552	0.2204012508	0.2127027748	0.2335779684	0.02336421312
	0.04040089474	0.04168104142	0.02377848396	0.05932067185	0.07610058678
	0.07967632539	0.06194834175	0.2022233373	0.2094876897	0.1976942984
	0.1919080832	0.09799365421	0.09381871223	0.1095172971	0.1143287837
	0.1757450864	0.1699578443	0.1871129334	0.1812361489	0.144526791
	0.1643750329	0.130339082	0.1522170051	0.1389908862	0.1251658373
	0.1579189769	0.4907990687	0.4776705829	1.380961804e-34	1.353779656e-34
	0.3014483666	0.290517959	0.2998595444	0.3150194819	0.292002065
	0.2816349687	0.3047150761	0.2915148679	0.264286045	0.2561838422
	0.2701700683	0.2808972994	0.2419093106	0.2336461822	0.2281933852
	0.249596704	-2.965157966e-34	0.006299859466	-1.505704387e-34	0.006186864684
	0.02085338454	0.03461176805	0.03793901633	0.0227901982	0.2150022264
	0.2061010084	0.2198861932	0.2028189545	0.05074976347	0.06541103165
	0.07131033232	0.05562600596	0.08821471858	0.08161377381	0.09587448793
	0.1032857795	0.1910352763	0.1797043273	0.1818481014	0.1939586909
	0.1317619972	0.1183834352	0.1104344515	0.1232142562	0.1590917281
	0.1567171365	0.1705305894	0.1683567807	0.1475716833	0.1447659362
	0.1358768457	0.5147617567	0.5038533115	1.442462779e-34	1.404507612e-34
	0.3226377774	0.314843411	0.3260890787	0.3382041356	0.3112584211
	0.3035384986	0.3249638036	0.3151071146	0.2978446095	0.2793401976
	0.2731049245	0.2897258011	0.2560139145	0.2440264504	0.2396254437
	0.2620354856	0.2239630495	0.2123457898	0.2096781547	0.2279299055
	0.004797990855	-3.072892504e-34	0.005151822667	-1.501980528e-34	0.01589811078
	0.02592976801	0.019002504	0.03054730191	0.03900823079	0.05161069696
	0.05884797986	0.04521088018	0.1962261676	0.1984436009	0.1850660414
	0.1837596582	0.07412593271	0.0787587434	0.06602152591	0.08765663622
	0.1015095916	0.1137803564	0.103728858	0.09202772935	0.1718170797
	0.1602688484	0.1608345816	0.1728023387	0.1260328757	0.1156323553
	0.1489487909	0.1267871791	0.138111986	0.1493886359	0.1374660034
	1.44355875e-34	0.5344771883	0.5256053253	1.483674976e-34	0.3378406275
	0.3326671878	0.3467706671	0.3562667037	0.3254548289	0.3198910269
	0.3395430908	0.3325810938	0.2909979831	0.2861682838	0.3045508285
	0.3105308267	0.2720331712	0.2672191148	0.2528015249	0.2489736109
	0.2315557609	0.2183230782	0.2155816335	0.2351528458	0.002802014173
	-3.412798436e-34	0.003362413364	-1.603576562e-34	0.2006508464	0.1885073158
	0.1868567317	0.203025391	0.01311805167	0.009253572767	0.01562074704
	0.02095284505	0.02547857271	0.03605012471	0.04404534714	0.03247351921
	0.06948948277	0.05747294727	0.05986159487	0.0484963029	0.1622795892
	0.1738770997	0.1751319586	0.1615428122	0.09331143244	0.0820653019
	0.07187048657	0.08269078302	0.1048394425	0.1157767562	0.09390966644
	0.1046663332	0.1157772504	0.1501475404	0.1497540161	0.1382034192
	0.1269157604	0.138351112	0.1270421334	0.550345867	0.5433133579
	1.508029501e-34	1.472417461e-34	0.3627419235	0.3699616486	0.3478892485
	0.3449391661	0.3353100865	0.3315855234	0.349181884	0.3447800792
	0.3195958269	0.2997781943	0.2961620104	0.3154715736	0.2762481751
	0.2602356716	0.256953639	0.2799801691	0.2214570821	0.2385447322
	0.224210734	0.2417468248	-1.823891907e-34	0.0003956940061	-3.984858882e-34
	0.001148719808	0.205496099	0.192640408	0.1906138152	0.2079880582
	0.005874456532	0.001595820409	0.00445580747	0.01017057174	0.1646954166
	0.1766842305	0.1634456141	0.1783448001	0.01088414768	0.01946704382
	0.02792038007	0.01840187198	0.05012408953	0.03939236382	0.02992248442
	0.04018250157	0.07198223413	0.06153514284	0.06124448842	0.05105329025
	0.1387432451	0.1517892004	0.1509180942	0.1393279656	0.07189784807
	0.08237480144	0.09349606451	0.08292150767	0.1155964013	0.1045711851
	0.1273382269	0.1271080222	0.1043067481	0.1156841602	0.09328049765
	0.5627583516	0.5573819396	1.518177191e-34	1.492544714e-34	0.353435272
	0.3524199152	0.3746622145	0.3798689741	0.3392298357	0.3543879624
	0.3523155032	0.3412986401	-2.151560708e-34	-0.002221104832	-4.733867105e-34
	-0.001290106215	0.325398793	0.305877939	0.303430618	0.3229752233
	0.2858883247	0.2832590341	0.2661535978	0.2635568639	0.2473708886
	0.2447654764	0.2295557017	0.2270691738	0.2105085637	0.1969301899
	0.1948512547	0.2128067406	-0.002126778359	-0.006507231267	-0.007145498451
	-0.001223921871	0.1802001553	0.1676808588	0.1661834782	0.181954207
	-0.004425463788	0.01098376924	0.002186846894	0.003457467378	0.1529757447
	0.1401541405	0.1410625202	0.1541066528	0.03024265968	0.02050456451
	0.02013755761	0.01069861367	0.0398265179	0.03003273397	0.04064334201
	0.05053815663	0.0602450029	0.07128731251	0.06098875284	0.04999041048
	0.1159497746	0.1285194142	0.1163658396	0.1279570847	0.0818097467
	0.0709173582	0.1045487858	0.09304703089	0.08215548973	0.09305879369
	0.1044615464	0.5720675185	0.5681875677	1.516318479e-34	1.505308152e-34
	0.3549694202	0.3556866901	0.38302936	0.3864203791	0.34370117
	0.3432035486	0.3554873343	0.3556004888	-2.546382866e-34	-0.004803330496
	-5.547680447e-34	-0.003744612883	0.3093378117	0.3080854515	0.327324672
	0.3281305121	-0.01034330286	-0.01445099157	-0.01883651058	-0.01287007393
	0.2896439198	0.2881747914	0.2702892841	0.2685349359	0.2318877254
	0.249804135	0.2338541167	0.2516109566	0.2168983747	0.215081549
	0.200770936	0.1989353545	0.1838053672	0.1706394767	0.1853497326
	0.1691831254	-0.01212089037	-0.00658669601	-0.01570781783	-0.02019103961
	0.1554223892	0.1430188917	0.1420337865	0.1565415712	-0.0002603717548
	0.01003410576	0.001007162206	-0.009115158106	0.1299930825	0.1293324949
	0.1174114105	0.1168656332	0.02917099634	0.01846436702	0.01959796513
	0.008860102313	0.03827246775	0.04926082167	0.02819258355	0.03918639312
	0.04867095265	0.05988005676	0.07060863722	0.05939397497	0.09333051488
	0.09315241804	0.1051927182	0.08172567036	0.1049501612	0.08184681902
	0.07044111898	0.5785863592	0.5760650301	1.504365261e-34	1.511810943e-34
	0.3528439181	0.3551646135	0.388216265	0.3899348343	0.3426460098
	0.343721289	0.3526726987	0.3548847793	0.3278771194	0.3101412608
	0.3101321038	0.3286460868	-2.941961868e-34	-0.007008388894	-6.275350194e-34
	-0.005936320567	-0.01809890224	-0.02141298058	-0.03003654807	-0.02433362291
	0.2911116683	0.2908720236	0.2724204435	0.2716232923	-0.02803565925
	-0.03595136138	-0.03415096459	-0.02474841441	0.2354490238	0.2541337817
	0.2532920571	0.2367158533	0.2023261055	0.2198258838	0.2186989046
	0.2037023541	0.1880832771	0.1719304285	0.186955377	0.173134531
	0.1439341779	0.1586938053	0.1448253117	0.1577720043	-0.02123100787
	-0.0295958306	-0.01062446253	-0.01915117965	0.1308128841	0.1184818123
	0.1314099351	0.1179329549	-0.00302892051	0.007774910154	-0.001696405628
	-0.01264235569	0.09350092296	0.1056487404	0.09372564943	0.1058923742
	0.006361263338	0.01633527475	0.01741683848	0.02733277644	0.02643593481
	0.03766483652	0.03698844143	0.04821187655	0.07022257805	0.05921275306
	0.07030508483	0.04778237492	0.08186872747	0.05885311152	0.08179363999
	0.5825913541	0.5813122123	1.483588891e-34	1.51340923e-34	0.3473045952
	0.3511714025	0.3904973716	0.3906649914	0.3381593789	0.3408598185
	0.3460282043	0.3502902295	0.3246334023	0.3082502708	0.3095158532
	0.3269986538	-3.260658184e-34	-0.008392037149	-6.774191455e-34	-0.007487889596
	0.291248129	0.2723716712	0.2726107788	0.2901670277	-0.02441252401
	-0.02627641934	-0.03965389906	-0.03480886461	-0.04361750461	-0.05071923453
	-0.05276136722	-0.04331718801	0.2549549696	0.2378507228	0.2547074719
	0.2374281033	-0.04306035399	-0.04004716279	-0.03200425361	-0.05071303883
	0.2046522338	0.2053884457	0.2212913304	0.2209855721	0.1898368869
	0.1748536051	0.1740677884	0.1892610047	0.1602712667	0.1596900592
	0.1462383914	0.1455537952	0.1321441915	0.1325400499	0.119403262
	0.1189086128	-0.03476078149	-0.02494993774	-0.01390489544	-0.02349221511
	0.09408824509	0.09384663886	0.1063414875	0.1064757369	-0.01569703313
	-0.005740490502	0.005348916113	-0.004502189509	0.07008038664	0.08195270019
	0.08183301953	0.07003238259	0.01451362851	0.02578126941	0.01539153358
	0.004096647426	0.03651243088	0.04740589206	0.04704482385	0.03593313019
	0.05871969132	0.02504015863	0.05837047538	0.5843397603	0.5842110113
	1.455780169e-34	1.512295899e-34	-3.443019176e-34	-0.008508755262	-6.974883994e-34
	-0.007996255486	0.3385652353	0.3439325962	0.390083843	0.3888183054
	0.3301716892	0.3345557043	0.3355276611	0.341881141	0.3035661224
	0.3061566126	0.32238856	0.3183206249	0.289190456	0.2699739229
	0.2713607132	0.2867070317	-0.02801175088	-0.02782235573	-0.0459867641
	-0.04290865294	0.2545729338	0.2370322232	0.2376200733	0.2531783787
	-0.06157830117	-0.05748312671	-0.06269940518	-0.07039318155	-0.06587430932
	-0.06148916073	-0.05433564712	-0.07198554483	0.2216671621	0.205659226
	0.2055942747	0.2210883782	-0.0577929426	-0.04764530885	-0.03619480948
	-0.04609877222	0.1753194656	0.1903611	0.1755865619	0.1904508979
	0.1470784543	0.1610175761	0.1466416469	0.1609481896	0.1200315105
	0.1331722539	0.1196089429	0.1331540523	0.1068063786	0.1069098368
	0.09407480732	0.09431923566	-0.02815334324	-0.03820580865	-0.01688035916
	-0.02678399612	0.08176939147	0.06982059477	0.06979661623	0.08200317701
	0.003229290513	-0.007055030871	-0.01845731766	-0.008132009868	0.05786642563
	0.05824459218	0.04632408331	0.04664762492	0.02444504274	0.01293162373
	0.01370243832	0.002173191372	0.02379395802	0.03549600244	0.03494412594
	0.5841170715	0.5850359926	1.424401896e-34	1.509156236e-34	0.3268224841
	0.3335901795	0.3872077358	0.3845500305	-3.479142755e-34	-0.00714194479
	-6.920676036e-34	-0.007241235828	-0.02770110292	-0.02528615138	-0.04708093734
	-0.04676874751	0.3184333323	0.3246622811	0.3210990905	0.3296681015
	0.2958883968	0.2999878105	0.3146834603	0.3088050598	0.2845329836
	0.2650531745	0.2677974336	0.2806369557	0.2519637078	0.2341199779
	0.249444254	0.2358857994	-0.07781927809	-0.06733315319	-0.06931159836
	-0.08468362219	0.2205745093	0.2042304479	0.2051265631	0.2190483921
	-0.09197825993	-0.0892471887	-0.0775095941	-0.08258512543	-0.08189262598
	-0.07145562672	-0.06976962063	-0.05944028722	0.1903852519	0.1752421141
	0.189424947	0.1754139923	-0.03955893054	-0.05110964825	-0.0614255213
	-0.04966615542	0.1472061325	0.1469420765	0.1606967484	0.1614080001
	0.1198426628	0.133111535	0.1202011469	0.1336902522	0.09407003055
	0.1067426148	0.1072136612	0.09427939421	0.06943060289	0.08192526246
	0.06947148537	0.08151325332	-0.02978928135	-0.01955157318	-0.03106107456
	-0.04134225117	0.04588593426	0.05729448453	0.0455741187	0.05773197659
	-0.01021811248	-0.02087497954	0.001373456877	-0.009266003272	0.011477141
	0.02260824822	0.03451806513	0.0004611205576	0.01219277358	0.03397340543
	0.02320127718	0.5822241438	0.5840451905	1.386381553e-34	1.5041113e-34
	0.3121554238	0.3203444642	0.3821176548	0.3780508773	0.3024945549
	0.3110111309	0.3027269295	0.3134992781	-3.415105812e-34	-0.004603994659
	-6.7367822e-34	-0.005394897467	-0.02307033579	-0.01905872704	-0.04172778191
	-0.04473622747	-0.09201894988	-0.08903261818	-0.07029220378	-0.06795075414
	0.28493198	0.2909229112	0.3035845272	0.2958733325	0.2770940387
	0.2575247005	0.2618345037	0.2718696825	0.2433912034	0.2470669644
	0.2292110706	0.2320255083	0.2177459848	0.2014101079	0.2027549161
	0.2149513699	-0.1077342562	-0.1011622602	-0.1115526305	-0.100565641
	0.1890826176	0.17379012	0.1740540027	0.1867938068	-0.09658711489
	-0.1066959425	-0.09446502732	-0.08392396244	-0.06289446058	-0.07342073908
	-0.07482434388	-0.08566385744	0.1609675243	0.1464540637	0.1462221401
	0.1591224544	-0.06468544579	-0.05437855302	-0.04267266323	-0.05292909848
	0.1197078148	0.1194402816	0.1322074157	0.1335588695	0.09379953847
	0.09371015558	0.1061494096	0.1070559315	0.08094957469	0.06895307544
	0.08157428945	0.06881950677	0.0450777808	0.05657248172	0.04472780669
	0.05709818411	-0.03359112682	-0.04417929061	-0.0218818095	-0.0324596386
	0.02200787418	0.03353285232	0.02143868468	0.03297072228	0.01009642163
	-0.001120990579	-0.01208652655	-0.01121407624	-0.0003067992818	-0.02299525065
	0.01078226333	0.5788121463	0.581551949	1.321167377e-34	1.508015809e-34
	0.2945850986	0.3045824227	0.3749300495	0.3696543866	0.2818132772
	0.2933232977	0.2805225129	0.2931856973	-3.320568661e-34	-0.001820833822
	-6.548928149e-34	-0.002990923292	0.2792603709	0.2705312045	0.2787189248
	0.288746089	-0.03655025409	-0.01515790023	-0.01085587955	-0.03068645617
	-0.08865490651	-0.09137828807	-0.06421826626	-0.05762838506	-0.1133184532
	-0.1146823105	-0.1291826782	-0.1209560337	0.2668768402	0.2477583077
	0.2531360173	0.2601902235	0.2402057105	0.2227641334	0.2346791986
	0.2255814057	0.2084769123	0.2134750489	0.1972657748	0.1981659351
	0.1710541262	0.1865442503	0.1710316607	0.1822925974	-0.1227325182
	-0.1305304034	-0.1096375222	-0.1192950167	0.1561942206	0.159385572
	0.144552098	0.1443677345	-0.1112225967	-0.09835617537	-0.08711067112
	-0.09954819904	-0.07816776777	-0.0662295909	-0.08863989122	-0.076599219
	0.1324642675	0.1183249706	0.1303469511	0.1182983678	-0.05595202663
	-0.06781481817	-0.05725643571	-0.04539621133	0.09271813811	0.09288583374
	0.104892308	0.1061999603	0.0678476136	0.06816719045	0.07995002795
	0.08078837319	0.05559712685	0.05623697789	0.04414998584	0.0437005299
	0.02081410313	0.02022424008	0.03186112286	0.03247248891	-0.03477878447
	-0.04664100224	-0.03580327279	-0.0239374216	0.008732453252	-0.001872116183
	-0.002632378593	0.009416771313	-0.01381299587	-0.01298749728	-0.0249098146
	0.5736414787	0.5779808521	1.195142895e-34	1.53984129e-34	-3.244055366e-34
	0.000278936821	-6.422108177e-34	-0.0007410200505	0.2742941838	0.286707986
	0.3657684854	0.3597691344	0.2562966634	0.2710229153	0.2549793
	0.2689321603	0.2534468158	0.2624884161	0.2701507732	0.25830511
	-0.02412134472	-0.006512171573	-0.003032605373	-0.01703539993	0.2546010365
	0.2367566241	0.2407566061	0.244676726	-0.04048850609	-0.07329069925
	-0.08204823157	-0.04963673751	-0.1139552286	-0.1081116742	-0.1363587747
	-0.1339687529	-0.1493013727	-0.1481456131	-0.1356642396	-0.1415036948
	0.2320810543	0.2150636297	0.2159937582	0.2226493744	0.1994112426
	0.2077790819	0.191443339	0.1912651935	0.1823038669	0.1665688715
	0.166437835	0.1759135978	0.1414153066	0.1561664396	0.1518793466
	0.1411822321	-0.1255846754	-0.112478083	-0.1246767208	-0.1380306582
	0.1300787652	0.1163561518	0.1274282844	0.115867002	-0.1134429829
	-0.1025024851	-0.09029667797	-0.1009675999	-0.07980279856	-0.09183717856
	-0.08125968612	-0.06923013277	0.1028440121	0.1044552455	0.09148997775
	0.09090793558	-0.05856521172	-0.07054175725	-0.05972796185	-0.04775043086
	0.06700607337	0.06641022344	0.07839642415	0.07944165978	0.04240352913
	0.04301248302	0.05426986808	0.05505161452	0.031259421	0.0305646686
	0.01889119132	0.01954884429	-0.004136876262	0.007318882328	0.008032943793
	-0.003385760574	-0.04882122659	-0.02669845541	-0.03684596539	-0.01465846396
	-0.02580877124	-0.0378020313	-0.01546485378	0.5655604535	0.5733165458
	9.447488239e-35	1.602035173e-34	-3.199046318e-34	0.0013122062	-6.358846046e-34
	0.0007325750446	0.2524379336	0.2668122823	0.3551742146	0.3489158852
	0.0002150553227	-0.004770908415	-0.01087298195	0.00227320387	0.2283018934
	0.2424377622	0.2263597057	0.2422687566	0.2355003166	0.2400571818
	0.2491772208	0.2305893379	0.2413554508	0.2246075809	0.2237769766
	0.2236167583	-0.02131185892	-0.04946457511	-0.06204314721	-0.03047014336
	0.2222930418	0.2050596619	0.2069914764	0.2035593961	-0.09941802741
	-0.08677891574	-0.1269941799	-0.133402367	-0.1554521564	-0.1560607593
	-0.1681702276	-0.1589500634	-0.1644678108	-0.1530095855	-0.1392299143
	-0.1518028495	0.1994457874	0.1829315606	0.1880051377	0.1826123851
	0.1754009085	0.1598016369	0.1605576476	0.1678269356	0.1361351111
	0.1508801514	0.1373727086	0.1461829109	0.1135033107	0.1233806588
	0.126271578	0.1122295134	-0.1275400056	-0.1395071735	-0.1149732745
	-0.1263417758	0.1017635823	0.08827579047	0.08939478627	0.09991649413
	-0.116288054	-0.1040476371	-0.1056059816	-0.09341030509	-0.08262599931
	-0.07179672704	-0.08390380532	-0.0947397938	0.07746791254	0.06441364266
	0.07620049164	0.06535649863	-0.04985356337	-0.06085341543	-0.07291538116
	-0.06192000802	0.04075026161	0.05250760071	0.04157080336	0.05346644768
	0.02982008301	0.01813324196	0.01736363545	0.02900622426	0.005787949916
	-0.004917412592	0.00656360624	-0.005701582174	-0.02842857623	-0.01710722243
	-0.02757448157	-0.03967048807	-0.0508220334	-0.01629248183	-0.03875521967
	0.5505118294	0.5648497495	3.82670196e-35	1.659827357e-34	0.001296968119
	-3.178381142e-34	0.00144845103	-6.335839718e-34	0.2341501391	0.2427550949
	0.3448876437	0.3367965568	0.003794416268	0.003398008901	-0.0003299511976
	0.004412235652	0.2029236872	0.2040070589	0.1917093395	0.2184991035
	-0.01220267911	-0.005027077808	-0.02454315974	-0.03705401892	0.1924505169
	0.2155213548	0.2099774208	0.2273451198	0.1966157271	0.2248283358
	0.2079469255	0.2034883576	0.2076421395	0.1904097884	0.1897718536
	0.1886960704	-0.07173648053	-0.05610793711	-0.09949045163	-0.1148619487
	0.1867223226	0.1708167938	0.1727596914	0.1749792974	-0.143296264
	-0.1745211261	-0.1730205113	-0.1532174524	-0.1803350312	-0.1852974012
	-0.1668551887	-0.1766374155	-0.1405297732	-0.1672019074	-0.1537176689
	-0.1532161492	0.1582546816	0.1533256836	0.1654685302	0.1505650592
	0.143677023	0.1294059043	0.1391023324	0.1320328837	0.1211820332
	0.1181404446	0.1095701139	0.1073927092	0.0981472532	0.08647586791
	0.08476635051	0.09603209968	-0.1287426006	-0.1413050187	-0.130273926
	-0.1179240163	0.07481900364	0.06178593813	0.07328102425	0.0631184419
	-0.1069803626	-0.1192284926	-0.108345808	-0.09610626175	-0.07405280481
	-0.08506286035	-0.08621111079	-0.09723750226	0.0514108339	0.05023121736
	0.03973913204	0.03866702152	-0.05180152534	-0.06293354066	-0.06393537857
	-0.07505867243	0.02808282229	0.01649180296	0.01557234598	0.02711238164
	0.004072206452	0.004941630375	-0.006536163648	-0.007390610896	-0.03016164661
	-0.01880437424	-0.02930380653	-0.01795330841	-0.052715478	-0.04057726105
	-0.04147644107	0.5122478201	0.5394921197	-4.705879271e-35	1.474666257e-34
	0.001227620077	-3.171095633e-34	0.001150694806	-6.332357874e-34	0.2278470299
	0.2062641284	0.3407501205	0.3149269772	0.004533070647	0.004289899151
	0.006810359289	0.005498303665	0.1784893045	0.1563423973	0.1454885386
	0.2032641895	0.005223898515	-0.005036605747	-0.01423733958	0.001100782832
	0.1843603291	0.1763613633	0.1976570006	0.1459704259	-0.03975537924
	-0.02593037241	-0.06128052056	-0.08103188223	0.166929861	0.1971529638
	0.1813301409	0.1826714405	0.1854100705	0.1698074181	0.1693695003
	0.1749567517	0.1701057343	0.1553839978	0.1611092864	0.1606383159
	-0.1092704632	-0.1289312185	-0.1580784827	-0.1687546034	0.1534194585
	0.1392594242	0.1470054803	0.1442527641	-0.1920041902	-0.1906472519
	-0.2017261035	-0.1914717695	-0.1951960607	-0.1675305522	-0.1816555747
	-0.1815734841	-0.1541698429	-0.1553612656	-0.1674213445	-0.1427840405
	0.134998762	0.1211931392	0.1304050155	0.1251701596	0.1115489313
	0.1044555486	0.1148984121	0.1014045328	0.09108638327	0.09356286307
	0.08035756195	0.08266162257	0.07142173822	0.05847773164	0.06955743564
	0.06022214632	-0.1206704346	-0.1315930024	-0.1330181546	-0.1439555121
	0.04880997015	0.03744858907	0.04736915694	0.03609565233	-0.1095071689
	-0.1217999967	-0.1107062776	-0.09844306523	-0.07611293291	-0.09945393586
	-0.08724523869	-0.08830499452	0.02597729717	0.01345810049	0.01455872097
	0.02481667201	-0.06584435142	-0.05366420975	-0.06488364074	-0.07705301704
	0.003101811369	-0.009261761338	-0.008305078261	0.002109073698	-0.043280911
	-0.01970274185	-0.02061685593	-0.05455935873	-0.03195441067	-0.03105955803
	-0.04237326988	0.4091628474	0.4557977398	-7.292071491e-34	1.239532833e-34
	0.2238097079	0.1540980732	0.3416726808	0.2270206417	-6.338842462e-34
	0.000904620707	-3.170218231e-34	0.0006906045742	0.003750561438	0.0031721744
	0.006771402779	0.007040838696	0.1356825954	0.1154697948	0.09494491634
	0.1778116891	0.009196973118	0.006564720759	0.001639297601	0.007982167118
	0.132391242	0.1440268406	0.1447579389	0.1056755627	-0.01325065376
	-0.003693801156	-0.02575387366	-0.04301015571	0.1371003319	0.1561729843
	0.1445249209	0.1591188585	-0.0864645053	-0.06394299917	-0.1168851836
	-0.1396737803	0.1588804208	0.1454647206	0.1567894111	0.1473743498
	0.151835985	0.1381616969	0.1468041966	0.1434205131	0.1333205866
	0.1398362933	0.126454481	0.1331758347	-0.2058636347	-0.1697031853
	-0.2054481351	-0.1848323041	0.124810786	0.1116174911	0.1198084162
	0.1167598793	-0.2101855435	-0.1960378676	-0.2166807446	-0.2080101389
	-0.181167437	-0.1682984217	-0.1815022738	-0.1955778566	-0.1690056891
	-0.1564277064	-0.1578380987	-0.1454262919	0.1035138023	0.09812619544
	0.107325174	0.09426014513	0.08503512503	0.08794476091	0.07790472242
	0.07501857107	0.06722134951	0.05444952626	0.0566145521	0.06498947248
	0.03299076841	0.04560774399	0.0346440313	0.04387638397	-0.1465523851
	-0.1341748522	-0.135407417	-0.1230421715	0.02344624455	0.01227854644
	0.02207043686	0.01097240769	-0.1005492334	-0.1240381962	-0.1117304972
	-0.112817415	-0.07804913652	-0.08926301963	-0.101487395	-0.09025935017
	0.0009876188734	-0.01136481932	-0.0102794477	-0.0001519680152	-0.06676127529
	-0.06770305175	-0.07895388776	-0.05549994921	-0.02259656294	-0.02159640739
	-0.03289795079	-0.0338576935	-0.04419885341	-0.04513779691	-0.05640550965
	0.2301378034	2.613415976e-33	0.00044677754	-1.587260383e-34	0.1158904292
	0.2465981603	0.1029393746	0.08825808606	0.002265653726	0.006029044932
	0.009437068661	0.009346804106	0.08131992251	0.1044051047	0.003555376474
	-0.01256255165	0.113308532	0.1272647574	-0.0908508928	-0.0415086218
	0.1307884921	0.1342052781	-0.1954794561	-0.1485279994	0.1314924592
	0.1299612154	0.1201171093	0.1243696966	0.1067338969	0.1130597545
	-0.2220677513	-0.2217187877	0.09053247624	0.09846930622	-0.210381631
	-0.1954618952	-0.1818137134	-0.1703367022	-0.1589779096	-0.147824075
	0.08127919948	0.07217409436	0.06218873738	0.05226502166	0.04176794111
	0.0312887307	0.02044912006	0.009609601478	-0.1364090417	-0.1251437272
	-0.00144455653	-0.01250429847	-0.1025031912	-0.1137577055	-0.07991450102
	-0.09117082117	-0.02368025861	-0.03486693581	-0.06861595076	-0.04610230769
	-0.05735959641	-0.1147634904	-0.103393982	-0.03776473269	-0.09212430033
	0.004752888463	-0.08080800931	0.008673855676	-0.06955950272	-0.05829952733
	-0.04709190348	0.0741694594	0.01077800147	-0.03591374414	0.1061534418
	0.1175639889	0.008381331205	-0.02478396245	-0.01373815265	-0.002746448009
	0.1193256525	-0.001820290622	0.008081698088	-0.02389391514	0.01884466017
	0.029325028	0.1005871795	0.09407025372	0.03973255813	-0.06389232364
	0.04968140537	-0.1209387776	0.05956585534	0.06873381101	0.07787803628
	-0.1788279875	0.08593143081	-0.2176340233	0.1074402381	-0.2313099075
	0.1119883973	-0.2245489322	0.1172527014	0.1220389041	-0.2099783447
	0.1198458988	-0.1951882866	0.09834701037	-0.1829026068	-0.1713816872
	0.07542707663	0.06274332366	0.07466035303	-0.1602499924	0.1282819204
	-0.1488080013	-0.1375006831	0.001290471805	-0.1260566703	1.660794075e-37
	7.769857174e-33	0.03813779243	1.234790224e-33	0.002954298706	-8.02209544e-38
	0.04665809585	0.02739519379	0.0587287642	0.03851539696	0.007021309927
	0.01066589344	0.005399594302	0.01101587602	0.08878422329	0.06963854971
	-0.04070346389	-0.009121803966	0.1070408471	0.09770640476	-0.08998246252
	-0.1526706322	0.1082746835	0.1101662313	-0.2329233958	-0.2066440203
	0.1071254139	0.1050284299	0.09515432938	0.09973934145	0.08825711303
	0.08171611694	-0.2373146976	-0.2248271544	0.07352887451	0.06548159716
	-0.1958686048	-0.2091439882	-0.1838312112	-0.1726855845	-0.1612469413
	-0.1499117486	0.0563107546	0.04716920893	0.02736731115	0.03727798683
	0.01696554818	0.006527593669	-0.004222614555	-0.0150110358	-0.1270662031
	-0.1384028332	-0.02598830272	-0.03700376176	-0.1156465329	-0.104352455
	-0.08175386547	-0.09301166758	-0.05928544174	-0.04812273096	-0.07049059353
	-0.1052144516	0.009117277768	-0.09394123476	-0.08265627106	0.01169468417
	0.02566752765	-0.07145347279	0.03718600288	-0.06027838518	0.009959751347
	-0.04917727884	-0.03815331272	0.001154432054	0.0895368158	0.09724851283
	-0.02720591741	-0.01640507783	-0.0201963444	-0.00569258549	0.004771571901
	-0.06124969381	0.01513166284	0.02509396934	-0.1211819806	0.03494252061
	0.07641324699	0.04417529134	-0.1838918431	0.05330495205	0.06150163681
	-0.2281110384	0.06964817623	-0.2442996703	0.08325860888	0.08812973599
	-0.2393522715	0.09335535855	0.09578373	-0.224164914	0.09894714039
	0.09768393367	-0.2092677684	-0.1964390933	0.08190434863	0.06611186427
	-0.1851025627	0.05101867904	-0.1736781308	0.0164520181	-0.1623479138
	0.01962155509	-0.1507893749	0.004364531426	-0.1393955103	-0.1279215803
	-0.1165904643	2.532481811e-33	1.269624341e-36	-0.006799737349	1.160871047e-33
	6.735866599e-37	0.005842818793	0.006647389475	0.01832211057	0.04744489974
	0.0274752016	0.01040280311	0.01178131182	-0.005975066554	0.007703129615
	0.05953888326	0.07510334661	-0.03436782691	-0.08774719043	0.0875549807
	0.08095680676	-0.1536422409	-0.2109591785	0.08734822962	0.0881634693
	-0.2456955659	-0.2502151134	0.08474870354	0.08212991306	0.07171158349
	0.07674843332	0.06474112026	0.05785483324	-0.2395291644	-0.2237065754
	0.04961345919	0.04134861679	-0.1975939714	-0.2093440874	-0.1748036367
	-0.1861064005	-0.1632151656	-0.1517743934	0.02288945285	0.03215190348
	0.003029193837	0.01299769014	-0.007356022706	-0.01781423831	-0.03933247194
	-0.02854005112	-0.1288570532	-0.1402295249	-0.06130944182	-0.0502880489
	-0.1174336251	-0.1061345712	-0.09482324321	-0.07241992705	-0.08360476558
	0.01104748679	-0.09574541944	0.01103339654	-0.08453209254	-0.0734150089
	0.01648681446	-0.06236813309	0.004031412046	-0.05141521376	-0.01509488036
	0.05448056359	-0.04059278555	-0.02987307212	-0.01937048845	-0.05474760036
	-0.008988537709	-0.1172286135	0.0777286592	0.001050485234	0.01094767768
	0.02032049837	-0.1850503529	0.06576152454	0.02953686126	-0.2347984303
	0.03796813342	0.04624919344	0.05337453332	-0.2567815439	0.06040504045
	-0.2535284649	0.07120393804	0.07424070297	-0.2390021789	-0.2231942761
	0.07759584726	0.0781489763	0.07288241391	-0.2102246804	0.06816064517
	-0.1984984524	0.04402455671	0.0232528971	-0.187249122	-0.1756673262
	-0.005037467867	-0.01108098212	-0.1641863399	-0.15257786	-0.1069840755
	0.006690066662	-0.1411445221	-0.1296692188	-0.1183323671	1.770163342e-33
	2.502270619e-36	-0.005306225506	6.581605047e-34	1.231125538e-36	0.007337021613
	-0.01333698766	0.01329331497	0.04033486001	0.02069887027	0.01101877356
	0.009336485715	-0.02920132066	-0.001119701068	0.04982780937	0.06139185214
	-0.0785336927	-0.1489984839	0.06920922284	0.06513578925	-0.2145627721
	-0.2522135839	0.06777725697	0.06823364224	-0.2541907187	-0.2645756461
	0.06064511843	0.06404162211	0.0493681737	0.0549812167	0.03485462989
	0.04215386953	-0.2235359761	-0.2378980622	0.01789193775	0.02643364494
	-0.2109445108	-0.1996657152	-0.1881209207	-0.1766373028	-0.1649599047
	-0.1534724174	0.008573724874	-0.0008646618654	-0.02090846714	-0.01083260468
	-0.03133760529	-0.04186117857	-0.06345122122	-0.0526126595	-0.1305470646
	-0.1419249426	-0.08549590234	-0.07442862435	-0.1078821615	-0.1191505255
	-0.09663731509	0.007033822671	-0.0975645954	-0.008237048373	-0.08645932791
	-0.07546254705	-0.00902458505	-0.06458146363	0.01877634529	-0.04617496775
	-0.05381168887	-0.04323124561	-0.03277668575	-0.1077620054	0.05733791473
	0.06044785913	-0.02261765935	-0.1806460034	-0.01260859899	-0.003046889347
	0.006336628265	-0.2383868132	0.0150578938	0.04444048436	-0.266265594
	0.02357678109	0.03113064266	0.03848062151	-0.268087943	-0.2539090871
	0.05026667292	0.05411370986	0.05803637182	-0.2376682583	0.05909774669
	-0.223798519	0.05451393726	-0.212060361	0.04460539134	-0.2005383292
	0.03609528347	0.009397913383	-0.1891008575	-0.0142127277	-0.1773915205
	-0.1658326835	0.007446776382	-0.1087333635	-0.1542174525	-0.1427768106
	-0.1313287407	-0.1200192702	0.01059671916	1.166602293e-33	3.033123671e-36
	-0.00786680004	5.279710123e-34	1.38630067e-36	0.007607269904	0.007453568675
	-0.01335474294	0.01762451931	0.0326161702	0.009692317514	0.002889747359
	-0.06890774553	-0.01907401039	0.04799696159	0.03995287114	-0.1386655902
	-0.2095274393	0.05002951549	0.05210504437	-0.2590829808	-0.2747847881
	0.05032424877	0.04865574937	-0.2532141804	-0.2695889803	0.04014198991
	0.04440807522	0.03403182254	0.02777777683	0.01244348493	0.02019889917
	-0.2246810929	-0.2372816866	0.003750814423	-0.005105247235	-0.2015414477
	-0.2129154599	-0.1898358813	-0.178239916	-0.1665336217	-0.1550370613
	-0.01461486742	-0.02426475697	-0.044578978	-0.03436225451	-0.06571561171
	-0.05509446437	-0.07652887493	-0.08744529817	-0.1321638016	-0.1435150276
	-0.09847739116	-0.1208259155	-0.1096222702	-0.08844991232	-0.03390577821
	-0.008231487194	-0.07760037845	-0.06691487691	-0.09425096785	-0.0563541527
	-0.04604715505	-0.1701704867	-0.03588479291	-0.02610442946	-0.2358209181
	-0.01649915155	0.04262973822	-0.007455904431	-0.2737530772	0.001374523014
	0.03939921353	0.009392791942	0.03485848539	-0.2808802239	0.0171621415
	0.02377481847	-0.2696168597	0.03012867065	-0.2524533078	0.04165905618
	-0.2377475785	0.0438558084	-0.2253466987	0.04136029681	0.03468079759
	-0.2139340085	0.02840254138	0.01493767607	-0.2022878134	0.005362171186
	-0.01403635473	-0.1906752187	-0.1789096114	0.007461119023	-0.09941694395
	-0.1673250464	-0.1104859717	-0.1557349434	-0.1443181601	-0.1329276316
	0.008315736885	-0.1216778211	-0.002187372061	8.934726677e-34	3.195033414e-36
	-0.00600083862	3.920004775e-34	1.43725893e-36	0.007356889009	-0.01334897966
	0.003743704096	0.02470552387	0.013460624	-0.01089542925	0.006221890745
	-0.05135724312	-0.123294981	0.03502819583	0.0299403919	-0.2568299994
	-0.200796825	0.0358961975	0.03558792362	-0.2855212962	-0.2835246769
	0.03320394402	0.03035372384	-0.2522234616	-0.268691481	0.02025228192
	0.02540503747	0.006649313092	0.0135634902	-0.009611779642	-0.00138086955
	-0.2263231023	-0.2380426513	-0.01863611323	-0.02782646025	-0.2031155971
	-0.2146802271	-0.179656169	-0.1913008286	-0.156492116	-0.1679671423
	-0.0375706206	-0.04745214262	-0.05771141241	-0.06808936364	-0.07871749322
	-0.08945748735	-0.1003564973	-0.1113736324	-0.1337328939	-0.1450271189
	-0.1224845804	-0.07432897427	-0.07981525256	-0.1529434566	-0.06934510287
	-0.05900757233	0.001665084435	-0.04899428066	-0.2272876042	-0.03913776629
	-0.275085262	0.0247318164	-0.02975904723	-0.02057411406	0.02847630088
	-0.0120787897	-0.2927573829	-0.003825594032	-0.2849708541	0.00345081441
	0.01043568062	0.01606229944	-0.2681729823	0.02137745109	-0.2519432418
	0.02482377109	0.02798994086	-0.238851811	0.02863513984	-0.2270191138
	0.02043920331	0.01064560288	-0.2155255829	-0.2037326731	-0.01340428341
	-0.006758311784	-0.1920225437	-0.1802588439	-0.09050079293	0.007069165405
	-0.1686891096	-0.1571564084	-0.1457943432	-0.1344911015	0.002799384841
	-0.1233282451	-0.0211276135	-0.112255969	-0.1013080955	6.730901809e-34
	3.433437312e-36	-0.005414141807	2.950590821e-34	1.616292426e-36	0.006254969165
	-1.436559697e-05	-0.01282265947	0.01661534165	0.008512705405	-0.001647886428
	-0.03630233007	-0.1822605824	-0.09931576517	0.0197616377	0.02242245029
	-0.2516105491	-0.2880968838	0.02021397877	0.02149849093	-0.2848906123
	-0.2978717085	0.0164730362	0.0124693684	-0.2671978414	-0.2522750984
	0.006687778749	0.0006552862939	-0.006694902397	-0.0142677443	-0.03150532805
	-0.02279725547	-0.2278660399	-0.2393825496	-0.04089062192	-0.05041981248
	-0.2044152598	-0.2161059033	-0.1925562326	-0.1809218748	-0.169284874
	-0.1578658245	-0.07053713128	-0.06041747819	-0.09151999328	-0.08097216722
	-0.1131437839	-0.1022735212	-0.1241430621	-0.1352769534	-0.1464872751
	-0.2098453069	-0.0820723134	-0.006203859984	-0.07182507628	-0.06171013236
	-0.2706698978	-0.05199785229	-0.299109206	-0.0424446146	-0.03347756473
	0.01458342192	-0.02471264346	-0.3003253619	0.01452302396	-0.01678252212
	-0.2846021574	-0.009112037353	-0.002601864737	0.003590153512	-0.2670179532
	0.00819881037	-0.2524281902	0.01245857697	0.01616124734	-0.2401820311
	-0.2284413655	0.01230809716	0.005471317551	-0.002052743708	-0.2167890063
	-0.01328826713	-0.204919425	-0.1931876117	0.005419100464	-0.0925900983
	-0.1814708072	-0.1699558565	-0.1140440577	-0.1249811852	-0.1585099008
	-0.1472311566	-0.008623993682	-0.1360382234	-0.05315410642	-0.103227464
	-0.1273346769	4.906396247e-34	3.635579165e-36	-0.00499222914	2.065048595e-34
	1.829791132e-36	0.003104408691	-0.004003255397	-0.01346174882	0.008309578664
	0.00273043068	-0.01679497125	-0.07461043613	-0.2340975589	-0.1555994341
	0.009927752004	0.009365986835	-0.2874698196	-0.306055182	0.004680594087
	0.007459896314	-0.2839192576	-0.3014875282	-0.005342065257	-0.0002152967908
	-0.2529344694	-0.2665671903	-0.01202861795	-0.0189203441	-0.03517961057
	-0.02696641563	-0.05339109242	-0.0442197822	-0.2290789374	-0.2406810057
	-0.06313948843	-0.07299776583	-0.2172279341	-0.2054784261	-0.1936517874
	-0.1820696093	-0.1705219076	-0.1591874438	-0.08324770839	-0.09359939718
	-0.1149249419	-0.1042093413	-0.1368107362	-0.1258061705	-0.1479198124
	-0.07428148644	-0.300080641	-0.06437128601	-0.05495403101	-0.311663608
	-0.006288985356	-0.0456831218	-0.0005545489374	-0.03712649335	-0.3018389335
	-0.02876055011	-0.02140075744	-0.2833056544	-0.01428517985	-0.008549084969
	-0.2666973922	-0.003106856283	0.0004521616286	-0.2532346588	0.003639132323
	0.004127853209	-0.2412866197	0.003850118386	-0.2295144514	-0.01431205613
	-0.2177542928	-0.006139759859	-0.2059046792	0.000795240592	-0.08431183034
	-0.1942100284	-0.09467378766	-0.1825872415	-0.1711598744	-0.1598254907
	-0.02874695525	-0.1486493196	-0.1375783811	-0.09696403521	-0.1266334812
	-0.1158338548	-0.182655656	-0.1051444705	-0.2559355481	3.317382282e-34
	3.538658637e-36	-0.005151183059	1.326402719e-34	1.726697947e-36	-0.004172021801
	-0.01514989415	-0.008627500369	-0.003877797111	-0.0004076558219	-0.04192124339
	-0.1218058452	-0.2735139014	-0.2084120119	-0.001404511937	-0.002763139644
	-0.3107043699	-0.3146530443	-0.01104932799	-0.006835964083	-0.3013315452
	-0.2828218796	-0.01715895947	-0.02336969323	-0.2536700307	-0.2665247212
	-0.03869644103	-0.03098125025	-0.05624667733	-0.04742849467	-0.07538361237
	-0.06577783516	-0.2299527209	-0.2416222116	-0.08547471499	-0.09563909393
	-0.218085051	-0.2063640425	-0.1946353591	-0.1831421326	-0.1604841702
	-0.1717177856	-0.1061241015	-0.1166904839	-0.1383365511	-0.127463323
	-0.1493424891	-0.3182037383	-0.06687567462	-0.3170237682	-0.05773693437
	-0.0487039141	-0.04054546462	-0.3011041572	-0.03251291472	-0.2822797948
	-0.02570127644	-0.006840743506	-0.01903216013	-0.01404015287	-0.2667960053
	-0.009246837416	-0.253867465	-0.005157188792	-0.007548898142	-0.2420428139
	-0.01129268227	-0.2302396044	-0.01644813989	-0.006577561588	-0.2184978178
	-0.2067394425	-0.07661825528	-0.009253955318	-0.1951456374	-0.1836531567
	-0.1070069282	-0.1723380391	-0.1611287526	-0.05906624001	-0.1500591503
	-0.1460065566	-0.1391075435	-0.1282644441	-0.1175900336	-0.2301748434
	-0.2894017231	-0.09668585187	-0.08645013688	1.99300316e-34	2.325731802e-36
	-0.005711543346	7.301286172e-35	7.595414192e-37	-0.01755091584	-0.01792498374
	-0.01414837967	-0.009819928698	-0.01150609551	-0.07703916745	-0.1698979331
	-0.3012333404	-0.2501709511	-0.01596188073	-0.01278260107	-0.3177680395
	-0.3243012664	-0.02167722427	-0.02727012399	-0.3002695283	-0.2819425088
	-0.03460200625	-0.04184886651	-0.2541144005	-0.2666635505	-0.05035783549
	-0.05884201581	-0.07758611931	-0.06821326209	-0.08756378794	-0.09756206663
	-0.2421856298	-0.2305310139	-0.1183949586	-0.1079584958	-0.207142334
	-0.2187471758	-0.1955603387	-0.1841902036	-0.1729073044	-0.161777123
	-0.1398417393	-0.1290865293	-0.1507602298	-0.3186235745	-0.06908332659
	-0.06019227748	-0.0512923604	-0.2998263775	-0.04347523285	-0.2815819639
	-0.01577149211	-0.03558792845	-0.0292259426	-0.02280240665	-0.2668199949
	-0.01858239338	-0.2541611792	-0.01504678065	-0.01735631058	-0.2424463021
	-0.0196910878	-0.2306970831	-0.007402777324	-0.2191056755	-0.02600804121
	-0.07872475435	-0.2074899655	-0.1960614124	-0.0985455739	-0.1087450034
	-0.1847119749	-0.1735247437	-0.09740424885	-0.1624333667	-0.1917816714
	-0.1514576326	-0.1406058833	-0.1298360135	-0.2659305439	-0.1192609794
	-0.3120955523	-0.08838627288	-0.3280395139	9.665424568e-35	-8.441512471e-37
	-0.006662028463	2.980707251e-35	-1.220655945e-36	-0.03723373993	-0.02090359819
	-0.0217780548	-0.02031500592	-0.02050385128	-0.1177174526	-0.2112185219
	-0.2800122925	-0.319627727	-0.02504978592	-0.02995308994	-0.3309938097
	-0.3183593273	-0.0373016708	-0.04421033467	-0.2990870616	-0.2811796234
	-0.06095062087	-0.05272622379	-0.2666498082	-0.2541525552	-0.07947042613
	-0.07028693045	-0.09927573236	-0.08940861762	-0.1199777173	-0.10963806
	-0.2308768504	-0.2424629109	-0.1306313555	-0.1412981445	-0.2078779388
	-0.2193207167	-0.1964908274	-0.1852564044	-0.1741151974	-0.1521611338
	-0.1630739403	-0.06200257321	-0.2985270309	-0.008571385712	-0.05296406029
	-0.04531517079	-0.02482920635	-0.2809589247	-0.03730149685	-0.03140754527
	-0.2665298436	-0.0262623056	-0.02566481334	-0.2541182059	-0.0240660322
	-0.2425403187	-0.2310016429	-0.04856682171	-0.07074595071	-0.2196403755
	-0.08043608438	-0.2082359052	-0.1970018413	-0.1858003739	-0.1376672276
	-0.1747324704	-0.1207813858	-0.1312925088	-0.1637361156	-0.2283283643
	-0.1528214838	-0.1420368066	-0.2908240426	-0.3263177276	-0.1102700328
	-0.1001537056	-0.3324735291	-0.0899811354	-0.3185155737	2.744197997e-35
	-6.237163549e-36	-0.007967886329	4.361480348e-36	-4.289655653e-36	-0.06137654925
	-0.02928794044	-0.02675583561	-0.03240958612	-0.03138717369	-0.1566661462
	-0.2418047267	-0.3306008605	-0.3000985887	-0.044975273	-0.03853371113
	-0.3180054345	-0.3334480969	-0.05386296886	-0.0620148725	-0.2805055025
	-0.2978716622	-0.08075542778	-0.07162728877	-0.2538979937	-0.2662917227
	-0.09082252926	-0.1006328371	-0.1213494003	-0.1110522942	-0.142651629
	-0.1320260469	-0.2425131703	-0.2310931972	-0.1643532157	-0.1535059889
	-0.2198786	-0.2086213897	-0.1974663294	-0.1863537613	-0.1753384986
	-0.2974304107	-0.05298799047	-0.2803409669	-0.04570920807	-0.03939099602
	-0.03783258432	-0.2660029925	-0.03410652081	-0.2538305075	-0.02958154004
	-0.01004918956	-0.2424354923	-0.2312320342	-0.0624083731	-0.0740139807
	-0.2201394573	-0.2090115229	-0.09089511674	-0.1979582324	-0.1869103754
	-0.1726596681	-0.1759197413	-0.122024782	-0.2536049698	-0.1649912006
	-0.1540792363	-0.143321783	-0.3067379004	-0.132524284	-0.3339837088
	-0.1114003251	-0.1012825118	-0.3337862683	-0.3177841457	-0.08130896267
	-0.07123768392	-5.715250474e-36	-1.386324859e-35	-0.009584187704	-2.42854844e-36
	-8.57853713e-36	-0.08644155195	-0.03281807926	-0.03966574846	-0.04679527883
	-0.04480049206	-0.1872857416	-0.2610999343	-0.3121423847	-0.3356006718
	-0.05366353502	-0.06126509445	-0.3337372192	-0.3173782158	-0.08070875873
	-0.07141766788	-0.2800516107	-0.2969390023	-0.1012213556	-0.0912783399
	-0.2535717659	-0.2657463093	-0.1222830907	-0.1119141914	-0.1437570859
	-0.13309516	-0.1546709781	-0.1655128285	-0.2424048258	-0.2312768929
	-0.1874194046	-0.1764924503	-0.2204098944	-0.2093673552	-0.1984360295
	-0.2800841293	-0.05520552712	-0.0117432916	-0.05291557235	-0.04546539684
	-0.2655967329	-0.03602768064	-0.2535568259	-0.2422921386	-0.09816024673
	-0.06208449257	-0.2314265982	-0.2205819624	-0.08051944565	-0.09036514745
	-0.2097389584	-0.1988158165	-0.1971711574	-0.1879087282	-0.1225985319
	-0.2677976269	-0.1769194008	-0.1660232212	-0.1550105374	-0.3147164454
	-0.1442118613	-0.3364679156	-0.1332102247	-0.1116224475	-0.3333793104
	-0.1012899714	-0.317107649	-0.07015740313	-0.2968987904	-2.002107403e-36
	-2.331165718e-35	-0.01137637859	9.168292633e-36	-1.387039842e-35	-0.1081243643
	-0.05208419226	-0.03956058919	-0.0613387947	-0.06434002253	-0.2057219261
	-0.2698182659	-0.3357366827	-0.3165911905	-0.0792605311	-0.07116734574
	-0.3329376939	-0.3169739416	-0.1002096477	-0.09002210238	-0.280300597
	-0.2969536942	-0.1221610541	-0.1115146056	-0.2656003242	-0.2535217423
	-0.1442043925	-0.1333626136	-0.1553136232	-0.1662482472	-0.1772974797
	-0.1882197716	-0.23147852	-0.2423194342	-0.1991870211	-0.2099819705
	-0.2208185186	-0.04265116845	-0.2660541257	-0.01337959191	-0.2538730203
	-0.1167329987	-0.05861741329	-0.2423999666	-0.07121011345	-0.2316834623
	-0.2208858847	-0.2102248194	-0.2087799443	-0.1992963807	-0.09989298603
	-0.1103441409	-0.1884603185	-0.271414936	-0.1326847911	-0.1773311978
	-0.1663705613	-0.314905213	-0.1550876594	-0.1440926386	-0.3344184111
	-0.1217671127	-0.3318604316	-0.3170081533	-0.08946380554	-0.08153749421
	-0.2976263015	-0.0745938347	-0.2810244009	3.630756747e-35	-3.35324373e-35
	-0.01300893564	3.6876765e-35	-1.942762186e-35	-0.1224510068	-0.0458172993
	-0.06567464095	-0.08092912648	-0.08583334349	-0.2106081706	-0.2683582148
	-0.3130115668	-0.3314174044	-0.09232831398	-0.1000295531	-0.3311504068
	-0.3172969898	-0.1102333338	-0.12072021	-0.2822938104	-0.2988032373
	-0.1433828471	-0.1322670662	-0.2545283338	-0.2669662394	-0.1548937266
	-0.1660533444	-0.1883802713	-0.1773232082	-0.2102888925	-0.1994073366
	-0.2427863304	-0.2210907727	-0.2319140894	-0.2687975952	-0.2560191886
	-0.1262648933	-0.2436747347	-0.2326250891	-0.07190262865	-0.2213591709
	-0.2105633232	-0.2069709146	-0.1993152752	-0.1054552756	-0.2644077981
	-0.188336232	-0.1769114735	-0.1657611881	-0.3067376218	-0.154245558
	-0.3274657277	-0.1431712161	-0.1319858193	-0.1218458401	-0.328936211
	-0.1124058406	-0.3176402261	-0.0979330059	-0.09170590012	-0.3005023049
	-0.2844217194	-0.04779673965	-0.014428848	1.02588175e-34	-4.284386622e-35
	7.568261087e-35	-0.01386971079	-2.40488193e-35	-0.1264324495	-0.07774011536
	-0.04942627817	-0.1108301856	-0.101413695	-0.256287247	-0.201958965
	-0.3217040936	-0.3002831967	-0.1255405943	-0.118505017	-0.3272152911
	-0.3181359551	-0.1439781694	-0.1341309411	-0.3031187164	-0.2874300987
	-0.1548028515	-0.165865695	-0.2583803862	-0.2716709999	-0.1885387955
	-0.1772466797	-0.199823056	-0.2111282722	-0.2222775641	-0.2338879898
	-0.2454323692	-0.1244282891	-0.2622774794	-0.01422180924	-0.248654209
	-0.236643387	-0.2243514516	-0.1921303855	-0.1103431116	-0.2129730438
	-0.246098906	-0.2012694848	-0.1901849286	-0.1789600469	-0.1493316323
	-0.2888541237	-0.1684532155	-0.3136959851	-0.158243897	-0.1408108558
	-0.3225430837	-0.1340592642	-0.3176618187	-0.1231068511	-0.08146252035
	-0.3054527507	-0.04899204978	-0.2912280905	-0.2757761724	1.853976386e-34
	-4.902442224e-35	-0.01326935051	1.183754966e-34	-2.625162321e-35	-0.1183359705
	-0.0833071194	-0.04779693901	-0.1166432785	-0.1347515358	-0.2325807043
	-0.1804407811	-0.2765098682	-0.3035900388	-0.1479974476	-0.1566410512
	-0.3174759367	-0.3165648346	-0.1739241599	-0.1647627587	-0.3082526895
	-0.2956824953	-0.1942409848	-0.183493212	-0.2812131013	-0.2676169329
	-0.2051637613	-0.2169127926	-0.2285737135	-0.2412320073	-0.2536897775
	-0.2601941043	-0.2477822646	-0.01237167867	-0.1651903202	-0.2351687404
	-0.08174932387	-0.2237725724	-0.2156929761	-0.2123720842	-0.2022239727
	-0.2591437336	-0.1919568143	-0.1830098821	-0.2891671911	-0.1721770817
	-0.1614446535	-0.3073091497	-0.1422142181	-0.1188671421	-0.311725688
	-0.04421089232	-0.3080568538	-0.2988117602	-0.1102232173	-0.2864251982
	-0.2737531267	-4.95487153e-35	2.701240887e-34	-0.01099328343	1.577194217e-34
	-0.09802391067	-2.461692691e-35	-0.07717287474	-0.03982995313	-0.1460032563
	-0.1168711363	-0.1474283555	-0.196556082	-0.2720174452	-0.2394797666
	-0.1697268576	-0.1853158309	-0.2944370979	-0.3040000983	-0.1979485853
	-0.2093359648	-0.3056187038	-0.3000558962	-0.231395057	-0.2197684756
	-0.2907844851	-0.2796157926	-0.2551136509	-0.2425632603	-0.2670765108
	-0.2696943841	-0.2589670674	-0.1279843364	-0.2468699478	-0.173508787
	-0.06933009587	-0.2354130673	-0.2220185202	-0.2088154757	-0.2159049144
	-0.1908186144	-0.2489440467	-0.1708910335	-0.1416107004	-0.1085184968
	-0.274536331	-0.2884989393	-0.03392209364	-0.009256393046	-0.2950187119
	-0.2940711751	-0.0844485994	-0.2885191562	-0.2802619591	3.434090678e-34
	-4.228733133e-35	-0.007686970121	1.890229514e-34	-0.0675927102	-1.846167766e-35
	-0.05914839157	-0.0277290851	-0.09628292903	-0.1312845387	-0.1057340684
	-0.1496136078	-0.2227410624	-0.1888703243	-0.1882494977	-0.1634641747
	-0.2669268159	-0.2492502926	-0.2258948381	-0.2091613693	-0.2773198759
	-0.2801543229	-0.2400692633	-0.2526499916	-0.272062348	-0.2782023167
	-0.2632439978	-0.08397192012	-0.2296982475	-0.005822466152	-0.1227938099
	-0.2139458554	-0.1960327441	-0.172394804	-0.1607947084	-0.1457343
	-0.1916937646	-0.1136076979	-0.0799336587	-0.04785105469	-0.2181306369
	-0.02144956857	-0.2364159516	-0.2486008908	-0.0504090418	-0.2540571465
	-0.2538918741	-0.2496966797	-0.2408180543	3.983893717e-34	-2.701631461e-35
	-0.004394676416	2.113382562e-34	-8.739237259e-36	-0.03190448397	-0.03646191147
	-0.0156452223	-0.06284307561	-0.09249053798	-0.09701726287	-0.06024739632
	-0.1588831981	-0.1298147866	-0.122047674	-0.1480450623	-0.1817145252
	-0.1994686812	-0.171132675	-0.188821508	-0.210931473	-0.2165793901
	-0.2030851163	-0.2170834631	-0.2120478514	-0.07042762601	-0.1173647066
	-0.0947092292	-0.1015134266	-0.07055048796	-0.04641627252	-0.1256012425
	-0.02625191897	-0.01063063832	-0.1454802114	-0.002874708416	-0.1596115337
	-0.0141499735	-0.137272613	-0.1526504081	-0.1685366446	-0.1722965265
	-0.1705141968	-0.1642930721	-0.03868071612	4.364061229e-34	-7.183237965e-36
	-0.001828966009	2.26547171e-34	1.866690384e-36	0.002144281717	-0.006580585831
	-0.01780384971	-0.05024519644	-0.0323398369	-0.04715038195	-0.01719117142
	-0.09433775735	-0.07311431943	-0.0865303257	-0.06891400259	-0.1090187276
	-0.1198240244	-0.1022865001	-0.1140971114	-0.1260301068	-0.1250203857
	-0.1223875189	-0.03379434594	-0.02110964829	-0.04925194003	-0.01123626714
	-0.06621653989	-0.003650462708	-0.0008600531601	-0.07793809039	-0.08456263268
	0.01667695892	-0.04695579884	-0.08682600344	-0.0850974404	-0.07977895074
	-0.07111638661	0.0009425960297	-0.06001235173	-0.02489926859	4.624442717e-34
	1.038723502e-35	-0.0003235966629	2.368581981e-34	9.694421825e-36	0.0279576392
	-0.00660885673	-0.001587970338	-0.01269558456	-0.02141695786	0.01738567786
	-0.006857431872	-0.04297666103	-0.02786594724	-0.03029468041	-0.03937132808
	-0.05147031827	-0.05584055483	-0.04683900452	-0.0527586101	-0.05559769754
	-0.01114800163	-0.0003644942882	-0.02413415529	8.72368334e-05	-0.03142769538
	0.03615983729	-0.03402996633	-0.007118949039	-0.03326209021	-0.02987063101
	-0.02502023564	0.02925347452	-0.01891641998	0.008301826626	-0.01294722951
	-0.003202599188	4.799253958e-34	2.078695397e-35	0.000274156636	2.434718554e-34
	1.252375139e-35	0.04091311073	0.0005006250127	-0.001299095241	-0.00776451569
	-0.003643991279	0.03865728792	0.01996637127	-0.009576774316	0.002570481249
	-0.01138889013	-0.01531162985	-0.01599709305	-0.01761972676	-0.01849995141
	0.001159599803	0.0423218456	0.0003610704436	-0.005163359204	-0.007733670687
	-0.0002224619693	-0.007862901649	-0.006330886752	0.04317066276	-0.004316322967
	-0.00189702226	0.02766527664	0.0007764733219	0.01236404625	4.90816963e-34
	2.270898585e-35	2.474908642e-34	0.0003828202316	1.127653956e-35	0.04124380753
	0.0001555330624	0.0008893979275	-0.001621866786	-0.0006041380805	0.03268133966
	0.04508886248	0.01917052694	0.008763010677	-0.001670025693	-0.0007938134216
	0.002496514054	0.03768417875	0.006928189462	0.003261192769	0.001348125714
	0.0006676955693	0.04311031414	0.0005150936494	0.03354892421	0.0006929484109
	0.0003133114409	0.02259647799	0.01309354193	4.974152328e-34	1.893237644e-35
	0.0002709526001	2.49934039e-34	8.197872859e-36	0.03308484996	0.0007038498751
	0.001198918617	0.005011463723	0.002595670739	0.03922952435	0.03272227764
	0.02339714568	0.009085599209	0.01508589101	0.009002430237	0.004920178716
	0.0002194367588	0.002261888225	0.03361236424	0.0008652369949	0.02885379785
	0.02181924006	0.02749402942	0.01449563516	5.015525865e-34	1.308190862e-35
	0.0003183326436	2.516218765e-34	5.12710527e-36	0.02208807851	0.003823320383
	0.001399691988	0.01274157759	0.007663734183	0.02737593552	0.02466583483
	0.01876078746	0.002076302582	0.02137588217	0.000421567568	0.0192411519
	0.01693684498	0.01485633179	0.009653572916	0.005318902153	5.047923634e-34
	7.747716316e-36	0.0006665778333	2.531252828e-34	2.845203465e-36	0.01251419887
	0.006571918774	0.00293141267	0.01078157317	0.01577299014	0.01453002652
	0.01115219681	0.009875152435	0.008897616366	0.006852176162	0.003386642202
	0.0008334976357	5.079713764e-34	3.952375774e-36	2.544425837e-34	0.0009848744067
	1.4045958e-36	0.005906319736	0.00361630259	0.006119319292	0.007320644236
	0.003779172371	0.00306450008	0.0009553661347	0.004257336808	1.672206993e-36
	5.105432804e-34	0.0007892494304	2.550803442e-34	5.529284509e-37	0.002149543952
	0.001947632107	0.0008830621898	0.0005143453606	4.40580039e-37	5.113466323e-34
	2.548167482e-34	0.0001421539166	-2.830482308e-37	1.261530975e-34	1.414540372e-36
	5.106220104e-34	
