3721	
	-8.788698422e-35	2.68975766e-35	4.20833244e-34	1.774077087e-34	5.109494081e-34
	0.03580662772	0.01476441053	3.582973607e-35	1.890165039e-34	0.07616849722
	0.02252476335	0.02075353175	5.277050348e-34	2.021596158e-34	0.07456381028
	0.02835556131	0.04675240577	0.03668854208	-3.41876392e-35	2.651203697e-35
	0.01258068915	2.496632379e-34	5.950242063e-34	0.01408890067	0.01401680918
	0.02964156741	0.02488032386	0.04478398297	0.03548635749	-0.005079907124
	0.001229828698	-0.006303564159	-1.65148626e-35	0.02108403594	0.02254615522
	1.433408071e-35	0.01010994796	0.01008511458	7.040492921e-34	3.082560801e-34
	0.03307785776	0.02798625919	0.03165456142	0.02507377971	4.594282515e-36
	-0.01060189387	-0.007469889843	-1.050232644e-35	-0.006879884581	0.005401790172
	0.03035583069	0.006612934788	0.02477485208	-0.002566158528	0.01783805671
	0.008742983894	0.008325853205	8.066374116e-34	3.728002689e-34	-6.533738762e-36
	-0.007532208474	1.821969218e-36	-0.004861462207	0.03830226966	0.03101329919
	0.02682494098	0.02762871206	0.02587258759	0.03607507287	0.04019193616
	0.04475643706	0.005133163426	-0.003534442245	-0.004878269392	0.001713788844
	0.03131759245	0.0168805538	0.01669973181	0.009194870227	0.008271724235
	8.595564277e-34	4.184273606e-34	0.0484159741	0.0410687967	0.02808978248
	0.02979006963	-0.001218101014	-4.295130927e-36	-0.003759392908	3.037620698e-37
	0.004291630293	0.0006086171586	0.01485825827	0.007828156053	0.05213498105
	0.05374226662	0.06823419608	0.06339231812	0.0471741098	0.02746718763
	0.02127414468	0.06617037863	0.03381817442	0.04279796083	0.0556917786
	4.280095332e-34	0.0103115796	0.009111053755	8.400367997e-34	0.05767818329
	0.05209897598	0.03179613056	0.03385577337	0.09545221798	0.08126553486
	0.0803919757	0.07289937989	0.004614618897	4.237533189e-37	-1.547650957e-36
	0.001062512731	0.01021792129	0.01671772296	0.03306488799	0.02228510941
	0.05280065578	0.06791576562	0.03758682329	0.0500287753	0.08314433694
	0.08497533344	0.07837291994	0.06805053702	0.09609985587	0.1035642287
	0.1028149513	0.01117331251	0.009949991907	7.505008379e-34	3.980334836e-34
	0.03554034519	0.03659483255	0.06284108723	0.06000004978	0.1132866218
	0.1046888796	0.09052870673	0.08712352114	1.763399813e-36	0.0139418598
	2.862779504e-36	0.00866196589	0.123925629	0.1426097405	0.1314671798
	0.1195934497	0.04521333534	0.02533060483	0.03526521888	0.06012153731
	0.105636483	0.08502393285	0.08363452792	0.06576820458	0.1147476518
	0.1369595273	0.1021635989	0.1473647751	0.1449741361	0.1232185429
	0.1234910908	0.01137053772	0.01025295585	6.099013224e-34	3.363250532e-34
	0.06308558809	0.06274100228	0.03725759116	0.03704020331	0.116338211
	0.09233696756	0.09294898687	0.1186680863	4.317524322e-36	0.02743488991
	9.513684817e-36	0.02014597058	0.1432197298	0.1546546208	0.1630201254
	0.1398378897	0.07661389895	0.094921944	0.04705682769	0.06038294066
	0.1783776196	0.1663879737	0.1878802562	0.1693384159	0.125164719
	0.1506089957	0.1038626177	0.127478903	0.1919393027	0.1901459678
	0.1595200363	0.1696257976	0.1828545714	0.1465073451	0.1681530849
	0.01090989063	0.009946003335	4.428769186e-34	2.556473295e-34	0.05941373745
	0.06085641357	0.03659706381	0.03536296252	0.1139662905	0.116322965
	0.08753224062	0.09101608096	8.086123732e-36	0.04486943961	1.851481185e-35
	0.03580766336	0.1407106453	0.1644885164	0.1649827026	0.1438337985
	0.1340513668	0.1142953213	0.07504806476	0.09080544833	0.1860631324
	0.2035133069	0.198271297	0.1852078478	0.1690751356	0.173517937
	0.1955691026	0.1474351723	0.2263557569	0.2120474597	0.2172344528
	0.2086598815	0.192911422	0.2310473213	0.225410382	0.2140251412
	0.2308489017	0.2047824936	0.211824983	0.009986766893	0.009185574372
	2.720092375e-34	1.686531912e-34	0.05339395799	0.05587642119	0.03411277168
	0.03225318251	0.103127593	0.1082176807	0.07872693496	0.08378582693
	0.1533007558	0.1593910003	0.1360153745	0.1290832336	0.05491715082
	1.296772201e-35	0.06501782787	2.948673461e-35	0.1726656898	0.1539120352
	0.1071643761	0.1235903468	0.1981314266	0.1834685654	0.1770382104
	0.2023433676	0.2093773937	0.234586743	0.2161089447	0.1902845718
	0.232429006	0.2172671215	0.2201230175	0.2332176364	0.2339287827
	0.2510095097	0.2600159973	0.2436600313	0.2616561203	0.2462765803
	0.2425240384	0.2633152684	0.255808115	0.2471023901	0.2484388944
	0.008819139131	0.008171101035	1.14398038e-34	8.534104887e-35	0.04636467363
	0.04931045099	0.03056396058	0.02841977587	0.08945635007	0.09575852929
	0.06813039279	0.0737654935	0.1129154701	0.1354525298	0.144352785
	0.1215331639	0.07578778911	1.869663978e-35	0.08587665211	4.162768263e-35
	0.1688190908	0.1801428122	0.1897952698	0.1585760446	0.1549458032
	0.2063560683	0.1905956877	0.1398592598	0.2422044164	0.2652489994
	0.2510193654	0.2271439801	0.2108860539	0.2011055862	0.2200985684
	0.2281703643	0.2664503131	0.2794805342	0.2863725585	0.2740123881
	0.2529936421	0.256902892	0.2376600942	0.2445312663	0.273552255
	0.2661927663	0.2765920427	0.2767321707	0.2840682882	0.2876778148
	0.2674595809	0.007573720827	0.007061854601	-1.870440074e-35	1.250487485e-35
	0.03921888418	0.04225737517	0.02657909953	0.02438587493	0.0751527792
	0.08169137386	0.05722914778	0.06281287152	0.1152197692	0.1250064262
	0.1042961395	0.09536808554	0.1477600821	0.1563757796	0.1683052348
	0.1362015848	5.381247159e-35	0.09616636669	2.478326081e-35	0.1051231323
	0.1813611026	0.2324492828	0.2207331944	0.1692712037	0.1896729878
	0.1960583263	0.1767663325	0.2086365586	0.2664790929	0.2879133548
	0.2774947646	0.2556025793	0.2909427162	0.3005904147	0.3057784076
	0.2967233541	0.2275885504	0.2440399713	0.2325456162	0.2149281379
	0.2923795972	0.2972933456	0.3051785645	0.299486199	0.2646293702
	0.2729052662	0.24928883	0.2598556153	0.2784841898	0.2844930349
	0.2903973705	0.006353626368	0.005959654999	-1.207849008e-34	-4.578643969e-35
	0.03244595017	0.03537452886	0.02257002745	0.02046562583	0.0614464159
	0.06769335009	0.0468539801	0.05206027704	0.0782826853	0.09517873764
	0.1047371337	0.08677164039	0.1248254034	0.1314437103	0.143617587
	0.1134435251	0.1635641508	0.1682655546	0.1820995033	0.1500999442
	0.1205655156	6.470719881e-35	0.1137302492	3.055006537e-35	0.2003563177
	0.2500228243	0.1922921617	0.2425950422	0.2827766001	0.3037714778
	0.2965458486	0.2756732394	0.2011069404	0.1865624401	0.2042243237
	0.2186667242	0.3088321373	0.3194393869	0.315640932	0.3131362998
	0.3117554022	0.3048397299	0.30923452	0.3169889106	0.2362584492
	0.252390367	0.2384726525	0.221690039	0.2950274125	0.2983736268
	0.2681718455	0.2850683568	0.2704216949	0.2548317324	0.2821627773
	-8.740935116e-35	0.005211792129	0.004918656618	-1.886247239e-34	0.02625192578
	0.02898127078	0.01876095729	0.01681303472	0.04887319503	0.05460919073
	0.03736530671	0.04207118542	0.07655419681	0.08538839116	0.07024990248
	0.06250651579	0.09206510486	0.1025932239	0.1077398688	0.1191782495
	0.1370586127	0.1408551893	0.1542302686	0.1243123431	0.1304220247
	7.288873154e-35	0.1264672566	3.523062209e-35	0.1721096424	0.1746030933
	0.1892065524	0.1578346723	0.2070216528	0.2106090961	0.2591631387
	0.2558515365	0.2919912783	0.3137376802	0.3093038753	0.2882786381
	0.3242984212	0.3211817659	0.328298064	0.3254977911	0.2080398054
	0.2066115851	0.1914795575	0.2232468362	0.3123126968	0.3210964539
	0.3242262565	0.3147130115	0.3007377612	0.2867001245	0.3023442565
	0.2879124094	0.2726357583	0.2245552731	0.2399737421	0.255971492
	0.2568581322	0.2407634161	0.2718545392	0.004169143372	0.003961298291
	-2.210796699e-34	-1.114834946e-34	0.01524837711	0.01348159414	0.02067632788
	0.02318206515	0.03754972108	0.04273581758	0.0288393559	0.03303835363
	0.0482641778	0.05970762581	0.0676989049	0.05521702261	0.08215004032
	0.08610004999	0.09650967341	0.07264632954	0.1277586994	0.1122227992
	0.1154268247	0.1005942811	3.806233263e-35	0.1334316092	7.696956647e-35
	0.1328621001	0.1441394056	0.146492642	0.1602108172	0.1308955581
	0.2126401004	0.2116930464	0.2602468788	0.2607866483	0.1782096612
	0.1767257399	0.1928437821	0.1623799081	0.2946861521	0.3182792448
	0.3164602303	0.2941920651	0.3310668119	0.3286614521	0.3307250503
	0.3331471722	0.3161659104	0.326410965	0.3171725635	0.3279240316
	0.2251230985	0.194113677	0.2091639181	0.2098809337	0.3037124058
	0.288542766	0.2883205259	0.3032180717	0.2570266165	0.2729089124
	0.2256745297	0.2412056678	0.2571634601	0.2413826509	0.2729325337
	0.00322935082	0.00309195807	-2.182449525e-34	-1.178712657e-34	0.01567726405
	0.01796544269	0.0120551917	0.01047132801	0.03206514059	0.02120888107
	0.02494968475	0.02738075786	3.837282478e-35	0.1289058804	7.577063726e-35
	0.1319619468	0.03545792104	0.04455449409	0.0517681272	0.0417015394
	0.05515052538	0.06370404701	0.06655234319	0.0759713207	0.07907694797
	0.08960927536	0.09223178667	0.1034845475	0.1182977324	0.1205036924
	0.1331785951	0.1061627568	0.2090679691	0.2037608259	0.2535689279
	0.2577621887	0.148613284	0.1502470526	0.1639400548	0.1352861247
	0.2910056656	0.3183102392	0.3175482286	0.2937365046	0.1795355287
	0.1949390641	0.1805367945	0.1653856977	0.3341533112	0.3317345134
	0.334608586	0.33169584	0.3175319689	0.3289067592	0.3286464117
	0.3175001199	0.2878948971	0.2882572293	0.3036415168	0.3034110528
	0.2258569952	0.1957257584	0.2108721285	0.2104673589	0.2566751179
	0.2722454751	0.2260624596	0.2569046695	0.2726148857	0.2412861652
	0.2413749484	0.002388780355	0.002306338912	-1.809724865e-34	-1.068746676e-34
	0.01118413213	0.01326973928	0.009168775063	0.007759672026	0.01818954462
	0.02245068146	0.01435237326	0.01770117196	3.571086039e-35	0.1168276167
	6.862205816e-35	0.1234393031	0.03082957067	0.0373984503	0.02951989641
	0.02385890246	0.1966962651	0.187361892	0.2392808174	0.247022275
	0.03929102076	0.04705854699	0.04880625994	0.05739068164	0.08133974704
	0.06908747483	0.07101830635	0.05948225661	0.08342175364	0.09459246866
	0.09646244268	0.108214719	0.1224901226	0.1240689871	0.1100703425
	0.1369173304	0.2868689076	0.3148760962	0.3114640045	0.2807987728
	0.151704325	0.1528440946	0.1664751463	0.1383652822	0.3330816361
	0.3340726767	0.330685435	0.3285785374	0.1674264549	0.1814052708
	0.1820575579	0.1962498055	0.3170584573	0.3163741263	0.3285025239
	0.3277431353	0.286441001	0.2871927975	0.3019712379	0.3027185129
	0.2709645253	0.2715982605	0.2561938222	0.2557186887	0.2113402114
	0.226047909	0.1966966952	0.2260136526	0.2111646974	0.2410445567
	0.2407694032	0.001642705632	0.00159717646	-1.106442253e-34	-7.908507952e-35
	0.007127276005	0.009021199489	0.006564225458	0.005319675843	0.009789098685
	0.01370411928	0.008143641962	0.01116382276	0.01320910591	0.01822380164
	0.02429036228	0.01841911235	3.00530966e-35	0.09802799696	5.581799902e-35
	0.1077250071	0.1762886072	0.1634423792	0.2175344264	0.228745002
	0.02471537109	0.03187911261	0.03248877367	0.04041670198	0.2733376503
	0.2637727378	0.299719724	0.3059563285	0.06098577555	0.04142858756
	0.05030495916	0.05141405241	0.08503120527	0.06231860364	0.07270744375
	0.07404073281	0.0864251714	0.1115244594	0.0980906817	0.09938170219
	0.1394784583	0.1127467551	0.1264637632	0.1254171159	0.3287117119
	0.3212775571	0.331099921	0.3255633315	0.1537827262	0.1544787373
	0.1403799107	0.1681151743	0.3140399772	0.3152890492	0.326427943
	0.3247656669	0.1969436551	0.1825454827	0.1828599716	0.16863504
	0.2996835413	0.284386259	0.300835328	0.2854431177	0.2691868666
	0.2700693339	0.2543340175	0.2550458789	0.2112986755	0.2403240297
	0.2258070598	0.2398420135	0.2113720434	0.2255288845	0.1970705098
	0.0009877135768	0.0009570621614	-9.119931739e-36	-3.53330031e-35	0.003453510759
	0.00515388174	0.004217895346	0.003130691671	0.002018000633	0.005644608249
	0.002476824281	0.005219674285	0.003268327331	0.006443274781	0.01213441628
	0.008147523805	2.203708422e-35	0.0743699338	3.904388539e-35	0.08619073018
	0.01781370098	0.01723329434	0.02467210814	0.01108080066	0.1490504169
	0.133496675	0.1887740597	0.2032585742	0.252835122	0.2396746206
	0.2817898162	0.2911347993	0.03287486021	0.03304996617	0.02453939756
	0.04204479519	0.3213411957	0.3161143548	0.3252335054	0.309365562
	0.06329780495	0.05292151912	0.04250323541	0.05228333078	0.06406400791
	0.07593836763	0.08748458971	0.07511586986	0.08830161097	0.1004084088
	0.1011794956	0.1136626985	0.127261555	0.1143405135	0.1278278827
	0.1410198235	0.3200817897	0.3107191577	0.3124480614	0.3226466459
	0.155245307	0.1689436762	0.1549567737	0.1414490298	0.2967380308
	0.281832152	0.2831448474	0.2982152238	0.1970266803	0.1829889298
	0.1690767488	0.1829738302	0.2524865101	0.2534485799	0.2680545985
	0.2669156326	0.2391702398	0.2250921712	0.2107114289	0.2245490318
	0.2110556563	0.2384451536	0.1968416773	0.0004219437063	0.0003806003403
	1.212457813e-34	2.33232236e-35	1.30450578e-35	0.04875522639	2.133932808e-35
	0.06125043303	0.0001381872403	0.001619506163	0.002113974568	0.00118095702
	-0.005238641218	-0.001878599463	-0.002724537792	-0.0002191839423	-0.004771260352
	0.0006470550607	-0.00151345283	-0.006165329932	0.004534604453	0.002702980245
	0.009804021182	-0.001920904312	0.116815198	0.09977868803	0.1541316524
	0.1713723683	0.01643223208	0.01558791627	0.02416065536	0.008468100621
	0.2698290548	0.2252067893	0.2085789488	0.2570334686	0.3104092702
	0.3017164135	0.3161242695	0.2920345011	0.03298415931	0.04270597779
	0.03281542787	0.02364760353	0.3135113087	0.3064722307	0.308660296
	0.3171396989	0.06456553716	0.04272000319	0.05352312486	0.05329988224
	0.07684941432	0.06484543223	0.08886072919	0.07648885093	0.1019992322
	0.08919066332	0.1147853435	0.1016865311	0.1150135564	0.1281561641
	0.1416782939	0.1283096844	0.2788841328	0.2933030277	0.2803922959
	0.2950312751	0.1417147192	0.1690414053	0.1552625261	0.1553269201
	0.2513741812	0.2655557099	0.264179116	0.2501653924	0.1688388571
	0.1827757311	0.1824580422	0.1965090232	0.2238566289	0.2230430539
	0.237526194	0.2365375162	0.2095753016	0.2101912583	0.1960324209
	-4.176780751e-05	-0.0001347273762	2.779433399e-34	9.557503733e-35	-0.002793951313
	-0.001616053392	0.0002498965632	-0.0005541073359	4.898619658e-36	0.0247297148
	6.21269838e-36	0.03617516555	0.08223437025	0.06539517227	0.115803615
	0.1347474098	-0.01204199831	-0.008977030311	-0.007507858571	-0.005194181111
	-0.01564531947	-0.01041544353	-0.01073708181	-0.01523610427	-0.008255196467
	-0.01140419165	-0.00450720636	-0.01455856622	0.0006454944712	-0.001274396858
	-0.007111502245	0.007001226115	0.2414784454	0.1908127454	0.1713382821
	0.2250050614	0.01450522708	0.01345057714	0.02296162059	0.005432680945
	0.2681543468	0.2948253426	0.302960575	0.2813603208	0.3044134302
	0.3011365361	0.3095286077	0.3038865651	0.03239409436	0.03191345077
	0.02212628788	0.04254570197	0.2773163155	0.2757036933	0.2895197582
	0.2914477423	0.05331874234	0.06493434688	0.04218741507	0.05348151476
	0.08933853684	0.06481844491	0.07690996328	0.07695306418	0.1150761833
	0.08927892868	0.102081138	0.1020177631	0.1280835788	0.1282620665
	0.1416043303	0.114945039	0.2626362608	0.2488412258	0.2474219216
	0.2610917584	0.1685049313	0.1413220132	0.1546630434	0.15501959
	0.2210256238	0.2341256013	0.2220946429	0.2353705968	0.194690663
	0.181389732	0.1819738682	0.2079185354	0.2087924764	0.1680198949
	0.195428956	-0.0003544925973	-0.0006152253559	4.597214428e-34	1.798170375e-34
	-0.005299732645	-0.004592391869	-0.001347327052	-0.002148986658	-0.01843529879
	-0.01570178298	-0.01186487394	-0.009707421315	-8.60284906e-37	0.005610586372
	-3.835869777e-36	0.01446526499	0.04875792935	0.03404242231	0.07715626677
	0.09613505998	0.1860569845	0.2059783024	0.1510578755	0.1300958524
	-0.02635967271	-0.02124419966	-0.01966145894	-0.02400230628	-0.02081900087
	-0.0253372771	-0.01855899965	-0.02708039664	-0.02253358663	-0.01477590982
	-0.01781056092	-0.009754631104	-0.003433064717	-0.005451675531	0.003778459569
	-0.01246173086	0.2366113374	0.2538142329	0.2729457102	0.2843789533
	0.01214449199	0.01085633551	0.02119953547	0.002016762388	0.2940749376
	0.2914389044	0.2988473444	0.2977551828	0.27410278	0.2875587134
	0.2724915925	0.2853639986	0.03118143232	0.03039254406	0.04172620906
	0.02012241523	0.2578810449	0.2443922909	0.2459422188	0.2594638566
	0.05243604548	0.06458832932	0.04107969478	0.05292469553	0.07631086426
	0.08910234405	0.06416041584	0.07666471534	0.08873687964	0.1147015662
	0.1017772136	0.1014281541	0.1409338055	0.1142893632	0.1273058815
	0.1277449383	0.2185511523	0.2312789676	0.2198430195	0.2327374104
	0.1674322478	0.1541567729	0.1535597477	0.140398268	0.1667144133
	0.1798466523	0.1928787576	0.2068979585	0.1938440901	0.2057891335
	0.1806606428	-0.0005388541506	-0.001189113633	6.695440179e-34	2.749194119e-34
	-0.007563590139	-0.00732530125	-0.00268476304	-0.003676538056	-0.02446644651
	-0.02199873174	-0.01567344192	-0.01383887861	-3.67043774e-36	-0.006567146967
	-8.338830356e-36	-0.001144984941	-0.0324682627	-0.03696183835	-0.03198266535
	-0.02838090486	0.05922040498	0.02015802981	0.009246908141	0.04226326303
	0.1421380183	0.1643848876	0.1088613888	0.08848603863	0.2181752046
	0.1970974604	0.2429133342	0.2585923584	-0.03334260749	-0.03928210943
	-0.03264665006	-0.03976646949	-0.03008266619	-0.03432075302	-0.0381495052
	-0.02641743624	-0.03033743896	-0.02111992886	-0.02422180188	-0.01511230152
	-0.009940434011	-0.007735773187	0.0003002720731	-0.01785741623	0.2837882707
	0.2723984828	0.2892378926	0.2833022768	-0.00156382443	0.009346215813
	0.007845587329	0.01905120803	0.2802995727	0.2831574351	0.2709191723
	0.2693426183	0.2413226412	0.2428670252	0.2548709354	0.256321202
	0.02942457157	0.02841830338	0.0177976281	0.04039839314	0.2297300996
	0.228148125	0.2157116168	0.2171754125	0.05108478972	0.06367294217
	0.03952753887	0.05179462156	0.07523902571	0.08830051996	0.06300776993
	0.07581594186	0.0877060279	0.1009440716	0.113801448	0.1003768681
	0.1397843536	0.1260907099	0.1131757043	0.1267374415	0.2045630013
	0.2032522595	0.1906669737	0.1918227124	0.1390501242	0.1659143543
	0.1520442542	0.1528387295	0.1650070891	0.1789125348	0.1779041094
	-0.001170503474	-0.00207880428	9.222157075e-34	3.846878083e-34	-4.07606799e-36
	-0.01171879483	-8.608580725e-36	-0.009621019307	-0.01030683902	-0.00969863532
	-0.004239564512	-0.005100849134	-0.02998315594	-0.02777554339	-0.01891835854
	-0.0178701424	-0.04727347995	-0.04276109564	-0.03678521647	-0.04077411706
	0.02790101829	-0.0004520458701	-0.006724701253	0.01483427917	-0.04588536805
	-0.05346992432	-0.04703592202	-0.05291063253	0.05102722142	0.09728198621
	0.1196340269	0.06852954935	0.1749166369	0.1512838627	0.2036413591
	0.2240199293	0.2446280019	0.2676232992	0.2762772661	0.2603198999
	-0.04555748257	-0.05123842632	-0.04325466448	-0.05424021937	-0.04843680243
	-0.03891817925	-0.04326210277	-0.0339582283	-0.02757476741	-0.03078148651
	-0.02039094462	-0.03773363992	-0.00330843264	-0.01228449819	-0.0231076951
	-0.01455107477	0.2658519703	0.2676594383	0.2772653419	0.2727146783
	0.006254939558	0.01659213013	-0.005238167294	0.004679181222	0.2523405123
	0.238577713	0.2399227913	0.2535495265	0.2265466338	0.2249986568
	0.2126526635	0.2142089074	0.01521373236	0.02732513963	0.03865964139
	0.02620338086	0.2018594934	0.200393703	0.1881303838	0.1894385693
	0.062317414	0.04941660195	0.03763583717	0.05027651221	0.07381143908
	0.0870682495	0.0614885434	0.07455552858	0.09970220964	0.08630862553
	0.09896544893	0.1124954742	0.1245288012	0.1117084988	0.125340176
	0.1382550136	0.175635233	0.1501987245	0.176803206	0.1511514279
	0.1640336309	0.1629757076	0.1373659125	-0.004151992304	-0.00324720776
	1.275034443e-33	5.305104861e-34	-3.177271827e-36	-0.01154070626	-6.647499055e-36
	-0.01186261479	-0.01432788803	-0.0117830302	-0.007658644963	-0.007040589748
	-0.01172762303	-0.002957057356	0.005196681753	-0.0137282168	-0.03436389766
	-0.03324458028	-0.02280042164	-0.02188979761	-0.05713941936	-0.05361691787
	-0.04438319887	-0.04934445256	-0.05850916363	-0.06838293327	-0.06184193169
	-0.06652411775	0.02170700977	0.05693625784	0.0765648374	0.03461579428
	-0.06162712644	-0.06912138529	-0.07087410556	-0.06048699768	0.127117269
	0.1036920199	0.1564093135	0.1805813151	0.227322198	0.2062259364
	0.2421265777	0.2557574918	0.2594493216	0.2603931432	0.263387558
	0.2675174397	-0.05726215384	-0.06295951708	-0.06698902545	-0.05303828026
	-0.04769781114	-0.05192764991	-0.04115733003	-0.05791331902	-0.03701343934
	-0.03396125128	-0.02560442161	-0.04479951523	-0.007034509343	-0.02827211295
	-0.01679276109	-0.01897352012	0.2365354129	0.2500714544	0.2374987256
	0.2512915968	0.003084957638	0.001505435942	0.01390643399	-0.008973834844
	0.2222512171	0.2235237403	0.2096203367	0.2111347446	0.1988847407
	0.1867694464	0.1853494821	0.1973383337	0.02502572099	0.02383423143
	0.01247378605	0.03663672764	0.161866645	0.174402777	0.1731091946
	0.1606938624	0.04751304984	0.03552577495	0.06065127014	0.04848030884
	0.07298385055	0.08551928601	0.07211563845	0.05971415957	0.08464119516
	0.110879847	0.09814556251	0.09728036279	0.1227011766	0.1099724252
	0.1364296328	0.1354235143	0.1480996249	0.1236383802	0.1491734648
	-0.01285135715	-0.004197363286	1.933284746e-33	7.802753317e-34	-0.01004864049
	-1.920313757e-36	-0.008494697211	-4.088770059e-36	-0.01894259514	-0.01569286735
	-0.01537082287	-0.01516813582	-0.01467959255	-0.01110248986	-0.007731565599
	-0.01372038947	-0.03723679884	-0.03927780188	-0.03179234883	-0.02504858867
	0.01029609282	0.002610579151	0.02587750337	0.04052170942	-0.05854239159
	-0.06706654707	-0.06425912965	-0.05077336519	-0.07996474146	-0.07146803929
	-0.08458498439	-0.07700756221	-0.07874252531	-0.0883113241	-0.07840676575
	-0.08804789696	0.08074773568	0.06090857961	0.1062281548	0.1313009911
	-0.07653339995	-0.08354077287	-0.07274081602	-0.08643113066	0.1581213845
	0.2045971429	0.2244240245	0.183455936	0.2493975585	0.2362149733
	0.2555539663	0.2499771453	0.2358108724	0.2464149926	0.2351212305
	0.2488054227	-0.07885069305	-0.06233582146	-0.06839822386	-0.0735951347
	-0.05593754774	-0.05977038517	-0.06698238659	-0.04810856053	-0.03994748837
	-0.05156450638	-0.03070202024	-0.0427583668	-0.02112115096	-0.01076281796
	-0.02319505036	-0.03324249886	0.2211579056	0.2204155397	0.2070336434
	0.2082797484	-9.242395064e-05	-0.001655890075	-0.01264340923	0.01112133945
	0.1957957327	0.19430869	0.1824274225	0.183904899	0.1594838763
	0.1717758146	0.1582273585	0.1703896918	0.02259789473	0.009688710836
	0.03444476471	0.02136692739	0.134383746	0.1469774652	0.1332954659
	0.145816454	0.0464891254	0.058774357	0.04545082079	0.03329137383
	0.05776850046	0.07118702355	0.08374133161	0.07023203475	0.09539835035
	0.0827811906	0.1090340485	0.09635557279	0.1206817879	0.1217085764
	0.10804123	-0.02791510137	-0.006923211937	3.389639836e-33	1.302861242e-33
	-0.006510058557	-7.996655109e-37	-0.004666497351	-1.772002641e-36	-0.02206035036
	-0.02974273967	-0.02905708457	-0.05345819186	-0.0120980189	-0.009754594139
	-0.01165001395	-0.01188760246	-0.04162981461	-0.04795924163	-0.05506157353
	-0.02692847374	-0.006509505673	0.006202180964	0.01508941093	-0.003519856077
	-0.07843078629	-0.07443394863	-0.05674812689	-0.06844492415	0.0425843898
	0.02863830942	0.0610817715	0.08287624414	-0.09267848631	-0.08488851382
	-0.101735006	-0.09254899194	-0.09704721882	-0.1085373058	-0.1062456864
	-0.09743030389	-0.09702066289	-0.1051600418	-0.09353696565	-0.1074523856
	0.1059654988	0.1318529106	0.1556903054	0.1809916629	-0.08999947699
	-0.09609725453	-0.1010471764	-0.08430010535	0.2397044998	0.1995922123
	0.2277588909	0.2203266333	0.2372978317	0.2341337375	0.2326954825
	0.2433290579	0.2198981634	0.2054636693	0.2195819954	0.206150096
	-0.07850030169	-0.083122011	-0.08998805327	-0.07111189491	-0.07537187529
	-0.0546502433	-0.0634574636	-0.06692939908	-0.05781062876	-0.04550494207
	-0.04810649926	-0.03554510022	-0.02525119594	-0.02721999009	-0.03789761281
	-0.01438548271	0.1809848172	0.1928975629	0.1795571567	0.1917364436
	-0.003228705189	0.008326467321	-0.01616809923	-0.00475703532	0.1689840224
	0.1675511203	0.1556283838	0.1569448085	0.1321869197	0.1434054918
	0.1446270118	0.1310472825	0.02011067894	0.01886883162	0.0321642799
	0.006926067282	0.1059825114	0.1070286708	0.119620931	0.1185382586
	0.04437840298	0.04330094566	0.05676227966	0.03099918399	0.08079505214
	0.06923903166	0.05571828384	0.0933870813	0.06822982778	0.08180638151
	0.09440315848	-0.0121352417	-0.02482444956	7.303906902e-33	2.113487362e-33
	-0.04628973047	-0.07766439558	-0.05222837421	-0.1790869718	-1.145474612e-37
	-0.002909215235	2.049015425e-38	-0.001392434115	-0.00711233585	-0.004632964142
	-0.007792212649	-0.009951303693	-0.06289690976	-0.06621657704	-0.1058477579
	-0.03397087487	-0.007798811382	-0.002944333247	0.0008137064078	-0.008177730605
	-0.09261151965	-0.08543160567	-0.0658004566	-0.08383363	0.01665263926
	0.008866175759	0.02793247858	0.04329140391	-0.1068134109	-0.09886299215
	-0.1181880507	-0.1085218419	0.080702354	0.05927871196	0.1017826245
	0.1287726246	-0.1163809852	-0.1294663739	-0.1178607339	-0.125994738
	-0.1189230411	-0.1282753804	-0.1159093033	-0.1302618607	-0.124827072
	-0.1128608673	-0.119948886	-0.1074827422	0.2109438405	0.1501668293
	0.1913940143	0.176623026	-0.1019795482	-0.1074429305	-0.1141565484
	-0.09494094742	0.2247283813	0.2294755079	0.216784493	0.2295123433
	0.2192492571	0.2052091272	0.2051004111	0.2180411474	0.1902858881
	0.1907594911	0.1771656026	0.1783041092	-0.0999806572	-0.07913780112
	-0.08759776974	-0.09176603884	-0.08291802088	-0.07029931101	-0.06065442525
	-0.07345518338	-0.05064334415	-0.05304152078	-0.04005758128	-0.06348909681
	-0.03100410908	-0.02915358837	-0.01784106009	-0.04220667356	0.1647603297
	0.1661244854	0.1529499348	0.1542993999	-0.006272413524	0.005581356906
	-0.01950963696	-0.007744012205	0.1298976701	0.1409010741	0.142167769
	0.12872819	0.104928722	0.1174389697	0.1163286927	0.1038585405
	0.0176241077	0.01639688659	0.02985605004	0.004232731208	0.0923517229
	0.07874217943	0.09130756619	0.07977714862	0.02870203824	0.04221041963
	0.05467672898	0.04112127881	0.0672021975	0.05361978471	0.06616764257
	-0.1475284881	2.665096703e-33	-0.0004204371246	-1.696572901e-34	-0.2131115589
	-0.07408773407	-0.09045484628	-0.1114326969	-0.00226411346	-0.005193605238
	-0.004197603008	-0.006654297299	-0.09406333254	-0.1021852799	0.002837258395
	0.01725040267	-0.1153971193	-0.1253081814	0.07685513657	0.03997500703
	-0.1359632754	-0.1397222752	0.1672773862	0.1225526649	-0.1421300407
	-0.1401811106	-0.1323168407	-0.1374064544	-0.1199565114	-0.1268318702
	0.2159631803	0.2014146282	-0.1044454718	-0.1127072726	0.2159598363
	0.2048398322	0.1900531683	0.176444246	0.1634653936	0.1516355248
	-0.09576296191	-0.08632176373	-0.07647972484	-0.06608529573	-0.05534734467
	-0.04421012538	-0.03279503801	-0.02109399248	0.1396233136	0.1275519642
	-0.00918149141	0.002928594409	0.102792013	0.1152127992	0.0777103035
	0.09025923805	0.01518550166	0.02756817108	0.06513060854	0.04003607158
	0.05256991549	0.1017213098	0.08921461985	-0.4793878264	0.07667713606
	-0.002779576228	0.06409688793	-0.004616692152	0.05152191234	0.03895874725
	0.02644327831	-0.1162934229	-0.004422110127	0.01399389333	-0.135339173
	-0.1459742511	-7.416887063e-05	0.001644908251	-0.01057844965	-0.02264189361
	-0.153277023	0.008762078332	-0.03451329787	0.02616172214	-0.0461575038
	-0.05753384487	-0.1331674856	-0.1257406945	-0.06860527369	0.0540336256
	-0.07931938143	0.09528640376	-0.0896357344	-0.09948612474	-0.1088304801
	0.141066683	-0.1175851927	0.1804101104	-0.1399341106	0.2044494567
	-0.1456594247	0.2106391219	-0.1504615347	-0.1542615983	0.2041150165
	-0.1514511324	0.1902243955	-0.1272505507	0.1759758121	0.1624670059
	-0.1321153078	-0.132331896	-0.2441744058	0.1503413787	-0.1974153876
	0.1383328681	0.1263589876	-0.0006779982201	0.1140905103	-6.796558545e-34
	-1.649954061e-33	-0.4943147022	-5.735283015e-34	-0.0007647449548	-3.397892034e-34
	-0.2499899897	-0.3247102898	-0.1486330118	-0.1728672025	-0.002618454339
	-0.003283604554	0.004054483624	-0.001795687654	-0.1461092422	-0.1408436331
	0.03630811496	0.0147897379	-0.1619684698	-0.1558453158	0.06908734367
	0.1131326485	-0.1665722054	-0.1660219258	0.1873755505	0.1568464528
	-0.1639889216	-0.1591598304	-0.1466085389	-0.1535476863	-0.1391800854
	-0.1309090936	0.203094007	0.2013298206	-0.1221846954	-0.1127993941
	0.1760317253	0.1903046774	0.16166196	0.1492415993	0.1370471888
	0.1251624101	-0.1029889599	-0.09267367699	-0.07094691674	-0.08199608578
	-0.05960566031	-0.04799316888	-0.03615477582	-0.02412278963	0.1006598479
	0.1129640214	-0.01192675536	0.0003994431442	0.0881762027	0.07565762442
	0.05048774927	0.06307311053	0.02533970041	0.01283138891	0.03789805392
	0.06206432341	-0.002002411838	0.04946888713	0.03685312403	-0.001701197551
	-0.2784651663	0.02425918483	-0.1932097322	0.01169221979	0.0008382215409
	-0.0008098112862	-0.01323623545	0.008114087276	-0.1740094087	-0.1786408029
	-0.02554790374	-0.037732207	0.02164637914	-0.04974627725	-0.06157606079
	0.04774939469	-0.07317226338	-0.08451879807	0.08536842512	-0.0955566345
	-0.1447541845	-0.1062660431	0.129500907	-0.1165760033	-0.1264660002
	0.1671563962	-0.1358653739	0.1899121148	-0.1530908552	-0.1607753942
	0.1966641279	-0.1677398234	-0.1735404429	0.1893959667	-0.1778571856
	-0.1797353624	0.1762681915	0.1614789395	-0.1672671141	-0.1620267236
	0.1482821771	-0.1693974092	0.1358501208	-0.3621389393	0.1239536112
	-0.5230913782	0.1118272192	-0.0007155609314	0.09959845731	0.08715076739
	0.07464896212	-4.421287163e-34	-6.800132311e-34	-0.5460738273	-2.569104034e-34
	-3.392978336e-34	-0.0005528208568	-0.4034135385	-0.2973455351	-0.1876400218
	-0.2200166311	-0.001280327762	-0.0001599765549	0.01244590947	0.00326736066
	-0.182730514	-0.1850906039	0.0293199648	0.06064153003	-0.1925744312
	-0.1910016527	0.1012399924	0.1421730308	-0.1920215492	-0.1879973813
	0.173685204	0.1872265851	-0.1824438845	-0.1753302284	-0.1589380619
	-0.1674924773	-0.1499140716	-0.1403781325	0.1872292581	0.176193561
	-0.130421865	-0.1200430209	0.1478162473	0.1615258862	0.1227954623
	0.134734045	0.1106823067	0.09854123152	-0.09822939657	-0.1092989592
	-0.07525834138	-0.08686469525	-0.06342221839	-0.05140943851	-0.02691623955
	-0.03922481428	0.07366201206	0.08613445169	-0.001983037297	-0.01448904274
	0.06107446802	0.04847235688	0.03583409134	0.01059074825	0.02320376266
	-0.0005328572609	0.02218178003	0.00119580807	0.00951787059	-0.003110263072
	-0.3101301761	-0.01570254706	0.005610009164	-0.02821886526	0.01732538182
	-0.201527113	-0.04065873019	-0.05297832558	-0.06517974121	0.03885478335
	-0.07721131918	0.07416921414	-0.197632875	-0.08907927248	-0.1007191817
	-0.1121424508	0.1151609241	-0.1737163681	-0.1232666757	0.1515218432
	-0.1341128448	-0.1445816427	-0.1547160409	0.1745893654	-0.1644150141
	0.1810849895	-0.1824920197	-0.1905798963	0.175423301	0.1619499583
	-0.2030450409	-0.2059931654	-0.2062198745	0.147654403	-0.2029634921
	0.1340073144	-0.2063153114	-0.2391483833	0.1216765446	0.1095456135
	-0.4410484813	-0.5425777962	0.09747982782	0.08513018157	0.03484043713
	-0.0003192841881	0.07269279946	0.0601108153	0.04750193566	-5.156674798e-34
	-6.778948801e-34	-0.5296802521	-2.321876717e-34	-3.377734117e-34	-0.0001897890468
	-0.4781329409	-0.3340742794	-0.2247084836	-0.2563575811	4.617888148e-05
	0.002378020353	0.02339074322	0.008174316762	-0.2183947321	-0.2186822063
	0.04913476528	0.08729278709	-0.217704056	-0.2199916379	0.1269097848
	0.1560098139	-0.2061987351	-0.2130730962	0.1717813386	0.1721510353
	-0.1889782029	-0.1979919898	-0.1694196523	-0.1793780715	-0.1484417566
	-0.1590783645	0.1479885158	0.1620295402	-0.1262461679	-0.137470893
	0.1335105531	0.1208253584	0.1084251771	0.09642455885	0.08412870451
	0.07174382003	-0.1147415395	-0.1030401639	-0.07905003643	-0.09111839429
	-0.06681362659	-0.05447101311	-0.02947029989	-0.04200653962	0.04656190833
	0.05917045563	-0.004200838155	-0.01685586687	0.02119056397	0.03387955851
	0.008488252256	0.003630824387	-0.005238803015	-0.5134154575	-0.01796776129
	-0.03065167474	0.01147096893	-0.04329869126	-0.272537566	0.0304100739
	-0.05586695031	-0.06836801892	-0.08075388086	0.06050081942	-0.2325047432
	-0.2284368297	-0.093042808	0.09921977804	-0.1051746842	-0.1171774119
	-0.1289723725	0.1342839191	-0.1406021702	-0.1846360846	0.1570280424
	-0.1519662181	-0.1631356865	-0.1739931161	0.1656923259	0.1604087847
	-0.1949186349	-0.2048282839	-0.2140485425	0.1483941278	-0.2221915983
	0.1337183873	-0.2331729814	0.1201790912	-0.2345732455	0.1074682482
	-0.2413935107	-0.3503576155	0.09537592819	-0.493482578	0.08313156485
	0.07081207014	9.219826487e-06	0.007494015519	0.05826076149	0.04565646613
	0.03295436836	0.02024151605	0.0004659136403	-3.355298348e-34	-6.742031751e-34
	-0.5003433269	-1.842904919e-34	-3.358319568e-34	3.739734322e-05	-0.3722524472
	-0.5130949806	-0.2879766027	-0.2570083825	0.0008853572931	0.005240422556
	0.03856574711	0.0154114264	-0.2462275879	-0.2488718539	0.071539689
	0.1084944665	-0.2436252538	-0.2380485173	0.1388051646	0.1539709146
	-0.2303328595	-0.2211508671	0.1478096963	0.156861741	-0.2003409966
	-0.2109393034	-0.189335018	-0.1781831571	-0.1552078086	-0.1667664881
	0.120118512	0.1340613156	-0.1434169181	-0.1314964642	0.09443166341
	0.106647654	0.08213761331	0.06988866729	0.0573720879	0.04478319299
	-0.1193833371	-0.1071682825	-0.08236083439	-0.09480253242	-0.05719607435
	-0.06980537508	-0.04450718371	-0.03178492959	0.01932909166	0.03206683165
	-0.01901818628	0.006547307881	-0.006237986473	-0.04566202681	0.02061338366
	-0.4811086879	-0.05843056713	-0.07117074063	0.04712339258	-0.08383920838
	-0.09646141748	0.08144202947	-0.1089854526	-0.1214475047	0.1151815669
	-0.1337799506	-0.2536945018	-0.1460356663	0.1388978202	-0.1581261396
	-0.227513601	-0.1701335384	-0.2165784256	0.1482401318	-0.1819473702
	-0.1936876152	0.1459485898	-0.2052093645	0.1343017152	-0.237758518
	0.1203791565	-0.2466128937	0.1063738128	-0.2578539423	-0.2623034274
	0.09359311197	-0.2714782923	-0.3034045001	0.08120282347	-0.3863294514
	-0.5210448672	0.06898265807	0.05650680319	0.0001709795406	-0.03284603273
	0.0439497829	-0.02002423924	0.03122187334	0.01846769064	0.005643377666
	0.001342607628	-0.00717847305	0.007259087441	-3.079808428e-34	-6.699846628e-34
	-0.4678701197	-1.556892835e-34	-3.335720706e-34	0.0002390234624	-0.5306117884
	-0.4053024502	-0.2846519374	-0.3171851305	0.01000436475	0.00201542159
	0.02618508003	0.05566684218	-0.268369652	-0.2740437594	0.118279434
	0.08982581672	-0.2543167896	-0.2625413753	0.1364538824	0.1398641384
	-0.2442828194	-0.2332725565	0.1207531339	0.133615731	-0.2096386547
	-0.2215304029	-0.1853832201	-0.1975141317	-0.1608042087	-0.1731067075
	0.09316139776	0.1063630026	-0.1483662768	-0.1358928814	0.06811115703
	0.08033786045	0.04313780895	0.05565957817	0.01764480996	0.03041726945
	-0.1233036675	-0.1106836402	-0.09797097747	-0.0852348466	-0.07242824618
	-0.05960602976	-0.04673682276	-0.03386147719	-0.008078286632	0.004791589967
	-0.02096762042	0.03266048522	-0.08651151169	0.06345146279	-0.0993932297
	-0.1122216502	-0.41724245	-0.1250385507	0.09514707603	-0.1377885665
	0.118680673	-0.284876155	-0.150529716	-0.1631898123	-0.2704861865
	-0.1758546646	0.1308196861	-0.1884308628	0.1297768965	-0.2010434378
	-0.2135584794	-0.226082794	0.1207869811	-0.2383529426	0.1068874292
	-0.2502164648	-0.2610641303	0.0930437305	-0.2775485931	0.07979378657
	-0.2969225022	-0.3313819311	0.06731188561	0.05484524017	-0.5325562587
	-0.4510695583	0.04237218603	0.02965269048	-0.07362137768	0.0004074629418
	0.01688357629	0.003988235555	-0.008911069212	-0.02186389961	0.00295571451
	-0.03480205834	0.01307935394	-0.04776030124	-0.06069018679	-2.704703397e-34
	-6.648229852e-34	-0.4393380861	-1.389569422e-34	-3.305423499e-34	0.000624692902
	-0.4326282707	-0.5358714096	-0.3078972603	-0.3437995775	0.004071394637
	0.01680171932	0.06976825498	0.03888134869	-0.2942507408	-0.285779064
	0.09840675085	0.1159111525	-0.2670720945	-0.2773520303	0.118362624
	0.1232708412	-0.2553216781	-0.2429015672	0.1071895543	0.09340995994
	-0.2299989084	-0.2170897679	-0.2040931492	-0.1911934738	-0.1653718075
	-0.1782503981	0.06673571624	0.07948804567	-0.1524387667	-0.1395420392
	0.04162421284	0.05408563771	0.02893291222	0.016153313	0.003244283816
	-0.009704086093	-0.1136612302	-0.1265904621	-0.08771942916	-0.1006829684
	-0.0617237863	-0.07471597405	-0.04870621637	-0.035700654	-0.02269375669
	0.07431647296	-0.1149589101	-0.4244732241	-0.1280427256	-0.1411057346
	0.09828030078	-0.1542102731	0.1110912727	-0.1672993461	-0.1804602916
	-0.3027737573	-0.1936178791	0.113866083	-0.2834526456	-0.2068958837
	0.1060661692	-0.2201746961	-0.2335808708	-0.2468557673	0.09392385113
	-0.2599364206	0.079786122	-0.2722520578	-0.2928594012	0.06641334649
	0.05350401257	-0.3181517967	-0.3565668226	-0.4419496515	0.04096260694
	-0.5344578236	0.02825121533	0.01550272956	0.0009006281399	-0.1019004453
	0.002548758635	-0.01041496809	-0.07575556734	-0.06266773458	-0.02347520634
	-0.03651736444	0.005615235257	-0.0496046398	0.02061228677	-0.0888182562
	0.04492703002	-2.492792547e-34	-6.574741562e-34	-0.4134680324	-1.254165961e-34
	-3.262012123e-34	0.001289713319	-0.4540488371	-0.5340108766	-0.3272854818
	-0.367574114	0.007227412226	0.02469510005	0.07650939922	0.05005989654
	-0.2990740583	-0.310026467	0.09622434053	0.1040050477	-0.2767611599
	-0.2885764167	0.0933329974	0.1031510427	-0.250330814	-0.2637854561
	0.06654872227	0.0802190143	-0.2365810511	-0.2229165778	-0.1957993879
	-0.2092703612	-0.1690595518	-0.1823628247	0.04040999643	0.05311620286
	-0.1557627786	-0.1425559406	0.02764548484	0.01487235323	0.00192896489
	-0.0110918247	-0.02417872627	-0.03729750301	-0.129337519	-0.1161799548
	-0.08986419849	-0.1030015005	-0.06357154206	-0.07670364475	-0.05042315785
	-0.1572090672	0.09162325162	-0.1706045714	-0.1841199585	0.0955668129
	-0.4608113609	-0.1976945296	-0.3788119343	-0.211449311	0.09166351041
	-0.2252767873	-0.239310449	0.08022840005	-0.2532917325	-0.2672312754
	0.06703059423	-0.2805626874	-0.2930717884	0.05318352613	-0.304351627
	-0.3165921859	0.04008750647	-0.335820692	0.02714878785	-0.5299286879
	0.01436690555	-0.3998530904	0.001358312917	0.001728941752	-0.1438442936
	-0.01165657286	-0.1305565307	-0.02483253897	-0.03797730916	-0.05119831238
	0.009385048227	-0.06438087437	-0.07760814028	0.02846258165	-0.09080810001
	-0.1040479309	0.05369435066	-0.1172766215	0.07670826484	-2.286738611e-34
	-6.467587041e-34	-0.3888865719	-1.143982472e-34	-3.200159193e-34	0.002306546077
	-0.5267331371	-0.4699427327	-0.3884572722	-0.3434853179	0.01142106282
	0.03177365195	0.07450769449	0.05598750917	-0.3220287351	-0.3088061909
	0.08546299388	0.08571774068	-0.283752438	-0.2966638832	0.07931501134
	0.06712291859	-0.2699693848	-0.2558268477	0.0400571865	0.05352576617
	-0.2273410827	-0.2415134574	-0.1993898478	-0.2132517129	-0.1720189289
	-0.1856138475	0.01391107796	0.02683361579	-0.1584703681	-0.1450488982
	0.0009038248256	-0.01219573393	-0.0253785934	-0.03862505519	-0.06515981266
	-0.05187738852	-0.1316412935	-0.1183199692	-0.0917160591	-0.1049898246
	-0.07842010325	0.0777361218	-0.200845808	0.07506043323	-0.214905905
	-0.2290802741	-0.2435023443	0.06688772218	-0.2579128206	0.05383829026
	-0.2723767455	-0.3270608531	-0.2863355361	-0.2997653319	0.0404405941
	-0.3125695838	0.02678941885	-0.35066597	-0.3982391833	0.01370431056
	-0.4741280852	0.0005232287388	-0.5201828316	-0.375430202	-0.01256047695
	-0.02586994117	-0.1870011596	0.002905706597	-0.03912927993	-0.05251048518
	-0.146116141	-0.06582203512	-0.0791963764	0.01374322162	-0.09251898873
	0.03427192965	-0.1058944608	-0.1192510236	-0.1326747665	0.05609571049
	0.07077047319	-0.1596566847	-0.1732540926	-2.092608978e-34	-6.316995861e-34
	-0.3637576269	-1.038340322e-34	-3.116426985e-34	0.003549619704	-0.5144512718
	-0.4804701823	-0.3572770072	-0.4065857765	0.01568812789	0.03562799806
	0.06504289472	0.05482674251	-0.3155432629	-0.3310588791	0.06360187593
	0.06882662234	-0.3020302179	-0.2883755297	0.05386451091	0.0406657179
	-0.274138362	-0.2596301131	0.01360556281	0.0270582785	-0.2450192913
	-0.2305702291	-0.202141542	-0.2162308836	-0.1881632652	-0.1743914912
	0.000343836217	-0.0129112335	-0.1471261266	-0.1606852618	-0.03960485344
	-0.0261972102	-0.05300334986	-0.06645460292	-0.07985763413	-0.09329606461
	-0.1201480735	-0.1335884087	-0.1066928097	0.05170812746	-0.2317741365
	-0.2463606494	-0.2609420706	0.04102374535	-0.2756226423	0.02733804119
	-0.4150078843	-0.2898956302	-0.3039532294	-0.3181347025	0.01392663707
	-0.3350905599	0.000267272694	-0.3635273626	-0.4819599553	-0.01298198496
	-0.5051420345	-0.02647773267	-0.3495748812	-0.03985872277	0.004161872341
	-0.2174412402	-0.0534404981	-0.06691342424	-0.189248161	-0.1753748714
	-0.08047510538	-0.09393912848	0.01738479976	-0.1074587164	0.03592342048
	-0.1209277793	-0.1344665307	-0.1480111152	0.05155432754	-0.1616622225
	0.05839096978	-0.2032322053	0.05903535411	-1.890191085e-34	-6.122317539e-34
	-0.3365583775	-9.309772897e-35	-3.013419904e-34	0.004649116994	-0.4854171336
	-0.4965779241	-0.3695390526	-0.4220787836	0.0185457662	0.03474498229
	0.04712526844	0.050235354	-0.3381528538	-0.3200018252	0.04837574368
	0.03935206521	-0.3051303778	-0.2909595311	0.02771532507	0.01405717301
	-0.2619442658	-0.2765361633	0.0004839486678	-0.01311552645	-0.2327679004
	-0.2472821918	-0.20418849	-0.2183580675	-0.1762782842	-0.1901303729
	-0.04013152013	-0.02653709484	-0.162490683	-0.1488490149	-0.06734063169
	-0.05367093131	-0.0809199725	-0.09454632837	-0.1080861275	-0.1352163973
	-0.1216735048	-0.2772107969	0.01455764999	-0.3209122117	-0.2916077658
	-0.3061675279	-0.4838698129	0.0005748865359	-0.3219028246	-0.3418838987
	-0.01288290704	-0.3753084022	-0.4291308776	-0.02666462316	-0.48394035
	-0.04012485651	-0.05389502673	0.005084357607	-0.2625632796	-0.06751937763
	-0.2480345129	-0.0813085832	-0.0949537274	-0.1086589398	0.01896443642
	-0.1222622667	-0.1909397935	-0.177028517	-0.1359187574	0.03264661683
	-0.149546243	-0.1632657149	0.04128384577	0.04158389682	-0.2049493356
	-0.2191660237	0.03724045641	-0.2334867856	0.02672959495	-1.674207422e-34
	-5.896884446e-34	-0.3060049553	-8.172010425e-35	-2.900389617e-34	0.005216591043
	-0.4839859287	-0.4719167209	-0.3811684807	-0.4347764192	0.01882420825
	0.02906763533	0.03183746812	0.03457464455	-0.3232439938	-0.344695007
	0.01379640788	0.0254517722	-0.306610359	-0.2919187772	-0.01297946561
	0.0009606844582	-0.2629399405	-0.2774219077	-0.04035234712	-0.02658821335
	-0.248423227	-0.234021808	-0.2055760908	-0.2196996492	-0.1776851978
	-0.1915430666	-0.05392976793	-0.06776525835	-0.1501730002	-0.1638703559
	-0.08147895409	-0.09532500253	-0.1090335128	-0.1227898345	-0.1364500525
	-0.01263799064	-0.3251880532	-0.02684168334	-0.3489927967	-0.3868073766
	-0.4401105685	-0.0403751459	-0.4787401955	-0.05424624952	-0.4551489751
	-0.2883497688	-0.06782771702	-0.08172921974	-0.3072874689	0.005309284322
	-0.09547830523	-0.1093622574	-0.2629602869	-0.1231108757	-0.1368997994
	0.01767982267	-0.1506149948	-0.2200927942	0.02496463986	-0.1643835231
	-0.1781582444	-0.192039942	0.02695721697	-0.2059862183	0.02182052632
	-0.2342674675	-0.2486203215	0.01337289696	0.0005812178452	-0.277457418
	-0.2920226376	-1.441109963e-34	-5.669316342e-34	-0.2711481204	-6.954424635e-35
	-2.795240456e-34	0.004997488874	-0.4388238063	-0.4745601705	-0.3927661847
	-0.44378362	0.01607523397	0.01954332839	0.01876396744	0.01099626208
	-0.3524014103	-0.3268975145	0.0007837031975	-0.01289488041	-0.291993699
	-0.3076192566	-0.04087909259	-0.02670963399	-0.2628562414	-0.2772246962
	-0.06834138007	-0.05455473569	-0.2343690918	-0.2485561481	-0.2062523882
	-0.2202416452	-0.1923212315	-0.1785079176	-0.08194509574	-0.09580850793
	-0.1509673737	-0.1647017611	-0.1095466794	-0.1234186776	-0.1371650758
	-0.05538358263	-0.3981932231	-0.251183665	-0.446323676	-0.4645186341
	-0.0689683752	-0.4170175544	-0.08275001097	-0.09623879531	0.004627891968
	-0.3580955833	-0.1100177984	-0.1236812371	-0.3089272925	-0.2922459521
	-0.1374741397	-0.1511912976	0.01344304822	-0.1649500883	-0.2483340004
	0.01400502012	-0.1786898767	-0.1924831662	-0.2063107849	0.009917593867
	-0.2202349632	2.262338097e-05	-0.2342154649	-0.2625502252	-0.01208070637
	-0.2770563415	-0.02675216946	-0.3299331197	-0.04096704966	-1.192614167e-34
	-5.488223733e-34	-0.2315682059	-5.658567316e-35	-2.726181375e-34	0.003925450453
	-0.45448432	-0.3954814176	-0.4467100732	-0.4038149537	0.01054877422
	0.007404631973	-0.01154226794	0.0008010623745	-0.3331582452	-0.3628112745
	-0.02530491504	-0.04084974947	-0.2927616238	-0.3102424035	-0.07014192942
	-0.05573023553	-0.2624190487	-0.2770208429	-0.08386884884	-0.09743563057
	-0.2341105444	-0.2481431723	-0.2201739001	-0.2063527616	-0.1925775644
	-0.1788872447	-0.1244021524	-0.1108279535	-0.1651923929	-0.1515795518
	-0.1379190019	-0.3679787637	-0.09917779609	-0.2093954522	-0.1126437487
	0.003037846389	-0.4380430356	-0.1257838226	-0.4441557438	-0.1391115892
	-0.1524042676	-0.1658434711	0.006731745011	-0.1793207274	-0.31369595
	-0.2945241383	-0.1928753002	0.0009443552996	-0.2626795553	-0.2065129926
	-0.2202340627	-0.008855692559	-0.234116253	-0.2481806382	-0.02314846923
	-0.2777900398	-0.03882902441	-0.0553767455	-0.3383454045	-0.3699930897
	-0.07082417096	-0.4078459567	-0.0855282941	-9.359836676e-35	-5.417942363e-34
	-0.1877555233	-4.316266027e-35	-2.726171051e-34	0.002102728999	-0.3405963476
	-0.4201769943	-0.4386941283	-0.4111317201	0.002930922791	-0.006196401712
	-0.01842508996	-0.03505696885	-0.3756524302	-0.343835311	-0.05244896905
	-0.07002853488	-0.3174150977	-0.2971152375	-0.101197579	-0.08635628802
	-0.2637863163	-0.2793681561	-0.1282892146	-0.1150934607	-0.2489875071
	-0.2348321933	-0.2073200642	-0.2209451057	-0.1805244669	-0.193826756
	-0.1412808399	-0.1673113444	-0.1542726446	-0.131535116	-0.1447223594
	0.0007174533202	-0.1575135967	-0.1702460446	-0.3954796123	-0.1830684439
	-0.1960479641	-0.001647335116	-0.2093118457	-0.3822000358	-0.01309951597
	-0.2227942225	-0.2367651566	-0.2511542453	-0.02835776764	-0.2665655765
	-0.04680184469	-0.2830978838	-0.3021191357	-0.3241505212	-0.06619331816
	-0.3509365215	-0.0849176416	-0.4105251849	-0.4273805975	-0.102139403
	-0.1174953196	-0.3076819189	-0.1641251148	-6.833823782e-35	-5.518052088e-34
	-3.008790753e-35	-0.1415554031	-2.81967268e-34	-0.0002541676799	-0.3682070196
	-0.2748432418	-0.40706054	-0.4121591654	-0.02010273255	-0.005856272894
	-0.05828894077	-0.03772478428	-0.3571969504	-0.3856340746	-0.07949366341
	-0.09948569102	-0.3079466819	-0.3304955604	-0.1179694908	-0.1338559077
	-0.288010593	-0.2708842828	-0.1617449351	-0.1485416576	-0.2404464345
	-0.255040665	-0.2264623548	-0.21307491	-0.2000410323	-0.1872660197
	-0.1746608529	-0.002017080381	-0.1794011236	-0.1180525712	-0.1926937341
	-0.2055368299	-0.218698342	-0.01065318473	-0.3882020398	-0.2320815925
	-0.02682918872	-0.2463076113	-0.2612482982	-0.2776560941	-0.3383389992
	-0.04700898986	-0.2955439994	-0.06914898809	-0.3157379469	-0.3620761438
	-0.0922337321	-0.3855446968	-0.113546074	-0.3961380127	-0.3343026219
	-0.1333288041	-0.2385198801	-0.1502257455	-0.1656551337	-4.490669128e-35
	-5.812814691e-34	-0.09633709351	-1.855116638e-35	-3.006610728e-34	-0.002844881236
	-0.2980326843	-0.2026173446	-0.3595517081	-0.3797246307	-0.03283206258
	-0.01466117667	-0.05505986281	-0.0787415288	-0.3794510734	-0.362750926
	-0.1034986968	-0.1261463487	-0.3218622339	-0.3427448152	-0.1475504927
	-0.1655777012	-0.28448116	-0.302241539	-0.1823814452	-0.1969398478
	-0.2680444294	-0.2529066187	-0.2386064195	-0.2247118831	-0.2111833412
	-0.2285967549	-0.2433628258	-0.0751490717	-0.01894944293	-0.2585106905
	-0.2569661926	-0.2739700272	-0.03844958757	-0.2902590065	-0.3074672461
	-0.06220094133	-0.3248954377	-0.3425735975	-0.08688199295	-0.3558406216
	-0.3637857573	-0.112811159	-0.3527460698	-0.3219397819	-0.1366438302
	-0.1667421371	-0.1593894883	-0.1789031001	-0.004718162702	-0.1970937305
	-0.2130778277	-6.262910937e-34	-2.466494226e-35	-0.05636519409	-9.485779059e-36
	-0.00527696973	-3.250442621e-34	-0.215684685	-0.1322693231	-0.3194935561
	-0.2804583913	-0.02202930593	-0.04235683445	-0.09231269263	-0.06731231083
	-0.3396302291	-0.3403413327	-0.1190843465	-0.1435977449	-0.3336778967
	-0.3203072823	-0.1676428394	-0.1883537033	-0.2897350311	-0.3056741131
	-0.2082029165	-0.2254329663	-0.2581143264	-0.2741480353	-0.2424179939
	-0.2486006685	-0.2648007718	-0.02488643693	-0.2797442234	-0.04564156677
	-0.1735210551	-0.2937227749	-0.3045866258	-0.3127558308	-0.07043506952
	-0.3122401473	-0.09533782143	-0.3035854674	-0.2767908511	-0.2344514084
	-0.1216580931	-0.1463705378	-0.101303113	-0.03948517733	-0.1705936541
	-0.192248507	-0.006816907474	-0.2127794364	-0.2312077367	-8.707283988e-36
	-6.755079037e-34	-0.0252783907	-3.024094422e-36	-0.00705660092	-3.478939793e-34
	-0.1342950545	-0.07304145499	-0.1880295619	-0.2312680319	-0.02631397073
	-0.04639644647	-0.09432399972	-0.07098695112	-0.2752380153	-0.2608693792
	-0.1432720001	-0.1197796412	-0.2771164835	-0.280997689	-0.1670410505
	-0.1881216151	-0.2696247742	-0.2571510767	-0.2263725617	-0.2086909382
	-0.2433586176	-0.02682005678	-0.2331017169	-0.0136566795	-0.0462160068
	-0.2379864317	-0.2382153801	-0.229266645	-0.06865430844	-0.2123677845
	-0.09046387991	-0.1831146452	-0.1440383997	-0.09848967017	-0.1132365022
	-0.04994409047	-0.1350352874	-0.1563781548	-0.007747794784	-0.1760416487
	-0.1940902768	-0.209989308	-0.2229532493	2.351280313e-36	-7.127069239e-34
	-0.004582849788	1.210766801e-36	-3.607096732e-34	-0.007640546756	-0.06782809348
	-0.03039498557	-0.1039911169	-0.1381876165	-0.04341178509	-0.02616248581
	-0.08253146682	-0.0641014013	-0.1640596165	-0.1813347991	-0.102561758
	-0.120734617	-0.1911940997	-0.1928075734	-0.1391315762	-0.1550690263
	-0.1898909193	-0.17000802	-0.1811381006	-0.03942306811	-0.1347172938
	-0.1195456269	-0.05650338587	-0.09798353776	-0.07081090173	-0.07223439316
	-0.04274785971	-0.01554264826	-0.0879690314	0.002113725231	-0.1027240257
	-0.007206575403	-0.1438650619	-0.1464178585	-0.1163923117	-0.1284631502
	-0.1379033931	-0.1444865175	-0.02392455672	8.518383908e-36	-7.234579588e-34
	0.006768299196	3.523387031e-36	-3.581470503e-34	-0.006678568939	-0.004103618378
	-0.02304830083	-0.06469933019	-0.04371484664	-0.03372195523	-0.02118015425
	-0.05973995346	-0.04794853119	-0.09401824999	-0.08124020588	-0.07182969946
	-0.08204837392	-0.1015541936	-0.104387089	-0.09850619218	-0.09148834934
	-0.1033142022	-0.03850542766	-0.02333641867	-0.03746142468	-0.008411426775
	-0.04627535377	0.004121303508	0.009834649572	-0.05428914103	-0.06094101454
	-0.005298864127	-0.05105027299	-0.06598685386	-0.06911392495	-0.06949294016
	-0.0669206961	-0.0169513432	-0.06079104456	-0.02700080013	1.054614715e-35
	-7.033211287e-34	0.01162617254	4.277959214e-36	-3.415914668e-34	-0.004441542643
	0.002070865511	0.00982252976	-0.008256154343	-0.01899922766	-0.01274962948
	-0.01995175156	-0.03290381437	-0.0271767372	-0.02804969665	-0.03566858433
	-0.03773178695	-0.04115734183	-0.04028108811	-0.04289547893	-0.0428803641
	-0.01676725116	0.01360728571	-0.02013444988	0.01262206968	-0.02244737642
	-0.002614818544	-0.02353243386	0.002387876274	-0.02312005714	-0.02107918683
	-0.01727092383	-0.007965099506	-0.01174929729	-0.01242893378	-0.004996920687
	0.009262549357	1.016031353e-35	-6.614999425e-34	0.0129241762	4.213542168e-36
	-3.183491376e-34	-0.00170502063	0.01583186766	0.0139309883	0.004520544586
	0.009630039322	-0.003603091818	-0.005917404563	-0.009026501455	-0.007492138641
	-0.0002871753686	-0.004523990929	-0.009366428075	-0.00726303276	-0.009093410507
	0.0005578434348	-6.012991625e-05	0.01289008059	0.001272956313	0.002473787827
	0.01701098902	0.004676123449	0.00758964376	0.0002958431578	0.01113744694
	0.01453547712	0.0003564288839	0.01712848104	0.0006044273461	8.970703091e-36
	-6.148001538e-34	3.843283779e-36	0.01257280461	-2.968482082e-34	0.0006170158116
	0.01889126545	0.01772202565	0.01542242581	0.01773311255	0.004865747528
	0.003486665414	0.006934614883	0.007757096009	0.01304996731	0.01079807373
	0.009342479761	0.001631550433	0.01491994992	0.0164613391	0.01830847427
	0.01972124886	0.00564608872	0.02010884316	0.008581728924	0.01808112023
	0.01223840703	0.01148776719	0.01309036929	7.658515819e-36	-5.771929597e-34
	0.01192225604	3.404059302e-36	-2.81868083e-34	0.001933687084	0.01814760887
	0.02054942817	0.01946016605	0.02066548748	0.007067361438	0.0104607678
	0.01421151145	0.01813940189	0.01606053388	0.01944265264	0.02040296573
	0.01165635676	0.02043621203	0.007488757868	0.01793596892	0.01152000901
	0.0153338204	0.002255000604	0.01750748093	6.794626895e-36	-5.537833844e-34
	0.01127105268	3.183849649e-36	-2.736612683e-34	0.002228873886	0.01918027615
	0.01731796999	0.0172609653	0.01904517772	0.007441371057	0.01126478403
	0.01520065123	0.01593258837	0.006797643552	0.01077742449	0.01062177138
	0.002080867777	0.01420138257	0.01621564393	0.01733242081	6.319220436e-36
	-5.423173522e-34	0.009730371078	3.108475685e-36	-2.70128617e-34	0.001896758556
	0.01406756199	0.01400979106	0.01263075342	0.006049696169	0.009372872231
	0.005116269854	0.008127805178	0.001571619243	0.01068924307	0.01114971759
	0.008508450085	5.341469274e-36	-5.380881643e-34	2.756635576e-36	0.006565089147
	-2.690667808e-34	0.001378042666	0.008162332659	0.006579299948	0.004276507474
	0.001048621575	0.004870156856	0.00471965929	0.003378386096	-5.372527483e-34
	3.15159068e-36	0.002643751643	1.925988451e-36	-2.690618982e-34	0.002354985653
	0.0008802519857	0.0005382831207	0.001186458542	-5.377565296e-34	2.83785237e-37
	1.499980402e-36	0.0001829121421	-2.695848898e-34	-1.333748623e-34	-5.387896618e-34
	-2.62439707e-36	
