3721	
	-1.728233636e-34	4.425298097e-35	3.773723123e-34	1.647550288e-34	5.237490902e-34
	0.04185834006	0.02036099388	4.721053402e-35	2.671775227e-34	0.08820102538
	0.02548536543	0.02485289397	5.526996863e-34	2.00147086e-34	0.09199241203
	0.03659904963	0.05947200315	0.05323635074	-3.015890738e-35	3.970402869e-35
	0.02381666404	2.635723448e-34	6.323105293e-34	0.01580900324	0.01631579063
	0.04262587385	0.04004898697	0.05341122476	0.04374973176	0.004400916671
	0.0143925173	0.001449190181	-1.462552488e-35	0.03428402963	0.03672426924
	1.746444047e-35	0.01168550187	0.01172918642	7.43124849e-34	3.271480728e-34
	0.03950993053	0.03442301361	0.04201521757	0.03726032026	4.237502953e-36
	-0.004086654049	-0.002628340593	-9.335497155e-36	0.003047381221	0.0182145018
	0.04310161361	0.02073222181	0.03866282026	0.008348798096	0.03169159907
	0.01017384419	0.009766621462	8.348450216e-34	3.891170778e-34	-5.003592273e-36
	-0.003002109557	1.568165072e-36	-0.0007453270737	0.04569014257	0.04056110945
	0.03182954731	0.03285137179	0.04015295676	0.04824601856	0.05314327421
	0.05511096676	0.01671389453	0.004696611314	0.003633590221	0.01419910838
	0.0453483833	0.03050504046	0.03058230104	0.01019330272	0.009371237131
	8.722588306e-34	4.269052301e-34	0.05226330294	0.04718489869	0.03202594667
	0.03287642547	0.003513438568	-1.447612844e-36	0.0007406916021	8.642030012e-37
	0.01263963873	0.008509809562	0.02615142545	0.01954400817	0.06405010268
	0.0624221122	0.07728558437	0.06946416345	0.06106118823	0.04116989232
	0.03495551786	0.07810352136	0.04866092827	0.05730845244	0.06976055231
	4.289827555e-34	0.01069037919	0.00967828649	8.399355975e-34	0.05819695643
	0.05441005372	0.03380509494	0.03492744161	0.09830847032	0.08765820579
	0.08159496137	0.07654717154	0.01011485187	1.892563441e-36	3.051437981e-36
	0.006319654134	0.01868463319	0.02547094299	0.04381949283	0.03365378526
	0.06697016603	0.0805691589	0.05073464508	0.06230482716	0.09547056402
	0.09424614531	0.09046499082	0.08170996473	0.1067985476	0.1090911917
	0.1111050282	0.01100507215	0.009992979756	7.428660368e-34	3.9452422e-34
	0.03565633893	0.03612692104	0.06119622857	0.05936562416	0.1111278393
	0.1050183308	0.08826031581	0.08631652772	4.263984673e-36	0.01960415799
	9.508326379e-36	0.01441877908	0.1283733247	0.1429566588	0.1303429372
	0.1214333483	0.05526722873	0.0338986429	0.04339435455	0.06872938502
	0.1136254936	0.09579971491	0.09230323224	0.07648016202	0.1235620597
	0.1429064497	0.1122157375	0.1497528142	0.1492520652	0.1304268927
	0.1301083961	0.01086205177	0.009957166302	5.986698868e-34	3.310650383e-34
	0.06070529289	0.06074566772	0.0361675199	0.03574443693	0.1130309588
	0.08878343755	0.08976824837	0.1144696829	7.937605688e-36	0.03218622856
	1.835775354e-35	0.02553743528	0.1387633309	0.1524430495	0.1587935261
	0.1364114055	0.08344300351	0.09940109681	0.05424690165	0.06616542194
	0.1749054582	0.1650935761	0.1853002125	0.1698122404	0.1283064731
	0.1524096442	0.109887392	0.1325052238	0.1903828847	0.1894438528
	0.1625454419	0.1704612761	0.1829380925	0.1503879481	0.1697200202
	0.01026132893	0.009506524583	4.29390892e-34	2.498305715e-34	0.05732135173
	0.05878394668	0.03503531737	0.03384856991	0.1101267528	0.1122805412
	0.08433484941	0.08747351895	1.286381061e-35	0.04747836142	2.954375099e-35
	0.03963063396	0.1361854057	0.159791864	0.1603866681	0.1389034312
	0.1331635614	0.1161607221	0.07900406279	0.09252588887	0.1813929865
	0.1991332305	0.1944414971	0.1805017241	0.1662822749	0.1723285214
	0.1917801059	0.1474429714	0.2225543862	0.2092383183	0.2131637952
	0.2050589393	0.1907969445	0.2273209911	0.2213925223	0.2098825952
	0.2270157019	0.2025511551	0.2090753671	0.009329515871	0.008730769233
	2.556676224e-34	1.621062344e-34	0.05204965033	0.05441962206	0.03256652453
	0.03087316589	0.1007799671	0.105211909	0.07666265707	0.08108432074
	0.1504182218	0.1556544432	0.1320976332	0.1261929201	0.05599220229
	1.88428948e-35	0.06446095889	4.250552684e-35	0.1665650572	0.1502598126
	0.1064041115	0.1202648681	0.1954786533	0.17934377	0.174102431
	0.1987410057	0.2019680053	0.2272739008	0.2102605965	0.1848012767
	0.2291034788	0.2147348787	0.216380229	0.2308632001	0.2280944125
	0.2443643082	0.2544195623	0.2386432584	0.2580502975	0.24375263
	0.2388241827	0.2587682532	0.252926735	0.2433298043	0.2438676211
	0.008216171164	0.007760758854	9.387133867e-35	7.724078875e-35	0.04582787161
	0.04866753776	0.02925477226	0.0273047385	0.0887910059	0.09440231088
	0.06734133258	0.07232722231	0.1120690925	0.135001699	0.1428510541
	0.1196070921	0.07331793561	2.548552238e-35	0.08162575841	5.625979724e-35
	0.1671568244	0.1805440323	0.1887751626	0.1583545288	0.1466795757
	0.1963123375	0.1822430544	0.1339000796	0.2321423663	0.2563570032
	0.2427307324	0.2180407245	0.2098745912	0.2018796984	0.2213933934
	0.2276475853	0.2592083299	0.272118666	0.2808500853	0.2683896602
	0.2542990502	0.2559728935	0.2390316459	0.2437206636	0.2707756517
	0.2668326073	0.2722399832	0.2763542111	0.2821869656	0.2839981547
	0.2655573721	0.007043602945	0.006711567005	-4.451680378e-35	2.022818716e-36
	0.03934849223	0.04234242845	0.02555170879	0.02353558899	0.07587478754
	0.08188563567	0.05752627242	0.06257825233	0.1168319963	0.1257936718
	0.1043306903	0.09625166904	0.1487842431	0.1595230281	0.1702940943
	0.13837331	6.952838745e-35	0.08994178299	3.221545481e-35	0.0972480295
	0.1691695608	0.2200157122	0.2092099054	0.158733426	0.1920977223
	0.2009327018	0.1806606585	0.2119422371	0.2551945338	0.2783980834
	0.2682533879	0.2447228447	0.283488117	0.2932416833	0.3011162366
	0.2916373991	0.231135074	0.2479286477	0.2386299939	0.2204092484
	0.291874029	0.2943387285	0.303276867	0.3003466042	0.2704441418
	0.275677367	0.255387225	0.2632746991	0.2832363286	0.2857005263
	0.2935372567	0.005893547402	0.005664275108	-1.522899054e-34	-5.913123383e-35
	0.03304419661	0.03599365128	0.0217852202	0.01982707847	0.06311622953
	0.06904177204	0.04794445987	0.05276669613	0.08032910566	0.09811748553
	0.1072096615	0.08827363691	0.1278403026	0.1362638172	0.147825742
	0.1171312259	0.1685482062	0.1752445465	0.1883014648	0.1558706268
	0.1096615041	8.08758648e-35	0.104129859	3.831950381e-35	0.1856780738
	0.2363733621	0.1785026847	0.229326403	0.2708011648	0.2937848761
	0.2868455522	0.2639811451	0.2080733244	0.1945073041	0.2132644049
	0.2265857335	0.3015222228	0.3159976726	0.3084758076	0.3091149916
	0.3109035761	0.3073690595	0.313308412	0.3173612429	0.2445604478
	0.2609404477	0.2489063361	0.2314601839	0.3000454655	0.305351937
	0.2761854105	0.2940226162	0.2805958224	0.2653270197	0.2891808393
	-1.036566946e-34	0.004812064669	0.004667182832	-2.254666289e-34	0.02714039151
	0.02993746	0.01815689787	0.01632625298	0.05109541305	0.05668194288
	0.03897800573	0.04342824644	0.08012284333	0.08880454509	0.0726423968
	0.06518120222	0.0964086465	0.1066788553	0.1131745049	0.1244844485
	0.1432437055	0.1483890546	0.1616963067	0.1306857602	0.1174587323
	8.884625416e-35	0.1143250064	4.302854682e-35	0.180535633	0.1843170962
	0.1988628797	0.1663725851	0.1914863422	0.1948622309	0.2449191861
	0.2417500138	0.2792498424	0.3030953455	0.2990752304	0.2759126138
	0.3215467723	0.314059779	0.3261249274	0.3184688258	0.2198749607
	0.2171683	0.202201896	0.2347881853	0.3180506225	0.3226357598
	0.3269241512	0.3218773118	0.3095144598	0.2976396734	0.312783024
	0.300407587	0.2862372922	0.2372393387	0.2520598619	0.2683718894
	0.2706009909	0.2542395616	0.2838555897	0.003820154353	0.003744007621
	-2.622859705e-34	-1.302893148e-34	0.01477065272	0.01309927058	0.02172321861
	0.0243208208	0.04004274413	0.04519370561	0.0307725904	0.03480916901
	0.05117881095	0.0634098897	0.07145817475	0.05803084195	0.08656109624
	0.09143479569	0.1020181839	0.07704096338	0.1352092726	0.1185385089
	0.122545166	0.1067381699	4.560740232e-35	0.1196142725	9.211319562e-35
	0.1193056434	0.1524744033	0.1554752313	0.1697006185	0.1388714599
	0.196694437	0.1960573057	0.2456520331	0.2462857186	0.1891988318
	0.1871713336	0.204456521	0.1722927891	0.2809115896	0.3067110401
	0.30545092	0.2809113174	0.3294691168	0.3216040858	0.3236029727
	0.331958246	0.3247366522	0.3301684638	0.326859874	0.3325810008
	0.238765929	0.2061143601	0.2217531557	0.2230054514	0.3168270569
	0.3035860721	0.3022978775	0.3151160635	0.2719648326	0.2877628475
	0.2397865322	0.2556118333	0.2728216166	0.2564682069	0.2887740618
	0.002923950207	0.002902774378	-2.624430738e-34	-1.386227425e-34	0.01679868887
	0.01918456228	0.01166657224	0.01016337973	0.03468994106	0.0233346716
	0.02697214043	0.02997954459	4.545509728e-35	0.1155755629	8.967866503e-35
	0.1182869888	0.03838003607	0.04809966728	0.05548374001	0.04462736412
	0.05925388158	0.06797218357	0.07141078139	0.08114940635	0.08458949322
	0.09545609471	0.09851728199	0.1102525334	0.1257823918	0.1282669975
	0.1416036843	0.11313184	0.1937734885	0.189169558	0.2387676184
	0.2430580924	0.1578366932	0.1596353322	0.1741783863	0.1438006139
	0.2760072867	0.3062260881	0.3047536408	0.2792861234	0.1906958737
	0.2072108128	0.1917884863	0.1756429478	0.3332741914	0.324409658
	0.3338276603	0.3240411444	0.3289709119	0.3348702937	0.3340857625
	0.3282048611	0.3045363501	0.3042673777	0.3177931515	0.318341157
	0.2403026535	0.2079846904	0.2242545349	0.223774766	0.2731810681
	0.2892945389	0.2405468201	0.273151126	0.2891695472	0.2569105435
	0.256808612	0.002122471174	0.002142879571	-2.26592618e-34	-1.288091995e-34
	0.01233543871	0.01451273509	0.008849102002	0.007511033129	0.02082302435
	0.0251308703	0.01660326743	0.01988098661	4.223617046e-35	0.1053655462
	8.115236481e-35	0.1110135852	0.03408158074	0.04086649918	0.03239158951
	0.02668169351	0.1828995843	0.1746015602	0.2245603875	0.2323317636
	0.04294871858	0.05094392394	0.05303544447	0.06199033948	0.0871951977
	0.07421588989	0.07636905238	0.06422749308	0.0893226101	0.1010145439
	0.1029930428	0.1153784876	0.1302889308	0.1319087134	0.117209928
	0.1455275671	0.2711596107	0.3014124381	0.2971364234	0.264594214
	0.1610643336	0.1621927705	0.1767552081	0.1469140513	0.3319155005
	0.3332212864	0.3225450368	0.3197677605	0.177604575	0.1925765715
	0.1931553102	0.2084751907	0.3290939836	0.3287560949	0.3348675838
	0.3341910039	0.3039510093	0.3043878138	0.3179679872	0.3182982628
	0.2885104817	0.2889687217	0.2728890246	0.2724089074	0.2244981244
	0.2405171347	0.2087698464	0.2403254873	0.2244454377	0.2566718591
	0.2563297162	0.00141279468	0.001459709547	-1.560617423e-34	-1.013855061e-34
	0.008292311482	0.01026593871	0.006306866702	0.005125544516	0.01245470293
	0.01640888214	0.01049625091	0.01345899188	0.01591787512	0.02114894191
	0.02743488246	0.02117853968	3.604661733e-35	0.08970251127	6.708384558e-35
	0.09786959838	0.1647334287	0.1532528235	0.2034801559	0.2144950461
	0.02788774783	0.03529030621	0.03605673408	0.04435929939	0.2565315726
	0.246675134	0.2836335898	0.2908466494	0.06591044362	0.04539705591
	0.0546537757	0.05585712722	0.09101746905	0.06722148522	0.07809278307
	0.07946182787	0.09236781059	0.1187035636	0.1046044334	0.1059122003
	0.1480354892	0.1198886668	0.134276096	0.1332209064	0.3262059231
	0.3105872871	0.3293985527	0.3159066466	0.1630683537	0.1637410114
	0.1488949873	0.1782480325	0.3265641555	0.3278524073	0.3328243633
	0.3307457204	0.208895209	0.1935222498	0.1937452345	0.1786841573
	0.3161440294	0.3022768769	0.3171665023	0.3032209055	0.28683587
	0.2877056611	0.2708899232	0.2717189778	0.2241014694	0.2557350308
	0.2399628831	0.2550863037	0.2243452954	0.2394734183	0.2088639248
	0.0007926661821	0.0008467706287	-5.267179468e-35	-5.718186563e-35	0.004634523517
	0.006401232533	0.004024817672	0.002989405376	0.004761182773	0.008400823621
	0.004936840219	0.007624815835	0.005917060114	0.009075002255	0.01496336508
	0.01081439895	2.756272267e-35	0.07008543099	4.919438831e-35	0.07998370868
	0.02074581022	0.02016750243	0.02796511334	0.01379452791	0.1404498913
	0.1265834811	0.1763040362	0.1901751329	0.2354284786	0.2223832831
	0.2639719934	0.274270813	0.03646432325	0.03664765559	0.02776931889
	0.04609289929	0.3164292388	0.3042030792	0.3216685911	0.2961183383
	0.0682385825	0.05735133042	0.04649529154	0.05671897045	0.06896201041
	0.0813445427	0.09346062829	0.08051804382	0.09426690723	0.1069346464
	0.1077309301	0.1208445411	0.1350782234	0.121533482	0.1356735517
	0.1495583769	0.3244861251	0.3225336666	0.3247239183	0.3280435728
	0.1644846648	0.17896067	0.1641984668	0.1499891653	0.3131350189
	0.2997942598	0.3011198162	0.3147458003	0.2086982702	0.1937846593
	0.1790467318	0.1936953635	0.2688174556	0.2699131877	0.2856898355
	0.2845104873	0.2542257967	0.2388505159	0.2231728467	0.2381052965
	0.2236798686	0.253321766	0.2083823561	0.000260656969	0.0002954219679
	8.150526917e-35	2.752188557e-36	1.805385836e-35	0.04874160479	3.024584858e-35
	0.0592494612	0.0013421565	0.0028815415	0.001989220295	0.001084052998
	-0.002342688562	0.0009974619897	-0.0001347343012	0.002312420834	-0.002347992394
	0.003227393476	0.001138775609	-0.003466326651	0.007034558413	0.005062789062
	0.01249559031	0.0004014681953	0.1118089971	0.09668029247	0.1443643352
	0.1604349449	0.01931192297	0.01840053915	0.02739850012	0.01101075774
	0.2514556931	0.2081190251	0.1922325045	0.2379936899	0.3020222268
	0.2869623795	0.3096192152	0.2758398225	0.03655045958	0.04670816606
	0.03633247535	0.02680113262	0.3150414582	0.3165492985	0.3197244328
	0.3203273995	0.06949046335	0.04667526556	0.05790804389	0.05770960242
	0.08227664344	0.06976239281	0.09487436151	0.08190377432	0.108622943
	0.09522603819	0.1220311777	0.1082736053	0.1222898027	0.1360401907
	0.1502498844	0.1362271848	0.2966789992	0.3090438762	0.2983060206
	0.3112251951	0.1503001859	0.1789888507	0.1645076479	0.1645728924
	0.2676183639	0.2831144301	0.2817044732	0.2663152238	0.1787530414
	0.1934330123	0.1930470922	0.2079403723	0.2372413769	0.2362555904
	0.2522305482	0.2510982185	0.2217345601	0.2224981044	0.2073508247
	-0.0001838858796	-0.0002094954183	2.448732695e-34	7.729905067e-35	-0.001588759417
	-0.0003268026056	0.000185064233	-0.0006269328927	9.130091981e-36	0.0283277658
	1.336161493e-35	0.03815158628	0.08119194677	0.06622001402	0.109730697
	0.1269739343	-0.008904743064	-0.005881719149	-0.004762224559	-0.002520818936
	-0.01328819432	-0.007968096748	-0.007973015931	-0.01233308636	-0.006098566509
	-0.009537226221	-0.002347224419	-0.0125294579	0.00287244825	0.000793321111
	-0.005197042281	0.009490665651	0.2224148304	0.1753921895	0.1574059601
	0.2059337415	0.01725452122	0.01609260292	0.02610250289	0.007808669747
	0.2492564372	0.2821524471	0.2925505864	0.2636254994	0.3016400853
	0.3081415497	0.309110295	0.3125722283	0.03587461961	0.03532919691
	0.02520858121	0.04650871071	0.2949068325	0.2930081203	0.3037485677
	0.3066128834	0.05768749867	0.06987770475	0.04612552054	0.05786498095
	0.09541007031	0.06976499624	0.08238759722	0.08241206632	0.1223851213
	0.09536984401	0.1087489753	0.1087113035	0.1360458906	0.1362126701
	0.1502021656	0.1222733979	0.2801397383	0.2649550083	0.2635135059
	0.278575029	0.1783855856	0.1499206833	0.163885943	0.1642641234
	0.2339632423	0.2484859305	0.2351662873	0.2498059781	0.2057904937
	0.1918369711	0.1924999802	0.2198045605	0.2208137064	0.1778581623
	0.2066400213	-0.0005483381943	-0.000709277164	4.384132769e-34	1.657066172e-34
	-0.004179672592	-0.00327286365	-0.001418727666	-0.002238598982	-0.01494898069
	-0.01228247262	-0.008984415399	-0.006907424992	2.227232273e-36	0.01136303627
	9.782296522e-37	0.01932658539	0.05148481693	0.03820938479	0.07519829713
	0.09221471067	0.1688014645	0.1877313349	0.1388477448	0.1199851506
	-0.02385650076	-0.01877165159	-0.01660123138	-0.02073063363	-0.01887032509
	-0.02387472106	-0.01683589927	-0.0251997925	-0.02115772853	-0.01315352801
	-0.01647970057	-0.007951458592	-0.001484925754	-0.003673812453	0.006113658833
	-0.01080282017	0.2162439108	0.2337973931	0.2558972184	0.269567011
	0.01472313302	0.01333999127	0.02425060255	0.004273248084	0.2963473703
	0.2830967135	0.2933942682	0.3025648141	0.2909182607	0.3006270259
	0.2886733423	0.2967436477	0.03457683936	0.03375054894	0.04564338973
	0.02311845594	0.2752546728	0.2605817221	0.2620714135	0.2769200253
	0.05681130101	0.06952826759	0.04496911257	0.05730557345	0.08181344874
	0.09519487777	0.0690952695	0.08216577121	0.09483266662	0.1220286316
	0.1084888882	0.1081343351	0.1495142095	0.121613121	0.1352496689
	0.1357099924	0.2313122029	0.2456136063	0.2326843305	0.2470456035
	0.1772129902	0.1633535618	0.1627064658	0.1489548498	0.1764302731
	0.1901174756	0.2037444635	0.2186555284	0.2048289605	0.2174284553
	0.1910297259	-0.0009269546509	-0.001321539393	6.708490995e-34	2.690774653e-34
	-0.00661354746	-0.006048974383	-0.00294474952	-0.003960262318	-0.02051171004
	-0.01822457639	-0.01287625519	-0.01093870444	-1.927942828e-36	-0.0004513505762
	-5.986028492e-36	0.004917700046	-0.0286812151	-0.03408056391	-0.02927673655
	-0.02477764574	0.05914020725	0.02569483371	0.0154424857	0.04394596955
	0.1287341171	0.1489377228	0.1010493265	0.08293397277	0.1976973607
	0.1775672225	0.222675566	0.2398717041	-0.03143680269	-0.03814875757
	-0.03121103683	-0.03777590677	-0.02903955684	-0.03372495644	-0.03715853201
	-0.02523200693	-0.0293470063	-0.01998054659	-0.02328529357	-0.01355586845
	-0.008338664879	-0.006037165317	0.002455934283	-0.01641732285	0.2796335991
	0.2580063718	0.2884579084	0.271814106	0.0004983682132	0.01179468863
	0.01024137284	0.02196050491	0.2869091279	0.2924886111	0.2860581043
	0.28316851	0.2577043514	0.2591498327	0.2717323468	0.273546908
	0.03276727018	0.03172753385	0.02064604536	0.04422982243	0.244116929
	0.2426916527	0.2284559761	0.2299126829	0.05542281906	0.06857163791
	0.04332845774	0.0561607005	0.08070107971	0.09436798187	0.06789004166
	0.08130784717	0.09375583411	0.1076335732	0.1210927703	0.1070297299
	0.1482923711	0.1339556203	0.1204378749	0.1346523331	0.216088313
	0.2146972152	0.2012836498	0.2025647804	0.147507272	0.1755444608
	0.1610593591	0.1619308738	0.1745448218	0.1890819506	0.1879542325
	-0.00180717133	-0.002285212711	9.71551719e-34	3.952664024e-34	-3.516078311e-36
	-0.006715456316	-8.208775529e-36	-0.00403067146	-0.009505308422	-0.008846201434
	-0.004891504576	-0.006254244199	-0.02567767736	-0.02378175039	-0.01676913661
	-0.01488168842	-0.04390956709	-0.03952276593	-0.03246965133	-0.03630504781
	0.03080909914	0.006291760178	-0.0002157237631	0.01886619033	-0.04387452822
	-0.05253957273	-0.0456555227	-0.05037492156	0.04966034991	0.08904490353
	0.1087531422	0.06531537621	0.156735642	0.1354050706	0.1829389559
	0.2033267502	0.2252875458	0.2560919689	0.2685022763	0.2429956826
	-0.04504862464	-0.05127661104	-0.04262863634	-0.05343838758	-0.04812312853
	-0.03856407803	-0.04308855289	-0.03320118926	-0.02671569812	-0.03000247015
	-0.0191447299	-0.03715719954	-0.001398798656	-0.01073993956	-0.02199370366
	-0.01308009346	0.2752635883	0.2794918055	0.2806880198	0.2723525567
	0.008592090982	0.01933628412	-0.003419275997	0.006946394773	0.2675704525
	0.2549493531	0.2563349243	0.2698573025	0.2412694778	0.2399907313
	0.2256370197	0.2270484344	0.01790276874	0.03058255504	0.04239034118
	0.02939921425	0.2132313189	0.2117706108	0.1985146042	0.199935718
	0.06714552482	0.05365665498	0.04132990868	0.05457157702	0.07918124901
	0.09306712238	0.06628341164	0.07997893517	0.1063132998	0.092268103
	0.1055181759	0.1197010708	0.1322686186	0.1188621621	0.1331512365
	0.1466378079	0.1854235312	0.159030009	0.1867267831	0.1600845797
	0.17345723	0.1722786524	0.1456730341	-0.004704393443	-0.003908166862
	1.427193453e-33	5.722368492e-34	-3.340780856e-36	-0.008317692383	-7.307167623e-36
	-0.00780818242	-0.01409803598	-0.0122964797	-0.008708046892	-0.01061005057
	-0.005521973301	0.001793137681	0.009635043789	-0.008398755566	-0.03073217354
	-0.02932526395	-0.02202036902	-0.01920785358	-0.05339396562	-0.049486904
	-0.03963240807	-0.04405406596	-0.05622154382	-0.06726062684	-0.06023718468
	-0.06298887984	0.02318957494	0.05366181124	0.07086601441	0.03503337947
	-0.06145248674	-0.06948331362	-0.07012106646	-0.06038221694	0.1139318453
	0.09348820753	0.1389076219	0.1611910936	0.2063014071	0.185071899
	0.2241211738	0.2408661333	0.2506309388	0.2627399807	0.2695109155
	0.2629591255	-0.05759039111	-0.06344049709	-0.06741567792	-0.05313384208
	-0.04764111807	-0.05195820412	-0.04084723393	-0.0582720111	-0.03646868226
	-0.03330121447	-0.0246863066	-0.04464802019	-0.005357221659	-0.02746740016
	-0.01544514198	-0.01774397656	0.2519400718	0.2614536797	0.2535129205
	0.2650542601	0.005251666944	0.003572281196	0.01649338487	-0.007376008447
	0.2377023069	0.2387728005	0.2231766155	0.2243775021	0.2102883963
	0.1970755267	0.1956035515	0.2089113643	0.02814696298	0.026873819
	0.01500259066	0.04025186133	0.1710289282	0.1840466103	0.1826219258
	0.1697098398	0.05162365285	0.03909123194	0.0653777557	0.05266174371
	0.0782995372	0.09141174185	0.07736318619	0.06439040278	0.09047672452
	0.1179597636	0.1046392758	0.103701557	0.1302795522	0.1169828386
	0.1446398905	0.1435347902	0.156694402	0.1313044625	0.1578954965
	-0.01279786243	-0.006662858145	2.276029229e-33	8.805292289e-34	-0.007738381202
	-2.312146555e-36	-0.006888682022	-4.940213425e-36	-0.02230824183	-0.01882693257
	-0.0173040843	-0.0228631521	-0.01020932896	-0.007033539095	-0.003298112925
	-0.01029272786	-0.03691401406	-0.03596099762	-0.03278257864	-0.02467130595
	0.01272963456	0.005298620901	0.02598423475	0.03906496769	-0.05299625656
	-0.06316261002	-0.05913897454	-0.04662721269	-0.07543439205	-0.06858104642
	-0.08251692763	-0.07489662912	-0.07847499496	-0.0885707441	-0.0787111314
	-0.08720987064	0.07367025956	0.05637726269	0.09483635405	0.1166921583
	-0.07738961471	-0.08464738861	-0.0737035263	-0.087528009	0.1396668152
	0.1835686234	0.2045578512	0.1628306764	0.2426162083	0.2196373758
	0.253464847	0.2368177576	0.2498626572	0.2508033991	0.2472907014
	0.2572166302	-0.08014589463	-0.06298865978	-0.06915463459	-0.07452396675
	-0.0561856489	-0.06020433696	-0.06779798033	-0.04818171482	-0.03959119326
	-0.05176438528	-0.03007872592	-0.0425788975	-0.02003567543	-0.009303456477
	-0.02225252298	-0.03272352133	0.2366756433	0.2355454546	0.2213412187
	0.2222150693	0.001871194905	0.0001969706475	-0.01126641553	0.01354407715
	0.2075827285	0.2064986879	0.1928222061	0.1941988239	0.1683424376
	0.1811554232	0.1669290163	0.1796998592	0.02555986979	0.01204302016
	0.03792371061	0.02423932245	0.1423750247	0.1554339164	0.1411622219
	0.1541193326	0.05053355896	0.06337288272	0.04941623764	0.03670756005
	0.06230338026	0.07636931995	0.08949959912	0.07533753917	0.1016658185
	0.08847000449	0.1159580207	0.1027047512	0.1280650058	0.1291957063
	0.1148815535	-0.02796416025	-0.01305842023	3.989147093e-33	1.505719482e-33
	-0.005508200331	-1.080745301e-36	-0.004080028952	-2.265807229e-36	-0.03790662915
	-0.0362935429	-0.03553676277	-0.06338382252	-0.009603478444	-0.008063541092
	-0.008982552596	-0.008542959075	-0.04880446045	-0.04664323361	-0.05872650812
	-0.03375603105	-0.003943613602	0.007762751962	0.01601285652	-0.0006453779854
	-0.07513174441	-0.06905329342	-0.05516817807	-0.0654572359	0.04043403345
	0.02789109574	0.05611921395	0.07479807463	-0.08791998894	-0.08119463837
	-0.09826648242	-0.08961835548	-0.09614377479	-0.1084354787	-0.1047767639
	-0.09780826022	-0.09819253908	-0.1069275665	-0.09527649457	-0.1087605366
	0.0939496788	0.1162369594	0.1369198366	0.1606296703	-0.0916037535
	-0.09805666688	-0.1031775878	-0.08594888341	0.2284231747	0.1790209003
	0.2122887482	0.200795749	0.2320728372	0.2432613287	0.2380776322
	0.243127637	0.2342405351	0.2199013876	0.2320448273	0.2206377468
	-0.07972512676	-0.0846169281	-0.0918116136	-0.07220057269	-0.07660530572
	-0.0550804704	-0.06412019198	-0.06782442793	-0.05837594851	-0.04550408988
	-0.04829067142	-0.03520558066	-0.02443993668	-0.02654928658	-0.03767043877
	-0.01314399604	0.1916471417	0.2055301785	0.1905816578	0.2048970093
	-0.001474138761	0.01057466966	-0.01501800567	-0.003112038234	0.1782490356
	0.1769286715	0.1640779697	0.165509209	0.1399067323	0.1513757009
	0.1527638997	0.1386129513	0.02290290241	0.02156975161	0.03549098523
	0.009095815888	0.1126259716	0.1137705519	0.1268937275	0.125685302
	0.04827061278	0.04711028029	0.06121446271	0.03425304461	0.08632249797
	0.07427049795	0.06009749265	0.09948375634	0.07317992055	0.08741177443
	0.1005886769	-0.01707492244	-0.03277110351	8.182154599e-33	2.46058824e-33
	-0.08400945899	-0.08781322478	-0.07070940832	-0.1821848784	-1.52401506e-37
	-0.002608289501	-2.529301556e-38	-0.001270030315	-0.006084263929	-0.004050969239
	-0.006493772711	-0.008037734615	-0.08205069059	-0.07045197588	-0.1187379992
	-0.05585787779	-0.006096757245	-0.001346817681	0.002424299545	-0.005934478377
	-0.0935733575	-0.08216708974	-0.07020883516	-0.08913341618	0.01707685386
	0.009649171823	0.02716482698	0.04066079571	-0.1032325598	-0.09507816637
	-0.1145019805	-0.1047725207	0.07249891093	0.05423254529	0.08977793787
	0.1131104	-0.1142936198	-0.1287763143	-0.1177442203	-0.1230842405
	-0.1200431594	-0.1304400174	-0.1181442727	-0.1311213577	-0.1276334395
	-0.1153015441	-0.122948439	-0.1101287242	0.1927072077	0.1315608497
	0.1713293661	0.1559407745	-0.104293703	-0.1100962953	-0.1170731331
	-0.09710442832	0.220182046	0.2300920985	0.2022626778	0.2191643028
	0.2291165142	0.2188265951	0.2172596324	0.2238583828	0.2039263806
	0.2043590954	0.1893023038	0.1898617392	-0.1023310233	-0.08064649034
	-0.08934814964	-0.09378781381	-0.08459909433	-0.07140347862	-0.06143851991
	-0.07478036562	-0.05098890998	-0.05355663938	-0.03999585535	-0.06442108426
	-0.0305857614	-0.02860512553	-0.01681765912	-0.04226402608	0.1747613958
	0.1756843466	0.1614320338	0.1627291412	-0.004724667244	0.007648593049
	-0.01858400251	-0.006300993052	0.1372914589	0.1485872959	0.1499692266
	0.1359465017	0.1114570693	0.1244496051	0.1231835323	0.1102670734
	0.02024119776	0.01892361926	0.03302032892	0.006214966961	0.09835739886
	0.08409752556	0.09721432294	0.08521704297	0.03178712621	0.04594085588
	0.05897129213	0.04476783037	0.07207245302	0.05783604578	0.07095469053
	-0.1552817526	2.954863707e-33	-0.0003851071028	-1.769684605e-34	-0.2249013308
	-0.1081698083	-0.1335289144	-0.1295204304	-0.0020217924	-0.004434941951
	-0.002923365315	-0.00542779048	-0.1091250707	-0.1068437531	0.003895768321
	0.01734953084	-0.1145680908	-0.1221783405	0.06871205373	0.03775018343
	-0.1329102131	-0.138440852	0.1476118038	0.1069236378	-0.1426959669
	-0.1423377334	-0.1358542206	-0.140439113	-0.123292439	-0.1302892388
	0.2063832605	0.1833618118	-0.1071074379	-0.1156488776	0.2170291207
	0.2141284444	0.2032938049	0.1890431122	0.173989777	0.1603815211
	-0.0980215201	-0.08825455512	-0.077998519	-0.06721120889	-0.05601250121
	-0.04441495062	-0.0324943219	-0.02028473668	0.1472297569	0.1346109043
	-0.007835736098	0.004813194476	0.1090591386	0.1219000769	0.08297229051
	0.0960614179	0.01762599086	0.03056537884	0.06983465976	0.04360081319
	0.05670184553	0.1078372767	0.0948974159	-0.475507539	0.0818449618
	-0.00240566434	0.06871595052	-0.003876795026	0.05557344274	0.0424409786
	0.02935874573	-0.1310452542	-0.003440899779	0.01634658387	-0.1346324735
	-0.1427839376	0.0008118927289	0.00344181058	-0.009331588518	-0.02193247816
	-0.1551159385	0.00947808943	-0.03433143177	0.02543525397	-0.04648265292
	-0.05834970717	-0.1370547129	-0.1293348067	-0.06988176498	0.04946138001
	-0.08103435566	0.08369363078	-0.09175440985	-0.1019930847	-0.1117054722
	0.1230084608	-0.1208300495	0.1610705142	-0.1439275034	0.1902606202
	-0.1494671957	0.2063186822	-0.1535077428	-0.1541238599	0.2096239467
	-0.1497311886	0.2017813585	-0.1298099987	0.1887938462	0.1736832528
	-0.1521023365	-0.1739547836	-0.2691701402	0.159480207	-0.2410655654
	0.1460381169	0.1332817789	-0.0006067505307	0.1206026636	-7.090127483e-34
	-1.759499797e-33	-0.4996976698	-6.804046588e-34	-0.0006734711828	-3.545020422e-34
	-0.2882037918	-0.3672644918	-0.1705083297	-0.2106116854	-0.002237977445
	-0.00269899973	0.004732546264	-0.001055563797	-0.1488533111	-0.1525532995
	0.03423596763	0.01518868706	-0.1601050488	-0.1544771427	0.06170640371
	0.09847233834	-0.1658915474	-0.167391917	0.1702920117	0.1373797826
	-0.1668824315	-0.1631866618	-0.151137186	-0.1579886824	-0.1434295049
	-0.1348484692	0.1933821577	0.2018481519	-0.1257005525	-0.1159487779
	0.1881833463	0.1993141699	0.1734798624	0.159009892	0.144950789
	0.13206473	-0.1057225362	-0.09501105586	-0.07239142364	-0.08389156718
	-0.06056225259	-0.04844907857	-0.03608590075	-0.0235199354	0.1066070975
	0.119305083	-0.01077553849	0.002104147458	0.0937293138	0.08071793958
	0.05445576416	0.06760527277	0.02817064035	0.01509803812	0.04129870988
	0.06650347629	-0.001696240282	0.05335465293	0.04017393977	-0.001270526374
	-0.3205568885	0.02700918822	-0.2331407865	0.01387512176	0.00145863041
	0.0008079773773	-0.01217763148	0.00867413556	-0.173168289	-0.1775383908
	-0.02504305942	-0.03777155664	0.02141847559	-0.05031888755	-0.06266619466
	0.04372150016	-0.07476196223	-0.08658548303	0.07473252706	-0.09807721973
	-0.1493489878	-0.1092190497	0.1124136954	-0.11994721	-0.130251238
	0.1483593979	-0.1400666517	0.1760180466	-0.1580014663	-0.1657865409
	0.1917783125	-0.1724736634	-0.1774665472	0.1941240436	-0.1803144756
	-0.1804429619	0.1869591347	0.1734256805	-0.1693211919	-0.1729199082
	0.1587416809	-0.1918459501	0.1442684346	-0.4144900512	0.1309264074
	-0.5272751138	0.118060644	-0.0006128007426	0.1053722832	0.09255237847
	0.07959475395	-6.110658767e-34	-7.093188729e-34	-0.5511484576	-3.281280897e-34
	-3.538477784e-34	-0.000481987169	-0.4587551159	-0.3461788209	-0.2106828305
	-0.2573597747	-0.001051996413	0.0001955465064	0.01282727737	0.003889715475
	-0.1919520743	-0.1875375304	0.02807361701	0.05405243266	-0.1927899993
	-0.1905125561	0.08750813805	0.1241658014	-0.1938867384	-0.1916155787
	0.1565176985	0.177352807	-0.1872454333	-0.1807589781	-0.1642519927
	-0.1730022124	-0.1548295986	-0.1448734358	0.186962357	0.1837604344
	-0.1344648608	-0.1236532651	0.1587918006	0.1730287041	0.130105249
	0.1437663744	0.1168661232	0.1041733492	-0.100938214	-0.1124628058
	-0.07699391684	-0.08909691767	-0.06464274804	-0.05209833103	-0.02650876174
	-0.03937076147	0.07847342353	0.0913757922	-0.0004513449713	-0.01352220393
	0.06541460074	0.05227105561	0.03907487266	0.01269055604	0.02587363293
	-0.0003544785582	0.02477300767	0.001575659949	0.0115390731	-0.001662072625
	-0.3638352676	-0.01482163281	0.006333092016	-0.02790476574	0.01728248906
	-0.2108105738	-0.04090296366	-0.05377692473	-0.06651873393	0.03579472182
	-0.07908199008	0.06474021331	-0.2021810409	-0.09146071119	-0.1035991796
	-0.1154976298	0.09930622013	-0.1796570564	-0.127090946	0.1336535759
	-0.1383945264	-0.149333711	-0.1599258297	0.1604191964	-0.1700627365
	0.1753977232	-0.1884762396	-0.1961471248	0.1788357761	0.1714227318
	-0.2060793081	-0.2071976393	-0.2066765028	0.1587878827	-0.2053038555
	0.1437944782	-0.2294220693	-0.2781845586	0.1294761998	0.1159083573
	-0.4952331266	-0.5472247721	0.1030057118	0.09021178813	0.03800146521
	-0.0002684142346	0.0773581082	0.06433600627	0.05121006494	-6.678216249e-34
	-7.066263838e-34	-0.5333987816	-3.049997541e-34	-3.519143966e-34	-0.0001437613298
	-0.5285654014	-0.3903050147	-0.2475603505	-0.29570108	0.0002389322639
	0.002878629211	0.02243647869	0.008885260223	-0.2274413291	-0.2215849742
	0.04391852321	0.07527028441	-0.2200393583	-0.2212425548	0.1096491405
	0.1397001392	-0.2116079545	-0.2171108124	0.1700059931	0.1613747279
	-0.195468037	-0.2042356969	-0.1753935226	-0.1857236477	-0.1534505732
	-0.1645801009	0.158088084	0.1684671961	-0.1302783816	-0.1419914936
	0.1438587051	0.1293429667	0.1150972577	0.1020148823	0.08907099976
	0.076257563	-0.118287913	-0.1060827336	-0.08104813793	-0.09364933889
	-0.06827166758	-0.05537327768	-0.02924487935	-0.04234963812	0.05016814317
	0.06327112916	-0.002832191147	-0.01606117254	0.02370436176	0.0369580554
	0.01043079052	0.004222162639	-0.003949188517	-0.5144578506	-0.01725222101
	-0.03051378164	0.01189542067	-0.04373101448	-0.3141975601	0.02811446989
	-0.05687054611	-0.06993143297	-0.0828751087	0.0527307121	-0.2347107444
	-0.23173689	-0.09570432759	0.08506404135	-0.108372612	-0.1208904526
	-0.1332017406	0.1172236162	-0.1453332583	-0.19132068	0.1429358473
	-0.1572165923	-0.168894476	-0.1802652909	0.1586065075	0.1620981804
	-0.2018498475	-0.2116254711	-0.2201974601	0.1564505578	-0.2271261874
	0.1438314067	-0.2365315566	0.1294015924	-0.2440170017	0.1147907304
	-0.2646495669	-0.4083743583	0.1011505938	-0.540947842	0.08804621983
	0.07517687041	5.607427421e-05	0.00936222788	0.06222082801	0.04915069068
	0.03594388668	0.02267599195	0.0007611899456	-4.669049619e-34	-7.019133061e-34
	-0.4982886493	-2.413044195e-34	-3.493372838e-34	0.0001239194249	-0.430793462
	-0.555448156	-0.3304656176	-0.2806086747	0.001262392305	0.005781599016
	0.03447620874	0.01524519285	-0.2502741939	-0.2585830386	0.06128785861
	0.09322406102	-0.2466782691	-0.2422335971	0.1225953569	0.1427427179
	-0.2360665318	-0.2279223013	0.152051505	0.1533713232	-0.2076549991
	-0.2182533998	-0.1963587622	-0.1847320338	-0.1606846675	-0.1727904112
	0.1295712221	0.1431246057	-0.1483647393	-0.1359074723	0.1007050085
	0.1146646798	0.08711803866	0.07418710294	0.0611929871	0.04815481319
	-0.1232675714	-0.1105078703	-0.08459435932	-0.09759819257	-0.05829264487
	-0.07147690857	-0.04503069426	-0.03172774593	0.02168243281	0.03496087715
	-0.01838288549	0.008339727676	-0.005021991661	-0.04626695463	0.01936416706
	-0.4760151048	-0.05962088353	-0.07293700879	0.04103325372	-0.08618474278
	-0.09937256261	0.06925554245	-0.1124648273	-0.1254779311	0.099591593
	-0.138368736	-0.2575980702	-0.1511688034	0.1245935072	-0.1638234044
	-0.2348400864	-0.1763831225	-0.2242922774	0.1400021259	-0.1887614017
	-0.2009869899	0.145504767	-0.2128749139	0.1404174606	-0.2441450665
	0.1294348368	-0.2516048181	0.1149647347	-0.2626258977	-0.2727352831
	0.1004899703	-0.295890401	-0.3480961301	0.08654654859	-0.4450042285
	-0.5584328136	0.07327791604	0.06022962576	0.0002847184457	-0.03287080471
	0.04718976553	-0.01946171183	0.03400911283	0.02073262602	0.00736166439
	0.001814223679	-0.006038194011	0.007585175147	-4.133112701e-34	-6.962294936e-34
	-0.459214899	-2.03015732e-34	-3.462611952e-34	0.0003776768205	-0.5623016436
	-0.4628109171	-0.3099894296	-0.3630307966	0.009844459701	0.002476416127
	0.02367054314	0.04759428015	-0.2738627258	-0.2850660268	0.1033922914
	0.07613975059	-0.259975614	-0.267197684	0.124342041	0.1345635312
	-0.2512691385	-0.2410455598	0.1277996292	0.1358434561	-0.2176030048
	-0.2296375264	-0.192435994	-0.2051009193	-0.1667014216	-0.1795941372
	0.1007062634	0.1150683094	-0.1536939337	-0.1406415022	0.07265659494
	0.08616649745	0.04628337016	0.05933486398	0.01981975694	0.03309381006
	-0.1274875488	-0.1142882591	-0.1010034448	-0.08768093908	-0.07429376756
	-0.0608805314	-0.04742619814	-0.03395916314	-0.00700711067	0.006432316976
	-0.0204795611	0.02854226281	-0.08906106158	0.05363444124	-0.1025296771
	-0.1159532084	-0.4734363467	-0.1293522732	0.08109846265	-0.1426967688
	0.1050062718	-0.2969119012	-0.1560205233	-0.1692838148	-0.2758525328
	-0.1825380986	0.1211810205	-0.1957135755	0.1271671419	-0.2088540745
	-0.221797191	-0.2344718541	0.1247173674	-0.2465186169	0.1143569287
	-0.2576471213	-0.2673401607	0.1009703884	-0.2838949533	0.08631259794
	-0.323465519	-0.3790617829	0.07223059612	0.05867115534	-0.5588229107
	-0.43927064	0.04544481604	0.03223522432	-0.07557309303	0.0005661861002
	0.01895792794	0.005552268344	-0.007914283078	-0.02144123794	0.003355319888
	-0.03497578765	0.0123196687	-0.04852302302	-0.06205215699	-3.572324715e-34
	-6.892860059e-34	-0.4241147919	-1.779403684e-34	-3.423049147e-34	0.0007634000291
	-0.4865151923	-0.5564480231	-0.3358576303	-0.3924651282	0.004330571908
	0.01519475497	0.05873156838	0.03316934974	-0.3071342876	-0.292849812
	0.08444728897	0.1039968911	-0.2738361725	-0.2833587208	0.1179605698
	0.1161145399	-0.2631814652	-0.2513765365	0.1124227675	0.1006752164
	-0.238679919	-0.225558021	-0.2121423398	-0.1986780274	-0.1716399677
	-0.1851419789	0.07225903801	0.08651861183	-0.1581026019	-0.1445912384
	0.04479509901	0.05816812749	0.03144260071	0.01815349637	0.004728923032
	-0.008768872429	-0.1175047794	-0.1310426304	-0.09035939359	-0.1039305929
	-0.06315959775	-0.07675903284	-0.04954466036	-0.03593512778	-0.02233743171
	0.06260225949	-0.1189178291	-0.4064988284	-0.1326096709	-0.1462968498
	0.08527652581	-0.1600151225	0.1010307307	-0.1737376723	-0.187514871
	-0.3170056049	-0.2012910728	0.1089552515	-0.2900517829	-0.2151148358
	0.1074324749	-0.2288413612	-0.2424398155	-0.2555804696	0.09959764057
	-0.2680638571	0.08661393888	-0.2794611994	-0.3008762571	0.07247570133
	0.05810940648	-0.3476184221	-0.4065082513	-0.4935093047	0.04430478843
	-0.549567924	0.03080869929	0.01742742569	0.001028631022	-0.1052405697
	0.003973280473	-0.009549559163	-0.07787265564	-0.06418058821	-0.02316854533
	-0.03681572868	0.005606019651	-0.05050029738	0.01807349876	-0.09155266216
	0.03770891498	-3.214264671e-34	-6.800063089e-34	-0.3925007126	-1.583087263e-34
	-3.369832277e-34	0.001343684299	-0.5024186081	-0.5436473337	-0.3585074959
	-0.4180853527	0.00686391034	0.02107105126	0.06480839203	0.04154009285
	-0.3078742941	-0.3254005352	0.08442680841	0.09591063998	-0.2843248833
	-0.2957434788	0.09586371573	0.100328075	-0.2592446889	-0.2722008132
	0.07264220155	0.08605017056	-0.2456366707	-0.2317398792	-0.2036285235
	-0.2176708421	-0.1756405614	-0.1895880092	0.04417190449	0.05820487092
	-0.1617154213	-0.1478662015	0.03030826865	0.01683388229	0.003297702265
	-0.01026121525	-0.02392037549	-0.0376292007	-0.1340256951	-0.120233895
	-0.09267116322	-0.1064388102	-0.06513445638	-0.07889580168	-0.05137337931
	-0.1632709399	0.08129552204	-0.1773182299	-0.191462022	0.08929453125
	-0.5060771585	-0.2056561543	-0.4299237619	-0.2199498879	0.09038502279
	-0.2342111177	-0.2484358829	0.08350678949	-0.2623232513	-0.2757661214
	0.07250172487	-0.2884485029	-0.3007815689	0.05847786622	-0.3142500468
	-0.3337265761	0.04425564807	-0.368740586	0.03012772276	-0.5343133797
	0.01638221196	-0.3766156885	0.002746876806	0.001692524342	-0.149270586
	-0.01087298074	-0.1353348733	-0.02458823258	-0.03834510307	-0.05216664009
	0.008438176319	-0.06599156399	-0.079841979	0.02379225122	-0.0936863662
	-0.1075526879	0.04445387388	-0.1214249373	0.06545902811	-2.897356227e-34
	-6.674389337e-34	-0.3631238018	-1.423305058e-34	-3.299430291e-34	0.002107385827
	-0.5259118519	-0.5112572863	-0.4395248594	-0.3783466387	0.009857227135
	0.02619036732	0.06421831351	0.04633632233	-0.3406820219	-0.3196832046
	0.07670073779	0.0811049077	-0.2919169064	-0.3049540446	0.07936978226
	0.07063964457	-0.2786816041	-0.2649322635	0.04445934838	0.05848123165
	-0.2363409042	-0.2507327411	-0.2074393067	-0.2218555914	-0.1788245367
	-0.1930690172	0.01616248251	0.03010880567	-0.164637484	-0.1505539336
	0.002314469826	-0.01138332987	-0.02515479383	-0.03897757364	-0.06676602175
	-0.05285635059	-0.136505659	-0.1225241403	-0.09462034475	-0.1085551282
	-0.08068510331	0.0704170347	-0.2089419414	0.07185477546	-0.2235106382
	-0.2380807405	-0.2526686761	0.0676568089	-0.2670134529	0.05731976244
	-0.2811012018	-0.3479650121	-0.2947854452	-0.3086812292	0.04463865437
	-0.3248298227	0.03029250847	-0.3872691384	-0.4490732951	0.01614041858
	-0.5116798453	0.002077072336	-0.5143615873	-0.3479144046	-0.01175836158
	-0.02561778198	-0.1944969439	0.002519840355	-0.03948685847	-0.05344719277
	-0.1516823251	-0.06741793957	-0.08143148654	0.01146112291	-0.09543461368
	0.0280128089	-0.1094632894	-0.123495556	-0.1375717349	0.04670532894
	0.06154582576	-0.1658715339	-0.1801263063	-2.612078552e-34	-6.510610296e-34
	-0.3341754266	-1.275968406e-34	-3.210586231e-34	0.002968072144	-0.5036609898
	-0.5133040271	-0.3958062732	-0.456555729	0.01275819175	0.02904843413
	0.05714853012	0.0459605261	-0.3291793779	-0.3539411328	0.06152424837
	0.06295949255	-0.3116861416	-0.2971244966	0.05516355963	0.04377309358
	-0.2829811447	-0.268702618	0.01620199973	0.03042702304	-0.2541666031
	-0.2395193089	-0.2102203371	-0.2248280765	-0.1956767703	-0.1812648084
	0.001963453888	-0.01203341532	-0.1526868636	-0.1669225369	-0.03992455762
	-0.02597771166	-0.05391860909	-0.06797604425	-0.08204872437	-0.09614702129
	-0.1243611856	-0.1384922713	-0.1102400796	0.05047441695	-0.240592527
	-0.2553305985	-0.269925623	0.04236575517	-0.2844612364	0.02991404423
	-0.4636523291	-0.2990513339	-0.3145506262	-0.3336216611	0.016371124
	-0.360724493	0.001939070346	-0.4035950093	-0.5103722161	-0.01216365787
	-0.489608147	-0.02627641378	-0.3187659213	-0.0402453369	0.003366447537
	-0.2259043123	-0.05432130034	-0.06839788862	-0.1966785127	-0.1821995258
	-0.08256127002	-0.09671258708	0.01392873935	-0.110900025	0.02931718513
	-0.1250761195	-0.1392900279	-0.1535251136	0.04357873984	-0.1678328014
	0.05168680575	-0.211229834	0.05435731965	-2.330974396e-34	-6.311308731e-34
	-0.3041514357	-1.131279001e-34	-3.107270593e-34	0.003718924078	-0.5082631846
	-0.4763090776	-0.4111833234	-0.4687491024	0.01468802656	0.02850490967
	0.04021049932	0.04481979474	-0.3662217813	-0.3374882784	0.04485036457
	0.03869212699	-0.3168641072	-0.3006244193	0.02896643691	0.01592495463
	-0.2708650376	-0.2855545857	0.001957550126	-0.01235485553	-0.2414138035
	-0.256143777	-0.2120288593	-0.2266801469	-0.1829651004	-0.1974400293
	-0.04062052995	-0.02653158324	-0.1685501409	-0.1542231626	-0.06880537604
	-0.05466449872	-0.08295765542	-0.09719100712	-0.1114118582	-0.1399221841
	-0.1256707489	-0.2864266145	0.01542903412	-0.2878574825	-0.3020859129
	-0.3195050353	-0.501584973	0.001633345592	-0.3418714793	-0.3730141285
	-0.0124116351	-0.4178486735	-0.4729803587	-0.02688241861	-0.4592406477
	-0.04095756295	-0.05512135606	0.003977797203	-0.2714500874	-0.06916520758
	-0.2566720999	-0.0833690668	-0.09755820449	-0.1118448257	0.01496454223
	-0.1261127369	-0.1980174743	-0.1835207118	-0.1404289516	0.02693727027
	-0.1547430436	-0.1691152236	0.03544396506	0.03726248082	-0.2125668355
	-0.2272234696	0.03457980667	-0.2419054916	0.02642174503	-2.04377413e-34
	-6.093063841e-34	-0.2719063322	-9.827020656e-35	-3.00105908e-34	0.004101637411
	-0.4952018454	-0.4428156083	-0.4243505388	-0.4751388864	0.01482536654
	0.02422361284	0.02862226282	0.02992521373	-0.3459602405	-0.378474006
	0.01363719829	0.02363084493	-0.3218009833	-0.3034619278	-0.01279913861
	0.001382863161	-0.2719442319	-0.2871530416	-0.04155224544	-0.02717794256
	-0.2570113936	-0.2422528194	-0.2129459992	-0.2275511594	-0.1839363364
	-0.1983946665	-0.05567827194	-0.06979175057	-0.1551632018	-0.169513064
	-0.08383896919	-0.09804156559	-0.1122289362	-0.1265317557	-0.1408129001
	-0.01278433226	-0.3509718643	-0.02759220387	-0.3855346423	-0.429514711
	-0.4756371467	-0.04204015739	-0.4841029478	-0.05655001897	-0.4221590176
	-0.2542918434	-0.07056864162	-0.08468233313	-0.3250942316	0.004099993529
	-0.09865571448	-0.1128221228	-0.2723515708	-0.1269665958	-0.1412406516
	0.01394293524	-0.155507857	-0.2277374347	0.02094023987	-0.169855446
	-0.1842174923	-0.1986614879	0.02335720991	-0.2131477046	0.01957180701
	-0.2424050537	-0.2572367002	0.01216553926	0.0004917010927	-0.2880362838
	-0.305219336	-1.745235958e-34	-5.88845591e-34	-0.2367787704	-8.278787756e-35
	-2.911131145e-34	0.003918399286	-0.4020351593	-0.4725662648	-0.4342476292
	-0.4738361354	0.01274066911	0.01662094897	0.01630557994	0.009727079291
	-0.3910709416	-0.355916893	0.0002220722568	-0.01301934947	-0.3072698129
	-0.3282366005	-0.04256811857	-0.02740619785	-0.2730325603	-0.2891485512
	-0.07179956828	-0.05736303791	-0.2426992253	-0.2576106705	-0.2134198584
	-0.2279644062	-0.1989404755	-0.1845897222	-0.08584700122	-0.09984363122
	-0.1560547698	-0.170257648	-0.1137292091	-0.1277985106	-0.1418406891
	-0.05796946785	-0.436795691	-0.2177078242	-0.469103914	-0.4561247975
	-0.07290924021	-0.3773901199	-0.0875038899	-0.1014419466	0.003574418547
	-0.3979536136	-0.1153735954	-0.1291075711	-0.3331215214	-0.3103901217
	-0.1430384764	-0.156956325	0.01068431716	-0.17105551	-0.2583473239
	0.01198951204	-0.1851967533	-0.1994845877	-0.2138682702	0.008505539818
	-0.2284234738	-0.0003212381376	-0.2432123775	-0.2741970087	-0.01206068374
	-0.2911131301	-0.02681063911	-0.3619511538	-0.0421691755	-1.436806456e-34
	-5.743598854e-34	-0.1987412996	-6.678081212e-35	-2.862275726e-34	0.003091196459
	-0.4383785689	-0.3531704178	-0.4616930875	-0.4381391924	0.008479945366
	0.006547628852	-0.01087225365	0.0005123277327	-0.3677949709	-0.4028004027
	-0.02459028256	-0.04079928505	-0.3141528995	-0.3378401429	-0.07354668707
	-0.05729096546	-0.2761980487	-0.2937467119	-0.08895938746	-0.1035583352
	-0.244474391	-0.2598224208	-0.2295137933	-0.2150002524	-0.2006246888
	-0.1865487634	-0.1313631501	-0.1175729246	-0.172516696	-0.1587547916
	-0.1449711274	-0.3246447619	-0.1052678734	-0.1784871118	-0.1201679916
	0.002377790634	-0.4156180848	-0.1341924742	-0.4496353588	-0.1479732277
	-0.1614822717	-0.1751429191	0.005442941103	-0.1888554976	-0.3445862992
	-0.3195400466	-0.2028372242	0.001031607668	-0.2795142779	-0.21705982
	-0.2316410077	-0.007979173636	-0.2467477035	-0.2625147285	-0.02142027861
	-0.2980927877	-0.03725470404	-0.05491424306	-0.3741466395	-0.407633714
	-0.0724741802	-0.435827866	-0.08950950911	-1.125540659e-34	-5.710248625e-34
	-0.1586128351	-5.07620191e-35	-2.879274618e-34	0.001667932913	-0.2964681806
	-0.3908557339	-0.4344102941	-0.4309444707	0.002482254042	-0.004962569964
	-0.01632527121	-0.03208742833	-0.4093505993	-0.3793338301	-0.04980702345
	-0.06890736523	-0.3504577111	-0.325355185	-0.1054572557	-0.08773473408
	-0.2840476914	-0.3031442497	-0.1371173746	-0.1219658847	-0.266472712
	-0.2504620965	-0.2205848534	-0.2351117041	-0.1925712664	-0.2063329432
	-0.1514641467	-0.1788589183	-0.1652902134	-0.138638389	-0.1544419317
	0.0006224140514	-0.1691934737	-0.1833592586	-0.3612850439	-0.1972368213
	-0.2111948623	-0.001189604637	-0.2254334377	-0.4082107691	-0.0108445361
	-0.2401653772	-0.2556873041	-0.2721721957	-0.02487307268	-0.290175666
	-0.04245666881	-0.3099823671	-0.3322067484	-0.3571032929	-0.06211560015
	-0.3829701375	-0.08262889175	-0.4203607873	-0.4129090411	-0.1026758289
	-0.121418582	-0.2650580691	-0.1379698536	-8.231288722e-35	-5.829780951e-34
	-3.562408628e-35	-0.1182077404	-2.977175403e-34	-0.0001957807699	-0.3296902675
	-0.2340736024	-0.405602935	-0.3878658245	-0.01673798816	-0.004524377552
	-0.05235567827	-0.03285141296	-0.3832253022	-0.4022403598	-0.07370665671
	-0.09557180834	-0.3377227527	-0.360800715	-0.1169957244	-0.1367118511
	-0.3160480124	-0.2964739935	-0.1715984326	-0.155076167	-0.2617426047
	-0.2783091909	-0.2459730758	-0.2310632513	-0.2164434059	-0.201940387
	-0.1871968145	-0.001459495821	-0.1880528798	-0.09847482001	-0.2046415739
	-0.2203535977	-0.2358492287	-0.008353542458	-0.3561453061	-0.2514032173
	-0.02235898998	-0.2674824761	-0.2843480106	-0.3022284444	-0.3615329723
	-0.04057225437	-0.3213966597	-0.06149629605	-0.3411632068	-0.3781898059
	-0.08434786799	-0.3897038672	-0.1074287952	-0.3832714961	-0.2942387447
	-0.1300494381	-0.2018516687	-0.1509617541	-0.1704053793	-5.441756802e-35
	-6.111775181e-34	-0.08020038554	-2.236547645e-35	-3.150317198e-34	-0.002252675366
	-0.257813115	-0.17047595	-0.3212136796	-0.3560002891	-0.0273809362
	-0.01157173807	-0.04720780675	-0.06930521527	-0.3707180459	-0.3668910004
	-0.09334908942	-0.117340317	-0.3394641431	-0.3559423258	-0.141121508
	-0.1630171585	-0.3042545889	-0.3220726862	-0.1837805209	-0.202481779
	-0.2869776329	-0.2701115919	-0.2536727175	-0.2370839753	-0.2203656837
	-0.2322994466	-0.2500497226	-0.06289470048	-0.01494778769	-0.267231839
	-0.2196079522	-0.2841295541	-0.03194815567	-0.3004528839	-0.3165648045
	-0.05291070001	-0.3304920846	-0.342387298	-0.07572873706	-0.3466702151
	-0.3429311009	-0.1003433587	-0.3211262679	-0.2815623824	-0.1249300822
	-0.1402742308	-0.1493010424	-0.1720764987	-0.003531671221	-0.1936794401
	-0.213506424	-6.515626035e-34	-3.039930629e-35	-0.04751151927	-1.169245776e-35
	-0.004171455012	-3.365272535e-34	-0.1823950861	-0.1117184902	-0.2827046298
	-0.2404210298	-0.01748469144	-0.03524078512	-0.07980670156	-0.05701725432
	-0.3089851663	-0.3189548349	-0.1046163442	-0.1290092659	-0.3201450796
	-0.3126971165	-0.153591964	-0.1764670222	-0.287823438	-0.3020495259
	-0.198620425	-0.218697212	-0.2556088062	-0.2726483087	-0.2380575525
	-0.2348752423	-0.251380136	-0.01971001198	-0.2654845177	-0.0378516805
	-0.1462788389	-0.2774864479	-0.2849585645	-0.2882498011	-0.05939524098
	-0.2825634306	-0.08186837372	-0.2682942461	-0.2398915488	-0.1986613695
	-0.1057674731	-0.1295372226	-0.08623658169	-0.03385919597	-0.1531935864
	-0.1756439564	-0.005185632472	-0.1970063819	-0.2167461093	-1.156353001e-35
	-6.946555177e-34	-0.02233109069	-3.847721293e-36	-0.005558278116	-3.563898467e-34
	-0.1132106858	-0.06326580527	-0.1583207449	-0.1971594923	-0.0210171196
	-0.0386634572	-0.08086071521	-0.05991423596	-0.2416002611	-0.2249698753
	-0.1253938621	-0.1035400863	-0.2494739237	-0.2498899564	-0.1475397218
	-0.1680612936	-0.2445080897	-0.2341374089	-0.2053437858	-0.1879193258
	-0.2214652709	-0.02148598792	-0.2051020226	-0.01281114253	-0.03857015867
	-0.2084135568	-0.2068053386	-0.19753302	-0.05808570387	-0.1808636037
	-0.07751955808	-0.1553017865	-0.1215110018	-0.08370070181	-0.09763547498
	-0.0440801119	-0.1173034318	-0.1364856798	-0.006023771295	-0.1545163883
	-0.1709267302	-0.1853464161	-0.1967685799	1.368996611e-36	-7.276763952e-34
	-0.005278219272	1.26398737e-36	-3.681215308e-34	-0.006036495134	-0.05842333997
	-0.02784500868	-0.08873037912	-0.117333314	-0.03658655724	-0.02118331149
	-0.07127309015	-0.0546231762	-0.1391844078	-0.1547611956	-0.08884500989
	-0.1050522735	-0.1636871083	-0.1662087775	-0.1210191454	-0.1350609747
	-0.1641468669	-0.1477431616	-0.1573035729	-0.03362633389	-0.1154151495
	-0.1021557228	-0.04882493916	-0.08414359262	-0.06140043016	-0.06302811544
	-0.03763443415	-0.01499629829	-0.07701938504	0.0005116410639	-0.08994880565
	-0.005795448533	-0.1233227229	-0.1261522586	-0.1017325815	-0.1118915398
	-0.1197283246	-0.1248413759	-0.01969835048	8.622531164e-36	-7.393473446e-34
	0.004756236372	4.014087496e-36	-3.674704593e-34	-0.005416837195	-0.004876239199
	-0.02101297098	-0.05655945415	-0.03896668969	-0.0292458983	-0.01775526182
	-0.05300463356	-0.042027546	-0.08168385879	-0.07067511462	-0.06382355643
	-0.07295755914	-0.08823026604	-0.09113963744	-0.08685166495	-0.08094899127
	-0.09047648997	-0.03454700452	-0.0214550101	-0.03376857683	-0.008279639906
	-0.04203508779	0.002734752616	0.007812661932	-0.0494547526	-0.05537214148
	-0.00453416713	-0.0455001912	-0.05975083019	-0.06214814428	-0.0622353847
	-0.05959141605	-0.01474050217	-0.05411928361	-0.02410158899	1.155648642e-35
	-7.255190965e-34	0.009830793701	5.124815967e-36	-3.548252979e-34	-0.003857996992
	0.001213332257	0.008248822211	-0.008116782709	-0.0176592159	-0.01163608819
	-0.01845832715	-0.03082566719	-0.0253460338	-0.02593246901	-0.03277601214
	-0.03538583724	-0.0384804836	-0.03717466128	-0.03970337162	-0.03994425884
	-0.01671908106	0.01211386765	-0.01989586902	0.01114134682	-0.02208439043
	-0.002620051339	-0.02296448578	0.00178226359	-0.02244746018	-0.02031774227
	-0.01662439521	-0.008023369815	-0.01137743971	-0.01249884011	-0.005064217263
	0.008084386296	1.206063815e-35	-6.917713942e-34	0.01179284347	5.354240027e-36
	-3.351144781e-34	-0.001855119475	0.01462014103	0.01289143922	0.003997650144
	0.00885715727	-0.00466430604	-0.007028287699	-0.01005232576	-0.008788838389
	-0.0007281750933	-0.004867426167	-0.01030348983	-0.007801561904	-0.009711410784
	-0.001395155029	-0.0006573477465	0.01208973334	-0.0003860392422	0.001235071886
	0.01625762411	0.003729318832	0.00690106399	-0.00147923925	0.01051481666
	0.01391517904	-0.001796658068	0.01628644804	-0.001699694873	1.135332339e-35
	-6.502760678e-34	5.083171722e-36	0.01209705329	-3.149046678e-34	-2.424727914e-05
	0.0185059532	0.01726069466	0.01490990462	0.01733620899	0.002279228085
	0.001194813396	0.00407932412	0.005430603077	0.01218066991	0.009508993309
	0.007422515547	0.0008159208819	0.01312572132	0.01539575171	0.01774851371
	0.0194989575	0.003249441492	0.01996552866	0.005714789717	0.01791704719
	0.01201466557	0.008489011369	0.01069110188	1.022972172e-35	-6.12967447e-34
	0.01188984685	4.66498949e-36	-2.989440724e-34	0.001184643095	0.01818475434
	0.02058929532	0.01883808715	0.0204858859	0.004728965351	0.007821278085
	0.0114572443	0.01676143104	0.01402860439	0.01861617807	0.02020278393
	0.01172609295	0.02051332826	0.005513285937	0.01807978992	0.009248275265
	0.01312265753	0.001564374867	0.01600146135	9.429619627e-36	-5.863090215e-34
	0.01139687378	4.429453936e-36	-2.887230061e-34	0.001668540191	0.01930320888
	0.01749547354	0.01645045994	0.01876941384	0.005873023863	0.009618530944
	0.01368457876	0.01613785832	0.005738339042	0.01090685525	0.009574270276
	0.001682135301	0.01339964596	0.01596111337	0.01741365403	8.871350312e-36
	-5.707144888e-34	0.009884473934	4.271872205e-36	-2.833283225e-34	0.001621593546
	0.01421981119	0.01422086423	0.0124124985	0.005422211482	0.008913177195
	0.00487285374	0.00808085501	0.001446813985	0.01083220391	0.01140852768
	0.00866083686	7.542201694e-36	-5.632680815e-34	3.718297697e-36	0.006758357937
	-2.810588651e-34	0.001325532097	0.008427831601	0.006780494548	0.004286805006
	0.001084193205	0.005137790016	0.00491545855	0.00352988219	-5.605911685e-34
	4.650459829e-36	0.002816911785	2.549216786e-36	-2.805043294e-34	0.002552035484
	0.0009273529366	0.0006046243616	0.001312774171	-5.604725289e-34	7.886064683e-37
	1.804672699e-36	0.0002043343805	-2.810371515e-34	-1.390991989e-34	-5.617371468e-34
	-2.874495549e-36	
