3721	
	-1.047725031e-34	3.023380876e-35	4.139568239e-34	1.752017053e-34	5.148709623e-34
	0.03723998034	0.01596338959	3.743691966e-35	2.04885898e-34	0.07872249543
	0.02320946252	0.0216728849	5.34309924e-34	2.020448107e-34	0.07854525038
	0.03006325991	0.04956606777	0.04033092914	-3.367822288e-35	2.94149835e-35
	0.01508803656	2.532809548e-34	6.048106921e-34	0.01447917037	0.01452822015
	0.03248268678	0.02814189313	0.04671532224	0.03735184176	-0.003021231513
	0.004018526686	-0.00464148191	-1.638281453e-35	0.0238686067	0.02553576388
	1.494273676e-35	0.01047660682	0.01045761616	7.147292544e-34	3.133499131e-34
	0.03452173613	0.02947577377	0.033985892	0.02774898112	4.441924677e-36
	-0.009259650153	-0.006530956152	-1.044339285e-35	-0.004871522307	0.00802761728
	0.03311210945	0.009527828602	0.02771626471	-0.0003120632062	0.0207301036
	0.009099196893	0.008667446013	8.149677496e-34	3.774779452e-34	-6.380600174e-36
	-0.006667986501	1.681297807e-36	-0.004079931476	0.04002131304	0.03318657127
	0.02803792857	0.02883638195	0.02897008903	0.03879995864	0.04310444871
	0.0471471791	0.007502581852	-0.001905583351	-0.003198963296	0.004263480035
	0.03436313135	0.01970669771	0.01962395882	0.009464003336	0.008548191607
	8.641427554e-34	4.212481999e-34	0.04933941227	0.04251745015	0.02904892044
	0.03057225077	-0.0002451649505	-3.863893343e-36	-0.002866584033	3.341808351e-37
	0.006026863456	0.002191308053	0.01726197851	0.01027572051	0.0549351692
	0.05582411494	0.07043952387	0.06489436913	0.05034952647	0.03046256746
	0.02419812173	0.06901855393	0.03709399943	0.04606102612	0.05894780875
	4.289271828e-34	0.01043405366	0.009263962032	8.413809872e-34	0.05781032493
	0.05265678553	0.03231969622	0.03415789145	0.09622422925	0.08288361052
	0.08074491452	0.07385125602	0.005821445998	6.399245014e-37	-7.533935313e-37
	0.002186319691	0.01202863178	0.01864600939	0.03546250304	0.02476857368
	0.05604161259	0.07085261715	0.04052216978	0.05281385425	0.08607159518
	0.0872935008	0.08129678363	0.07126458956	0.09872271296	0.1050160955
	0.104901277	0.01115970233	0.009972710254	7.498409672e-34	3.977627062e-34
	0.03560304594	0.03652103146	0.06244422265	0.05983984314	0.1128167844
	0.1048348649	0.09002054724	0.08698808657	2.196164455e-36	0.01523847262
	4.092390587e-36	0.00995645459	0.1251141389	0.1427948265	0.1312931607
	0.1201572676	0.04749795639	0.02726364634	0.0371369284	0.0621074134
	0.1075252127	0.08755035248	0.08564995216	0.06823665373	0.1169198361
	0.1384474154	0.1045744568	0.1480598131	0.14608781	0.124950768
	0.1251901831	0.01127065524	0.01019134824	6.082056956e-34	3.355431293e-34
	0.06251547296	0.06225499073	0.03702650252	0.03676403734	0.1155716455
	0.09150590835	0.09221307863	0.117687941	4.994357886e-36	0.02855991867
	1.123137758e-35	0.02140294532	0.1422119012	0.1542113677	0.1620812379
	0.1390906633	0.0782112037	0.09598427059	0.04874549335	0.06176370276
	0.177653431	0.1661884423	0.1873669142	0.1695528361	0.1259063133
	0.1510514172	0.1052774349	0.1286744453	0.1916761831	0.1900573052
	0.1602947381	0.1698491881	0.1829357695	0.1474520173	0.1686102627
	0.01077368709	0.009849746007	4.40499042e-34	2.546620773e-34	0.05892568241
	0.06036577099	0.03625649517	0.03503650693	0.1130811706	0.1153779085
	0.08678825378	0.0901849906	9.027223341e-36	0.04551730768	2.073928847e-35
	0.03673066288	0.1396890302	0.163448815	0.1639604315	0.1427120529
	0.1338695027	0.1147523968	0.07601713048	0.09125241277	0.1850651116
	0.202603418	0.1974780517	0.1841917795	0.1684422806	0.1732636686
	0.1947303645	0.1474462737	0.225606922	0.2114962922	0.2164212444
	0.2079293341	0.1924533063	0.2303149052	0.2245698386	0.2131223945
	0.2300697485	0.204326946	0.2112688309	0.009846889176	0.0090867128
	2.688417549e-34	1.674398774e-34	0.05309722792	0.0555505796	0.03378263929
	0.03196262333	0.1026121979	0.1075364212	0.07825770178	0.08315987037
	0.1527143991	0.1585927732	0.1351446528	0.1284634192	0.05521048517
	1.416898735e-35	0.06493135158	3.219150886e-35	0.1712901602	0.1530905344
	0.1070291325	0.1228513867	0.197668265	0.1826124264	0.1764741057
	0.2016422026	0.2077276808	0.2330068478	0.2148223652	0.1890426889
	0.2318338927	0.2168653197	0.2194132545	0.2328831244	0.2326717283
	0.2496146614	0.2588980268	0.242627966	0.261041542	0.2459177537
	0.2418433714	0.2624628653	0.2553703107	0.2464000066	0.247530133
	0.008690856779	0.008083751397	1.10167278e-34	8.372091654e-35	0.04626770892
	0.04919187274	0.03029556228	0.02819460166	0.08934463147	0.09548203301
	0.067963614	0.07344341389	0.1127826494	0.1354484207	0.1441002724
	0.1211432563	0.07525036333	2.012078504e-35	0.08492311597	4.473817993e-35
	0.1685613709	0.1804116915	0.1897315853	0.1586580714	0.1530592813
	0.2041241949	0.1887202143	0.138501607	0.2400366753	0.2633988923
	0.2492621078	0.2251439567	0.2108581539	0.2014987678	0.2206557093
	0.2282942417	0.2649636012	0.2780134305	0.2853730955	0.2729398392
	0.2536207266	0.2569735513	0.2382676188	0.2446108865	0.273187667
	0.266680588	0.275835069	0.276995203	0.2839695902	0.2871386908
	0.267303977	0.007461280044	0.006988994953	-2.421172895e-35	1.030203084e-35
	0.039282401	0.0423183397	0.02637962353	0.02422344221	0.07536138234
	0.08178212511	0.05731316852	0.06277340042	0.1156856241	0.125289761
	0.1043645688	0.09563143117	0.1481246112	0.1572578161	0.1689389989
	0.1368219005	5.721291257e-35	0.09474692251	2.637056831e-35	0.1033216617
	0.178599595	0.2297468216	0.2181973764	0.1668652619	0.1904399267
	0.1974088446	0.1778502239	0.2096552771	0.2641154725	0.285992271
	0.2756050274	0.2532913406	0.2894916991	0.2992101783	0.3050907887
	0.2958812798	0.2286987067	0.2452747357	0.2342587742	0.2164534288
	0.2926676997	0.2969804855	0.3051808844	0.3001496687	0.2663736111
	0.2739448813	0.2510453602	0.2610140581	0.2800160307	0.2851808983
	0.2915909875	0.006256176901	0.005899366433	-1.276173937e-34	-4.866296524e-35
	0.03261936964	0.03556314941	0.02242704053	0.02035132714	0.06186278844
	0.06804523773	0.04711575236	0.05223544434	0.07879783724	0.09592487544
	0.1053925142	0.08716833436	0.1256208557	0.1326570838	0.1447221434
	0.1143750999	0.1648638312	0.1700065094	0.1837154171	0.151542593
	0.118065582	6.82535324e-35	0.1115263908	3.223210834e-35	0.1970844897
	0.2471102493	0.1891848521	0.2397356971	0.2802979209	0.3017935851
	0.2946111504	0.2732410919	0.2029225617	0.1885407701	0.2064854808
	0.2207470493	0.3074987747	0.3191604159	0.3143948426	0.3126612932
	0.3120639016	0.3059524154	0.3107464165	0.3176468743	0.2384662424
	0.2547144632	0.2411392552	0.2241504798	0.2966949952	0.3005242635
	0.2704269994	0.2875973704	0.2731633736	0.2575678179	0.2842484777
	-9.094702635e-35	0.005126977481	0.004867884661	-1.966558773e-34	0.02649144059
	0.02924753503	0.01865781242	0.0167315435	0.04940103047	0.05511413567
	0.03774038399	0.04239012118	0.0774138433	0.08623158208	0.07083257462
	0.06314493589	0.09310470524	0.1035933327	0.1090365345	0.1204764874
	0.1385558529	0.1426275171	0.1560352555	0.1258179694	0.127461015
	7.642478937e-35	0.123686746	3.693746608e-35	0.174134259	0.1768736317
	0.1915347687	0.1598303474	0.2035833019	0.2071628187	0.2561480328
	0.2528537562	0.2893420695	0.3116568513	0.3072953895	0.2857117299
	0.3242435975	0.3199917522	0.3284343217	0.3243861978	0.210823048
	0.209160746	0.1939856339	0.2260640595	0.3142510047	0.3220782821
	0.3255252574	0.3169983397	0.3033115308	0.2896785011	0.3052992483
	0.2912114921	0.2760808574	0.2275621595	0.2429598391	0.2591042313
	0.2602322117	0.2440070959	0.2749776337	0.004094734918	0.003917526219
	-2.300454831e-34	-1.155824268e-34	0.01517124464	0.01342129798	0.02095056157
	0.02348813734	0.03812334903	0.04331247071	0.02928189294	0.0334458604
	0.04893674927	0.06056934767	0.06859023978	0.05587547026	0.08318556189
	0.08732932079	0.09780187412	0.07366216605	0.12947824	0.1136847719
	0.1170399686	0.1019938444	3.972860142e-35	0.1302981356	8.034898431e-35
	0.1297783773	0.1460441111	0.1485062645	0.1623799074	0.1326872936
	0.2091751205	0.208328993	0.2571453157	0.2577116056	0.1806680698
	0.1791035162	0.195500136	0.164593881	0.2917845652	0.3160337622
	0.3143190083	0.2914058889	0.331391254	0.3275925841	0.3296913199
	0.333612154	0.3187945148	0.3279926308	0.3200580239	0.3297465395
	0.2282874871	0.1968019219	0.2120511387	0.2128388146	0.3072412201
	0.2923374006	0.2919243706	0.3064901354	0.2606129585	0.27657861
	0.2288804517	0.2445882297	0.2608433399	0.2448588953	0.2767700191
	0.003163765461	0.003053685588	-2.277957004e-34	-1.223722895e-34	0.01596680357
	0.01828707459	0.01199497641	0.01042509646	0.03266366141	0.02169128923
	0.02540978307	0.02796357581	3.994786112e-35	0.1259163318	7.888647373e-35
	0.1288824143	0.03611352331	0.0453572707	0.05262341457	0.04236622988
	0.05607426687	0.0646769111	0.06764426683	0.07715137109	0.08030253367
	0.09092342152	0.09362322414	0.1050010971	0.119956794	0.1222057986
	0.1350454008	0.107692921	0.2057977344	0.2006650915	0.2503827282
	0.25462009	0.1506449918	0.1523002604	0.1662006597	0.1371461663
	0.2877980448	0.3159643139	0.3150587855	0.2906608536	0.1819948179
	0.1976557349	0.1830000828	0.1676268709	0.3347331531	0.3306970489
	0.3352465261	0.3306192967	0.3208175513	0.3310805813	0.3306750952
	0.3206241807	0.2919563548	0.292227877	0.3073763341	0.3072953801
	0.2290922803	0.1984118481	0.2138149508	0.213419697	0.2604317889
	0.2762402211	0.2292653323	0.2606602945	0.2765507626	0.2447789714
	0.2448687539	0.002331111327	0.002273034471	-1.907203246e-34	-1.115873962e-34
	0.01147905962	0.01359398888	0.009120761539	0.007724123653	0.01876734265
	0.02304734959	0.01486137767	0.01819433353	3.716980479e-35	0.1143058782
	7.143334286e-35	0.1206843031	0.03154728111	0.03817663709	0.03015506166
	0.02447512055	0.193784844	0.1846854332	0.2360576209	0.2438392001
	0.04009551972	0.04792320568	0.04973793604	0.05841654742	0.08262818904
	0.07021720727	0.07218539534	0.06051929018	0.08470185448	0.0959924289
	0.09788056877	0.1097787559	0.1241855189	0.1257755472	0.111619289
	0.1387955595	0.2834761933	0.3122386402	0.3086346766	0.27727864
	0.1537427032	0.1548863446	0.1687204657	0.1402277657	0.3336921512
	0.3347277181	0.3295270584	0.327286533	0.1696498572	0.1838416663
	0.1844826485	0.1989216345	0.3204825002	0.319874306	0.3307902313
	0.3300730154	0.2906162818	0.2913394724	0.3060457635	0.3067201306
	0.2749768452	0.2756125252	0.2599496833	0.2594330913	0.2142089197
	0.2292243474	0.1993311485	0.2291368917	0.214065578	0.2444986524
	0.2441835747	0.001592538606	0.001569001971	-1.201990219e-34	-8.381063201e-35
	0.007424516415	0.009343357814	0.006527136868	0.005294011337	0.01036357748
	0.01429416779	0.008676132096	0.01168274705	0.01378363059	0.01885172365
	0.02497826209	0.01901302656	3.139860103e-35	0.09627072324	5.834644132e-35
	0.1056022102	0.173879939	0.1613340648	0.2144041701	0.2256079833
	0.02539649336	0.03262106318	0.03325967207	0.04128000654	0.2696529569
	0.2599966379	0.2964604486	0.3029356919	0.06205667222	0.04228349648
	0.05124837547	0.05237244682	0.08633030065	0.06337439735	0.07387084389
	0.07521255663	0.08771257734	0.1130899345	0.0995025347	0.100804873
	0.1413555544	0.1143090676	0.1281809933	0.1271207346	0.3290595056
	0.3195662119	0.3316115458	0.3240894855	0.1558199725	0.1565244884
	0.1422567935	0.1703425777	0.3175905344	0.3188394237	0.3287698748
	0.3270388174	0.1995605685	0.1849523518	0.1852600111	0.1708544887
	0.3038361381	0.2885905089	0.3049657361	0.2896498917	0.2731547874
	0.2740630694	0.2579639277	0.2587280411	0.2140951203	0.2436846907
	0.228889916	0.2431537469	0.2141998172	0.2285607461	0.1996605069
	0.0009451270985	0.0009344972737	-1.810090205e-35	-3.987896395e-35	0.00375465979
	0.005474739655	0.00419279679	0.003115059135	0.00260211607	0.006236537737
	0.003036440198	0.005765518858	0.003813697931	0.006989704593	0.01273579973
	0.008705156873	2.328002314e-35	0.07358497634	4.131979487e-35	0.08494884606
	0.01843490847	0.01785238656	0.02537928335	0.01164661968	0.1472929947
	0.1321110588	0.1859571421	0.2003359297	0.2489558043	0.2357887994
	0.2780619201	0.2876654229	0.03364208293	0.03381708709	0.02522402398
	0.04291617087	0.3211577015	0.3141129962	0.3253501158	0.3070301262
	0.06436564446	0.05387415152	0.04335618821	0.0532351692	0.06512221843
	0.07711484101	0.08878896175	0.07628540228	0.0896081654	0.1018376411
	0.1026221667	0.1152468074	0.1289895717	0.1159336282	0.1295713651
	0.1429164012	0.3220528947	0.3141574217	0.3159645569	0.3248153391
	0.1573089269	0.1711715711	0.1570100208	0.1433536669	0.300888041
	0.2860281553	0.2873542276	0.3023815091	0.1996036568	0.1853824204
	0.1713038214	0.1853634582	0.256031429	0.2570403288	0.271993676
	0.270828769	0.2424310662	0.228085081	0.2134495348	0.2274982697
	0.2138208502	0.2416600157	0.1993997274	0.000387776632	0.0003634723284
	1.132526262e-34	1.913722552e-35	1.416687492e-35	0.04898233037	2.332246176e-35
	0.06101025672	0.00044670467	0.001942661339	0.002103033878	0.001174236889
	-0.004624737884	-0.001266485292	-0.002129692757	0.0003601024544	-0.004288358033
	0.001177089682	-0.0009747709082	-0.005623593619	0.005046056616	0.003184086414
	0.01036711048	-0.001455677056	0.1158544339	0.09924308813	0.1519063354
	0.168902564	0.01703630105	0.01617796067	0.0248485099	0.008993698065
	0.2659239768	0.2213333237	0.2048440407	0.2529138779	0.3094059237
	0.2989968962	0.3155669425	0.2889240083	0.03374303224	0.04356533688
	0.0335640728	0.0243130599	0.3148798437	0.3095991754	0.3119665431
	0.3188637187	0.06563760722	0.04356869743	0.05446952678	0.05425001293
	0.07803750902	0.06591807839	0.09018690432	0.07767159098	0.1034665273
	0.09052400919	0.116398379	0.1031424448	0.1166351968	0.1299144094
	0.143598278	0.1300794214	0.2830584045	0.2973664584	0.2845822882
	0.2991568879	0.1436405947	0.1712739701	0.1573413752	0.1574001273
	0.2548877235	0.2694465998	0.2680576957	0.253645721	0.1710696985
	0.1851618045	0.1848373298	0.1990544702	0.2267707888	0.2259194157
	0.2406974923	0.239670537	0.2122617069	0.2129039064	0.1985605963
	-6.938110371e-05	-0.0001497292815	2.714968909e-34	9.194596632e-35	-0.002481359629
	-0.001286117062	0.0002534512619	-0.0005541616617	5.828884977e-36	0.02578606042
	7.768764621e-36	0.03686257881	0.08216157373	0.06573974011	0.1144223677
	0.1329852665	-0.01137419016	-0.008317701363	-0.00686651981	-0.004575062013
	-0.01519510422	-0.009932237976	-0.01018926812	-0.01466142378	-0.007834677978
	-0.01104345753	-0.004074313415	-0.01417545103	0.001099139728	-0.0008540807636
	-0.006734278971	0.007518523814	0.2372945867	0.1872638568	0.1681136525
	0.2207499072	0.01508121833	0.01399994963	0.02362847251	0.005923799167
	0.2642624027	0.2927459192	0.3014524256	0.2778253684	0.3048181395
	0.3036708042	0.3104729108	0.3067475447	0.03313419834	0.03263672311
	0.02278007493	0.04340191513	0.2814739574	0.2798363139	0.2933599042
	0.2954310435	0.05426240553	0.06601778723	0.04303869355	0.05442864457
	0.09068269239	0.06590221884	0.07811219683	0.07815020241	0.1167067155
	0.09062609292	0.1035601763	0.1035033424	0.1298657485	0.1300409995
	0.1435353592	0.1165786795	0.2665085387	0.2523048937	0.2508722571
	0.2649714218	0.1707336164	0.1432532487	0.1567421739	0.1571016111
	0.2238358673	0.2371972676	0.2249386809	0.2384688038	0.1971818991
	0.1837483823	0.1843456081	0.210551595	0.2114537593	0.1702419813
	0.1979404645	-0.0003922197465	-0.0006346565833	4.557547477e-34	1.770999723e-34
	-0.005002078958	-0.004250323095	-0.001342599044	-0.002144749231	-0.01767920212
	-0.01496424494	-0.01117388472	-0.009049461038	-2.110989266e-37	0.007119709749
	-2.845005558e-36	0.0157934195	0.0495310026	0.03513031142	0.07672887997
	0.09525643443	0.1821142603	0.2018622415	0.1482207769	0.127742093
	-0.02589195008	-0.02077590468	-0.01905987773	-0.02335491493	-0.02046015964
	-0.02508086626	-0.01823947792	-0.02675339861	-0.02228726076	-0.01446481188
	-0.01756428838	-0.009394988004	-0.003040569351	-0.005103412884	0.004265404782
	-0.0121299864	0.2321850307	0.2495681125	0.2696816639	0.2817260416
	0.01267642773	0.01136322485	0.02184955603	0.002486841856	0.2956225919
	0.2905099883	0.2986287475	0.2998362994	0.2781868198	0.2912150621
	0.2765085042	0.2887267338	0.03189961127	0.03110275052	0.0425738803
	0.02075913725	0.2617938587	0.2478613582	0.2493980554	0.2633553757
	0.05338385844	0.06566975581	0.041919342	0.05387222383	0.07751982659
	0.09044824428	0.06523876247	0.07787276493	0.09008187003	0.1163333848
	0.1032661726	0.1029152126	0.142860446	0.1159190562	0.129081721
	0.1295266359	0.2213033991	0.2343197686	0.2226240627	0.2357860289
	0.1696436767	0.1562304994	0.1556224042	0.1423189067	0.168912855
	0.1821712986	0.1953213992	0.2095029231	0.1963123947	0.2083634423
	0.1830052297	-0.0006222512261	-0.001213536161	6.700934701e-34	2.739298128e-34
	-0.007290937357	-0.006979577506	-0.002721183393	-0.003698763135	-0.02357046861
	-0.02116868681	-0.01497848266	-0.01314026331	-3.340175686e-36	-0.005048782757
	-7.922481276e-36	0.0003982189023	-0.03170942487	-0.0364196675	-0.03148709408
	-0.02765586587	0.05922430542	0.02154666162	0.01076234031	0.0426720058
	0.1390375995	0.1608353847	0.1070462327	0.08719798985	0.2136243603
	0.1926901606	0.2386678749	0.2548255603	-0.0330116288	-0.03912577473
	-0.0324115309	-0.03944088279	-0.02991790461	-0.03425876385	-0.03799978524
	-0.02620065089	-0.0301532834	-0.02091880457	-0.02407074425	-0.01479907705
	-0.009635393558	-0.007408273268	0.0007461993504	-0.01756983152	0.2838813233
	0.2699072635	0.2901025781	0.2815870145	-0.001142046522	0.00984577156
	0.008336268078	0.01966535478	0.2827552766	0.2861502646	0.2747990214
	0.2730388176	0.2448676351	0.2463692427	0.2588030047	0.2602515944
	0.03013305035	0.02912200868	0.01839560702	0.041221957	0.2327673652
	0.2312080264	0.2184250067	0.219906361	0.05202540373	0.06474065594
	0.04034288624	0.05274060524	0.07643713461	0.08963703425	0.06407111017
	0.07702122401	0.08903796056	0.1024254545	0.1154218478	0.1018487709
	0.1416928571	0.1278457025	0.1147886412	0.1285050151	0.2071054498
	0.2057639633	0.1930483746	0.1942357394	0.1409467175	0.1680945031
	0.1540771493	0.1548888847	0.1671676977	0.1812160212	0.1801811272
	-0.001309104354	-0.002106769501	9.324525709e-34	3.870587371e-34	-4.009549758e-36
	-0.01053640716	-8.619239685e-36	-0.008267561807	-0.01001856941	-0.009432580382
	-0.004357018977	-0.005305189811	-0.02894230336	-0.02687704855	-0.01835248474
	-0.01710769683	-0.04663509181	-0.04216632033	-0.03587499858	-0.03984229939
	0.02857917969	0.001166427893	-0.005191596808	0.01576131635	-0.04556141404
	-0.05340550545	-0.04683476175	-0.05247941665	0.0507112491	0.0953869311
	0.1171228835	0.06779127681	0.1707556259	0.1476317132	0.1990441661
	0.2195461141	0.240718606	0.2658959839	0.2754883017	0.2570274216
	-0.04554458748	-0.0513459102	-0.04317143631	-0.05414594512	-0.04840954498
	-0.03890703722	-0.04328545101	-0.03382649027	-0.02743871805	-0.03065828146
	-0.02015449189	-0.03764415955	-0.00292699586	-0.01199033655	-0.0229064723
	-0.0142686903	0.2687997563	0.2710277114	0.2790703439	0.2736808242
	0.006733354728	0.01716320569	-0.004879833153	0.005144867333	0.2561410418
	0.2422302208	0.2435206479	0.257457175	0.2296358023	0.2281533874
	0.2153719094	0.2169204848	0.01577187205	0.02801629275	0.03945705287
	0.02688156427	0.2043385972	0.2028496708	0.1904404765	0.1917848257
	0.06336692547	0.05033308541	0.03842517063	0.05120567233	0.07498624913
	0.08838708925	0.06253075077	0.07574320734	0.1011631344	0.08761839371
	0.1004120673	0.1140939267	0.1262534096	0.1132946296	0.1270817503
	0.1401340417	0.1778505825	0.1521913826	0.1790515327	0.1531661235
	0.1661692076	0.1650852645	0.139228078	-0.004251679875	-0.003361858499
	1.306983354e-33	5.391962461e-34	-3.254828813e-36	-0.0108243605	-6.862463164e-36
	-0.01093247402	-0.01407396806	-0.01181889555	-0.007821319867	-0.007805827445
	-0.01029176504	-0.001896078057	0.006200029087	-0.01252168627	-0.0334074428
	-0.03232279978	-0.02251702935	-0.02111823802	-0.05642889401	-0.05281271657
	-0.04333431592	-0.04814946765	-0.05817019277	-0.0683292696	-0.06161343755
	-0.06586673039	0.02203028728	0.05620850753	0.07527109834	0.03470691672
	-0.06173329919	-0.06932728628	-0.07082192008	-0.0605408352	0.1240785691
	0.1013600081	0.1524053314	0.1762053985	0.222865247	0.2015964702
	0.23862795	0.2531270564	0.2584048852	0.2619252497	0.2656927805
	0.2675250322	-0.05741858521	-0.06312773754	-0.06715278922	-0.05310657414
	-0.04774038584	-0.05197963748	-0.04113668852	-0.05804401438	-0.03693962603
	-0.03386574371	-0.02545287259	-0.04482091244	-0.006710398509	-0.02814852716
	-0.01654077006	-0.01874606402	0.2402026048	0.2533170025	0.2411741347
	0.2549128657	0.003525340691	0.001923728897	0.01444015147	-0.008667357898
	0.2255784318	0.2267510911	0.2124300432	0.2138906981	0.201317993
	0.1890434015	0.1875888841	0.1997743557	0.02568485028	0.02447447577
	0.01299514791	0.03740697062	0.1639444687	0.1765815177	0.1752489742
	0.1627386633	0.04839811516	0.03628537597	0.06167679792	0.04938206664
	0.07414543602	0.08681255229	0.07326097741	0.06072859882	0.08592137711
	0.1124479939	0.09957786658	0.09869524449	0.12438867	0.1115245047
	0.1382701664	0.1372430284	0.1500421901	0.1253457572	0.1511427485
	-0.0127896588	-0.004736476527	2.007779623e-33	8.012361133e-34	-0.00955662596
	-2.027668056e-36	-0.008169390329	-4.312573399e-36	-0.01943612266	-0.01630696465
	-0.0156461317	-0.0169262459	-0.01369310679	-0.01022237933	-0.006757638083
	-0.01298648045	-0.03700621356	-0.03839592445	-0.03181644402	-0.02472618194
	0.01082364881	0.00318477853	0.02591573087	0.0402114081	-0.05714541535
	-0.06629261408	-0.06316658753	-0.0498160746	-0.0790665954	-0.07103357048
	-0.08434583345	-0.07669009152	-0.07887573567	-0.0885211978	-0.0785888403
	-0.08803533164	0.07916240863	0.05992349295	0.1036273922	0.12795361
	-0.07683002934	-0.08385891965	-0.07301992616	-0.0867894288	0.1539196552
	0.2000588385	0.2203255073	0.1788192085	0.2488365856	0.2331112796
	0.2560900366	0.2478277833	0.239339412	0.248345705	0.2384089336
	0.2515395864	-0.07920300983	-0.06253511759	-0.06862385758	-0.0738479259
	-0.05604510909	-0.05991882057	-0.06722142646	-0.04818427456	-0.03992228633
	-0.05167010938	-0.0306212557	-0.04277336753	-0.0209296907	-0.01048893267
	-0.02303640265	-0.03318419471	0.2245771313	0.2238855634	0.21004392
	0.2111808415	0.0003004734032	-0.001288925891	-0.01238683927	0.01161733864
	0.1982423422	0.1968148475	0.1846272778	0.186120234	0.1614897403
	0.1738725638	0.1601926089	0.1724471024	0.02321935497	0.01017000198
	0.03518349014	0.02196717476	0.1361778662	0.1488909259	0.1350642605
	0.1476970142	0.04735852404	0.05976999474	0.0463014525	0.0340162661
	0.05874972936	0.07231698259	0.08500271203	0.07134360417	0.09677679567
	0.08402639483	0.1105658061	0.09775339919	0.1223268817	0.1233758072
	0.109554196	-0.02791640631	-0.008386347403	3.524625437e-33	1.347091937e-33
	-0.006320489232	-8.678669225e-37	-0.004564286421	-1.893220822e-36	-0.02551047816
	-0.03105575645	-0.03037936798	-0.05583870047	-0.01158548146	-0.009421668662
	-0.0110976122	-0.01117943076	-0.04309156179	-0.04736136133	-0.0555205253
	-0.02823761904	-0.005974752664	0.006542534771	0.0152995099	-0.002911181979
	-0.07765633305	-0.07314603253	-0.05630837036	-0.06747443332	0.04215557343
	0.02851844222	0.06001603144	0.08106953328	-0.09166456557	-0.0842531719
	-0.1011584036	-0.09205519376	-0.09708295823	-0.1087178353	-0.1061358306
	-0.0976779325	-0.09742587151	-0.1056691402	-0.09401949263	-0.1079040038
	0.1032266246	0.1282659767	0.1514328954	0.1764738743	-0.09042496036
	-0.0965933001	-0.1016024404	-0.08472787407	0.2379992117	0.1951978672
	0.2249420995	0.2163560094	0.2370823959	0.2369109024	0.2347822615
	0.2442925318	0.2233577561	0.2086956816	0.2228268906	0.2092785192
	-0.07882570196	-0.08351095317	-0.0904510416	-0.07141684383	-0.07570981406
	-0.05481123922	-0.06366409736	-0.06719148885	-0.05800119992	-0.04556359474
	-0.04820844509	-0.03552925914	-0.02512380574	-0.02712560155	-0.03790579111
	-0.01416123572	0.1832012441	0.1954804566	0.1818120804	0.1944554941
	-0.002884960022	0.008782174738	-0.01596376487	-0.004439300617	0.1710014178
	0.1695498201	0.1575045518	0.1588656367	0.1339254791	0.1452082576
	0.1464709272	0.1327545033	0.02069214395	0.01942854286	0.03286756315
	0.007364263845	0.1074525603	0.1085196623	0.1212429854	0.1201352936
	0.0452119439	0.0441146665	0.05772347779	0.03168591677	0.08200172405
	0.07033310574	0.05666250916	0.09472595061	0.06930425808	0.08303137015
	0.09576245481	-0.01321211447	-0.02682892035	7.504964325e-33	2.191708845e-33
	-0.05518538655	-0.07978147664	-0.05661311234	-0.180081664	-1.232359497e-37
	-0.00286173	1.127829374e-38	-0.00137484064	-0.006921886662	-0.004530066801
	-0.007537957993	-0.009566735545	-0.06697382074	-0.0667019238	-0.1083897232
	-0.03876899983	-0.007454803052	-0.00261297985	0.00115353296	-0.007715738187
	-0.09259572285	-0.0844280359	-0.0666002829	-0.08459695491	0.01678166236
	0.009056180602	0.02783439271	0.04277330371	-0.1058422481	-0.09806142703
	-0.1174801576	-0.1077936567	0.07887410683	0.0582062049	0.09904571485
	0.1251971697	-0.1161588735	-0.1295763541	-0.1180513087	-0.1255150926
	-0.1193688277	-0.1289413984	-0.1165519693	-0.1306633884	-0.1255760287
	-0.1135049128	-0.1207063114	-0.1081473271	0.2072970925	0.1459563704
	0.1871276284	0.1720319732	-0.1025536408	-0.1080942815	-0.1148719701
	-0.09548485412	0.2246436439	0.2305531802	0.2141842567	0.2280427835
	0.2221236492	0.2084351316	0.2082086009	0.2201655605	0.1932863177
	0.19362318	0.1796422031	0.1806543042	-0.1005666275	-0.07954280794
	-0.08804963564	-0.09228340585	-0.0833623327	-0.07061198249	-0.06089708792
	-0.0738201242	-0.05078300892	-0.05322089148	-0.04010504606	-0.06376439281
	-0.03096888724	-0.0290876123	-0.01766714288	-0.04228051574	0.1667987374
	0.1681149901	0.1547587565	0.1561379607	-0.005977375173	0.005994811664
	-0.01935783765	-0.007473923888	0.1315673664	0.1426125898	0.1439252003
	0.1303577636	0.1063750114	0.1190090816	0.1178681625	0.1052811884
	0.01816421825	0.01691539628	0.03052113561	0.004626658446	0.09367011551
	0.07990845003	0.09260485983	0.08096295248	0.02934866274	0.04300553167
	0.05560032082	0.04189613287	0.06825752882	0.05452470993	0.06720288624
	-0.1494334207	2.730453642e-33	-0.0004154286278	-1.715844756e-34	-0.2160364621
	-0.0820937009	-0.1004448679	-0.1150432506	-0.002224234709	-0.00504971603
	-0.003938942939	-0.006410488508	-0.09707286113	-0.1027700971	0.003073851038
	0.01733117765	-0.1149628625	-0.1245398896	0.07504161701	0.03956953012
	-0.1354397282	-0.1396598341	0.162942154	0.1189655058	-0.1425145535
	-0.1408698046	-0.1332179609	-0.1382457781	-0.1207664462	-0.1276809434
	0.2146235908	0.1978030388	-0.1051072351	-0.1134247803	0.2171290098
	0.2075181514	0.1931321176	0.1790839081	0.1655783094	0.1534503529
	-0.09633692801	-0.08682656233	-0.07688974902	-0.06640644205	-0.05556136648
	-0.04431905386	-0.03278724674	-0.02097015031	0.1412890691	0.1291362572
	-0.00893426496	0.003298983464	0.1041872196	0.1167182133	0.07885557641
	0.09153488516	0.01568361123	0.02819346094	0.06614603095	0.04079127357
	0.05345419082	0.1030874202	0.09046730105	-0.4788762149	0.07780214114
	-0.002709485134	0.06509251154	-0.004472215401	0.05238678331	0.03969380831
	0.02704904709	-0.1192523249	-0.004225479825	0.01447088567	-0.1350412212
	-0.1452697925	0.0001151855641	0.001994704655	-0.01035483154	-0.02254124921
	-0.1539413578	0.008960726543	-0.03453369021	0.0260891784	-0.04629395358
	-0.05778319485	-0.1341089227	-0.1266054929	-0.068960388	0.0530724092
	-0.07977526071	0.09264317722	-0.09018296894	-0.1001193304	-0.1095417864
	0.1369749264	-0.1183748357	0.1762995211	-0.1409218563	0.2018978967
	-0.1466564234	0.2105619271	-0.1513360133	-0.1544829138	0.2061332323
	-0.1512854991	0.1931581311	-0.1273281495	0.1787724155	0.1647358178
	-0.1360159172	-0.1417146215	-0.2500917987	0.1521892727	-0.2077103447
	0.1399732079	0.1278963842	-0.0006661761205	0.1155557622	-6.87394358e-34
	-1.6744231e-33	-0.4962011723	-5.968661237e-34	-0.0007483098621	-3.436669142e-34
	-0.2588386601	-0.3347951787	-0.1529114754	-0.1811496374	-0.002545068566
	-0.003169276114	0.004223591996	-0.001642446978	-0.146292851	-0.1429720516
	0.03593618831	0.01495148247	-0.1616487528	-0.1554291639	0.06744616271
	0.109780677	-0.1666639875	-0.1665977251	0.1839523279	0.1525207281
	-0.164871974	-0.1602437571	-0.1477103236	-0.1546666964	-0.1401977411
	-0.1318546508	0.2017007442	0.202303952	-0.1230380109	-0.1135766453
	0.1788693834	0.1929048641	0.1641030241	0.1511953106	0.1386776113
	0.126661077	-0.1036754561	-0.09327252503	-0.07134159245	-0.08249378395
	-0.05988783898	-0.04816076888	-0.03620185635	-0.02404774265	0.1019909139
	0.1143853467	-0.01172589835	0.0007269670026	0.08940421295	0.07676097158
	0.05133258931	0.06404898577	0.0259247728	0.01328770032	0.03861323156
	0.06302069095	-0.001943063216	0.05029444283	0.03754892213	-0.001614999846
	-0.2879550865	0.02482453271	-0.2018806372	0.01212819456	0.0009804751098
	-0.00050308743	-0.01305757454	0.008283947328	-0.1737918569	-0.1785495728
	-0.02549606699	-0.03780503644	0.02168737612	-0.04994120109	-0.06188965261
	0.04691067816	-0.07360039638	-0.08505632766	0.08293990936	-0.09619752263
	-0.1458493262	-0.1070039703	0.1256214705	-0.1174049758	-0.1273833087
	0.163129776	-0.1368705398	0.1873713518	-0.1542701295	-0.1620117228
	0.1964153032	-0.1689659397	-0.1746470524	0.1912051166	-0.1786773625
	-0.1801705277	0.1790071346	0.1640867062	-0.1673549352	-0.1639266643
	0.1503820971	-0.1737568134	0.1375379995	-0.3746337698	0.1254229779
	-0.5249255542	0.1132032368	-0.0006954057364	0.1008907312	0.08834994684
	0.07573015526	-4.785005511e-34	-6.87746157e-34	-0.5482405488	-2.72556157e-34
	-3.431384313e-34	-0.0005398827201	-0.4167440639	-0.308360477	-0.1921017235
	-0.2279152939	-0.001235958521	-8.238325179e-05	0.01260093994	0.003427701042
	-0.184166409	-0.1853376204	0.02913355512	0.05917905182	-0.1928305821
	-0.190907063	0.0980742478	0.1381685878	-0.1927252831	-0.1890760555
	0.1701811915	0.1857095076	-0.1837312578	-0.1767005378	-0.1602054452
	-0.1688292336	-0.1510808577	-0.1414526349	0.1880174723	0.1784553288
	-0.1313998527	-0.1209284337	0.1501027115	0.1642200517	0.124282567
	0.1365149074	0.112016218	0.09979067895	-0.0989142606	-0.1100860912
	-0.07572083984	-0.08744083753	-0.06376664112	-0.05163211657	-0.02688781881
	-0.03932313618	0.07471790677	0.08730135144	-0.001697221345	-0.01433248714
	0.06201076113	0.04927873635	0.03651064607	0.0110064489	0.02374951758
	-0.0004967588621	0.02270839402	0.001288953906	0.009914422783	-0.002844745691
	-0.3221738946	-0.0155666729	0.005816835971	-0.02821284783	0.01740040646
	-0.2030026319	-0.04078049056	-0.05322708265	-0.06555211785	0.03823114576
	-0.07770545622	0.07201534032	-0.198913568	-0.08969010498	-0.101443615
	-0.1129738421	0.1115369334	-0.1751446974	-0.1242017985	0.1476576327
	-0.1351467224	-0.1457157407	-0.1559505305	0.1719067692	-0.1657542173
	0.1805806417	-0.1839744967	-0.1920298173	0.1769295358	0.1644363732
	-0.2040216297	-0.2065045616	-0.2063999857	0.1501066279	-0.2032359187
	0.1359726664	-0.2107268456	-0.2473246958	0.1232163896	0.1108662485
	-0.4542402007	-0.544664355	0.09868513468	0.08625818856	0.03549879406
	-0.0003095652504	0.07372057628	0.061025634	0.04828910723	-5.484605526e-34
	-6.854938492e-34	-0.5315255819	-2.477701206e-34	-3.415191923e-34	-0.0001808284964
	-0.4906657396	-0.3467438592	-0.2289988601	-0.2644770105	8.918093968e-05
	0.002511940309	0.02325830342	0.008396002233	-0.2198059833	-0.2191345488
	0.0479846596	0.08452474858	-0.2184940281	-0.2203864706	0.1230149383
	0.152626691	-0.2076653016	-0.2142724208	0.1721493196	0.17035592
	-0.1905663285	-0.1995809259	-0.1708322181	-0.1808922661	-0.1496360692
	-0.1603801178	0.1504248714	0.164068673	-0.1272296484	-0.1385607385
	0.135666052	0.1225044135	0.1097572622	0.09760339083	0.0852154654
	0.07273824603	-0.1156174646	-0.1038023677	-0.07957419048	-0.09176436393
	-0.06721440304	-0.05474448286	-0.02948558399	-0.04215210493	0.04732932927
	0.06006169647	-0.00395463779	-0.01674092744	0.02169908062	0.03451955949
	0.008865589383	0.003797139676	-0.005011916315	-0.5145693088	-0.01787183441
	-0.03068807477	0.01163786628	-0.04346543868	-0.2810951344	0.02995493232
	-0.056164621	-0.06879357274	-0.08130706821	0.05872555981	-0.2331518413
	-0.2294590446	-0.09371902365	0.09596726304	-0.1059729351	-0.1180914846
	-0.1300014105	0.130531741	-0.1417405012	-0.1862247939	0.1542642059
	-0.153216703	-0.1644969199	-0.1754727097	0.164793821	0.1614958837
	-0.1965991535	-0.2065345153	-0.2156741652	0.1506125839	-0.2235940821
	0.1359994243	-0.2337617562	0.1220350444	-0.2360987779	0.1088981637
	-0.2457356003	-0.363475053	0.09654426587	-0.5054419	0.08418219536
	0.07176864199	1.953986239e-05	0.007853750561	0.05912370512	0.04640228426
	0.03357647915	0.0207317366	0.0005384085138	-3.631584849e-34	-6.815672386e-34
	-0.500743716	-1.963210995e-34	-3.394344647e-34	5.807673889e-05	-0.3856087033
	-0.5240362853	-0.2966310139	-0.2613584079	0.0009811376122	0.005403617914
	0.03767111676	0.01544237401	-0.2470013397	-0.2504635355	0.06915939388
	0.1050281773	-0.2444825574	-0.2392769637	0.1353468764	0.1519498259
	-0.2319090208	-0.222909135	0.1493529404	0.1568042718	-0.2021041921
	-0.2127540244	-0.1909992834	-0.1797264941	-0.1565109729	-0.1681896535
	0.1221458316	0.1363246476	-0.1446057426	-0.1325672159	0.09565871007
	0.1082131756	0.08316273239	0.0708103533	0.0582033776	0.04550487187
	-0.1203371891	-0.1079991753	-0.08294023998	-0.09551028337	-0.0575156591
	-0.07025667334	-0.04469583218	-0.03184055198	0.01980224575	0.03266984015
	-0.01894176002	0.006889126624	-0.006028611853	-0.04586975381	0.02038367564
	-0.4807167379	-0.05877240323	-0.07164394383	0.04573596566	-0.08444485909
	-0.09719553652	0.07861539375	-0.1098486283	-0.1224343624	0.1117032709
	-0.1348915163	-0.254759873	-0.1472665587	0.1359696435	-0.1594804835
	-0.2293923664	-0.1716089323	-0.2184802064	0.146962612	-0.1835521788
	-0.195414725	0.1465338078	-0.2070499602	0.1361284422	-0.2394811934
	0.1224971271	-0.2480287828	0.1081387495	-0.2588046655	-0.2640626748
	0.09492075694	-0.2759781959	-0.312539692	0.08225388464	-0.3998229889
	-0.5309385787	0.06987228774	0.05730383863	0.0001996203183	-0.03292146688
	0.04464291458	-0.01996509081	0.03180411269	0.01892216982	0.005968901815
	0.001467128377	-0.006987381094	0.007378072559	-3.30083403e-34	-6.770202089e-34
	-0.466622317	-1.656464711e-34	-3.369919715e-34	0.0002745791949	-0.539302273
	-0.4186812746	-0.2892946051	-0.3265582603	0.01001449667	0.002142309236
	0.02564868091	0.05379539774	-0.2694902026	-0.2759283296	0.1150375875
	0.08666444981	-0.2558811233	-0.2637780974	0.1341106127	0.1392755806
	-0.2461351127	-0.2352481298	0.1226436203	0.1347339514	-0.2115474594
	-0.2235187748	-0.187044429	-0.1993084799	-0.1622049151	-0.1746383984
	0.09466465442	0.1082809985	-0.1496423987	-0.1370407406	0.06900987053
	0.08144968539	0.04380224816	0.05642449262	0.01808128853	0.03097594495
	-0.1243259856	-0.1115752221	-0.09873335219	-0.08586349539	-0.07292483608
	-0.0599673777	-0.04696482432	-0.03395417983	-0.007902955303	0.005099754974
	-0.02092666136	0.03172988019	-0.08716419827	0.06116218195	-0.1001788658
	-0.1131423046	-0.4304616268	-0.1260897502	0.0919504752	-0.1389729425
	0.1157851826	-0.2869642984	-0.1518426436	-0.1646365157	-0.2718837886
	-0.177432243	0.1290956277	-0.1901472757	0.1297903008	-0.2028915023
	-0.2155319089	-0.228136513	0.1221748515	-0.2404167357	0.1087438376
	-0.252169529	-0.2627678739	0.09471853794	-0.278854175	0.08105915023
	-0.3018118779	-0.3412250472	0.06824503229	0.05560377493	-0.5400658142
	-0.4490217603	0.04300453717	0.03018616082	-0.0741376013	0.0004505621188
	0.01729806679	0.004280223688	-0.008753532584	-0.02183849419	0.003078040663
	-0.03491365226	0.01295333773	-0.04800560457	-0.06107242892	-2.88744043e-34
	-6.714550762e-34	-0.4364763362	-1.471814846e-34	-3.3374873e-34	0.0006653787227
	-0.4454862977	-0.5421326466	-0.3130547912	-0.3539100333	0.004168782129
	0.01647423137	0.06720093179	0.03755346528	-0.2964967239	-0.2872302936
	0.09528040352	0.1134790492	-0.2688793181	-0.2788811179	0.1188287131
	0.1221542469	-0.2573685903	-0.245036373	0.1087529099	0.0951155698
	-0.2321221319	-0.2191201949	-0.2060007038	-0.1929597636	-0.1668595419
	-0.1798787521	0.06778866916	0.08091373157	-0.1537924398	-0.1407584649
	0.04224785198	0.054858562	0.02943963941	0.01654828822	0.00351788885
	-0.009560605555	-0.1146070919	-0.1276737666	-0.088392739	-0.1014945439
	-0.06212360142	-0.07525411489	-0.04897069883	-0.03582736	-0.02268540642
	0.07161269781	-0.1159318197	-0.420917789	-0.1291519479	-0.1423554352
	0.09542532395	-0.1555965923	0.1091273864	-0.1688283651	-0.1821287206
	-0.3052696293	-0.1954325959	0.1132640048	-0.2851019442	-0.2088482902
	0.1068657976	-0.2222573429	-0.2357510284	-0.249051007	0.09547289663
	-0.2620457158	0.08131432953	-0.2741545016	-0.2944944714	0.06760694605
	0.05436675653	-0.323639713	-0.367087669	-0.4544300623	0.04158691981
	-0.5395001719	0.02874521514	0.01587267206	0.0009417729608	-0.102733175
	0.002806531228	-0.01028938635	-0.07631161666	-0.0630877096	-0.0234797911
	-0.03666193096	0.005653461667	-0.04988426951	0.02005262017	-0.08951449494
	0.04322971492	-2.646100303e-34	-6.636500991e-34	-0.409200899	-1.324048209e-34
	-3.291706082e-34	0.001314187135	-0.4659694237	-0.5378164041	-0.333143976
	-0.3783302859	0.007177399861	0.02386104099	0.0738416712	0.04804274987
	-0.3008391857	-0.3127209766	0.09369314388	0.1025171727	-0.278732624
	-0.2903269672	0.09431048677	0.1030142557	-0.2525748305	-0.2659588438
	0.06786168489	0.08169924462	-0.2388046447	-0.2250445767	-0.1976568427
	-0.2112735643	-0.1706246334	-0.1840762898	0.04110282066	0.05408884016
	-0.1571860981	-0.1438343377	0.02813450283	0.01523408102	0.002168158419
	-0.01097668671	-0.02419810619	-0.03745288831	-0.1304765849	-0.1171757364
	-0.09057901178	-0.10385888	-0.06400623143	-0.07728052094	-0.05072002971
	-0.1586610602	0.08945606698	-0.1722060527	-0.1858669738	0.09450805303
	-0.4721786384	-0.1995921206	-0.3898855846	-0.2134864267	0.09183158285
	-0.2274425374	-0.2415616436	0.08129108868	-0.2555697122	-0.2694325495
	0.06835359214	-0.2825925297	-0.2949121676	0.05428503385	-0.3063103028
	-0.3196092057	0.04086320256	-0.3420816748	0.02768415996	-0.5325363285
	0.01471855384	-0.3950122081	0.00159093049	0.001729765227	-0.145153281
	-0.01155764207	-0.1317189261	-0.02485857136	-0.03814690711	-0.05150458274
	0.009184103393	-0.06483325348	-0.07819945675	0.02736152369	-0.09154453287
	-0.1049241411	0.05151704787	-0.1182979903	0.07417730758	-2.417875377e-34
	-6.524745987e-34	-0.3834367	-1.203870837e-34	-3.227670105e-34	0.002265556015
	-0.5281323035	-0.4805722732	-0.3996835615	-0.3502005713	0.0110586108
	0.03044524361	0.07223158386	0.05372666192	-0.3253129602	-0.3109062786
	0.08367827468	0.08502872796	-0.285825417	-0.2985899291	0.07973378373
	0.06815569167	-0.2722080754	-0.2581300497	0.0409459783	0.05466971334
	-0.2295368295	-0.2437994023	-0.2013200422	-0.2153273915	-0.173649952
	-0.1873980868	0.01429908747	0.02742567928	-0.1599546695	-0.1463822423
	0.001127970738	-0.01209628918	-0.02541403639	-0.03879536657	-0.06561858296
	-0.0521941814	-0.1328305807	-0.1193603965	-0.09246583696	-0.1058878873
	-0.07902778491	0.07628606547	-0.202803213	0.07467162387	-0.2169991629
	-0.2312938435	-0.2457915133	0.06739818075	-0.2602216597	0.05479295812
	-0.2746116822	-0.3307769459	-0.2884410894	-0.3017694794	0.04137555342
	-0.3149014534	0.02747433434	-0.3578396784	-0.4096493463	0.0141244804
	-0.4840471964	0.0007704052829	-0.5204121713	-0.3695261111	-0.01247046366
	-0.02590016169	-0.1888084732	0.002815677686	-0.03930530417	-0.0528228046
	-0.1474746031	-0.06628880045	-0.07980716532	0.01319924556	-0.09328348277
	0.03277932101	-0.1068037117	-0.1203119907	-0.1338812999	0.05391968975
	0.06875727617	-0.1611625818	-0.1749133742	-2.205406181e-34	-6.370469706e-34
	-0.3573378413	-1.089809875e-34	-3.14230601e-34	0.003411080839	-0.513493039
	-0.4894654943	-0.3649640724	-0.4180150408	0.01497972549	0.03406422752
	0.06334948958	0.05279775063	-0.3180749544	-0.3351496027	0.06343170867
	0.06770801953	-0.3041278757	-0.290508683	0.05442431899	0.04147617072
	-0.2763867882	-0.261937196	0.01409478285	0.02777969303	-0.2473185102
	-0.2327910757	-0.2041143248	-0.2183429677	-0.1899934988	-0.1760675934
	0.0006029749203	-0.01280324643	-0.1484981602	-0.1622128461	-0.03976828967
	-0.02623294304	-0.05331351053	-0.06690949122	-0.08047038702	-0.09405812743
	-0.1212161223	-0.1348122738	-0.1076125599	0.05168274729	-0.2339837212
	-0.2486310933	-0.2632244222	0.04152430003	-0.2778423781	0.0279788443
	-0.4264240731	-0.2920568263	-0.3061566972	-0.3209837257	0.01442799123
	-0.3397582936	0.0005615485156	-0.3716942731	-0.490077314	-0.01288368949
	-0.5030379532	-0.02650595927	-0.3428164494	-0.04002730149	0.003969598225
	-0.2195446592	-0.05373217066	-0.06736001248	-0.1910810607	-0.1770612479
	-0.08106785525	-0.09469617472	0.016548465	-0.1083683166	0.03436286696
	-0.1219991176	-0.1356897978	-0.1493922907	0.04974590848	-0.1631941295
	0.0569697539	-0.2052092118	0.05817172023	-1.986872321e-34	-6.173492851e-34
	-0.3293734085	-9.748298802e-35	-3.038511794e-34	0.004425091783	-0.4923940332
	-0.4933020991	-0.3782288533	-0.4333083178	0.01761124827	0.03328489744
	0.04557740632	0.04910039775	-0.3433378788	-0.3231766104	0.04775152045
	0.03939942691	-0.3074782396	-0.2931567244	0.02812630549	0.01450205248
	-0.2641984261	-0.2787556339	0.0007610903815	-0.01300792472	-0.2349525847
	-0.2495317685	-0.2061516265	-0.22044924	-0.1779554327	-0.1919589328
	-0.04029944396	-0.02659679835	-0.1640195609	-0.1502181327	-0.0677632819
	-0.05396681427	-0.08149570458	-0.0952740464	-0.1089802884	-0.1364320175
	-0.1227242132	-0.279400899	0.01482199384	-0.3135139975	-0.2938755152
	-0.3087267059	-0.4897733403	0.0008019487328	-0.3255437813	-0.3477998431
	-0.01282985199	-0.3844226578	-0.4400458407	-0.02675792071	-0.479544918
	-0.04034846451	-0.05420694223	0.004814861868	-0.264771068	-0.06794869481
	-0.2502213333	-0.08185795126	-0.095656579	-0.1095134145	0.01799754396
	-0.1232844391	-0.1927352729	-0.1786812868	-0.137099481	0.03132037693
	-0.1508909624	-0.1647646454	0.03997673831	0.04068442006	-0.2068794725
	-0.2212104554	0.03677367364	-0.2356229834	0.02679599522	-1.755930646e-34
	-5.948292114e-34	-0.2982855844	-8.538257443e-35	-2.926425618e-34	0.004948791669
	-0.4884886134	-0.4663823073	-0.390707057	-0.4451910962	0.01786296979
	0.02795692025	0.03116317515	0.03353803488	-0.3274101424	-0.3512710617
	0.01382787581	0.02513143299	-0.3094427992	-0.2942926725	-0.01297654684
	0.001061294981	-0.2651138361	-0.2796342064	-0.04064489527	-0.02677229781
	-0.2505654157	-0.2361006411	-0.2074536096	-0.2216941327	-0.1792895623
	-0.1932940119	-0.0543299283	-0.06823099626	-0.1514686988	-0.1653270978
	-0.08204567887	-0.09600548151	-0.1098586838	-0.1237651408	-0.1375893028
	-0.01272531384	-0.3300218101	-0.02708199392	-0.3563826479	-0.3965627123
	-0.4497540498	-0.04080061829	-0.4819457805	-0.0547678929	-0.4485601118
	-0.2805694406	-0.06841966605	-0.0823683789	-0.3105556688	0.005013812668
	-0.09619426429	-0.1101791357	-0.2651148074	-0.1240578885	-0.1379897877
	0.01678213843	-0.1518577872	-0.2220089445	0.02404300807	-0.1657776188
	-0.179700291	-0.1937205978	0.02613993092	-0.2077936118	0.02133926721
	-0.2362757616	-0.2506955191	0.01313392801	0.0005603100818	-0.2797148403
	-0.2946065605	-1.508759731e-34	-5.725185706e-34	-0.2631964449	-7.249891486e-35
	-2.824576798e-34	0.004740157251	-0.4311857732	-0.476080401	-0.402637443
	-0.4524662692	0.01528297678	0.01888194886	0.01819071393	0.01069822746
	-0.3604945556	-0.3324825973	0.0006298620553	-0.0129997894	-0.2948769542
	-0.3113986753	-0.04136519127	-0.02698636679	-0.2650506493	-0.2796243208
	-0.06910744094	-0.05524512469	-0.236333597	-0.2506207343	-0.2079987979
	-0.2221037542	-0.1939426917	-0.179994156	-0.08276530188	-0.09664973088
	-0.1521779964	-0.1660492721	-0.1104397762	-0.1243926457	-0.1382471984
	-0.05612281269	-0.4078167438	-0.2433670785	-0.453602406	-0.464521396
	-0.06993321789	-0.4085034042	-0.08380381988	-0.09732290902	0.004370939567
	-0.3668488564	-0.1111096204	-0.1247917634	-0.3134657124	-0.2956262224
	-0.1386441801	-0.152439112	0.01278468884	-0.1663080736	-0.2504479871
	0.01354051365	-0.1801609817	-0.1940801276	-0.2080286263	0.009558439078
	-0.2220753753	-0.0001025871652	-0.2361858655	-0.2648916702	-0.01216949227
	-0.2797411641	-0.02691896707	-0.3363413627	-0.04142749315	-1.247182656e-34
	-5.552571024e-34	-0.2237966365	-5.886138241e-35	-2.760462832e-34	0.003728292317
	-0.4525842604	-0.3861275681	-0.4524103824	-0.4129158055	0.0100623975
	0.007202186982	-0.01148247155	0.0006762494131	-0.3404031596	-0.3720164233
	-0.02530647463	-0.04107603257	-0.2967776101	-0.3155795953	-0.07112955189
	-0.05635511961	-0.2650563983	-0.2801424276	-0.08513633185	-0.09881286831
	-0.2362142401	-0.2504483551	-0.2221077702	-0.2081587627	-0.1942568073
	-0.1804718109	-0.1258136662	-0.1122443576	-0.1666836947	-0.1530229568
	-0.1393260683	-0.3581317015	-0.1007397712	-0.2020069343	-0.1143855148
	0.002877565639	-0.4345078245	-0.1275878305	-0.4477452602	-0.1409302484
	-0.1542089374	-0.1676753603	0.00642251539	-0.1811864793	-0.3200003894
	-0.2993919046	-0.1948284667	0.0009431641471	-0.2658538075	-0.2085725548
	-0.2224507387	-0.00873494656	-0.2365437027	-0.2509010978	-0.02288702704
	-0.2816265078	-0.0386998704	-0.05559447131	-0.3462576986	-0.3792244778
	-0.07155863813	-0.415895318	-0.0867369481	-9.785343666e-35	-5.491741805e-34
	-0.1806873202	-4.484383703e-35	-2.765018193e-34	0.002000193836	-0.3303227451
	-0.4147694129	-0.4400421347	-0.4176688331	0.002824766768	-0.005943764024
	-0.01804172725	-0.03455376028	-0.3845389118	-0.3521905857	-0.05214188688
	-0.07018547457	-0.3245477549	-0.3028893738	-0.102582864	-0.08713784282
	-0.2676911843	-0.2840250256	-0.1304207191	-0.1169481394	-0.2523237154
	-0.2378252803	-0.209891834	-0.2236649126	-0.1829218612	-0.1962686038
	-0.1435521697	-0.1696575281	-0.1566062521	-0.1335908253	-0.1472106041
	0.0006947286495	-0.1602593954	-0.1731618768	-0.3886276106	-0.1860808255
	-0.1991823436	-0.001548645686	-0.2125786402	-0.3898537356	-0.01262208031
	-0.2262793886	-0.2405472744	-0.2553745335	-0.02766625265	-0.2713836176
	-0.04600980879	-0.288731596	-0.3087183248	-0.3318326269	-0.06560510393
	-0.3591003149	-0.08488662141	-0.4149697002	-0.4261623821	-0.1028342519
	-0.1189428579	-0.2975321853	-0.1577162957	-7.148375583e-35	-5.597635205e-34
	-3.130136002e-35	-0.135746534	-2.860264591e-34	-0.0002427369396	-0.3599697049
	-0.2649219652	-0.4089535619	-0.4083697322	-0.01937650805	-0.005548897078
	-0.05715321189	-0.03671631418	-0.364589215	-0.3915533199	-0.07854940764
	-0.09915354588	-0.3150357153	-0.3382032565	-0.1184304	-0.1352160963
	-0.2943571519	-0.2765246645	-0.1644875827	-0.1506693932	-0.245048005
	-0.2600708646	-0.2306952433	-0.2170622273	-0.2037756018	-0.1907673631
	-0.1778377945	-0.001880887726	-0.1821344573	-0.1131257258	-0.1960481204
	-0.209416259	-0.2229871823	-0.01012372269	-0.3821384626	-0.2367848308
	-0.02584584487	-0.2513967246	-0.2668041386	-0.2836619027	-0.3450667213
	-0.04563226352	-0.3020601002	-0.06761407039	-0.3225014879	-0.3676405132
	-0.09081304113	-0.3887395917	-0.1127427978	-0.3952011139	-0.3253389287
	-0.1333392386	-0.2294380363	-0.1512430479	-0.1675784467	-4.703271859e-35
	-5.890565702e-34	-0.09220219486	-1.938658273e-35	-3.044519861e-34	-0.002711041868
	-0.2886801854	-0.1945052123	-0.3514966587	-0.375901805	-0.03161952923
	-0.01394203902	-0.0533373855	-0.07677663	-0.3796036406	-0.3658055265
	-0.1015313073	-0.1247240241	-0.3274398393	-0.3476635095	-0.146873905
	-0.165947211	-0.2900487663	-0.3080278964	-0.1837295728	-0.1992387194
	-0.2732793936	-0.2577112076	-0.2429211003	-0.2284679602	-0.2142667601
	-0.2307149605	-0.246205264	-0.07195392215	-0.01801433898	-0.2618565863
	-0.2480309559	-0.2777222619	-0.03697972231	-0.2941246424	-0.3112458942
	-0.06012067965	-0.3280260552	-0.3445341778	-0.08448336846	-0.3556847791
	-0.3607083436	-0.1102570358	-0.3465525648	-0.3129074933	-0.1344982543
	-0.1599732922	-0.1578395817	-0.1783137633	-0.004427356069	-0.1974334619
	-0.2143969168	-6.330452554e-34	-2.58988972e-35	-0.05398548915	-9.956721705e-36
	-0.00502360993	-3.281718065e-34	-0.2075201593	-0.126928824	-0.3115218115
	-0.2710435948	-0.02096315388	-0.04073496292	-0.08954405457	-0.06496819041
	-0.3337047699	-0.3369556943	-0.1159757545	-0.1406734518	-0.3323554991
	-0.3203641577	-0.1650517161	-0.1864990215	-0.290974153	-0.3066211943
	-0.2070711769	-0.2251227939	-0.2590173717	-0.2753898251	-0.2427862906
	-0.2466363896	-0.2630262433	-0.02366201	-0.277839243	-0.0438444321
	-0.1667236322	-0.2914022265	-0.3014198971	-0.3083321179	-0.0678885301
	-0.3063156884	-0.09229678711	-0.2959521403	-0.2683089134	-0.2257705903
	-0.1181331946	-0.142797904	-0.09733556698	-0.03790007953	-0.1670635434
	-0.1891180391	-0.006416825959	-0.2100278546	-0.2289381394	-9.234278618e-36
	-6.808211508e-34	-0.02435581133	-3.155031686e-36	-0.006706711699	-3.502926518e-34
	-0.12894046	-0.07041509953	-0.1806211001	-0.2230824001	-0.02506619617
	-0.04460908336	-0.09123269047	-0.06841842719	-0.2677728379	-0.2525471124
	-0.139291343	-0.116078198	-0.271472513	-0.2743944636	-0.1627937609
	-0.1838985468	-0.2646682466	-0.2526688866	-0.2221985466	-0.2044448045
	-0.2390920088	-0.02555109369	-0.2268945685	-0.01326265654	-0.04443465668
	-0.2313382069	-0.2310149352	-0.2218228476	-0.06618490771	-0.2047775405
	-0.08746012912	-0.1762703355	-0.138319335	-0.094678107	-0.1096154706
	-0.04831454283	-0.1309637285	-0.1518471067	-0.007330154164	-0.1712074
	-0.1889381598	-0.2045533462	-0.2171806559	2.295350525e-36	-7.169967294e-34
	-0.004590685017	1.301580241e-36	-3.628210535e-34	-0.007257120461	-0.06534707896
	-0.02962259318	-0.1000541167	-0.1329542294	-0.04183062399	-0.02498669435
	-0.07992415414	-0.06190329015	-0.1578939458	-0.1748662281	-0.09936606109
	-0.1170749571	-0.1845810485	-0.1864909364	-0.1348934903	-0.1503917159
	-0.1838250075	-0.1647976513	-0.1755518448	-0.0380831048	-0.1299338254
	-0.1151705355	-0.05472838255	-0.09447455107	-0.06834502142	-0.07009988153
	-0.04134322435	-0.01528132537	-0.08540694961	0.001858168282	-0.09970245808
	-0.006872983814	-0.1388078933	-0.141474771	-0.1128966482	-0.1244840981
	-0.1335190256	-0.1397186014	-0.02293266338	8.698189727e-36	-7.279234219e-34
	0.006385576674	3.699456025e-36	-3.60698505e-34	-0.006376615016	-0.004182447308
	-0.02241677213	-0.0626066583	-0.04244027159	-0.03268548833	-0.02037570223
	-0.05819273823	-0.04658489165	-0.0909278309	-0.07855244703	-0.06996788302
	-0.07990419619	-0.09822823413	-0.1011170319	-0.09568012905	-0.08895885596
	-0.1001611578	-0.03745881882	-0.02278311178	-0.03662760434	-0.008262297743
	-0.04531560477	0.003892628185	0.009430208596	-0.05318544157	-0.05963310983
	-0.005124985572	-0.04961642871	-0.06449827344	-0.06741172038	-0.0677043084
	-0.06508172472	-0.016444527	-0.05910927749	-0.02634030002	1.085998715e-35
	-7.092393728e-34	0.01126964818	4.497035628e-36	-3.450370977e-34	-0.004305960119
	0.001968967258	0.009548898141	-0.00814117044	-0.01860083307	-0.01250455879
	-0.0196109978	-0.03243429187	-0.02676546922	-0.02747952504	-0.03492463957
	-0.03719720441	-0.04052988965	-0.03949851715	-0.04211123498	-0.04217476632
	-0.01675713474	0.01334986201	-0.02007215734	0.01233708868	-0.02235759877
	-0.002629444218	-0.02338238332	0.002325702538	-0.0229418325	-0.02086316156
	-0.01707534489	-0.008002199154	-0.01160280082	-0.01245389912	-0.004943861318
	0.009074732321	1.062229473e-35	-6.692264179e-34	0.01271965735	4.478980438e-36
	-3.22556604e-34	-0.001749191224	0.01563485508	0.01377581528	0.004473408683
	0.009530747941	-0.00387936784	-0.006172170603	-0.009231620022	-0.007776995008
	-0.0003296820133	-0.004547147642	-0.009550850533	-0.007344747151	-0.00919215203
	0.0001569119424	-0.0002153096481	0.01275896686	0.0009475113103	0.002254106838
	0.01692363698	0.004526442332	0.007508116813	-0.0001452798472	0.01107588966
	0.01448155344	-0.000139141569	0.01701407515	9.871231155e-05	9.513771004e-36
	-6.235723555e-34	4.119359703e-36	0.01251319166	-3.012544589e-34	0.0004560971291
	0.01889550758	0.01769262419	0.01540186839	0.01773873925	0.004276512384
	0.002927051025	0.006311173639	0.007284127413	0.01293922006	0.01058724828
	0.008973766209	0.001431163496	0.01459174142	0.01631339995	0.01828297729
	0.01977581314	0.005071102226	0.02017254078	0.007931431912	0.0181212383
	0.01223367383	0.0108371777	0.01260708282	8.219259971e-36	-5.858291568e-34
	0.01196093905	3.67463091e-36	-2.859537986e-34	0.001753005563	0.01823545582
	0.02066057643	0.01942189913	0.02073278046	0.006515565098	0.009870418746
	0.01362422308	0.01791385476	0.01566731927	0.01934931623	0.02046374148
	0.01171873203	0.02055735309	0.007033459415	0.01805170113	0.01102359433
	0.01487865258	0.002092875737	0.01723963263	7.356491037e-36	-5.615209506e-34
	0.01134854528	3.448119093e-36	-2.772361446e-34	0.002100310788	0.01930999681
	0.01744363015	0.01715785552	0.01908083439	0.007091590157	0.01092137338
	0.01491284982	0.01606374861	0.006573704217	0.010857928	0.01042368901
	0.001993935022	0.01408354618	0.01624233595	0.01744619954	6.864929681e-36
	-5.490580351e-34	0.009816546084	3.359056898e-36	-2.732755845e-34	0.001839666785
	0.01418412212	0.01413836331	0.01264925303	0.005931068309	0.009313730159
	0.005087556304	0.00816465285	0.001550966594	0.01078800465	0.01127814546
	0.008592994306	5.818034852e-36	-5.441159528e-34	2.969378346e-36	0.006651634995
	-2.719580027e-34	0.001373478376	0.0082788191	0.00666916392	0.004306320786
	0.001064518176	0.004968189511	0.004798811009	0.00343771659	-5.429020732e-34
	3.47691207e-36	0.002704344332	2.067896389e-36	-2.718456643e-34	0.002420357232
	0.000897284061	0.0005590165847	0.001226332819	-5.432877631e-34	3.871705805e-37
	1.573513323e-36	0.0001893030646	-2.723764716e-34	-1.34762744e-34	-5.443746226e-34
	-2.691211645e-36	
