3721	
	-1.840819731e-35	1.339603722e-35	4.351074846e-34	1.835215978e-34	4.840085893e-34
	0.02787087345	0.009222739884	3.407743706e-35	1.213808743e-34	0.06489767616
	0.0187507862	0.01601294635	4.883307206e-34	2.007032425e-34	0.05345973133
	0.02127037559	0.03291485562	0.01913027173	-3.420197726e-35	1.267748809e-35
	0.0002375589503	2.288375793e-34	5.358253321e-34	0.01209508039	0.01144039535
	0.01594168199	0.009725676908	0.03481336516	0.02606986398	-0.01500438708
	-0.01117786407	-0.0143432504	-1.550469494e-35	0.00903347103	0.009397055041
	1.158093304e-35	0.008268708745	0.008227496919	6.33841539e-34	2.759404482e-34
	0.02589329166	0.02033050236	0.01996415173	0.0123661754	5.493948156e-36
	-0.01664047159	-0.01113595324	-9.77363076e-36	-0.01506850547	-0.005016558206
	0.01782829614	-0.005194169684	0.01191307518	-0.01224230994	0.005977215835
	0.006710118143	0.006493521698	7.453637845e-34	3.397269451e-34	-6.228113769e-36
	-0.01060477971	2.874736308e-36	-0.007488263684	0.02898249759	0.01996792339
	0.01993647942	0.02143996759	0.01201698364	0.02278388098	0.02601360419
	0.03212250158	-0.004161253623	-0.00961966576	-0.01127349144	-0.008267067949
	0.01796095071	0.005823812366	0.004730532126	0.007395970324	0.006606124756
	8.18901844e-34	3.948595163e-34	0.04294463295	0.03287975893	0.02268276847
	0.02490997403	-0.005152146759	-5.135434064e-36	-0.007078708379	6.857313885e-37
	-0.002917897136	-0.005380638564	0.004398174164	-0.002318962775	0.03693509768
	0.04171039115	0.05512975911	0.0539275463	0.03130377143	0.01383811217
	0.00883950207	0.05031510407	0.01888854074	0.02713044332	0.03899342587
	4.161535378e-34	0.009285284073	0.008058965555	8.191748435e-34	0.05665173625
	0.04860777049	0.02839390788	0.03167975155	0.08962788636	0.0707091631
	0.0771640322	0.06609724967	-0.0009797649372	9.328984434e-38	-3.837316286e-36
	-0.003886368337	0.002203719337	0.007616437422	0.02141065623	0.01078256539
	0.03647932661	0.0525143796	0.02342381466	0.03607830873	0.06715685108
	0.07052079779	0.06168532997	0.0509075212	0.08069734815	0.09346632643
	0.08974978027	0.01097083909	0.00969940824	7.428649943e-34	3.940768877e-34
	0.03484794068	0.0366489882	0.06503888919	0.06089575189	0.1151849087
	0.1027304962	0.09270515755	0.08686852287	5.17717902e-37	0.007424263359
	-1.306726096e-36	0.002374557811	0.1155741493	0.1401635591	0.1309762299
	0.1144825526	0.03366782159	0.01574984529	0.02562815935	0.04975563108
	0.09535518942	0.07148646273	0.07305876617	0.05296547903	0.1019514274
	0.1279836068	0.0886961335	0.1418782958	0.1377740851	0.1136286307
	0.1124936078	0.01171353246	0.01052769292	6.097851237e-34	3.36158132e-34
	0.06630784464	0.06564858928	0.03833022432	0.03831149783	0.1202790617
	0.09667627544	0.09670948837	0.1238796817	1.936809726e-36	0.0214321179
	3.000703421e-36	0.01361667695	0.1480400274	0.1560472528	0.1673774923
	0.1429355	0.0681056268	0.08918938086	0.03803503119	0.05285032054
	0.1810819884	0.1660690321	0.1896155276	0.167085184	0.1214135816
	0.1482464438	0.09635211878	0.1210465488	0.1922405103	0.1900078656
	0.1548769053	0.1684650176	0.1819532016	0.1412393309	0.164774012
	0.01148889172	0.01041614307	4.480201496e-34	2.572824761e-34	0.06205319429
	0.06370462451	0.03825742646	0.0368941482	0.1185474457	0.1214047538
	0.09140546947	0.09549696786	4.353859169e-36	0.04118909761	9.352024061e-36
	0.0307367613	0.1456352755	0.1693002345	0.1698063074	0.1493611519
	0.1351115157	0.1118926978	0.06960263665	0.08827321378	0.1901634656
	0.2070084914	0.2013582781	0.1895048295	0.1727457622	0.1750106275
	0.1998973775	0.1476431757	0.2288439543	0.2139861152	0.2199148508
	0.2112635751	0.1952612474	0.2334662935	0.2290166857	0.2184813996
	0.2339325405	0.2068020407	0.2139784491	0.0106004584	0.009646550265
	2.82739374e-34	1.720839665e-34	0.05483101546	0.05759850476	0.0356186031
	0.03352582137	0.1054454014	0.1116161753	0.08101513814	0.08705542142
	0.1553131752	0.1627280346	0.1400611436	0.1316274517	0.05312993047
	7.820244356e-36	0.06526950672	1.764333253e-35	0.1800070633	0.1584681077
	0.1078537928	0.1276786271	0.1986785992	0.1866334527	0.178477441
	0.204396407	0.2178341027	0.2419573686	0.222521429	0.1969867416
	0.2335510318	0.217074405	0.2218894898	0.232471878	0.2397247894
	0.2570441986	0.264086394	0.2478899862	0.2624262967	0.2454835832
	0.2440671034	0.2657091151	0.2555226062	0.2489927572	0.2516381784
	0.00937833022	0.008546131664	1.318927284e-34	9.144059884e-35	0.0466162571
	0.04970658157	0.03164041095	0.02928592223	0.08946494915	0.09671369163
	0.06875061987	0.07527853934	0.1127586513	0.1341911387	0.1444704438
	0.1228258584	0.07856669888	1.229911626e-35	0.09089976448	2.737921396e-35
	0.1685473239	0.1766201125	0.1880185838	0.1564771675	0.1651788499
	0.2175857447	0.2003776539	0.1473339947	0.2523277581	0.2730314821
	0.2588479637	0.236919818	0.2085066769	0.1965073616	0.2142230376
	0.2246252028	0.2724173544	0.2848762636	0.2886605912	0.2773294565
	0.2460450142	0.2532443597	0.231145882	0.2409460504	0.2723838137
	0.2597685721	0.2778251133	0.2713925786	0.2807668972	0.2870449464
	0.2649816286	0.008057021629	0.007346303611	6.315722654e-36	2.208679197e-35
	0.03856716836	0.04156871743	0.02722972431	0.02489162918	0.07347791747
	0.08058099494	0.05655294555	0.06278512952	0.111622055	0.1222521185
	0.1031417617	0.09321312672	0.1443140442	0.1500357793	0.1629688272
	0.1315673149	3.770828388e-35	0.103802884	1.743534661e-35	0.1147636121
	0.1957422301	0.245266894	0.233162163	0.1821231428	0.183337937
	0.1866922605	0.1691305877	0.2005098754	0.2768214913	0.2953081193
	0.2851074936	0.2659979951	0.2957866809	0.304479864	0.3050358823
	0.2975250839	0.218646967	0.2339811359	0.2205531454	0.2043461598
	0.2863401813	0.2947146683	0.3001778099	0.2909325688	0.2515106231
	0.2631375146	0.2366595584	0.2498350538	0.2660280093	0.2763458786
	0.2792074418	0.006768200372	0.006175239343	-8.841122239e-35	-3.241400422e-35
	0.03120860763	0.03395968812	0.02290367776	0.02071674496	0.05880380312
	0.0652566129	0.0453311584	0.05094915853	0.07502529224	0.09043955316
	0.1002598943	0.0840438265	0.1195455695	0.1240586445	0.136404317
	0.1076865947	0.1552863606	0.1580175161	0.1718705776	0.1415244835
	0.1338604518	4.749881264e-35	0.1255465226	2.259406626e-35	0.2165916883
	0.2633011864	0.2081629105	0.2559208052	0.2933807689	0.3107629355
	0.3036723024	0.2861729802	0.189729602	0.1750370713	0.1910205542
	0.2055133368	0.311925971	0.3151309948	0.3175733431	0.3105325745
	0.3045004233	0.2934630495	0.2956266802	0.3073698099	0.2221550605
	0.2370948045	0.2225355483	0.2072492249	0.2812235774	0.2820864839
	0.2526882313	0.2678155346	0.2528450802	0.238053069	0.2668240424
	-7.050987637e-35	0.005571452072	0.005089372308	-1.499975007e-34	0.02468336127
	0.02715532575	0.01889491033	0.01690792571	0.04581827978	0.05151770783
	0.03535627763	0.04030065687	0.07157251887	0.08027428899	0.0667806092
	0.0588509712	0.08621774	0.09674521686	0.1005238144	0.1116269452
	0.1286309766	0.1313467278	0.1441044257	0.1161669719	0.1459395957
	5.54397304e-35	0.1411525982	2.702181991e-35	0.1609773944	0.1626298065
	0.1763429883	0.1473065039	0.2237646051	0.2269403797	0.2727943573
	0.269489922	0.3033836945	0.3204734187	0.3160680119	0.2993532604
	0.3181808369	0.3222011253	0.3207068057	0.3254518193	0.1933394598
	0.1926140711	0.1783361589	0.2075413827	0.2963588217	0.3094387775
	0.3106654925	0.2971412028	0.282542164	0.2675166719	0.2825182489
	0.2677373866	0.2527389995	0.2085800689	0.2231519068	0.2377477802
	0.2381650895	0.2232144336	0.2529917972	0.004485580117	0.004104843311
	-1.77987707e-34	-9.177575294e-35	0.01527105318	0.0134896498	0.01894727119
	0.02116757559	0.03443095577	0.03945081414	0.02657703154	0.03090747341
	0.04464815351	0.05500418128	0.06265978183	0.05158167618	0.07651936089
	0.07962632082	0.08949469009	0.06726148372	0.1187602419	0.1045638181
	0.1072045871	0.09343057489	2.994285657e-35	0.1495273676	6.013039113e-35
	0.1488141756	0.1343981826	0.1363776006	0.1490648161	0.1219159803
	0.2288164136	0.2270677538	0.2745408337	0.2748400432	0.1658951098
	0.1646563021	0.1792448517	0.1513421099	0.3073260569	0.3250952707
	0.3231379444	0.3063729615	0.322042675	0.3278416792	0.3292128147
	0.323112677	0.2969361045	0.3112974874	0.2969589748	0.3114898915
	0.2087685536	0.1806878773	0.1944467354	0.1950248973	0.2819085769
	0.2670544772	0.2671267392	0.2822741054	0.2378144189	0.2526020835
	0.2095329487	0.2235914743	0.2380674865	0.2236648224	0.2523169653
	0.003510068655	0.003218427008	-1.728762353e-34	-9.636754714e-35	0.0138867924
	0.01589641148	0.01202106633	0.0104324397	0.02884494064	0.01881670788
	0.02263338498	0.02437543369	3.061709356e-35	0.1438427052	6.019424918e-35
	0.1474782047	0.03210708193	0.04037183971	0.04717306716	0.03822597395
	0.05045715239	0.05866383073	0.06100625228	0.06984045708	0.07300303799
	0.0830049001	0.08532112576	0.09583435478	0.1100934304	0.1120800128
	0.1238590453	0.09865261794	0.2238740571	0.217599374	0.2687590075
	0.272472806	0.138573446	0.1400276867	0.1526575734	0.1261077141
	0.3052090709	0.3253920175	0.3250658528	0.3073595214	0.167348024
	0.181383762	0.1682404932	0.1542513908	0.3232095475	0.3298439735
	0.3231847809	0.3296327625	0.2958254934	0.3106796835	0.3111863966
	0.296271561	0.2660988448	0.2663675795	0.2813343587	0.2807622354
	0.2097017176	0.1823754949	0.1962435655	0.1958259187	0.2378847621
	0.2517749349	0.2102090212	0.2377749266	0.2520749788	0.2239657645
	0.2239227723	0.002636928158	0.002419242979	-1.356686834e-34	-8.472912218e-35
	0.009377182264	0.01121297576	0.009104980248	0.00769128662	0.01535446521
	0.01940481594	0.01187567141	0.01527851836	2.84623108e-35	0.1288497546
	5.457879877e-35	0.1367971398	0.02724680753	0.03339449052	0.02635284704
	0.0208598838	0.2096540792	0.1992125893	0.2552266843	0.2624121863
	0.03534734824	0.04274057466	0.04420155049	0.0522190072	0.07495532688
	0.06354781097	0.06530401964	0.05444758985	0.07718475093	0.08775435906
	0.08945841201	0.1004505423	0.1141151845	0.115501974	0.1023969396
	0.1274989611	0.3021442085	0.3230767648	0.3205364477	0.2967729596
	0.1415112512	0.1424747056	0.1551455491	0.1289914855	0.3213893503
	0.3223234646	0.328804455	0.3271310717	0.1561464768	0.1691768
	0.1697282396	0.1828081079	0.2948228727	0.2940038111	0.3097303561
	0.3086822631	0.2648269834	0.2653275971	0.2791202539	0.2799333954
	0.2509779517	0.2513931731	0.2375514785	0.2374479062	0.1969140611
	0.210253232	0.1833737971	0.2104666404	0.1967139718	0.2240289674
	0.2239298157	0.001858460917	0.001695792652	-6.769813516e-35	-5.747092686e-35
	0.00531103357	0.006998183578	0.006476699443	0.005223822297	0.00710132044
	0.01084243475	0.005574314072	0.008647540109	0.01056170932	0.01523406879
	0.02090131936	0.01560052391	2.330945847e-35	0.1055315407	4.319616948e-35
	0.1172857075	0.1869209908	0.1727069636	0.23355201	0.2444131862
	0.02150111613	0.02830023125	0.02878047221	0.03617117011	0.2903712252
	0.2815279066	0.311267496	0.3161294761	0.05573542944	0.03735109208
	0.04576295333	0.0467807552	0.07858379339	0.05720587746	0.06705854298
	0.06826822489	0.0800427923	0.103616096	0.09108734683	0.09221095159
	0.1298659769	0.1048370575	0.1176758808	0.1167976635	0.3179674334
	0.3217979551	0.3197171798	0.324951808	0.1433597925	0.1439215794
	0.1307390848	0.1566379118	0.2915562292	0.2927254355	0.3072603981
	0.305747358	0.1835234756	0.1702118625	0.1704490142	0.1571538919
	0.2769120471	0.2631180991	0.2780176636	0.2639031568	0.2497435929
	0.250382227	0.2365832211	0.2369623218	0.1969941863	0.2237287685
	0.2103147625	0.2234147852	0.1970440614	0.2102309316	0.1837208662
	0.001168250959	0.001038110734	2.935401145e-35	-1.535874405e-35	0.001609035986
	0.003155401849	0.004097614564	0.003001947061	-0.0006033486617	0.002910118257
	-0.0002293905023	0.002579940297	0.0009129220361	0.003996305867	0.009320727651
	0.005649534853	1.576963952e-35	0.07627808268	2.769757603e-35	0.09065934949
	0.01494230084	0.01436276364	0.02128761497	0.008539963476	0.156674927
	0.1393562689	0.2035846929	0.2182818741	0.2714580116	0.2587555133
	0.296542028	0.3040978561	0.02925763167	0.02940447032	0.02134678586
	0.037822766	0.3129670082	0.3181901101	0.3155134583	0.3133420504
	0.05802559321	0.04826799928	0.0384261195	0.04770000674	0.05886351912
	0.07005074851	0.08090412032	0.0693227018	0.08171985046	0.09317189829
	0.0938516898	0.1055325805	0.118397682	0.1061743414	0.1188764668
	0.1311753434	0.3020617576	0.2885482424	0.2900308115	0.3039734307
	0.1445400727	0.1573145364	0.1443322947	0.1315788815	0.2741203568
	0.2608862558	0.2619828409	0.2755290549	0.1836145659	0.170547253
	0.1574587166	0.1704893643	0.2351984847	0.2358812417	0.2488795131
	0.2479504746	0.2229366862	0.209856969	0.1965072799	0.2094819059
	0.1968095804	0.2223759914	0.1834972337	0.0005541693818	0.0004418180024
	1.531654855e-34	4.069527438e-35	7.445218961e-36	0.04504640656	1.159987582e-35
	0.06011021463	-0.001771648771	-0.0003798814167	0.001943065152	0.001020476639
	-0.007911486761	-0.004591052047	-0.005638812721	-0.003044861275	-0.006747218391
	-0.00167074519	-0.003765748168	-0.008349279621	0.002322038971	0.000601205348
	0.00721177942	-0.003861366598	0.1205866083	0.1014289881	0.1660323777
	0.184346084	0.0136721355	0.01285115017	0.02089681361	0.006114648529
	0.2860562586	0.244634275	0.2277278762	0.2751214894	0.3061260689
	0.307985053	0.3096066154	0.3008925186	0.02938161042	0.03852810719
	0.02922532384	0.0205540253	0.297771003	0.2851414076	0.2868412625
	0.3000326822	0.05921319331	0.03862572342	0.04888734923	0.04864413422
	0.07094081704	0.05950142872	0.08210285029	0.07057500147	0.09458921405
	0.08241657185	0.106464482	0.09431160521	0.1066883693	0.1191402186
	0.1316994551	0.1192338177	0.2581297323	0.2708501605	0.2595212108
	0.2725034461	0.1317508613	0.1573618212	0.1444617147	0.1445679844
	0.2342588053	0.2468004557	0.245564246	0.2332781909	0.1571966305
	0.1702831805	0.1699727662	0.1831601761	0.2088804788	0.2082296663
	0.2216331888	0.2208134472	0.195518192	0.1960551148	0.1827628704
	3.797751061e-05	-7.735530844e-05	3.009117107e-34	1.095029356e-34	-0.004767357269
	-0.003648495053	8.440230376e-06	-0.0007501039308	4.810282253e-37	0.01678736883
	-1.026159532e-36	0.03010328087	0.08152283378	0.06257117175	0.1231917834
	0.1440907071	-0.01489550444	-0.01183321901	-0.01074509366	-0.008272031519
	-0.01727926563	-0.01235347062	-0.01284796152	-0.01743351884	-0.009883131909
	-0.01283952756	-0.006358721713	-0.01595688026	-0.001331523958	-0.003143650628
	-0.008643893794	0.004652482829	0.2606209387	0.2093347574	0.1884104798
	0.2454163157	0.01184099948	0.01094189995	0.01981002978	0.003261896424
	0.2827325897	0.296559853	0.3014625082	0.2930875901	0.2928048054
	0.2815788642	0.2955197985	0.2833517058	0.02887616169	0.02854275597
	0.01904763005	0.03834036359	0.256573269	0.2549622286	0.2673660452
	0.2691163743	0.04878868509	0.05947866541	0.03800288586	0.04888828507
	0.08248972151	0.05938168814	0.07096224791	0.07102989397	0.1067121979
	0.08245647532	0.09461801312	0.09449921331	0.1189342176	0.1191432511
	0.1316253306	0.106607118	0.2441535108	0.2321056247	0.2308576727
	0.2426418528	0.1568730604	0.1313744094	0.143874022	0.1442166332
	0.2065152541	0.2187510707	0.2074116283	0.2198246014	0.1815748278
	0.1690074882	0.1695314524	0.1940785546	0.1948345784	0.1564423442
	0.1822137196	-0.0002306295784	-0.0005278110473	4.705394898e-34	1.889184598e-34
	-0.007219055591	-0.006725471478	-0.00160921799	-0.002434571182	-0.02170111704
	-0.01892807723	-0.01554362102	-0.01304452386	-3.583904453e-36	-0.004081165968
	-7.817590724e-36	0.005393346396	0.0437331244	0.02751403373	0.07933955364
	0.1007330965	0.2062511829	0.2263381049	0.1661982089	0.1426612932
	-0.0279369261	-0.02291869911	-0.02182814655	-0.02639243392	-0.02201912157
	-0.02619343752	-0.01969620609	-0.02797531826	-0.02330840037	-0.01601713134
	-0.01873386258	-0.01124336016	-0.005112097868	-0.006798075094	0.001566756114
	-0.01383144878	0.2562799628	0.271291462	0.2822796323	0.2897122067
	0.009816188145	0.008736091132	0.01807749834	-0.0001403159999	0.2780004347
	0.2864074383	0.2901258131	0.2797711434	0.2533222584	0.265707606
	0.251646828	0.2640853249	0.02789500781	0.02715001396	0.03754032973
	0.01706221382	0.2393377951	0.2280132666	0.2294779811	0.2410388084
	0.04784673354	0.05918287523	0.03696380841	0.04838264364	0.07026725805
	0.08231460754	0.0588074625	0.07067335512	0.08197756457	0.1063934322
	0.09424021703	0.09387682525	0.1310251678	0.1060049384	0.1182059991
	0.1186177038	0.2043980214	0.2162484607	0.2055012837	0.2175486329
	0.1559185138	0.143422147	0.1428882794	0.1305327423	0.1552771747
	0.1676488278	0.1799964961	0.1931921811	0.1808350291	0.1922352477
	0.1683631431	-0.0001422922	-0.001105753554	6.612784593e-34	2.757859668e-34
	-0.009421238331	-0.0096128402	-0.002724171241	-0.004000455284	-0.02866770413
	-0.02573138013	-0.01961638103	-0.01749314553	-4.65837126e-36	-0.01539629434
	-9.304210704e-36	-0.0105563419	-0.03519027359	-0.03883352605	-0.03349331807
	-0.0310619272	0.05913206502	0.01216651786	0.0008327964761	0.04004531377
	0.1585259726	0.1828451869	0.1184260331	0.09515383839	0.2397145725
	0.2189304625	0.2598964927	0.2717064404	-0.03430472105	-0.03945199803
	-0.03315593126	-0.04036590154	-0.0304887027	-0.03410405105	-0.03839056328
	-0.0271530031	-0.03103397999	-0.02168560421	-0.02439584802	-0.01644777225
	-0.01093957832	-0.008870876858	-0.001737083006	-0.01909563465	0.2739089452
	0.2763800496	0.2759913698	0.2825008552	-0.003455310905	0.007274545997
	0.005753500334	0.01614840583	0.2614241308	0.2627350167	0.2501160252
	0.248626674	0.224874113	0.226479042	0.2359297527	0.2376572452
	0.02615752814	0.02509764509	0.01501711601	0.03641729078	0.2148785091
	0.2133989065	0.2019498396	0.2032159049	0.04645831259	0.05841040045
	0.03561500828	0.0471924638	0.06923472805	0.08160266842	0.05777431949
	0.06979745393	0.08102892617	0.09344503725	0.1055768682	0.09292138103
	0.1299959036	0.1171272639	0.1049888045	0.1177057082	0.1911824765
	0.1900548065	0.1780921512	0.1790905671	0.1293284493	0.1545809786
	0.1415534945	0.1422535576	0.1537762859	0.1668303098	0.1659499027
	-0.0004674859859	-0.002117936246	8.739795378e-34	3.706143841e-34	-3.838418718e-36
	-0.01792014395	-7.664624879e-36	-0.01709763283	-0.01267000727	-0.01177137917
	-0.003870261146	-0.004655526667	-0.0355534677	-0.03190409023	-0.02235179745
	-0.02224072394	-0.04942603258	-0.04440568748	-0.04053991487	-0.04426640555
	0.02445855878	-0.009184643031	-0.01472035175	0.01021215843	-0.04657468371
	-0.05268261429	-0.04718293644	-0.05386020238	0.05247705535	0.1070628202
	0.1327810724	0.07212450335	0.1963402942	0.1703739492	0.2253971323
	0.2436401559	0.2584919901	0.2671544346	0.2708120775	0.2694352818
	-0.0448981853	-0.0498532352	-0.0433121167	-0.05420732857	-0.04837304665
	-0.0383351493	-0.04247424663	-0.03436249052	-0.02764844298	-0.03086677754
	-0.02127467338	-0.0378936169	-0.004911516756	-0.0132743141	-0.02374558903
	-0.01559215006	0.2464514283	0.2474640665	0.2604736878	0.2592153675
	0.004188340462	0.01400111099	-0.006679759476	0.002595604576	0.2328849597
	0.2216612258	0.2232821128	0.2343590175	0.2119137773	0.2103217621
	0.199253889	0.2006352605	0.01270530842	0.02407027164	0.03486420986
	0.02297268207	0.1888772484	0.1876201	0.1759325192	0.1770505857
	0.05716608851	0.04492473021	0.0338804782	0.04573519314	0.06795342278
	0.08046682134	0.05636773737	0.06863483272	0.09232632912	0.07974913057
	0.09166479631	0.1043944714	0.1157455268	0.1036717	0.1164640212
	0.1286377276	0.1639797939	0.1399302253	0.1649942563	0.1407682408
	0.1529351417	0.152004442	0.1278402441	-0.003832467907	-0.003063600581
	1.130996252e-33	4.899557018e-34	-2.45942212e-36	-0.01478349781	-5.066366531e-36
	-0.01641595242	-0.0174956049	-0.01239828093	-0.007443317745	-0.00362324398
	-0.01895856732	-0.007918299919	0.0003757228115	-0.01952456283	-0.04018888218
	-0.0377098178	-0.02497821865	-0.02716843737	-0.05912995855	-0.05617194651
	-0.04909548161	-0.05469833259	-0.05868959166	-0.06682669075	-0.06197235386
	-0.06859837728	0.02011870904	0.06017646062	0.08289224022	0.03401101019
	-0.05988564711	-0.06699076667	-0.07043864147	-0.05977913336	0.1430994326
	0.1156531132	0.1770130098	0.2022622689	0.2457146076	0.2272578018
	0.2529246452	0.260829365	0.2553795534	0.2452492074	0.245785987
	0.2580818544	-0.05568495441	-0.06149912072	-0.06577960596	-0.05237205055
	-0.04684821987	-0.05118356447	-0.04084917918	-0.056807435	-0.03697959382
	-0.03391567984	-0.02593659359	-0.04417421656	-0.008282593874	-0.02842022013
	-0.01765981228	-0.0197879587	0.2187834048	0.2308896115	0.2201934518
	0.2317276032	0.001171375533	-0.0003258188173	0.01153115862	-0.01012376198
	0.2071882305	0.208784707	0.1964009702	0.1978493617	0.1863574199
	0.1747919216	0.1735955481	0.1850147712	0.02193586864	0.02083331655
	0.01015692615	0.03298548308	0.1510504457	0.1629251767	0.1618159439
	0.1500286067	0.0432168661	0.03192224695	0.05562400752	0.04409741343
	0.06721524201	0.0790549476	0.066434227	0.05473980006	0.07824397842
	0.1029485683	0.09093314794	0.09016345902	0.1141298662	0.1021284061
	0.1270267456	0.1261320762	0.1380879395	0.1149573516	0.1390315156
	-0.01365133168	-0.001816868977	1.581986205e-33	6.866477667e-34	-0.01202388406
	-1.265619396e-36	-0.009600190304	-2.770862055e-36	-0.01907679653	-0.01347227381
	-0.01559616315	-0.006253789436	-0.01912912061	-0.01492792865	-0.01212358848
	-0.01677989917	-0.03947228711	-0.04443608731	-0.03331670953	-0.02896555798
	0.00788777121	0.0001067921331	0.02529859854	0.04159020712	-0.0662742729
	-0.0690250921	-0.06869244643	-0.0551811777	-0.08313297864	-0.07131771304
	-0.08344431343	-0.07739698717	-0.07628828556	-0.08596482027	-0.07684232075
	-0.08679063124	0.08838174649	0.06516923469	0.1195949716	0.1486396331
	-0.07407129156	-0.0813317039	-0.07093962422	-0.08387558363	0.1794686168
	0.2244164447	0.2400739593	0.2061340246	0.2431788669	0.2444336433
	0.2444247968	0.2519303873	0.2177617555	0.2303919101	0.2169479716
	0.2304959836	-0.07653825806	-0.06085574659	-0.06660336275	-0.07182328999
	-0.05482300736	-0.05852864437	-0.06521110991	-0.04720336372	-0.03959998663
	-0.05049084734	-0.03063159457	-0.04224427001	-0.02169919462	-0.0117399321
	-0.02361403356	-0.03306895856	0.2057170118	0.2043457181	0.1935106719
	0.1949629852	-0.001751971179	-0.003177690295	-0.01354559912	0.008944230749
	0.1836977296	0.1823067247	0.1711549471	0.1723932381	0.1489979331
	0.1606985103	0.1479208754	0.159535591	0.01972220285	0.007577582991
	0.03096015731	0.01860866364	0.125228392	0.1371098748	0.1242668067
	0.1360956797	0.04229135289	0.05390934416	0.04135808973	0.02987345671
	0.05297730992	0.06559657435	0.07745413327	0.06474469843	0.08849023194
	0.07658077757	0.1013093427	0.08933759381	0.1123477571	0.1132533597
	0.1004208115	-0.02782129022	0.0009521297608	2.707863098e-33	1.092136786e-33
	-0.00698701703	-4.437197942e-37	-0.004803117609	-1.116306158e-36	-0.006109661856
	-0.0248652516	-0.02417702615	-0.04057715805	-0.01397143148	-0.01079580097
	-0.01378906437	-0.01480543992	-0.03533332339	-0.05354174495	-0.05610279136
	-0.02273983493	-0.008683993157	0.004535683328	0.01385603271	-0.006086571425
	-0.08137908006	-0.08102343152	-0.05879240086	-0.07541848885	0.04379132777
	0.02845139116	0.06563352508	0.09164248233	-0.0964273726	-0.08524506877
	-0.1021055594	-0.09361075586	-0.09446858619	-0.105787303	-0.1048687175
	-0.09515427151	-0.0937372189	-0.101661913	-0.09055703169	-0.1041409891
	0.1200342623	0.1505731047	0.1770812476	0.2023545824	-0.08719589446
	-0.09298611111	-0.09773360565	-0.08161578232	0.2396625089	0.2182394263
	0.2343136446	0.2347099024	0.2297351592	0.2167346462	0.2168105857
	0.2305387719	0.2032214688	0.190865935	0.2025375457	0.1921610702
	-0.07627906646	-0.08056346059	-0.08711534676	-0.0689737014	-0.07307734544
	-0.05327387114	-0.0618695459	-0.0650511012	-0.05630763796	-0.04473266916
	-0.04710285731	-0.03513708563	-0.02548090516	-0.02726655787	-0.03738473812
	-0.01510437486	0.1699184799	0.1809566072	0.1686590636	0.1795620236
	-0.004610403352	0.006364020712	-0.01679492449	-0.005990902178	0.1583868186
	0.1572018335	0.1457520354	0.1468498658	0.1233055987	0.1340208936
	0.1350700765	0.1223074065	0.01746255708	0.01634540255	0.02887388255
	0.00504951363	0.09860667464	0.09953657882	0.1114137555	0.1104599046
	0.04038321288	0.03941929076	0.05208935463	0.02779408039	0.07481596171
	0.0638507852	0.05113595253	0.08670775703	0.06295432566	0.07572557819
	0.08760529533	-0.006154625844	-0.0128077511	6.237413053e-33	1.711975466e-33
	0.001490022258	-0.06945140037	-0.02814943109	-0.1710345911	-6.99415839e-38
	-0.002898785702	5.51410999e-38	-0.001357255985	-0.00754939063	-0.00480089743
	-0.008602919121	-0.0113019236	-0.04501440981	-0.06824522112	-0.09666733497
	-0.01169851015	-0.009092025894	-0.004336840568	-0.0006981619095	-0.009998905592
	-0.09359159141	-0.09231688143	-0.0625870333	-0.08353392996	0.01547338633
	0.007645270036	0.02739455032	0.04483078244	-0.1122304429	-0.100935558
	-0.1191439191	-0.1106722811	0.08958433657	0.06381133634	0.1158747401
	0.1471304586	-0.1148056268	-0.126154561	-0.11520822	-0.1265844648
	-0.1150852528	-0.1234414353	-0.1117637914	-0.126769421	-0.1203221927
	-0.1088616403	-0.1154014353	-0.1035704058	0.2235523071	0.1712010221
	0.2092526677	0.1983013967	-0.09847341156	-0.1035061906	-0.1100042325
	-0.09158494103	0.2169054126	0.2170050363	0.2223325451	0.2281151667
	0.2022679869	0.18992039	0.1892086877	0.2026444717	0.1770089955
	0.1782352603	0.1661349672	0.1674038526	-0.09640257337	-0.0764652327
	-0.08468272121	-0.08849321501	-0.08005860769	-0.06814068942	-0.05886179171
	-0.07101401918	-0.04943030867	-0.05160822467	-0.03932083746	-0.06154415855
	-0.03071729302	-0.02904123083	-0.01829059373	-0.04134209214	0.1548398716
	0.1560389888	0.1435742797	0.1446698443	-0.007379493892	0.003850985502
	-0.01984737246	-0.008707938511	0.1213202502	0.1319255366	0.1329778172
	0.1203149615	0.09768572057	0.1094956737	0.1085226107	0.09673985731
	0.01520996769	0.01410726324	0.0267792079	0.002604683535	0.08579114539
	0.07300008755	0.08486896779	0.07392283171	0.02572457191	0.03843284415
	0.05021637193	0.03746056291	0.06203517773	0.04926264	0.06111811285
	-0.1361175552	2.322508522e-33	-0.0004091380451	-1.573129284e-34	-0.1957619426
	-0.02892074122	-0.039418362	-0.09782465871	-0.00228351934	-0.0055927805
	-0.005235024621	-0.0075210544	-0.08243723258	-0.1028128752	0.001607435693
	0.01605799446	-0.1185526314	-0.1285731593	0.08568867404	0.04076194433
	-0.1360758159	-0.1378286454	0.1874222999	0.1412328146	-0.1378537785
	-0.1352851185	-0.127079446	-0.1319856006	-0.1152618281	-0.1218892923
	0.2145447448	0.2138257624	-0.1004236346	-0.1084258374	0.2032781683
	0.1891835573	0.1759637598	0.1649298841	0.1536550977	0.1424891851
	-0.09219925131	-0.08312127397	-0.07380546984	-0.06388140678	-0.05372888498
	-0.04314390942	-0.03235831885	-0.02126872817	0.1308885583	0.1193301719
	-0.01001883149	0.001438906088	0.09580859169	0.1075535579	0.07209384938
	0.08394349885	0.01301002141	0.02471619439	0.06019629985	0.03648646228
	0.0483353405	0.09487045838	0.08302070545	-0.477721542	0.07117858311
	-0.00296080886	0.0592806024	-0.005106493649	0.04739900167	0.03552616414
	0.02370012352	-0.1037789565	-0.005186324256	0.01194003174	-0.1362284964
	-0.1482314793	-0.0009803940664	0.0002679863185	-0.01128064734	-0.02269235572
	-0.1477654314	0.007284316739	-0.03391701425	0.02539348656	-0.0449477111
	-0.05571873122	-0.127722088	-0.1207589273	-0.06622937916	0.05801162587
	-0.07639532658	0.1089203976	-0.08622402726	-0.09559881704	-0.1045530257
	0.161566611	-0.1128892552	0.1976184832	-0.1343311211	0.2100274241
	-0.1395586256	0.2031984947	-0.1447781092	-0.1508536807	0.1895607615
	-0.1493925475	0.175438733	-0.1306456988	0.1637721709	0.1524386786
	-0.1187174505	-0.0868374104	-0.2117173076	0.1413920212	-0.1400375434
	0.1298481888	0.118342812	-0.0006852007794	0.1065888738	-6.300930597e-34
	-1.520068424e-33	-0.4770742741	-4.569716181e-34	-0.0007999730716	-3.149648653e-34
	-0.2032867401	-0.2693331803	-0.1333965581	-0.1349015228	-0.002852880608
	-0.003707538239	0.002973589835	-0.00247805016	-0.1479781872	-0.1335259073
	0.03704612308	0.01314444518	-0.161617955	-0.1570237441	0.07709853404
	0.1304248104	-0.1633549406	-0.1607884461	0.1993122249	0.1773277753
	-0.1577553639	-0.1524695339	-0.1403878392	-0.1470626861	-0.1333848447
	-0.1254557128	0.2020073668	0.1901189795	-0.1171552544	-0.1081530991
	0.1629548885	0.1753073995	0.1512502447	0.1402864877	0.12881896
	0.1173772638	-0.09882481968	-0.08897778281	-0.06834939687	-0.07885093505
	-0.05761193162	-0.04660554354	-0.03541015688	-0.02402510078	0.09395308869
	0.1056379891	-0.01250047997	-0.000847609674	0.08210696122	0.07028142971
	0.04648516758	0.05837438509	0.02271800133	0.01089543311	0.03458071391
	0.0574800558	-0.002219946742	0.04558185745	0.03365037105	-0.002072677129
	-0.2312287412	0.02175156853	-0.153999517	0.009873677119	5.507768235e-05
	-0.001938889746	-0.01368296699	0.006761261129	-0.1733674947	-0.176785069
	-0.02532065991	-0.03684208668	0.0203791439	-0.0482092597	-0.05940762121
	0.05117593958	-0.07039641473	-0.0811563288	0.09796114547	-0.09164238974
	-0.1385283875	-0.1018245988	0.1490489364	-0.1116596309	-0.1210834609
	0.1843838712	-0.1300860203	0.1960000995	-0.1464838082	-0.1537265757
	0.1903297579	-0.1604700768	-0.1662653578	0.1759950451	-0.1715443139
	-0.174619531	0.1624199876	0.1501876045	-0.1686596789	-0.1559567697
	0.1391633843	-0.1539531505	0.1277718825	-0.2929215004	0.1164152424
	-0.5039164953	0.1047034769	-0.0007862439304	0.09304429783	0.08120633289
	0.06939239135	-2.694416815e-34	-6.304419861e-34	-0.5242857597	-1.799052372e-34
	-3.146668836e-34	-0.0005931656347	-0.3285998741	-0.2425794347	-0.1714380444
	-0.1861214248	-0.001462077592	-0.0005642000819	0.01090063669	0.002249034569
	-0.1797037536	-0.1846746498	0.02915523488	0.06776730544	-0.1886266328
	-0.189601225	0.1179278869	0.1612216849	-0.1857307347	-0.1804723365
	0.1865748178	0.1876019257	-0.1744730759	-0.1674052025	-0.1518536556
	-0.160017062	-0.1433204258	-0.1342077479	0.1768121987	0.1626316873
	-0.1247197525	-0.114818967	0.1380952653	0.1492984494	0.1154558434
	0.1267165093	0.103783835	0.09216030085	-0.09407456639	-0.1045968418
	-0.07229038627	-0.08329191022	-0.06108126901	-0.04971433638	-0.0265538196
	-0.03818911574	0.06852431967	0.08032365066	-0.002990400957	-0.01480782177
	0.05660571298	0.04469978217	0.03274675888	0.008890695945	0.02081220443
	-0.0006996109133	0.01990569778	0.0006418308413	0.007929688587	-0.003998479346
	-0.2515133805	-0.01590240409	0.004127716255	-0.02772691784	0.01600605254
	-0.197674909	-0.03948991921	-0.05113524665	-0.06268276693	0.04122481773
	-0.07406814177	0.08535982511	-0.189222909	-0.08531686451	-0.09635136238
	-0.1072034368	0.1337397945	-0.165758306	-0.1177792623	0.1685306356
	-0.1281105911	-0.1380895995	-0.1477453964	0.1820896948	-0.1569558886
	0.1764733641	-0.1740809372	-0.1818554867	0.1633135852	0.1490672928
	-0.1954147625	-0.200586873	-0.20298798	0.1370995389	-0.2016718963
	0.1256351137	-0.1907666058	-0.2046130533	0.1144925602	0.1028744155
	-0.3658881293	-0.5210673601	0.09129749632	0.07946513873	0.03186212388
	-0.0003614719849	0.06767983594	0.05575112535	0.04384427313	-3.622583682e-34
	-6.290353964e-34	-0.509940978	-1.598817964e-34	-3.136297327e-34	-0.000227515397
	-0.404110258	-0.2721655556	-0.2098736962	-0.2230803096	-0.0001748721537
	0.001510902748	0.02313902733	0.00645382459	-0.2147514173	-0.2158756047
	0.05464151176	0.1018472872	-0.2107880295	-0.2155577772	0.1461190015
	0.169193931	-0.1969496649	-0.2045113836	0.1637651256	0.174314277
	-0.180069924	-0.1887136676	-0.1615628422	-0.1710047454	-0.14162125
	-0.1517472452	0.1365298251	0.1492499977	-0.1204982928	-0.1311693631
	0.1245786962	0.1135012811	0.1019669435	0.0904491544	0.07862977463
	0.06685839171	-0.1095601018	-0.09846514811	-0.07573814364	-0.08715858618
	-0.06415277219	-0.05248641674	-0.02885493978	-0.04069771797	0.04300977861
	0.05492484345	-0.004975975144	-0.01693133193	0.01902250525	0.03101291451
	0.007015919141	0.002499435756	-0.005896439447	-0.4979976229	-0.01793313401
	-0.0299101403	0.009908947527	-0.04186854257	-0.2381110947	0.03201789363
	-0.05374022858	-0.06556755853	-0.07727570427	0.06973889853	-0.2265373799
	-0.2203246916	-0.08891659988	0.1161296024	-0.1003997963	-0.1117919148
	-0.1229795866	0.1515679569	-0.1340446543	-0.1758620818	0.1659448456
	-0.1448457656	-0.1554824938	-0.165780115	0.1633853957	0.1501703341
	-0.1855672741	-0.1949955161	-0.2040837844	0.1363593836	-0.2126628934
	0.1237562657	-0.2292371665	0.1125053583	-0.2297578056	0.1010399828
	-0.2263345224	-0.2862477986	0.08962358978	-0.4214415334	0.07782343238
	0.06607633637	-4.225438378e-05	0.006125774513	0.05412718365	0.0422178406
	0.03018802209	0.01818700531	5.779336416e-05	-2.129714008e-34	-6.265208578e-34
	-0.4892245103	-1.297669216e-34	-3.123699613e-34	-7.208589925e-05	-0.3061414965
	-0.4445418384	-0.2540274756	-0.2422066981	0.0003308672033	0.004028132487
	0.04278887626	0.01452658438	-0.2410727412	-0.243422403	0.08434506122
	0.1258940952	-0.2365085087	-0.2289210578	0.1533866226	0.1584436035
	-0.220068767	-0.210601532	0.1369076848	0.1507713895	-0.1905819545
	-0.2006409214	-0.1801721851	-0.1696259248	-0.1478055222	-0.158778857
	0.1116137013	0.1231913708	-0.1365856837	-0.1252792976	0.08877125998
	0.1001001276	0.07703797825	0.06531053745	0.05336614749	0.04144513662
	-0.1137756463	-0.1022130218	-0.07873401403	-0.09049377897	-0.05494313904
	-0.06685177108	-0.04294478383	-0.0309319638	0.01737122235	0.02940701319
	-0.01886485441	0.005289780757	-0.006793019749	-0.04399064153	0.02116240192
	-0.4749356081	-0.0560432775	-0.06809327392	0.05430163082	-0.08005776129
	-0.09200699521	0.09650526459	-0.1038468812	-0.1156635735	0.1318538023
	-0.1273405238	-0.2454007787	-0.1389859553	0.1498022492	-0.1504515091
	-0.2163947122	-0.1618727462	-0.2058422421	0.1486614215	-0.173062243
	-0.1841894061	0.13780425	-0.1950535983	0.1234741948	-0.2267788485
	0.1109171766	-0.2365521923	0.099169993	-0.2515905662	-0.2556255385
	0.08794018388	-0.2559289064	-0.2676821485	0.0762553207	-0.3189435402
	-0.4569251823	0.06460089015	0.05263911765	7.203744948e-06	-0.0318715771
	0.0407351079	-0.01977113621	0.02865596434	0.01662033287	0.004479638322
	0.0005611318519	-0.007619073872	0.006179424033	-2.096205241e-34	-6.238397027e-34
	-0.4664063103	-1.106503625e-34	-3.109624838e-34	2.506852548e-05	-0.4713830239
	-0.3373539716	-0.2688482025	-0.2808653409	0.009394465609	0.001153723458
	0.02848012902	0.06571272807	-0.2611478193	-0.2665609071	0.1328202487
	0.1064008266	-0.243570551	-0.2533798235	0.1435392178	0.1370859475
	-0.2327449657	-0.2217162125	0.1108166206	0.1241058894	-0.1991283301
	-0.2103850792	-0.1761955015	-0.1876556195	-0.152885096	-0.1645410429
	0.08706642289	0.09834313683	-0.1410682706	-0.1292590369	0.06387119304
	0.0754813933	0.04003424887	0.05195700913	0.01588170025	0.02796099392
	-0.1173177246	-0.1053882639	-0.09334934654	-0.08132361662	-0.06920897593
	-0.05710792911	-0.04494129434	-0.03278885874	-0.008429659595	0.003733369802
	-0.02060167942	0.03734367427	-0.08245696841	0.07583524646	-0.09464547856
	-0.1067593817	-0.3491017553	-0.1189010613	0.1112583042	-0.1309548314
	0.1306827403	-0.2762645218	-0.1430449666	-0.1550267801	-0.2604628594
	-0.1670555055	0.1343970094	-0.1789479812	0.1245644076	-0.1908997967
	-0.2027008097	-0.2145828473	0.1112823894	-0.2263440162	0.09799246869
	-0.238149593	-0.2496070988	0.08629620861	-0.2693421479	0.07467205964
	-0.2799791747	-0.2928028252	0.06321622626	0.05128901263	-0.4786538881
	-0.4544358757	0.03942795724	0.0272944432	-0.07029401723	0.0001222717973
	0.01523517522	0.003011743863	-0.009149843835	-0.02141040301	0.00198308172
	-0.03361137724	0.0131439193	-0.04586888724	-0.0580646084	-1.881063816e-34
	-6.20603873e-34	-0.44707641	-1.0148101e-34	-3.089899529e-34	0.0003160028144
	-0.3649667377	-0.4875380182	-0.2902019825	-0.3040153425	0.003160647444
	0.01804282368	0.08351144803	0.04606387015	-0.2849100872	-0.276870124
	0.1134837125	0.1249060109	-0.2551555784	-0.2667405845	0.1117871354
	0.1235986126	-0.242830634	-0.2305405372	0.09807291985	0.08576932362
	-0.2181301703	-0.205914535	-0.1936184934	-0.1814422213	-0.156995052
	-0.1691736853	0.06247001265	0.0739229642	-0.1447287474	-0.1325399102
	0.03879388924	0.05067761881	0.02670498756	0.01458291851	0.002371832924
	-0.009869629487	-0.1080637201	-0.1202690436	-0.08355318985	-0.09578141916
	-0.05900296949	-0.07125594377	-0.04669620753	-0.03442672908	-0.02213134495
	0.08846969385	-0.1092073074	-0.4363736847	-0.1215912826	-0.1339223862
	0.111365373	-0.1463397287	0.1172672465	-0.158703582	-0.171182239
	-0.2923803576	-0.183602454	0.1119166423	-0.2722215827	-0.1961764507
	0.09879643958	-0.2086979387	-0.2214289025	-0.2341436567	0.08573629944
	-0.2470658592	0.07333285361	-0.2598206582	-0.2831113276	0.06185824816
	0.05003278414	-0.2989913737	-0.3142691356	-0.3749424149	0.03829630827
	-0.4918703549	0.02612907194	0.01406624402	0.0005831870672	-0.09689057281
	0.0017483348	-0.01046522815	-0.07220245179	-0.05982185706	-0.02284032459
	-0.03512478559	0.005047773764	-0.047512572	0.02334349358	-0.08451601487
	0.05431138909	-1.786844339e-34	-6.155975266e-34	-0.429178435	-9.31593317e-35
	-3.059070747e-34	0.001061721655	-0.3884021911	-0.4973092035	-0.3069199158
	-0.3237536873	0.007259150444	0.02916273143	0.09002565182	0.06133628944
	-0.2888479241	-0.2989945893	0.1070589242	0.1076030925	-0.2640287686
	-0.2769709899	0.08615690651	0.09930305652	-0.2373246551	-0.2505867063
	0.06123171691	0.07309183901	-0.22409847	-0.2111574313	-0.1855454358
	-0.1982487519	-0.1602757873	-0.1728305186	0.03768643248	0.0494830209
	-0.1476855378	-0.1352260499	0.02566697002	0.01349879252	0.001242449328
	-0.01109087534	-0.0234355315	-0.03584113837	-0.1227154441	-0.1103116127
	-0.08546636839	-0.09784594574	-0.06064622151	-0.07302133227	-0.04821333835
	-0.1489915175	0.1002867826	-0.1616207886	-0.1744124732	0.09696888023
	-0.3965426553	-0.1872045573	-0.3323923983	-0.2002188469	0.08703869888
	-0.2132603503	-0.2266113694	0.07343408784	-0.240031636	-0.2537947421
	0.06105640359	-0.267495456	-0.2810389012	0.04891589118	-0.2933925619
	-0.3044707479	0.03730829424	-0.3136405766	0.02515390434	-0.4991025924
	0.01314308845	-0.4190506641	0.000723782359	0.001688029485	-0.1363452625
	-0.01153417804	-0.1238211608	-0.02404041564	-0.03640078015	-0.04892443997
	0.01037597091	-0.06132795434	-0.07384692715	0.03460508643	-0.08627474273
	-0.09879851221	0.06567625106	-0.1112600924	0.08911210484	-1.669384208e-34
	-6.074561788e-34	-0.4113986451	-8.634123341e-35	-3.010447912e-34	0.002508565828
	-0.5019724802	-0.4078570259	-0.3404395242	-0.3196231548	0.01342281568
	0.03927208604	0.0851711175	0.06820743588	-0.3092447539	-0.2975208583
	0.09189010388	0.08551288694	-0.2704982574	-0.2843979355	0.07418098585
	0.06115871848	-0.2562858421	-0.242333886	0.03676777623	0.04867171246
	-0.2150847185	-0.2285339874	-0.1886905387	-0.2017507088	-0.16286901
	-0.1756737878	0.01265045603	0.02482041897	-0.1500596477	-0.1374202188
	0.0003827821429	-0.0120608345	-0.02448405594	-0.03702073707	-0.06205089357
	-0.04948830489	-0.1247420439	-0.1122012644	-0.08710293644	-0.0995960564
	-0.07452871595	0.08239913077	-0.1899412046	0.07370162962	-0.2032370036
	-0.2166214978	-0.2303791191	0.06204905895	-0.244269679	0.04874822819
	-0.2586046808	-0.3129534385	-0.2729199679	-0.2872335316	0.03671698327
	-0.300576511	0.02440318061	-0.324580691	-0.3477061632	0.01249825623
	-0.4141018204	-3.277375311e-05	-0.5014021641	-0.4008326699	-0.01230316069
	-0.02498251402	-0.1769096663	0.003399230481	-0.03741490043	-0.05010107439
	-0.1383254784	-0.06259067293	-0.0752512533	0.01679640986	-0.08777052632
	0.0426840256	-0.1004220988	-0.112985682	-0.12567536	0.06754024004
	0.07985616736	-0.1511215286	-0.1639203255	-1.549939429e-34	-5.950911419e-34
	-0.3920907303	-7.936266702e-35	-2.941072113e-34	0.004318500845	-0.5019526868
	-0.4235270485	-0.3289679584	-0.3545842716	0.01973683382	0.04434697308
	0.07231391653	0.06516319253	-0.3032384049	-0.316041029	0.06163851283
	0.07184466718	-0.2893341851	-0.2748631592	0.0494881052	0.03660669974
	-0.2602174669	-0.2458441959	0.01208366939	0.02438301745	-0.2316916058
	-0.2179318276	-0.1910657501	-0.2043397754	-0.1778686237	-0.1649155544
	-0.0001479357198	-0.01272306194	-0.1392234686	-0.1519727369	-0.03793173245
	-0.02522843749	-0.0505094399	-0.06322123738	-0.0757993318	-0.08849961815
	-0.113800081	-0.1264331699	-0.1010835837	0.04956103345	-0.2190205258
	-0.2329913637	-0.2471355008	0.03748478502	-0.2617674331	0.02436297303
	-0.360821267	-0.2763765665	-0.2911092751	-0.3050026425	0.01228734673
	-0.3182327137	-0.0004059642813	-0.3325480408	-0.4278682647	-0.01269338477
	-0.4987821547	-0.02558071082	-0.3802820332	-0.03811100989	0.005235827977
	-0.2054445952	-0.05101397675	-0.06360340315	-0.178837853	-0.1657451883
	-0.07643436992	-0.08903799948	0.02217178338	-0.1018141836	0.04449073793
	-0.1144530402	-0.1272383321	-0.1399664041	0.06058174258	-0.1528502688
	0.06422018444	-0.1920027896	0.06098177352	-1.415676322e-34	-5.783667287e-34
	-0.3698992932	-7.193376964e-35	-2.850398522e-34	0.005905059805	-0.4355142042
	-0.4968051544	-0.3357455758	-0.3668346093	0.02390543614	0.04256514376
	0.05461828661	0.05470307191	-0.3198176372	-0.3063185446	0.04941282475
	0.03740884161	-0.2921023781	-0.2774246973	0.02511823086	0.01213629107
	-0.2481249463	-0.2626615883	-0.0001527038898	-0.01298276039	-0.2199328489
	-0.233829194	-0.1928562386	-0.2062305767	-0.1665545982	-0.1795799823
	-0.03849654432	-0.02552088272	-0.1535476907	-0.1407366278	-0.06413563199
	-0.05120345536	-0.07683652373	-0.08968501082	-0.1023606695	-0.1278762632
	-0.1151744702	-0.2635449335	0.01306606831	-0.3560888092	-0.2781457588
	-0.2929495408	-0.4378733339	-0.0001829503055	-0.3070081138	-0.3208519677
	-0.01253170511	-0.3384745742	-0.3724846345	-0.02567311857	-0.4905457277
	-0.03835282391	-0.05153400621	0.00665066205	-0.2488938393	-0.06431225556
	-0.2346957726	-0.07736067053	-0.0900971976	-0.1030110037	0.02451619512
	-0.1157299746	-0.1803558371	-0.167236735	-0.1285921309	0.03964746915
	-0.1413724307	-0.1542965641	0.04761395231	0.04496624276	-0.1935732276
	-0.2070453349	0.03796732295	-0.2206849272	0.02524147075	-1.266254255e-34
	-5.572062322e-34	-0.343508367	-6.372310109e-35	-2.738704959e-34	0.006718003296
	-0.4436398609	-0.485433668	-0.3410394899	-0.377971073	0.0242551191
	0.03474931781	0.03438373773	0.03955499633	-0.3071413657	-0.3212472976
	0.01304428664	0.02593402632	-0.2930156789	-0.2784593499	-0.01262166929
	0.0006012451369	-0.2494086558	-0.2638581101	-0.03851846325	-0.02522803335
	-0.23518017	-0.2212957831	-0.1942281051	-0.2076144364	-0.1679142563
	-0.1809610912	-0.05139218062	-0.06466567028	-0.1420514293	-0.1549007939
	-0.07755431725	-0.09063664896	-0.1034387404	-0.1163723935	-0.1291457959
	-0.01174828194	-0.3070376797	-0.02525165689	-0.3217259325	-0.3436490307
	-0.383515457	-0.03796557436	-0.4437353685	-0.05148271684	-0.4752818322
	-0.3269937838	-0.06450249438	-0.07787624913	-0.2930141506	0.007062520431
	-0.09086058057	-0.1039642002	-0.2497447128	-0.1168366918	-0.1297709223
	0.0227702143	-0.1426235306	-0.2082005405	0.02968696368	-0.1555484063
	-0.1685117817	-0.1815906883	0.03102272196	-0.1948003841	0.02369536863
	-0.2217933978	-0.2356808329	0.01407658456	0.0006420469823	-0.2641580325
	-0.2784906996	-1.099277448e-34	-5.328212662e-34	-0.311626647	-5.470603766e-35
	-2.617858992e-34	0.006412303904	-0.466012245	-0.4471463957	-0.3463865833
	-0.3887542017	0.02044298417	0.02286790528	0.02178892477	0.01239661379
	-0.3215683716	-0.3063351779	0.001697691335	-0.01185254576	-0.2781735017
	-0.292344516	-0.03803693686	-0.02456849783	-0.2498453907	-0.2639900552
	-0.06456871686	-0.05100803475	-0.2221444922	-0.2358852287	-0.1952820019
	-0.2086105961	-0.1821036923	-0.1690640274	-0.07774815297	-0.09114595415
	-0.1431871394	-0.1560843776	-0.1042047264	-0.1173196454	-0.1302293996
	-0.0511485268	-0.3497675609	-0.2918152977	-0.3944793599	-0.4442713587
	-0.06418520145	-0.4507325022	-0.07781539678	-0.09107501002	0.0061553637
	-0.3225028329	-0.104465461	-0.11759986	-0.2916544521	-0.2776284821
	-0.1306639272	-0.143660258	0.01711963237	-0.1565727631	-0.2360061676
	0.01645257885	-0.169577277	-0.1825560354	-0.1957211105	0.01210152554
	-0.2089500473	0.001022540712	-0.2223985846	-0.2497740569	-0.01080939109
	-0.2637378919	-0.02475074121	-0.3059619341	-0.0375419866	-9.146484619e-35
	-5.099368975e-34	-0.2731281252	-4.497808359e-35	-2.519002435e-34	0.00497591795
	-0.444082163	-0.4358724873	-0.3994154995	-0.3537161722	0.01319506497
	0.008604046507	-0.01092098026	0.002078447733	-0.305198781	-0.3229754704
	-0.02372091781	-0.03788638276	-0.2767628861	-0.2905420451	-0.06445823892
	-0.05096723773	-0.2494555174	-0.26315367	-0.07761483772	-0.09112392886
	-0.2224384576	-0.235927415	-0.209170366	-0.195951671	-0.182930373
	-0.1698909863	-0.1177507719	-0.1044481563	-0.1569729691	-0.1439485958
	-0.1309253888	-0.4137885885	-0.09135417438	-0.2497222821	-0.1046453309
	0.003998077506	-0.4367659591	-0.1179247213	-0.4046541315	-0.1310560421
	-0.1442343941	-0.1571398994	0.0084929447	-0.1702128473	-0.2898513938
	-0.2759539769	-0.183058117	0.001267814364	-0.2489681437	-0.196157752
	-0.2091296764	-0.008595366185	-0.2223669949	-0.2355726193	-0.02302066547
	-0.2623857942	-0.03719567778	-0.05162236168	-0.3057183666	-0.3259026123
	-0.0649030197	-0.3585570342	-0.07824574645	-7.172755195e-35	-4.967328127e-34
	-0.227557245	-3.465372065e-35	-2.486964164e-34	0.002636755049	-0.3915810877
	-0.4304550577	-0.4082516587	-0.3643752878	0.003579672431	-0.007001438401
	-0.01923589066	-0.03556991901	-0.3286674065	-0.3064253359	-0.05091304007
	-0.06568801332	-0.2892001942	-0.275013456	-0.09232264873	-0.07925518187
	-0.2482740742	-0.2615970806	-0.1182571757	-0.1053160435	-0.2352177353
	-0.2220160447	-0.1960035432	-0.2090971302	-0.1701605598	-0.1832110796
	-0.1313854126	-0.1573848302	-0.1442780142	-0.1198960691	-0.1322888163
	0.0008903634144	-0.1451454378	-0.1576331885	-0.4159470608	-0.1705748452
	-0.1831191525	-0.002024614888	-0.1960744924	-0.3350931632	-0.01498861298
	-0.2087165198	-0.2217458065	-0.2345720831	-0.03061626767	-0.2478060886
	-0.04838857251	-0.261037777	-0.2751916878	-0.2904334561	-0.06543242028
	-0.3098497083	-0.08054323047	-0.3701215923	-0.409953971	-0.09442940432
	-0.1071365197	-0.3611993483	-0.2009336121	-5.194371736e-35	-5.020784819e-34
	-2.410802762e-35	-0.1760155625	-2.561943813e-34	-0.0002988975945	-0.3997614952
	-0.3301579607	-0.3762118532	-0.408749309	-0.02313856941	-0.00734665956
	-0.06120688444	-0.04150318301	-0.3141063599	-0.341171653	-0.07990278206
	-0.09558829518	-0.275982383	-0.2924421306	-0.1100246504	-0.1223728196
	-0.2613238171	-0.2476899063	-0.1467164382	-0.1349074782	-0.2216482879
	-0.2347045076	-0.2090856559	-0.1962263304	-0.1838958892	-0.1712255489
	-0.1591588786	-0.002760674121	-0.162169424	-0.1478076679	-0.1741993831
	-0.1857252563	-0.1981148264	-0.01329969891	-0.4004584591	-0.2101762228
	-0.03129083088	-0.223061434	-0.2358172679	-0.2495938712	-0.2984421721
	-0.05277809589	-0.2637703394	-0.07409574337	-0.2800575997	-0.3217436362
	-0.09477234679	-0.349898309	-0.1112689518	-0.3788113407	-0.3740983445
	-0.1263679189	-0.2917473572	-0.13861562	-0.1509329443	-3.366391385e-35
	-5.311140709e-34	-0.1221422255	-1.44101312e-35	-2.75604547e-34	-0.003495759587
	-0.3446142642	-0.2525450259	-0.3872443384	-0.3786268131	-0.03849481918
	-0.01837342102	-0.06282801905	-0.08595582223	-0.3561625732	-0.3293683264
	-0.1088284422	-0.1264223301	-0.2854429964	-0.3051273893	-0.1428357484
	-0.1552051284	-0.2531598618	-0.2681942504	-0.1677859284	-0.1786856521
	-0.2394207616	-0.2262661933	-0.2140549	-0.2018067524	-0.1904976201
	-0.2085874522	-0.2201253977	-0.09546029428	-0.02384647325	-0.232992886
	-0.3054101832	-0.2460283862	-0.04571357481	-0.2607387393	-0.2764485538
	-0.07217832687	-0.2944889496	-0.31466003	-0.09686710755	-0.3363862774
	-0.3584640458	-0.1216271815	-0.3684602809	-0.3611780017	-0.1408248621
	-0.2099934337	-0.1586453482	-0.1720580946	-0.006397799893	-0.1852557928
	-0.1964903732	-5.809060312e-34	-1.811706108e-35	-0.0721164705	-6.962183484e-36
	-0.006534650574	-3.03376546e-34	-0.2632528366	-0.1677761716	-0.3507676062
	-0.3283400391	-0.02775415179	-0.05058304719	-0.104951182	-0.07917478632
	-0.3531534311	-0.3383755616	-0.1318382485	-0.1526449417	-0.3205015557
	-0.3016925377	-0.172748347	-0.1875745725	-0.2682448926	-0.284167724
	-0.2024636426	-0.2146361687	-0.2401285795	-0.2537973852	-0.2276983293
	-0.244898751	-0.258985261	-0.03153552818	-0.27375172	-0.05506734709
	-0.2151132661	-0.2889696575	-0.3040302446	-0.3190570895	-0.08376900855
	-0.3288927203	-0.1102111393	-0.3333232932	-0.3175232742	-0.2830098369
	-0.1377754563	-0.1603599296	-0.1284223115	-0.05045213394	-0.1820820258
	-0.1992824064	-0.009204342524	-0.2159472533	-0.2302769514	-6.046437629e-36
	-6.381421023e-34	-0.03235587538	-2.273013344e-36	-0.008857605725	-3.306353931e-34
	-0.168539787	-0.09166026939	-0.2330193091	-0.2761930401	-0.03315067655
	-0.05591234624	-0.1104534888	-0.0848509165	-0.3073088549	-0.3018168995
	-0.1617613019	-0.1384918276	-0.2948313545	-0.3051116184	-0.1852331
	-0.2039783744	-0.2829299386	-0.2685221616	-0.2383408094	-0.2227642916
	-0.2543642524	-0.03391287523	-0.2601707162	-0.01760725333	-0.05583752423
	-0.2682238611	-0.2729141056	-0.2677827016	-0.08216609426	-0.2546382951
	-0.1065868902	-0.2237848048	-0.1804874638	-0.1235222875	-0.1325170179
	-0.06205599997	-0.1558209141	-0.1786779324	-0.01022019075	-0.1986454471
	-0.2172039912	-0.2335956952	-0.2477828456	2.174620536e-36	-6.816882148e-34
	-0.006075558775	5.378489513e-37	-3.457104145e-34	-0.009759850327	-0.08469476578
	-0.03678565886	-0.1301885284	-0.1712302422	-0.05189127918	-0.03258320143
	-0.09680565616	-0.07603042667	-0.2016245645	-0.2190459787	-0.1202115948
	-0.140842103	-0.228312407	-0.2272407568	-0.1622144881	-0.1801708272
	-0.2222458821	-0.1976859621	-0.2107439307	-0.04671078415	-0.164310907
	-0.1474677679	-0.06619879702	-0.120788982	-0.08779281299	-0.08410054158
	-0.05278437922	-0.01855250047	-0.1025662018	0.002156453442	-0.1202172921
	-0.009037727856	-0.1745757448	-0.1758754488	-0.136784057	-0.1517678718
	-0.1636077783	-0.1726464658	-0.02943762007	6.768666537e-36	-6.923279179e-34
	0.007785759961	2.267460563e-36	-3.410437636e-34	-0.008459621772	-0.004768122057
	-0.02817666403	-0.07865443677	-0.05285519379	-0.03933823269	-0.02577296542
	-0.06813381958	-0.05518584524	-0.1138902039	-0.09897907937	-0.08229818567
	-0.0945861901	-0.1227919424	-0.1249104665	-0.1158162571	-0.1067161717
	-0.122956544	-0.04573498143	-0.02774601124	-0.04168578996	-0.01046497318
	-0.05137040637	0.004441544522	0.01120021171	-0.06037249479	-0.06867280396
	-0.006234670818	-0.06081662831	-0.07503948304	-0.07987739487	-0.08088787284
	-0.07895913872	-0.01965266637	-0.07179375949	-0.03042288589	8.31512284e-36
	-6.651100164e-34	0.01287851739	2.972144786e-36	-3.200104078e-34	-0.005199950546
	0.001626744932	0.01043757017	-0.009759984291	-0.02212020481	-0.01401367802
	-0.02185556581	-0.03549111053	-0.02935088625	-0.03218181983	-0.04066868915
	-0.04073550149	-0.04489147615	-0.04550234935	-0.04789897969	-0.04728238846
	-0.01700820944	0.01414412741	-0.02071541952	0.0135745082	-0.02309588341
	-0.002417552134	-0.02466278422	0.001977699284	-0.02437914895	-0.02275324129
	-0.01880278195	-0.00766373024	-0.01319805815	-0.01245418359	-0.005938042002
	0.009452444527	7.637230993e-36	-6.144440863e-34	0.01346452951	2.871752273e-36
	-2.933549014e-34	-0.001414764688	0.01609434706	0.01398080827	0.004133076835
	0.009473305782	-0.002014780403	-0.004903794573	-0.008445314667	-0.006379581292
	-0.0005549852224	-0.004890450698	-0.008794928957	-0.007217077837	-0.009043310688
	0.002018574509	0.000886365328	0.01308626506	0.002386259067	0.003023577227
	0.01673082316	0.004908904925	0.007402972843	0.002753859607	0.01080848222
	0.0140699101	0.002658785716	0.01700228284	0.002767873162	6.274470227e-36
	-5.639437579e-34	2.525365164e-36	0.01243943199	-2.718572485e-34	0.001562969043
	0.01807856345	0.01720932052	0.01473933838	0.01690843642	0.007679687308
	0.006596105766	0.009686880058	0.00952796828	0.01291755515	0.01115333398
	0.01058140524	0.002772271619	0.01588773101	0.0164277292	0.0176044457
	0.01856399241	0.00880599599	0.01895983747	0.01177171519	0.01720747872
	0.01185880534	0.01442325367	0.01494024341	5.053435633e-36	-5.290375074e-34
	0.01132903781	2.178561594e-36	-2.593832887e-34	0.002952793227	0.01701103856
	0.01909906644	0.01879315811	0.01941119853	0.01004799089	0.01335345156
	0.01682156607	0.01854509588	0.01744894914	0.01911523044	0.0191864315
	0.01093263035	0.01890829466	0.009862941154	0.01661085098	0.01386615846
	0.01722674155	0.003118954744	0.0182309329	4.282325937e-36	-5.115169131e-34
	0.01043663969	2.007241062e-36	-2.541443858e-34	0.002892593994	0.01761323692
	0.01590050187	0.01708394504	0.01800658065	0.009148534701	0.01273959221
	0.01615767893	0.01448037886	0.007767425642	0.009889992917	0.01126052757
	0.002479424019	0.01421931591	0.01533023803	0.01588781896	3.870452522e-36
	-5.054195454e-34	0.008802106325	1.963487775e-36	-2.527290374e-34	0.002130367506
	0.01272441292	0.01259198085	0.01191349092	0.00641147057	0.009254578481
	0.005006004248	0.007499177075	0.001597727916	0.009569558651	0.009833126353
	0.007588804666	3.164741101e-36	-5.044847036e-34	1.74447046e-36	0.005705404499
	-2.527477417e-34	0.001331499163	0.007030990002	0.00571351478	0.003864409216
	0.0008929683054	0.004016804068	0.003975470809	0.002846398445	-5.051487276e-34
	1.671587129e-36	0.002129398847	1.22345151e-36	-2.531200062e-34	0.001827867085
	0.0007369554988	0.0003781893527	0.0008787260208	-5.060330459e-34	-1.277419739e-37
	1.104769965e-36	0.0001378620185	-2.535577766e-34	-1.254583631e-34	-5.067925399e-34
	-2.217777601e-36	
