3721	
	-2.261027803e-35	1.421990582e-35	4.351073994e-34	1.833695438e-34	4.863028971e-34
	0.02848128097	0.009592911873	3.390428607e-35	1.256145989e-34	0.06560427573
	0.01904570497	0.01636554447	4.914194055e-34	2.009041573e-34	0.05505336728
	0.02168211056	0.03389267856	0.02034067923	-3.431782101e-35	1.360973287e-35
	0.001094666406	2.304159598e-34	5.405263385e-34	0.01224070586	0.01162769709
	0.01689184132	0.01074949561	0.03555438294	0.02674386345	-0.01430733868
	-0.01037828566	-0.01376011884	-1.56435686e-35	0.009775090568	0.01023701006
	1.177733685e-35	0.008395724287	0.008358362156	6.397663532e-34	2.785903359e-34
	0.0264023863	0.0208762659	0.02079288756	0.0132253726	5.439373394e-36
	-0.01622007364	-0.01090790278	-9.861348845e-36	-0.01456999374	-0.004437315645
	0.0186337535	-0.004523554969	0.01271690993	-0.01162402225	0.006651796327
	0.006864736221	0.006629051309	7.50902352e-34	3.426480219e-34	-6.294045375e-36
	-0.01044241012	2.792872836e-36	-0.007368307407	0.02969044616	0.02075542972
	0.02047018636	0.02188214221	0.01287901804	0.02369113014	0.02697166214
	0.0330540652	-0.003654174972	-0.009294957254	-0.01091137972	-0.007722549547
	0.01876052076	0.00639879722	0.005395944858	0.00755059335	0.006740697521
	8.228894179e-34	3.971243746e-34	0.04339569132	0.03352331157	0.02309671692
	0.02531965297	-0.004929102883	-5.135010578e-36	-0.006908435333	6.380425229e-37
	-0.002492564157	-0.005064693152	0.005043408407	-0.001726746276	0.03807384151
	0.04266607139	0.05619016208	0.05473549509	0.03239588187	0.01470569647
	0.009564864869	0.05152244329	0.01982074017	0.02817094956	0.04017098798
	4.174547834e-34	0.009384480982	0.00815258806	8.215435054e-34	0.05675527198
	0.04891273862	0.02868515615	0.03187662334	0.09018365178	0.07162825018
	0.07750631205	0.06673006951	-0.0006146866688	8.263631277e-38	-3.756162454e-36
	-0.003578560392	0.002707944426	0.008226113155	0.02221627019	0.01154038046
	0.03762427392	0.05364269356	0.02438833758	0.03706431392	0.06835935726
	0.07172982469	0.06298254205	0.05216446798	0.08192328944	0.09437793321
	0.09084247717	0.01100256361	0.009725890073	7.44096724e-34	3.946912922e-34
	0.03492108481	0.03666463119	0.06487338276	0.06083044078	0.1150872889
	0.1029637712	0.09258533237	0.08696112647	5.622870985e-37	0.007881542732
	-1.11049958e-36	0.002802551355	0.1163263423	0.1404414085	0.1311142711
	0.115011893	0.03449347191	0.01641990839	0.02632362452	0.05051871241
	0.09613366531	0.07249814053	0.07383590901	0.05389932364	0.1029706463
	0.1287096185	0.08973116188	0.1423994293	0.1383804257	0.114356149
	0.1134326231	0.01169894833	0.01050942363	6.103381133e-34	3.364259046e-34
	0.06605653307	0.06540843189	0.03825616256	0.03822645417	0.1199964265
	0.09636122807	0.09644121074	0.1234919422	2.056916342e-36	0.02187501301
	3.356235351e-36	0.01408795834	0.1477213034	0.1560053137	0.1670948188
	0.1427684303	0.06874077744	0.08961978966	0.03870559565	0.05341691063
	0.1809567726	0.1661821288	0.1895440181	0.1673128734	0.1216714895
	0.1484145221	0.09690769707	0.1215229152	0.1922817797	0.1900432442
	0.1552408375	0.168535328	0.1820390499	0.1416380902	0.1650759288
	0.01145401206	0.01038274068	4.480837366e-34	2.573743352e-34	0.06185371347
	0.06347178055	0.03813867387	0.03679012352	0.1182154824	0.1210212309
	0.09112475737	0.09515905494	4.571328606e-36	0.04147209316	9.900290791e-36
	0.03111903463	0.1453061353	0.1689906833	0.169486742	0.1489814607
	0.1350159009	0.1120618353	0.07001888779	0.08845928474	0.1899412572
	0.2068353403	0.2011968906	0.1892603995	0.1724360227	0.1748755954
	0.1995714255	0.1475995913	0.2287495986	0.213894481	0.2198226389
	0.2111504813	0.1950808659	0.2333774772	0.2287962472	0.2181583246
	0.2337611808	0.2066633114	0.2138624811	0.01056219465	0.009615856645
	2.823005957e-34	1.720079415e-34	0.05473237264	0.05746595915	0.03551855464
	0.03344576257	0.1053024504	0.1113768607	0.08086100921	0.08681678202
	0.1552385083	0.1625396725	0.1398010731	0.1314915137	0.05326974207
	8.144348221e-36	0.06525557887	1.839605369e-35	0.1794426427	0.1581001091
	0.1077901736	0.1273451613	0.1987645361	0.1864928782	0.1784767166
	0.2043522183	0.2172061925	0.2414628029	0.2220559648	0.1964662284
	0.2335955649	0.2172432606	0.2218909029	0.2326900371	0.2393425218
	0.2566718893	0.263898037	0.2476453894	0.2625280325	0.2457180537
	0.244085266	0.2656614124	0.2557085314	0.2489633112	0.2515012105
	0.009343865239	0.008523886855	1.308776579e-34	9.113451462e-35	0.04661318474
	0.04968791557	0.03157981006	0.02924037037	0.089504691	0.09667673421
	0.06872475585	0.07518133186	0.1128298884	0.1343704091	0.1445427506
	0.1227835327	0.07835294109	1.271898172e-35	0.09051667908	2.832330792e-35
	0.1686774059	0.1770163266	0.188288124	0.1567428815	0.1643836285
	0.2167733406	0.1996424155	0.1467425629	0.2516422887	0.272569424
	0.2583458991	0.2362310657	0.2088487469	0.1970091244	0.2148417205
	0.2250731231	0.2720891998	0.2846184156	0.2886808459	0.2772268706
	0.2467855166	0.253724475	0.2318360693	0.2414163992	0.2726664096
	0.260487227	0.2779110814	0.2720369392	0.2812567899	0.2873138229
	0.265378669	0.008027854621	0.007331943569	4.688134402e-36	2.149571896e-35
	0.03863396725	0.04163955427	0.02720538938	0.0248750368	0.07364158768
	0.08070616406	0.05662103615	0.06280577914	0.1119622488	0.1225384148
	0.1032814393	0.09342434125	0.144666964	0.1506069175	0.1634880359
	0.1319955193	3.880696179e-35	0.1032131357	1.79294279e-35	0.1140270041
	0.1946733768	0.2443909666	0.2322836747	0.1811449368	0.1839470544
	0.1875134276	0.1698083015	0.2012768107	0.2761650313	0.2949244011
	0.2846790669	0.2653228525	0.2956048162	0.3044081917	0.3053716513
	0.2976970246	0.2194926464	0.2349359947	0.2216049023	0.2052723861
	0.2870710018	0.2951787845	0.3008633677	0.2918760323	0.2527018325
	0.2641194115	0.237782603	0.2508106231	0.2672028719	0.2772290625
	0.2803253896	0.006743610729	0.006166268039	-9.061390025e-35	-3.330368481e-35
	0.03131863944	0.03408778799	0.022904582	0.02071938698	0.059030838
	0.06547717404	0.04545554788	0.05104675095	0.07530222518	0.09084139515
	0.1006567288	0.08428835412	0.1200020143	0.1246610081	0.1370197007
	0.1081623595	0.1559779106	0.1588297736	0.1727205381	0.1422096834
	0.1328543431	4.869649297e-35	0.124643687	2.31376855e-35	0.2154408739
	0.2624246953	0.2070074964	0.2550218301	0.2927248541	0.3104620336
	0.3033320397	0.285516959	0.1906651362	0.1759417882	0.1920570269
	0.2065997951	0.3119542679	0.3158127762	0.3177327412	0.3110500819
	0.3053874479	0.2946308344	0.2969534257	0.3084522759	0.2233233662
	0.238383664	0.2237999075	0.2083840035	0.2825284823	0.2835559736
	0.2540218799	0.2692903074	0.2542953619	0.239403427	0.2681950487
	-7.166755783e-35	0.005550325484	0.005083426406	-1.52668247e-34	0.02481650227
	0.0273140548	0.01891038817	0.0169213668	0.04606503921	0.05177756507
	0.03550886518	0.04044024131	0.07197028104	0.08069573638	0.06706400417
	0.0591409822	0.08667088605	0.09721076863	0.1010787014	0.1122255776
	0.1292800319	0.1320570838	0.1448836679	0.1167779543	0.1447822933
	5.666932616e-35	0.1400490663	2.758893299e-35	0.1618187275	0.1635130827
	0.1773195327	0.1480821073	0.222598945	0.22583125	0.2718957789
	0.2685862646	0.3026840114	0.3202516481	0.315812626	0.2986646575
	0.3190284041	0.3224689165	0.3216826763	0.3258355768	0.1944221659
	0.1936678685	0.1792999651	0.2087354778	0.2978505577	0.3106801244
	0.3120486694	0.2987257726	0.2841194434	0.2690981989	0.2841830244
	0.2693447363	0.2542718718	0.2097571577	0.2244339412	0.2391645695
	0.2395716963	0.2245196873	0.2544876399	0.004467059223	0.004100279097
	-1.809701947e-34	-9.313718498e-35	0.01529353028	0.01350822143	0.01909072906
	0.02133902948	0.03467184958	0.03971401388	0.02674104668	0.03106620993
	0.0449218259	0.05536465169	0.06305619149	0.05186267146	0.07694539078
	0.08010656289	0.09002635559	0.06766172351	0.1194240928	0.1051261764
	0.1078014079	0.09394911106	3.050813304e-35	0.1483482774	6.13236713e-35
	0.1476388665	0.1351032348	0.1371079085	0.1498782813	0.1225597265
	0.2277310669	0.2260543226	0.2735760784	0.2738998784	0.166784458
	0.1655272886	0.1802340962	0.1521345592	0.3065522136	0.324922213
	0.3229460887	0.3056161219	0.3231433474	0.3283134212	0.3297626378
	0.3242937237	0.2986225056	0.3127856434	0.2986850181	0.313067385
	0.209958928	0.1816532176	0.1955092431	0.1960962739	0.2836446023
	0.2686819626	0.268773211	0.2839795788	0.2392323023	0.2541221698
	0.2106926928	0.2248713314	0.2394503361	0.224942254	0.2538339012
	0.00349364627	0.003214319954	-1.75987453e-34	-9.784756456e-35	0.0140335544
	0.01607032057	0.01204606928	0.01045304642	0.02909270484	0.01898430597
	0.02279906815	0.02459841361	3.116011166e-35	0.142774318	6.129757157e-35
	0.1463615485	0.03235102541	0.04068226757	0.04752228228	0.03848368096
	0.05079585459	0.05903253859	0.06140859853	0.07029253384	0.0734345344
	0.08347781147	0.08581708837	0.09638850577	0.1106787616	0.1126880082
	0.1245337621	0.0991875887	0.2229023859	0.2166974491	0.2676999857
	0.2714642151	0.1392944943	0.1407719127	0.1534775389	0.1267694365
	0.3043343475	0.3252153104	0.3248779346	0.3065144787	0.1682273094
	0.182367863	0.1691390306	0.1550607718	0.3244691559	0.3304402941
	0.3244816874	0.3302633517	0.2976100948	0.3123652704	0.3128240266
	0.2980507372	0.2676948208	0.2679988216	0.2830698271	0.2824976229
	0.2108668443	0.1833458821	0.1973064061	0.1968796443	0.2392266115
	0.2532433835	0.211351447	0.2391518009	0.253559834	0.2252081728
	0.2251709787	0.002622477792	0.002415266373	-1.387163207e-34	-8.623307809e-35
	0.009524481807	0.01138450983	0.009130297029	0.007712648413	0.01555634761
	0.01962981869	0.0120449081	0.01544662811	2.897237814e-35	0.128024954
	5.556986905e-35	0.1358681022	0.02750479891	0.03368977572	0.02657917028
	0.02106997844	0.2088069596	0.1984352127	0.2540795658	0.261326961
	0.03562500739	0.04304864641	0.04453014443	0.05259354746	0.07541477215
	0.06393930696	0.06571178872	0.0548012451	0.07762879444	0.08824124183
	0.08996526487	0.1010146343	0.1147208753	0.1161312885	0.102953648
	0.128190971	0.3011879605	0.3228436942	0.3202474849	0.2957656934
	0.1422573226	0.1432431846	0.1559824722	0.129680446	0.3227205012
	0.3236530949	0.3294316465	0.3277446275	0.1569808723	0.1700753256
	0.1706432922	0.1837990533	0.2966304867	0.2958000909	0.3114429523
	0.3104144219	0.2663768973	0.2669138757	0.2808260679	0.2816507575
	0.2523969018	0.2528302401	0.2388859162	0.2387533887	0.197977477
	0.2114038895	0.184358935	0.2116027962	0.1977691613	0.2252510515
	0.2251476249	0.001846088619	0.001691961289	-7.049590975e-35	-5.890396818e-35
	0.005458975873	0.00716593722	0.006501871915	0.005245899717	0.007284303522
	0.01104455328	0.005747194687	0.008818623708	0.01073898219	0.01544186865
	0.02114346081	0.01579407279	2.378703358e-35	0.105072109	4.408485211e-35
	0.1166665884	0.1862184765	0.1720902026	0.2323679402	0.2432784053
	0.02172132562	0.02854951054	0.02904054208	0.03647399352	0.2892746946
	0.2803612296	0.3107827581	0.3157540517	0.05611167196	0.03763440629
	0.04608062598	0.04710882616	0.07905311497	0.05756869685	0.06745998823
	0.06868507416	0.08050532435	0.1041997455	0.09159558521	0.09273789952
	0.130581376	0.1054183529	0.1183276173	0.1174327744	0.3192509869
	0.3222833894	0.3210350982	0.3255090932	0.1441335351	0.1447075543
	0.1314543338	0.1574961133	0.2933441839	0.2945285236	0.3089949379
	0.3074812029	0.1845264153	0.1711292741	0.1713755937	0.15801092
	0.278584623	0.2646238682	0.2797024675	0.2654401416	0.2511203066
	0.2517755712	0.2378585495	0.2382613305	0.1980606173	0.2249345792
	0.211458847	0.2246165203	0.1981054513	0.2113632935	0.1847185631
	0.001158202194	0.001034672624	2.697238468e-35	-1.663157249e-35	0.001759585179
	0.003320358954	0.004123435345	0.003025457313	-0.0004330426903	0.00309393181
	-4.807123461e-05	0.002757447481	0.001061422222	0.004158036634	0.00951366056
	0.005812560685	1.621600253e-35	0.07626323624	2.849528225e-35	0.09044524102
	0.01513602926	0.01455871534	0.02152465011	0.008707362442	0.1561656116
	0.1389659174	0.2024650965	0.2171673984	0.2702052925	0.2574372381
	0.295775231	0.3034909432	0.02950677388	0.02965904088	0.02156514644
	0.03812309643	0.3141061951	0.3185611717	0.3167340183	0.3135698083
	0.0584075103	0.04860165046	0.03871229874	0.04802337287	0.05923667534
	0.07048046344	0.08138760864	0.06974197413	0.08220001095	0.09370368359
	0.09438988812	0.1061358613	0.119053068	0.1067773169	0.1195362492
	0.1319109835	0.3037529323	0.2903211143	0.291816316	0.3056884653
	0.1453344091	0.1581870845	0.1451211725	0.1323130623	0.2757691924
	0.2623566349	0.2634766303	0.2771844295	0.1846222627	0.1714761973
	0.1583266561	0.1714232224	0.2364462887	0.2371491891	0.2502352966
	0.2492911909	0.2241294834	0.2109929333	0.1975735862	0.210606508
	0.1978749435	0.2235626429	0.1844976314	0.0005477706165	0.0004391763665
	1.513542697e-34	3.965819818e-35	7.840158279e-36	0.04546543487	1.227497598e-35
	0.06033146482	-0.00161467566	-0.0002153802902	0.001970998671	0.00104559404
	-0.007745002331	-0.004417904705	-0.005442209884	-0.002854775274	-0.006627801798
	-0.001521200074	-0.003628558381	-0.008221726747	0.002462861031	0.0007375074276
	0.007388413634	-0.003741444319	0.120343144	0.1013378362	0.1651181741
	0.1833645789	0.01385694145	0.01303863176	0.02112526914	0.006270573111
	0.2851471653	0.2432607234	0.226340533	0.2740261085	0.3069920269
	0.3080325872	0.3106220331	0.3007211102	0.02963252016	0.03882626705
	0.02947945534	0.02076539971	0.2993522991	0.2868906483	0.2886033619
	0.3016784341	0.05960222277	0.03891421899	0.04921982486	0.04897815999
	0.07136624513	0.0598880012	0.08260107955	0.0710045189	0.09512700887
	0.08291431281	0.1070829328	0.0948496502	0.1073039695	0.1198023663
	0.1324434678	0.1199005716	0.2595777193	0.2724914943	0.2609827242
	0.2741420927	0.1324896051	0.1582350994	0.1452635944	0.1453654266
	0.2354966312	0.2481231361	0.2468738077	0.2344978203	0.1580635375
	0.1712171241	0.1709073023	0.1841630092	0.2100031399	0.2093407277
	0.2228099313	0.2219810054	0.196576729	0.1971173323	0.183757807
	3.627278646e-05	-8.01648684e-05	2.998285923e-34	1.087579804e-34	-0.004603009603
	-0.003481692189	4.078392656e-05	-0.0007224612485	7.765766661e-37	0.01750911488
	-5.511830515e-37	0.0306907051	0.08160486491	0.06280780362	0.1226200289
	0.1433752764	-0.01472449762	-0.011658019	-0.01052159597	-0.008062295124
	-0.01719523868	-0.01223892233	-0.01273210193	-0.01731390734	-0.009791888252
	-0.01275399631	-0.006239601529	-0.01588211497	-0.00120480527	-0.00301874825
	-0.008551802193	0.004810322699	0.2593999377	0.2079671576	0.1871308027
	0.2440394718	0.01202294952	0.0111128253	0.02002865148	0.003402162237
	0.2820463912	0.2969839404	0.3021269245	0.2926711828	0.2941568719
	0.2832728697	0.2970093211	0.2850746581	0.02912239442	0.02877351676
	0.01926011422	0.03864207748	0.2580182369	0.2564062391	0.2690163863
	0.2707559637	0.04910385503	0.05987834976	0.03830396513	0.04921246136
	0.08299533023	0.05977920184	0.07138664787	0.07145245278	0.1073306063
	0.08295724121	0.09515904966	0.09504755298	0.119609757	0.1198136497
	0.1323645746	0.1072204039	0.2454472106	0.2333124305	0.232047454
	0.2439265647	0.1577390001	0.1321090621	0.1446753875	0.1450178255
	0.2076063076	0.2198940769	0.2085152802	0.2209798198	0.1825582161
	0.1699332254	0.1704611767	0.1951221153	0.1958854826	0.157302559
	0.1832054081	-0.0002354418709	-0.0005332090233	4.703415332e-34	1.885470794e-34
	-0.007057521345	-0.00654937723	-0.001574807138	-0.002396823311	-0.02150783626
	-0.01873073857	-0.01527779442	-0.01281401273	-3.427073642e-36	-0.003273445643
	-7.598930007e-36	0.006177573502	0.0441321158	0.0280170677	0.0791692516
	0.1003799008	0.2047877492	0.2249162079	0.1650527177	0.1417104367
	-0.02786540277	-0.02283299145	-0.02172342706	-0.02627035617	-0.02196516877
	-0.02614959461	-0.01963675094	-0.02794963426	-0.02327759882	-0.01594268956
	-0.01868006437	-0.01115325445	-0.005004872622	-0.006722151011	0.001714249036
	-0.01374975278	0.2550720651	0.270328809	0.2820836605	0.2898486369
	0.009966041376	0.008864140326	0.01829867941	6.634805389e-06	0.2795495208
	0.287335849	0.2913037606	0.2814007016	0.254773089	0.2673617986
	0.2531117272	0.2657456965	0.02811324526	0.02736442385	0.03784401834
	0.01728069493	0.2406104077	0.2291737458	0.2306535132	0.2423114048
	0.04816928271	0.05957713388	0.03726078719	0.04869715239	0.07070588822
	0.08281079555	0.05919504284	0.07110255642	0.08246980406	0.1070033988
	0.09479097125	0.09443222694	0.1317566135	0.1066125489	0.1188784668
	0.119290668	0.205462711	0.2173609107	0.2065802711	0.2186760239
	0.1567736793	0.1442175896	0.1436795711	0.1312606902	0.1561261476
	0.1685596174	0.180962735	0.1942255052	0.1818107175	0.193258568
	0.1692809276	-0.0001697951289	-0.001109179291	6.622867851e-34	2.759990665e-34
	-0.009262274666	-0.009417233923	-0.0027067932	-0.003949863778	-0.02839942534
	-0.025498402	-0.01931632463	-0.01723601445	-4.630856127e-36	-0.01470921249
	-9.303350577e-36	-0.009797690943	-0.03506352281	-0.03874333276	-0.03343785665
	-0.03093077653	0.05913176016	0.01277301366	0.001457508393	0.04020318741
	0.1572969548	0.1814838397	0.1177104466	0.09466458469	0.2382873552
	0.2174053037	0.258994319	0.2711697933	-0.0342704849	-0.03946434781
	-0.03315453303	-0.04038017853	-0.0304771975	-0.03414586215	-0.03839989885
	-0.0271198654	-0.03099506747	-0.02166929328	-0.02441926505	-0.01636351994
	-0.0109009617	-0.008820121609	-0.001597086429	-0.01901394257	0.2751224282
	0.2766372257	0.2773929716	0.2831338576	-0.003326280898	0.007396887198
	0.005882537909	0.01635288211	0.2630398547	0.2643876742	0.2515990525
	0.2501354561	0.2260131506	0.2276275789	0.2372168806	0.2389273369
	0.02637628928	0.02532758306	0.01520980255	0.03670042638	0.2159715709
	0.2144753903	0.2029821635	0.2042647913	0.04679169608	0.05878853765
	0.03589084547	0.04751848356	0.06967347044	0.08208931198	0.05814971548
	0.07023429539	0.081514467	0.0939947938	0.1061798425	0.0934691865
	0.1307178505	0.1177882902	0.105589477	0.1183711645	0.1921929474
	0.1910528228	0.1790365771	0.1800459689	0.1300455616	0.1554217989
	0.1423301479	0.1430368915	0.1546094033	0.167731512	0.1668422706
	-0.0005196716532	-0.002104133506	8.773958896e-34	3.718136698e-34	-3.888679292e-36
	-0.01747707619	-7.78075147e-36	-0.01653901468	-0.01245214904	-0.0115777798
	-0.003883974896	-0.004650677402	-0.03515115802	-0.0316447978	-0.02207953331
	-0.02191133285	-0.04932762204	-0.04436713909	-0.04032672685	-0.04410181934
	0.02469344017	-0.008547937728	-0.01415249855	0.01052615735	-0.04656985034
	-0.05279365042	-0.04721882231	-0.05386036462	0.05238465261	0.1063435593
	0.1318019553	0.07187786436	0.1947810208	0.168959345	0.2239524248
	0.2424520018	0.2578999582	0.267737094	0.2717402532	0.2692774716
	-0.04497999674	-0.0500011107	-0.04332600138	-0.05423078185	-0.04838419643
	-0.0384161627	-0.04257564322	-0.03434588006	-0.02768275846	-0.03089496956
	-0.02122426185	-0.03789516003	-0.004809258568	-0.01323301295	-0.02371695821
	-0.01553817144	0.2479870778	0.2489884396	0.2620210214	0.2606070908
	0.004318886615	0.01417606491	-0.006592772997	0.002734793951	0.2342288525
	0.2228032232	0.2244192846	0.2356630316	0.2129686341	0.2113624429
	0.2002482167	0.2016486612	0.01287253772	0.02429589763	0.03512972891
	0.02320103548	0.1898592275	0.1885866661	0.1768511942	0.1779819949
	0.05753501292	0.04524841871	0.03414297154	0.04606041132	0.06837961032
	0.08094669052	0.05673499885	0.06906475424	0.09286616598	0.08022643329
	0.09219958972	0.1049885449	0.116392185	0.1042612814	0.1171172282
	0.1293466438	0.1648508316	0.140689604	0.1658755018	0.1415358915
	0.1537581643	0.1528181992	0.1285423348	-0.00384697741	-0.003051464123
	1.140486536e-33	4.927834266e-34	-2.527171764e-36	-0.01458459108	-5.203045541e-36
	-0.01611163505	-0.01716132173	-0.01230255914	-0.007426346272	-0.003839014781
	-0.0184598142	-0.007601138951	0.0006920352321	-0.01914223883	-0.03972737054
	-0.03742119324	-0.02478745753	-0.02671976627	-0.05908663796	-0.05608424869
	-0.04880274468	-0.05437944296	-0.0587573295	-0.06704238879	-0.06201532817
	-0.06851668127	0.02022789311	0.05997478165	0.0824525273	0.03406499368
	-0.06007582928	-0.06720894465	-0.07049648649	-0.0598476214	0.1419039756
	0.1147776015	0.1755126579	0.2007461306	0.2446928876	0.2259269015
	0.2526037088	0.2609813139	0.2562052261	0.2466666523	0.2472816514
	0.2592591736	-0.05584899118	-0.06164670669	-0.06588222033	-0.05243538497
	-0.04695315718	-0.05126924241	-0.04089162611	-0.05691200126	-0.03700451463
	-0.03395213586	-0.02593307533	-0.0442472235	-0.008210630152	-0.02843399064
	-0.017619489	-0.01974448409	0.2199780223	0.232314972	0.2213558072
	0.2331110437	0.001295292467	-0.0002042940226	0.01168858342	-0.01006036374
	0.2082115561	0.2098082123	0.1973551675	0.1988232215	0.1873040792
	0.175695471	0.1744840058	0.1859422691	0.02215048765	0.02104292436
	0.01031009615	0.03324051647	0.1518529436	0.1637835114	0.1626626051
	0.1508206047	0.04352377929	0.03217424785	0.05598440496	0.04441015741
	0.06763286675	0.07952498212	0.06684570354	0.0550966723	0.07870922594
	0.1035299439	0.09146022992	0.09068367844	0.1147600213	0.1027033064
	0.1277192531	0.1268161434	0.1388277846	0.1155955681	0.1397807728
	-0.01356623674	-0.001961275349	1.605756091e-33	6.927716346e-34	-0.01192118761
	-1.316480643e-36	-0.009559072398	-2.871904953e-36	-0.01891282096	-0.01357517978
	-0.01548465244	-0.006888502843	-0.01885528281	-0.01470163296	-0.01185295882
	-0.01660947441	-0.0392664533	-0.04404812406	-0.03311823305	-0.02855017124
	0.008039463393	0.0002564664543	0.02536748635	0.04154934615	-0.06570852312
	-0.06902957878	-0.06845207936	-0.05491247799	-0.0829863669	-0.07147024908
	-0.08366886808	-0.07742751615	-0.0765688029	-0.08620787261	-0.0769776463
	-0.08694448428	0.08785641709	0.06491139023	0.1186149554	0.1473642152
	-0.0743111912	-0.08153132658	-0.07108600134	-0.08409468747	0.1779350425
	0.223222351	0.2393002267	0.2045734369	0.2441203498	0.244325275
	0.2456448557	0.2523349781	0.2190043445	0.2317933873	0.2182469777
	0.2319460041	-0.07673586519	-0.06098696952	-0.06678092586	-0.0719859636
	-0.0549411776	-0.05864745527	-0.06537093482	-0.04729512567	-0.03965185309
	-0.05059672187	-0.03066050675	-0.04230383639	-0.02167667474	-0.01168894588
	-0.02360147086	-0.03310515741	0.2067435494	0.2054069525	0.1944388846
	0.1959018568	-0.001646215259	-0.00308164882	-0.01349927	0.009087175175
	0.1846012471	0.1831886115	0.1720066282	0.1732635671	0.1497777881
	0.161530791	0.1486891527	0.1603539193	0.01992023175	0.007716459683
	0.03120322405	0.01879798827	0.1259019454	0.1378386768	0.1249308291
	0.1368142342	0.04258950907	0.05425776652	0.04164837705	0.0301120889
	0.05332048545	0.06600043744	0.07791079355	0.06514085508	0.08899425741
	0.07703105465	0.1018749025	0.08984984913	0.1129594405	0.1138742344
	0.1009784829	-0.02783982944	0.000370089353	2.75672205e-33	1.106558961e-33
	-0.006985392987	-4.686897244e-37	-0.004818471151	-1.163929769e-36	-0.007162346665
	-0.02510357861	-0.02440765947	-0.04153082907	-0.01388800706	-0.01076509494
	-0.01368117955	-0.01464415819	-0.03573104249	-0.05300346453	-0.05583915052
	-0.02288559513	-0.008564501685	0.004650964435	0.01395612256	-0.005939545751
	-0.08126941193	-0.08056618589	-0.05869456092	-0.07482873187	0.0437707064
	0.02851801644	0.06535950524	0.09103339706	-0.09626331535	-0.08541630254
	-0.102242974	-0.09360536215	-0.09480063442	-0.1060919901	-0.105070216
	-0.09535707271	-0.09404939176	-0.101971584	-0.09079356572	-0.1044233118
	0.1190030606	0.1491871556	0.1755632328	0.2009360788	-0.087444554
	-0.09325430699	-0.09799704819	-0.08183887132	0.2401771812	0.2171580147
	0.2343295359	0.2340683641	0.2307365699	0.2180668309	0.2181461476
	0.2318290919	0.204327547	0.1918233277	0.2037167493	0.1930968731
	-0.07647791935	-0.08078630502	-0.08735340383	-0.06916107809	-0.07327465695
	-0.05340272405	-0.06201512543	-0.06521744865	-0.05644395638	-0.04481300654
	-0.04720033186	-0.0351912616	-0.02548420322	-0.02728380647	-0.03744526176
	-0.01507216823	0.1707482802	0.1818142845	0.1694663373	0.1804069614
	-0.004526149124	0.006491316447	-0.01676853663	-0.005918089177	0.1591881791
	0.1579852216	0.1464937537	0.1476048191	0.1239585625	0.1347168693
	0.135777013	0.1229501711	0.01764284537	0.01651601474	0.02910244783
	0.005171055253	0.09914530651	0.1000841234	0.1120154374	0.1110517116
	0.04066575483	0.03969307047	0.05242316543	0.02801662014	0.07524922824
	0.06423921156	0.05146315395	0.08719405375	0.06333411289	0.07616643588
	0.0881007174	-0.006648605907	-0.01377271909	6.317527335e-33	1.741329156e-33
	-0.002067316132	-0.06986570041	-0.02998237374	-0.1717907683	-7.311601533e-38
	-0.002915866589	5.338400152e-38	-0.001367905229	-0.00755329427	-0.004812259797
	-0.008576652391	-0.01124544375	-0.04611138266	-0.06783492009	-0.09712117469
	-0.01315527311	-0.009028431131	-0.004255274014	-0.000603463204	-0.0099027906
	-0.09351808129	-0.09174416044	-0.06280942278	-0.0833678403	0.01559214781
	0.007749452996	0.02750009413	0.04479043178	-0.1118484471	-0.1009544761
	-0.1192761762	-0.1106118196	0.08896350035	0.0635397822	0.1148394707
	0.145793479	-0.1150844335	-0.12656178	-0.1154803058	-0.1266428757
	-0.1154477829	-0.1238731827	-0.1121017784	-0.127084257	-0.1206779617
	-0.1091947348	-0.1157766335	-0.1038836822	0.2230377535	0.1697174231
	0.2082368021	0.1968678326	-0.09876791305	-0.1038340455	-0.1103357767
	-0.09186264505	0.2178960156	0.218218972	0.2224113949	0.2287314146
	0.2035162552	0.1909306507	0.1902898166	0.2039062886	0.177873685
	0.1790728718	0.166903509	0.1681901802	-0.09669646582	-0.07669187326
	-0.08493163705	-0.08876856061	-0.08029759189	-0.06832816879	-0.05902059749
	-0.07122271494	-0.04954398325	-0.05173888049	-0.03939895543	-0.06171300635
	-0.0307604891	-0.02907082383	-0.01827824565	-0.04142882539	0.1555789056
	0.1568008442	0.1442834327	0.1453957509	-0.007316457163	0.003960875734
	-0.01984278241	-0.008656099231	0.1219517767	0.1325968039	0.1336615293
	0.1209358335	0.09821384542	0.1100770755	0.1090939558	0.09725839159
	0.01537222294	0.0142597945	0.02699151139	0.002707247622	0.08626820046
	0.07341495518	0.08533644898	0.07434624143	0.02592958855	0.0386986802
	0.0505339078	0.03771732111	0.0624066644	0.04957248809	0.06148050979
	-0.1370539358	2.348196606e-33	-0.0004123578101	-1.583429049e-34	-0.1971496481
	-0.03249772529	-0.04302982379	-0.09853312163	-0.0022941848	-0.005586021943
	-0.005177296448	-0.007482769495	-0.08305546826	-0.1025931536	0.00169698334
	0.01619300007	-0.118320266	-0.1284137796	0.08506947867	0.0407857236
	-0.1362400055	-0.1380861412	0.1861118994	0.1398545939	-0.1382927573
	-0.1357002693	-0.1274893797	-0.1324405662	-0.1156373665	-0.1222891175
	0.2151191445	0.2133315456	-0.1007530648	-0.1087770328	0.204484952
	0.1903311941	0.1768717393	0.1657001211	0.1543692882	0.1431780876
	-0.09249410154	-0.08338719396	-0.07403060818	-0.06407071035	-0.05387316788
	-0.04324657213	-0.03241273929	-0.02127705269	0.1315455298	0.1199394603
	-0.009976542529	0.001530478752	0.09631672605	0.1081144432	0.07249875007
	0.08440132851	0.01315388921	0.02491127337	0.06054985187	0.03673475746
	0.04863553797	0.09536874779	0.08346896603	-0.4781248182	0.0715742762
	-0.002959435076	0.05962494365	-0.005086811787	0.0476906987	0.03576539326
	0.0238870072	-0.1045701672	-0.005145397774	0.01207443947	-0.1362701863
	-0.148177571	-0.0009181891485	0.0003511594783	-0.01124886858	-0.02270979459
	-0.1482806574	0.007418738793	-0.03398380338	0.02551891804	-0.04506074453
	-0.05587816092	-0.1281622187	-0.1211560302	-0.06643095138	0.0577777688
	-0.0766395065	0.107917116	-0.08650474664	-0.09591817366	-0.1049004593
	0.1601173598	-0.1132730303	0.1966395924	-0.1347664922	0.2100879298
	-0.1400585986	0.2041384198	-0.1452427367	-0.1512204539	0.1907475231
	-0.1497282981	0.1764333226	-0.1302174788	0.1645604669	0.1531370182
	-0.1192889232	-0.08992461141	-0.2141846172	0.1420587031	-0.1444983455
	0.1304888535	0.1189402616	-0.0006881792147	0.1071398011	-6.34227876e-34
	-1.530040624e-33	-0.4788161058	-4.654328629e-34	-0.0008005800389	-3.170352363e-34
	-0.2067428259	-0.2735395977	-0.1341142284	-0.1373362836	-0.002844956027
	-0.003686081673	0.003064548396	-0.002433921375	-0.1477286996	-0.1339048961
	0.03706227477	0.01331151041	-0.161779633	-0.1570611678	0.07653383095
	0.1291604724	-0.1637524843	-0.1612862625	0.1988168029	0.1759704981
	-0.1582923827	-0.1530083484	-0.1408742409	-0.1475742729	-0.1338462109
	-0.1258910447	0.2025607583	0.1912035644	-0.1175619719	-0.1085290038
	0.1638021167	0.1763880515	0.1519403523	0.1409325655	0.1294402768
	0.1179610254	-0.09916377362	-0.08928038812	-0.06856816749	-0.0791112766
	-0.05778469543	-0.04673244319	-0.03548816893	-0.02405415	0.0944415198
	0.1061782543	-0.01247851291	-0.0007746352986	0.08254552683	0.07066741806
	0.04676742516	0.05870953945	0.02289537527	0.0110207925	0.03481108623
	0.05780615859	-0.002208998904	0.04585508455	0.03387187601	-0.00204873557
	-0.2345513546	0.02192015517	-0.1564880013	0.009989968832	0.0001152252118
	-0.001874946822	-0.01367080124	0.006886721811	-0.1735824793	-0.1770657997
	-0.02535953326	-0.03693127407	0.02053373892	-0.04834735849	-0.05959373246
	0.0509765054	-0.07062839944	-0.08143318578	0.09702933965	-0.09196094089
	-0.1390234018	-0.1021844307	0.1476589907	-0.1120551271	-0.1215168184
	0.1833758351	-0.1305462578	0.1959925942	-0.1470001839	-0.1542802565
	0.1911838072	-0.1610447881	-0.1668745537	0.1770999034	-0.1721064608
	-0.1751615208	0.1633492103	0.150910109	-0.1685097909	-0.1562550755
	0.1397917782	-0.1546834296	0.1283711694	-0.2982139727	0.1169834467
	-0.5059299286	0.1052326427	-0.0007831661454	0.09352292983	0.08163577443
	0.06976892567	-2.813149653e-34	-6.345791358e-34	-0.5265280252	-1.853527917e-34
	-3.167231583e-34	-0.0005916366907	-0.3343705539	-0.2464213557	-0.1722632974
	-0.1881598117	-0.001450725204	-0.0005337400512	0.01105550676	0.002332653817
	-0.1797465669	-0.1847236912	0.02923435385	0.06726614646	-0.189072496
	-0.1898609635	0.1166827686	0.1599509184	-0.1863369094	-0.1811155402
	0.1859847646	0.1880060526	-0.1751184835	-0.1680253159	-0.1524076213
	-0.160597328	-0.1438410449	-0.134698432	0.1778516832	0.1636347105
	-0.1251757743	-0.11523782	0.1387314351	0.1500739858	0.1160055791
	0.127292733	0.1043001206	0.0926291983	-0.09441144167	-0.1049757341
	-0.07253710121	-0.08358455612	-0.06128053403	-0.04986463193	-0.02660317768
	-0.03828953257	0.06889188795	0.08074370919	-0.002935912746	-0.01480559789
	0.05692259883	0.04496400429	0.03295924056	0.008997772222	0.02097178001
	-0.0006877970034	0.02005616387	0.0006857100282	0.008028166959	-0.003953323309
	-0.255525312	-0.01590930348	0.004256979843	-0.02778634638	0.01615542364
	-0.1978242564	-0.03960049776	-0.05129692264	-0.0628938602	0.04110032389
	-0.07432817176	0.08453051656	-0.1899212481	-0.0856237971	-0.09670421403
	-0.1076000215	0.1323963832	-0.1663771028	-0.1182176034	0.1674978599
	-0.1285889207	-0.1386043196	-0.148295304	0.1819464992	-0.1575384482
	0.1771922626	-0.1747336317	-0.1825537079	0.1643455072	0.1499419205
	-0.1961114804	-0.2011433966	-0.2033961187	0.1377644268	-0.2018336909
	0.1262015225	-0.1915304241	-0.2066670404	0.1150204955	0.1033754246
	-0.3717447009	-0.523297219	0.09175526667	0.0798766904	0.0320661086
	-0.0003585116556	0.06803811965	0.05605954703	0.04409924288	-3.725871215e-34
	-6.331200474e-34	-0.512002096	-1.647350563e-34	-3.156510743e-34	-0.0002250577847
	-0.4100295268	-0.2764035053	-0.2106030976	-0.2250045456	-0.0001587706531
	0.0015818952	0.02321043584	0.006608571755	-0.2148981939	-0.2161811654
	0.05426012271	0.1007639496	-0.2114556881	-0.2160457025	0.1447895369
	0.1685224555	-0.197703671	-0.205257399	0.1646376112	0.1745840279
	-0.1807581177	-0.1894427834	-0.1621758086	-0.1716527447	-0.1421607671
	-0.1523237105	0.1372701858	0.1502095377	-0.1209561932	-0.13166974
	0.1251478391	0.1140136191	0.1024494499	0.09089458515	0.07903181406
	0.06720871868	-0.1099749522	-0.09883368827	-0.07601103532	-0.08748068851
	-0.06437663026	-0.05265894989	-0.02892387575	-0.04081931301	0.04325656121
	0.05522443381	-0.004939529358	-0.01694806061	0.01916460685	0.03120794414
	0.007105235677	0.002594065051	-0.0058694135	-0.4997022149	-0.01795827141
	-0.02998912289	0.01006017548	-0.04199937351	-0.2400551227	0.03194176839
	-0.05392395215	-0.06580196544	-0.07756151015	0.06905253949	-0.2271455824
	-0.221076409	-0.08925117476	0.114890132	-0.1007836272	-0.1122219241
	-0.1234558734	0.1504603091	-0.1345639286	-0.1765416623	0.1656432634
	-0.1454075023	-0.1560833101	-0.1664199629	0.1639399939	0.1510978242
	-0.1862880367	-0.1957642561	-0.2048851028	0.1371937692	-0.2134733342
	0.1243801972	-0.2296502753	0.1130084041	-0.2300318314	0.1015027328
	-0.2270904012	-0.290620598	0.09005322464	-0.4272724554	0.07821523196
	0.06641750641	-3.860846649e-05	0.006207092999	0.05441925033	0.04245552538
	0.03037522478	0.01831988613	8.820791234e-05	-2.2081788e-34	-6.305229851e-34
	-0.4905926556	-1.333597386e-34	-3.143458328e-34	-6.439088988e-05	-0.3106904515
	-0.4502309512	-0.2558879756	-0.2429452108	0.0003723415088	0.00413472472
	0.04250030163	0.0146320381	-0.2415853402	-0.2437639093	0.08337096773
	0.1246666985	-0.2371984722	-0.2297413196	0.1525557125	0.1584864989
	-0.220921449	-0.2114406215	0.1377831817	0.1515375174	-0.1913322337
	-0.2014382884	-0.1808800396	-0.1702917325	-0.1483882831	-0.1594046933
	0.1121469128	0.1238904657	-0.1371256084	-0.1257724195	0.08918467867
	0.1005453008	0.07741677974	0.06564367397	0.05364977635	0.04167594994
	-0.1142228085	-0.1026105095	-0.07903114477	-0.09084270866	-0.05513652303
	-0.06709838018	-0.04308623816	-0.03101947659	0.01749669012	0.02958559265
	-0.0188995433	0.005362147433	-0.006773829398	-0.0441403568	0.02116006881
	-0.475898046	-0.05624751691	-0.06834923016	0.05377150994	-0.08036718983
	-0.09236682482	0.09537489087	-0.1042586706	-0.116123773	0.130735876
	-0.1278505793	-0.2461809139	-0.1395418501	0.1492937406	-0.1510545383
	-0.2172735498	-0.1625185523	-0.2066725442	0.1489921741	-0.1737525289
	-0.1849227703	0.1386246047	-0.1958339615	0.1242656736	-0.2276816832
	0.1115059806	-0.2374363789	0.09962620246	-0.2521958557	-0.2560845802
	0.08833375849	-0.256734102	-0.2696214546	0.07661937747	-0.3235997541
	-0.4623508568	0.06492229276	0.05291560338	1.931660806e-05	-0.03196900179
	0.04095711633	-0.01981339667	0.02882776792	0.0167366727	0.004544813582
	0.0006235066738	-0.007609283395	0.006283450401	-2.15962352e-34	-6.27741199e-34
	-0.4670120174	-1.136182679e-34	-3.128827065e-34	4.165754823e-05	-0.476539909
	-0.3421067728	-0.2696574443	-0.2828075743	0.009471440345	0.001225994515
	0.02834074565	0.0649504539	-0.2618239594	-0.2670919897	0.1319198523
	0.1051815796	-0.244498367	-0.2542207756	0.1433520076	0.1376055999
	-0.2336813683	-0.2226233267	0.1114933847	0.1249301417	-0.1999346428
	-0.2112427181	-0.1769083336	-0.1884157834	-0.1535062045	-0.1652098292
	0.08746050637	0.0988305739	-0.1416432821	-0.1297836791	0.06418131205
	0.07582782776	0.04025055862	0.0522239235	0.01599210243	0.02812460679
	-0.1177938823	-0.1058119308	-0.09372264982	-0.08164291862	-0.06947650755
	-0.05732058097	-0.04510119424	-0.03289365896	-0.008426515512	0.003789845439
	-0.02065319974	0.03700650069	-0.08278795566	0.074893741	-0.09502814553
	-0.1071963434	-0.3539125232	-0.1193883292	0.1101199716	-0.1314949205
	0.1300156295	-0.2768919956	-0.1436333987	-0.1556661202	-0.2613689742
	-0.1677408786	0.1344700601	-0.1796826107	0.1252014023	-0.1916808012
	-0.203533414	-0.2154681951	0.1120298044	-0.2272849538	0.09856565426
	-0.2391259213	-0.2505856422	0.08670456204	-0.2700941164	0.07501028062
	-0.2808741164	-0.2948821356	0.06350887233	0.05154655419	-0.4834723688
	-0.4546532232	0.03963424339	0.02745269905	-0.07056960488	0.0001455488587
	0.01533641493	0.003062350771	-0.009156166672	-0.02146838072	0.002071402579
	-0.03372601465	0.01317259504	-0.04603589561	-0.05828781025	-1.934928364e-34
	-6.243773647e-34	-0.4469692505	-1.039690351e-34	-3.108375032e-34	0.000343409636
	-0.3698141802	-0.4920135045	-0.2911209753	-0.3061586267	0.003246608705
	0.0179752257	0.08248059628	0.04551441592	-0.2855927997	-0.2776700706
	0.1124705709	0.124493906	-0.2561624398	-0.2676850401	0.1124533447
	0.1238984716	-0.243833392	-0.2315052919	0.0987257376	0.08624542785
	-0.2190421109	-0.2067709404	-0.1944244644	-0.1821965915	-0.1576500187
	-0.1698800886	0.06275540971	0.07426183885	-0.1453347809	-0.1330925164
	0.03899367619	0.05092090424	0.02685481517	0.01467989641	0.002414044858
	-0.009881030576	-0.1085108098	-0.1207711238	-0.08389250265	-0.09617674009
	-0.05923313429	-0.07154255999	-0.04687307201	-0.03454730725	-0.02219838375
	0.08743238953	-0.1096668323	-0.4359321354	-0.1221026075	-0.1344890799
	0.1105370908	-0.1469569272	0.1170809435	-0.1593748706	-0.1719025216
	-0.2931396657	-0.1843762254	0.1123423663	-0.2732136994	-0.1969998086
	0.09944727511	-0.2095771451	-0.222363396	-0.2351365933	0.08629004478
	-0.2481006205	0.07372263476	-0.2608676195	-0.2839712177	0.06213646155
	0.05026603385	-0.3000076449	-0.3165934921	-0.3798066224	0.03848212326
	-0.4959659242	0.02627285229	0.01415347157	0.0006100055844	-0.09729363525
	0.00178609865	-0.01048645653	-0.07249563171	-0.06006251187	-0.02291237968
	-0.03525546234	0.005104067768	-0.04769511528	0.0231485911	-0.08486657985
	0.05358424022	-1.833995671e-34	-6.192053661e-34	-0.4284553081	-9.532483635e-35
	-3.076628479e-34	0.001081981932	-0.3932503185	-0.5010177184	-0.3079793573
	-0.326185129	0.007262541199	0.02882284201	0.08906880754	0.06045839562
	-0.289736314	-0.2997882771	0.1064348055	0.1076029128	-0.2650942789
	-0.2779838802	0.08674405535	0.09982116617	-0.2383398435	-0.2516438065
	0.06154845854	0.07354574118	-0.2250588747	-0.2120585905	-0.1863365778
	-0.1990951745	-0.1609605617	-0.1735701976	0.03786713354	0.04970604418
	-0.1483189335	-0.1358032873	0.02579883042	0.01358343272	0.001271079876
	-0.0111148829	-0.02351704124	-0.03597592309	-0.1232405717	-0.1107794844
	-0.08582357753	-0.09826103874	-0.06089216622	-0.07332528605	-0.0484058532
	-0.14963417	0.09983956364	-0.1623203578	-0.17516386	0.09711871935
	-0.4013702247	-0.1880131023	-0.3350385904	-0.2010802966	0.08755743544
	-0.2141816925	-0.2275898457	0.07395278126	-0.2410691004	-0.2548758678
	0.06142118764	-0.268590636	-0.2820864606	0.04916518691	-0.2943280596
	-0.3053266659	0.03747455416	-0.3148131212	0.02528130043	-0.5024098866
	0.01321474481	-0.4180438747	0.0007497681528	0.001690300898	-0.1369355247
	-0.01156898237	-0.1243537735	-0.02412522081	-0.03654641866	-0.04912116367
	0.01030244783	-0.0615848215	-0.07415591128	0.03412735357	-0.08664315704
	-0.09921970904	0.06475904015	-0.1117398454	0.08826484729	-1.711447499e-34
	-6.108661098e-34	-0.4101447023	-8.824691361e-35	-3.026908698e-34	0.002493353298
	-0.5048617344	-0.4126178709	-0.3432208796	-0.3208642396	0.01326882973
	0.0386855451	0.08448014073	0.06729007166	-0.3101184529	-0.2984683492
	0.09162103172	0.0857521608	-0.2716060457	-0.2854543845	0.07468453127
	0.06158831845	-0.2573874008	-0.2433927489	0.03695449268	0.04895740153
	-0.2160260236	-0.2295366675	-0.1895146452	-0.2026336287	-0.1635803088
	-0.1764431636	0.01272137593	0.02493667825	-0.1507173932	-0.1380193606
	0.0003985931162	-0.01209564909	-0.0245789616	-0.03716809794	-0.06231123923
	-0.04969587652	-0.125287801	-0.1126877658	-0.08747637769	-0.1000291759
	-0.07484895946	0.08225865185	-0.1907811579	0.07399355541	-0.2041333158
	-0.2175806639	-0.2313966057	0.06248864178	-0.2453449972	0.04909704986
	-0.2597207531	-0.3138850682	-0.2740451268	-0.2883127501	0.03692449201
	-0.3015610983	0.02453260449	-0.3259606053	-0.3507283895	0.01255463211
	-0.4188057532	-1.586361045e-05	-0.5038701823	-0.3993360903	-0.01235080872
	-0.02507681345	-0.1776893909	0.003362647371	-0.03757452575	-0.050310464
	-0.1389370946	-0.06286311064	-0.07557507472	0.01656171229	-0.08815577431
	0.04202913347	-0.1008600959	-0.1134840536	-0.1262273736	0.06670378598
	0.07929608736	-0.1517872766	-0.1646454026	-1.587612138e-34	-5.98249844e-34
	-0.3903703056	-8.104216286e-35	-2.956099287e-34	0.004260396893	-0.503969675
	-0.4281065855	-0.3304546486	-0.3577600556	0.01942084913	0.04367591014
	0.07189658485	0.06443238692	-0.3042224147	-0.3169862315	0.06193938228
	0.07181545441	-0.2904155642	-0.2759974439	0.04985611535	0.03687488646
	-0.2613507041	-0.246938204	0.0121556856	0.02452306793	-0.2327300612
	-0.2189088856	-0.1919200679	-0.2052558893	-0.1786650833	-0.165651358
	-0.0001425831859	-0.01276546898	-0.1398430823	-0.1526529196	-0.0380890447
	-0.0253327651	-0.05072993464	-0.06349502727	-0.07613521698	-0.08888872233
	-0.1143042976	-0.1269983037	-0.1015340744	0.04984049626	-0.2200120698
	-0.2340414035	-0.248239387	0.0377688684	-0.2629047656	0.0245487267
	-0.364254299	-0.2775136349	-0.2921988054	-0.3060171289	0.01235949888
	-0.3192490361	-0.0003905959867	-0.3342116881	-0.4323456292	-0.01274773887
	-0.5003526779	-0.0256792136	-0.3783507076	-0.03827931084	0.005154288233
	-0.2063727017	-0.0512315998	-0.06388943295	-0.179644324	-0.1664940943
	-0.07677128918	-0.08943970898	0.02179651462	-0.1022684746	0.04384121148
	-0.11496961	-0.1278093126	-0.1405984063	0.05995721571	-0.1535382463
	0.06391240931	-0.1928714109	0.06101092362	-1.449189333e-34	-5.812297858e-34
	-0.3677578563	-7.339962695e-35	-2.864052517e-34	0.005808655565	-0.4397936681
	-0.4978814215	-0.3375727119	-0.3704285261	0.0234846208	0.04198713059
	0.05411801619	0.05448643089	-0.3208656968	-0.3073289727	0.04948484704
	0.03764163555	-0.2931903691	-0.2785661283	0.0253158136	0.0122501663
	-0.2492412423	-0.2638076476	-0.0001437856135	-0.0130219749	-0.2209395412
	-0.2348947569	-0.1937381043	-0.2071752145	-0.1673140318	-0.1804014214
	-0.0386537871	-0.02562953779	-0.1542493333	-0.1413766544	-0.06441683881
	-0.05143016929	-0.077184614	-0.0900881253	-0.1028273551	-0.1284601937
	-0.1156963825	-0.2646843096	0.01317176421	-0.3537676996	-0.2792750806
	-0.2940289702	-0.4419824685	-0.0001485904876	-0.3080508557	-0.3220130931
	-0.01258628034	-0.340527991	-0.3763303678	-0.02576973744	-0.4911407267
	-0.038517832	-0.05174888947	0.006525640388	-0.2500095236	-0.0645991912
	-0.2357666197	-0.07770328593	-0.09050889182	-0.1034784966	0.02407921182
	-0.1162622983	-0.1811868214	-0.1680073402	-0.1291809516	0.03913763779
	-0.1420234444	-0.1550058542	0.04719390846	0.04482100274	-0.1944659425
	-0.2079996112	0.0380282687	-0.2216995572	0.02541320799	-1.295514738e-34
	-5.598863785e-34	-0.3409867065	-6.498429905e-35	-2.751919637e-34	0.006602555719
	-0.4474490333	-0.4854817794	-0.3433315955	-0.3819611766	0.02383496008
	0.0343493053	0.03427876123	0.03923026787	-0.3081973592	-0.3224951169
	0.01313710326	0.02598179049	-0.2940895289	-0.2795826552	-0.01266125489
	0.0006199249543	-0.2505264364	-0.2649924276	-0.03867184785	-0.0253437426
	-0.2362559098	-0.2223195136	-0.1951310396	-0.2085776117	-0.1686938891
	-0.1818018518	-0.05161180285	-0.06493785298	-0.1427085905	-0.1556197874
	-0.07789967487	-0.09104094062	-0.1039128163	-0.1169055507	-0.1297435536
	-0.01182641176	-0.3081542577	-0.02537171162	-0.3231704255	-0.3462154682
	-0.3877023403	-0.03814704894	-0.4472675247	-0.05169359523	-0.4748029713
	-0.3243359065	-0.06477584945	-0.07820379172	-0.2940750366	0.006920199203
	-0.0912599202	-0.1044277574	-0.2508446655	-0.1173683294	-0.1303668711
	0.02237579236	-0.1432823882	-0.2091661773	0.02935559963	-0.1562707779
	-0.1692941538	-0.1824365201	0.03075243626	-0.1957042769	0.02361748721
	-0.2228115066	-0.2367494177	0.01407084465	0.0006513082701	-0.2652722362
	-0.2795899967	-1.124086705e-34	-5.35586143e-34	-0.308785837	-5.57659171e-35
	-2.632142242e-34	0.00630621662	-0.4649377092	-0.4502277185	-0.349268324
	-0.3930174677	0.02011375412	0.02264023915	0.02158023532	0.01232430548
	-0.3232017725	-0.3075231522	0.001640237496	-0.01193625484	-0.2792559395
	-0.2934042841	-0.03824008703	-0.02474068513	-0.2509330414	-0.2650829852
	-0.06484311892	-0.05125628314	-0.2231587571	-0.2369400504	-0.1961863998
	-0.2095686563	-0.1829448688	-0.1698467121	-0.07807503174	-0.09152994376
	-0.1438419307	-0.1568021642	-0.1046575431	-0.1178396915	-0.1308178652
	-0.05144679664	-0.3529353616	-0.2889072694	-0.3987781758	-0.4469187481
	-0.06450712397	-0.4490882613	-0.07815568529	-0.0914558747	0.006031820035
	-0.3244615005	-0.1049019751	-0.1180989816	-0.2927458413	-0.2786920379
	-0.1312347952	-0.1442940472	0.01684145113	-0.1572791682	-0.2370352512
	0.01628016403	-0.1703406942	-0.1833881025	-0.1966042357	0.01193810378
	-0.2098941249	0.0009463723852	-0.2233838042	-0.2508226395	-0.01093035326
	-0.2647980883	-0.02493376102	-0.3072974498	-0.03781337176	-9.349705524e-35
	-5.130766464e-34	-0.2700847588	-4.582510268e-35	-2.535716848e-34	0.004900493069
	-0.4460673738	-0.4336123796	-0.4036252986	-0.3572123244	0.01299935905
	0.008513260448	-0.01100597921	0.001960199192	-0.3067299849	-0.3252551859
	-0.02390768676	-0.03816676506	-0.2778313013	-0.2916884721	-0.06485737846
	-0.05134999977	-0.2504803155	-0.2641871273	-0.07802709584	-0.09154312286
	-0.2234023378	-0.2369212873	-0.2100818076	-0.1968176952	-0.1837314482
	-0.170638452	-0.1182460864	-0.1048911628	-0.1576487338	-0.1445669051
	-0.1314718195	-0.4109732227	-0.0918639966	-0.2467177726	-0.1051623229
	0.003920388331	-0.4381083478	-0.1184381281	-0.4085606665	-0.131616341
	-0.1448278751	-0.157802946	0.008361094496	-0.1709208544	-0.2911757224
	-0.2770782087	-0.1838370545	0.001230633199	-0.2499575021	-0.1969786175
	-0.2100120488	-0.008656645619	-0.2232826964	-0.2365342952	-0.02310732132
	-0.2634190035	-0.03742732688	-0.05200339426	-0.3075555723	-0.328626877
	-0.06538858556	-0.3622422293	-0.07877001378	-7.333731941e-35	-5.00402862e-34
	-0.2245168113	-3.527755033e-35	-2.506536217e-34	0.002600514292	-0.3882064726
	-0.430906128	-0.4117366451	-0.3682040513	0.003529101338	-0.006971013687
	-0.01924135568	-0.03565160648	-0.331786482	-0.3086340838	-0.05118892074
	-0.06615877664	-0.2907457243	-0.2762676543	-0.09298023643	-0.07986800573
	-0.2492830649	-0.2626708978	-0.1188970819	-0.1059668081	-0.236161849
	-0.2229260756	-0.1968204054	-0.2099487126	-0.1708816025	-0.1839632357
	-0.1320047607	-0.1580459389	-0.1449266201	-0.1206966929	-0.1330985145
	0.0008743929552	-0.1459057138	-0.1584168829	-0.4155477748	-0.1713448059
	-0.1839373962	-0.002000889467	-0.1969104185	-0.3385741066	-0.01488429776
	-0.2096128402	-0.2226822557	-0.2355851642	-0.03052840513	-0.2489081137
	-0.04842426928	-0.2622927611	-0.2767131641	-0.2923951263	-0.06569795671
	-0.3124919645	-0.08107822528	-0.3738097266	-0.4126245666	-0.09513885702
	-0.1079499485	-0.3574313461	-0.1980799391	-5.316451147e-35	-5.061920944e-34
	-2.453552929e-35	-0.1732760163	-2.583469481e-34	-0.000294422999	-0.3983575424
	-0.3260512596	-0.379529002	-0.4104851755	-0.0229628098	-0.007243994984
	-0.06118238565	-0.04131829766	-0.3171668574	-0.344842449	-0.08013557343
	-0.09616142715	-0.2778775568	-0.2948306552	-0.1108368247	-0.1233436736
	-0.2628442713	-0.2490191813	-0.1477387846	-0.135913535	-0.2227517459
	-0.2358744681	-0.2101087456	-0.1972358498	-0.1848630291	-0.1722166808
	-0.1601397257	-0.002704606069	-0.1634409969	-0.1454171772	-0.175453387
	-0.1870158224	-0.1993977906	-0.01311072399	-0.4009161528	-0.2115223225
	-0.03100471823	-0.2244651696	-0.2373539614	-0.2513046043	-0.3012956181
	-0.05244573025	-0.265759146	-0.07393352359	-0.2824169284	-0.3250096423
	-0.09488502049	-0.3533588234	-0.1117916204	-0.3813521828	-0.371830694
	-0.1272024985	-0.2876104095	-0.13970826	-0.1521228677	-3.451424956e-35
	-5.353477777e-34	-0.1200217057	-1.470133663e-35	-2.777510033e-34	-0.003449874884
	-0.3415454614	-0.248501184	-0.3863518741	-0.3800569988	-0.03812292876
	-0.01810452065	-0.06234147909	-0.08563746306	-0.3590815474	-0.3325722202
	-0.1087608251	-0.1268285072	-0.2881983891	-0.3082316065	-0.143618909
	-0.1563561327	-0.2553131319	-0.27060074	-0.1691389054	-0.1802010362
	-0.2413494991	-0.2280824218	-0.2157536953	-0.2034646483	-0.1920724676
	-0.2103740386	-0.2220888516	-0.09378344621	-0.02348622976	-0.2350804209
	-0.3019077187	-0.2482933353	-0.04520603883	-0.2631640697	-0.2790909032
	-0.0715086173	-0.297271373	-0.3175257467	-0.09631654462	-0.3389088444
	-0.3601858087	-0.1212926907	-0.3685068266	-0.3590499203	-0.140966309
	-0.2063776905	-0.1592175151	-0.1730857486	-0.006264936063	-0.1865982001
	-0.1981106262	-5.848279363e-34	-1.862059391e-35	-0.07079072091	-7.154057857e-36
	-0.006446671421	-3.052858598e-34	-0.2595645551	-0.1647204019	-0.3493510623
	-0.3251374448	-0.02732371082	-0.04999475243	-0.1041661729	-0.07833337995
	-0.3534150068	-0.3397701353	-0.1311635823	-0.1524162157	-0.3226190098
	-0.3040228112	-0.1729252388	-0.1882669964	-0.2705247888	-0.2865504123
	-0.2035412087	-0.2160814257	-0.2420741572	-0.2559251656	-0.229406302
	-0.2460077926	-0.2603023281	-0.03103341797	-0.2751385539	-0.05437144441
	-0.2117407676	-0.2903421067	-0.3051567689	-0.3197292723	-0.08279217706
	-0.3287247782	-0.1092041429	-0.3319987562	-0.3149725949	-0.2794051559
	-0.1367801048	-0.1596826692	-0.1260476236	-0.04952236103	-0.1817346507
	-0.1993918942	-0.009009127409	-0.2164348216	-0.2311328282	-6.260207963e-36
	-6.414528997e-34	-0.03173679335	-2.345938503e-36	-0.008729195441	-3.321897622e-34
	-0.1656608144	-0.09000208801	-0.2294065521	-0.2729144262	-0.03262574146
	-0.05519893171	-0.1092830183	-0.0838011828	-0.3055999149	-0.2991818719
	-0.1606075723	-0.137189416	-0.2944267783	-0.3041875433	-0.1842259553
	-0.2032928976	-0.2828690524	-0.2685498129	-0.2381732217	-0.2223333928
	-0.2543600457	-0.03336504601	-0.2586775043	-0.01723716041	-0.05511092464
	-0.2664554165	-0.2707242817	-0.2651389036	-0.08113570751	-0.2515055245
	-0.1053850806	-0.2205733554	-0.1774430349	-0.1213862239	-0.1311039751
	-0.06096020806	-0.1543732237	-0.1772002495	-0.01001715744	-0.197245688
	-0.2158602881	-0.2322918159	-0.2464392092	2.180677712e-36	-6.844843937e-34
	-0.00590095153	5.811503695e-37	-3.470542299e-34	-0.009599657927	-0.08323564887
	-0.03618954446	-0.1279337825	-0.168476958	-0.05125155056	-0.03209644669
	-0.09570899398	-0.07511959166	-0.1985877385	-0.2161110687	-0.1188544659
	-0.1393173184	-0.2255283106	-0.2247271992	-0.1604941366	-0.1783409322
	-0.2199346833	-0.1957020007	-0.2086351242	-0.04615733762	-0.1618800568
	-0.1451225004	-0.06546044391	-0.1188505252	-0.08630588254	-0.08318148074
	-0.0519071282	-0.01824731267	-0.1014145858	0.002214396577	-0.1188273202
	-0.008897937272	-0.1720912429	-0.1735274584	-0.1351648486	-0.1499207562
	-0.1615787761	-0.1704147342	-0.02900840919	6.914997162e-36	-6.951031865e-34
	0.007761904421	2.366099997e-36	-3.425378234e-34	-0.008313605674	-0.004668154926
	-0.02771458825	-0.07745762116	-0.05204639966	-0.03892517759	-0.02541154383
	-0.06750439019	-0.05466211331	-0.1122081401	-0.09745745936	-0.08148734182
	-0.09358152101	-0.1210008642	-0.1231965454	-0.114388943	-0.1054746246
	-0.1213233149	-0.04511571774	-0.02734612945	-0.04139794051	-0.01025855049
	-0.05099752063	0.004456844014	0.0111427666	-0.05991124429	-0.06805114595
	-0.006166064092	-0.0599716743	-0.07429851816	-0.07897394271	-0.079930103
	-0.07793172747	-0.01946185996	-0.07086064877	-0.03018751076	8.502544713e-36
	-6.683869876e-34	0.01282135776	3.073671554e-36	-3.218350865e-34	-0.005143985529
	0.001701880185	0.01042863354	-0.009611379365	-0.02184841151	-0.01392902688
	-0.02171295796	-0.035300612	-0.02919823758	-0.03182270927	-0.04025002578
	-0.04051235073	-0.04459930417	-0.04506110801	-0.04748820204	-0.0469253804
	-0.01698504791	0.01414371532	-0.02066669242	0.01353408141	-0.02305112929
	-0.002441210152	-0.02457259666	0.002037097287	-0.02428393777	-0.02261260034
	-0.01867863129	-0.007693111435	-0.01306600302	-0.01244154876	-0.00584751245
	0.009473858479	7.826281655e-36	-6.183560568e-34	0.01345390768	2.966122031e-36
	-2.953964807e-34	-0.001439627449	0.01611464271	0.01401325312	0.004184007005
	0.009512181264	-0.002136218671	-0.004954706128	-0.008465683186	-0.006441818681
	-0.0005222115397	-0.004851994375	-0.008825413085	-0.007214235554	-0.009033841695
	0.001943016325	0.0008102198806	0.01309864047	0.00232775404	0.003004742552
	0.01678680486	0.004908559998	0.007438040228	0.002568570822	0.01085743403
	0.01413743588	0.002511498465	0.01704992486	0.002636264138	6.462935681e-36
	-5.680254143e-34	2.614182989e-36	0.01247354388	-2.738319265e-34	0.00148753489
	0.01817788295	0.01728203368	0.01482424674	0.01700599358	0.007490572112
	0.00635932141	0.009512371001	0.009432356233	0.01295572237	0.01115870908
	0.01051972419	0.00268361085	0.01585005327	0.01646624757	0.01769461403
	0.01869143914	0.008564746227	0.01908604564	0.01154849115	0.01730678338
	0.01190873261	0.0142299957	0.01483579878	5.226497361e-36	-5.328016376e-34
	0.01139383804	2.25820191e-36	-2.611280209e-34	0.002872790838	0.01713096948
	0.01925130142	0.01888391219	0.01954857841	0.009821759901	0.01314806303
	0.01665051853	0.01855135398	0.01737777458	0.01917999261	0.0193220417
	0.01100785027	0.01906874392	0.009686945208	0.01674787591	0.01370422632
	0.01711046712	0.003054450807	0.0182105524	4.443856084e-36	-5.147861782e-34
	0.01052234631	2.082768094e-36	-2.556574693e-34	0.002843914339	0.01777714081
	0.01604772579	0.01713406187	0.01812823754	0.009029220661	0.01264682727
	0.01611559286	0.01463125254	0.007707667088	0.009982510897	0.01123536822
	0.002453564146	0.01425085732	0.01543614865	0.0160416809	4.028265809e-36
	-5.082908242e-34	0.008898759937	2.038661421e-36	-2.540951287e-34	0.002117087696
	0.01286489557	0.01273987867	0.01200147927	0.006400396472	0.009287622372
	0.005029605457	0.007570712216	0.00160085183	0.009686868481	0.00996800596
	0.007685274979	3.306947717e-36	-5.071406358e-34	1.813058809e-36	0.005793305566
	-2.54049174e-34	0.001339070223	0.00714522559	0.005800155853	0.003909883574
	0.0009087591411	0.004099778754	0.004050235617	0.002898420753	-5.077212138e-34
	1.767618589e-36	0.002179100753	1.272456255e-36	-2.5440368e-34	0.001877583053
	0.0007505906323	0.0003930553669	0.0009071998644	-5.085901394e-34	-1.047257901e-37
	1.134013217e-36	0.000141793311	-2.548498619e-34	-1.26094568e-34	-5.093690231e-34
	-2.25017376e-36	
