2601	
	0.03803563959	0.03805045827	0.03806664886	0.03804949389	0.03799434687
	0.03791403747	0.03782422069	0.03773236995	0.03763426623	0.03751696691
	0.03736454736	0.03716239925	0.03689719235	0.03655425711	0.03611764907
	0.03557296996	0.03491075239	0.03413376578	0.03326818858	0.03237104359
	0.03152803767	0.03084493009	0.0304316058	0.03038602635	0.03079002133
	0.03169011798	0.03306628433	0.03481786267	0.03675919786	0.03863283865
	0.04014638074	0.04103688692	0.04114117675	0.0404365275	0.03904685247
	0.0372203686	0.03526596516	0.03346181197	0.03199132128	0.03092346948
	0.03023288937	0.02984043839	0.02965275371	0.02958833165	0.02958816908
	0.02961532283	0.02964996058	0.02968367952	0.02971641229	0.02974327769
	0.0297562284	0.03801835509	0.03803360464	0.03803884256	0.0380179192
	0.03796757915	0.03789658905	0.03781577814	0.03772977844	0.03763470924
	0.03752030585	0.03737383293	0.03718304217	0.03693584097	0.03661815244
	0.03621391946	0.03570736648	0.03508572789	0.03434626749	0.03350792729
	0.03262023099	0.03176354497	0.03104181527	0.03056888709	0.03045096873
	0.03077278383	0.03158035025	0.03285779456	0.03451088917	0.03636288596
	0.03816665335	0.03963919114	0.04051991565	0.04063896452	0.03996732537
	0.03863125569	0.03688153673	0.03502060072	0.03331529552	0.03193709122
	0.03094531964	0.03030841977	0.02994502807	0.02976409378	0.02969035745
	0.02967255498	0.02968034209	0.02969764384	0.02971706478	0.02973615666
	0.02975363679	0.02976377328	0.03799738341	0.03802533127	0.03803083148
	0.03800524525	0.03795113205	0.03788165741	0.03780900279	0.03773599511
	0.03765600018	0.03755729937	0.03742801525	0.03725765117	0.03703326047
	0.03673413388	0.03633153646	0.03579407053	0.03509511166	0.03422483718
	0.03320678026	0.0321076286	0.03103199774	0.03010589033	0.02945712901
	0.02919748204	0.02940919916	0.03013183855	0.03134685417	0.03296507531
	0.03482105841	0.03668003359	0.03826448109	0.03930407637	0.03960226935
	0.03909813158	0.03789586493	0.03624069139	0.03444443549	0.0327914987
	0.03147020874	0.03055152171	0.03000637408	0.02974386472	0.02965560429
	0.0296514489	0.02967545843	0.02970210344	0.02972368792	0.0297399249
	0.02975348125	0.02976864136	0.02979124066	0.03799151985	0.03803012957
	0.03803371175	0.0379967438	0.03793158179	0.03786090864	0.03779954132
	0.03774663519	0.0376896985	0.03761256998	0.03750011972	0.03733461741
	0.03708656418	0.03670958055	0.03614541993	0.03534105629	0.03427375604
	0.03297002461	0.03150651432	0.02999641321	0.02857017494	0.02735875598
	0.02648093841	0.02603384043	0.02608518343	0.02666511977	0.02775705137
	0.02928904384	0.0311275079	0.03307694437	0.0348917584	0.03630707842
	0.03709179751	0.03711533039	0.03640271153	0.03514229688	0.03362727342
	0.03215604242	0.03094568459	0.03009703696	0.02960825348	0.02940949931
	0.02939958514	0.02947913613	0.02957604004	0.02965432616	0.02970587268
	0.02973597546	0.02975408302	0.02977158396	0.02980646752	0.03800753325
	0.0380543901	0.03804807751	0.03799046342	0.0379092859	0.03783823057
	0.03779146159	0.03776074803	0.03772436449	0.03765502108	0.03751948153
	0.03726887628	0.03682998118	0.03611531371	0.03505658649	0.03364020097
	0.03191682485	0.02998570425	0.02797148113	0.02600672664	0.0242198641
	0.02272602801	0.02162037295	0.02097439897	0.02083361619	0.02121506785
	0.02210394348	0.02344962036	0.02516171426	0.02710713449	0.02911030714
	0.03096099197	0.03243658092	0.03334517738	0.03358567739	0.03319992875
	0.03237588324	0.03138117248	0.03046209968	0.02977099102	0.02935431609
	0.02918301083	0.02918971344	0.02929605608	0.02943275878	0.02955406767
	0.02964126499	0.02969504471	0.02972558069	0.02974798547	0.02978652704
	0.03805730833	0.03810927747	0.03808268433	0.03799574567	0.03789695647
	0.03782708812	0.03779280163	0.03777232896	0.03772595613	0.03759777013
	0.03730728145	0.03674468324	0.03579428148	0.03438549775	0.03252831586
	0.03030760745	0.02785256222	0.02530863936	0.02281854992	0.02050930233
	0.0184854307	0.01682763307	0.01559434813	0.01482393417	0.01453616311
	0.01473254037	0.01539577246	0.01648902772	0.01795550655	0.0197183563
	0.02168035046	0.02372274814	0.02570436334	0.02746585739	0.02884879105
	0.02973643794	0.03010609922	0.03005687648	0.0297754158	0.02945320791
	0.02921618648	0.0291083693	0.02911716248	0.02920503299	0.02932942459
	0.02945394217	0.0295553274	0.02962527205	0.02966728372	0.0296938464
	0.02972836368	0.03816349948	0.03821405969	0.03815613994	0.03803450048
	0.03791828701	0.03784607581	0.03780671219	0.03775361688	0.03760953977
	0.03725847878	0.0365482658	0.03533378014	0.03354552102	0.03122253
	0.0284903524	0.02551756411	0.02247938938	0.01953187268	0.01679821683
	0.01436709489	0.01229839	0.01063090845	0.009388536373	0.008583697489
	0.008218452436	0.008284279673	0.008761561033	0.009619698984	0.01081851856
	0.01231115124	0.0140478203	0.01597877499	0.0180533277	0.02021181581
	0.02237033188	0.02440657047	0.02616563898	0.02750466386	0.02836543016
	0.02881503631	0.02900484449	0.02908343906	0.02914149653	0.02921313064
	0.02930084784	0.02939430585	0.02947976145	0.02954621331	0.02958967992
	0.02961593135	0.02964151432	0.03835787348	0.03839565019	0.03829773432
	0.03813994748	0.03800313683	0.0379096355	0.03781664816	0.03763277963
	0.03721181622	0.03636042761	0.03490017973	0.03275654901	0.02999478889
	0.0267844588	0.02333996499	0.01986933607	0.016540428	0.01346889417
	0.01072422625	0.008344020569	0.006347646635	0.004745259458	0.003542011302
	0.002738882333	0.002331739927	0.002309857171	0.002654826827	0.003340529854
	0.004334637207	0.005601945666	0.007109548094	0.008833210795	0.01076310805
	0.01290499542	0.0152704251	0.0178488809	0.02056188221	0.02322162719
	0.02554801125	0.02728779802	0.0283669202	0.02891930434	0.02916277473
	0.02926933607	0.0293301533	0.0293810546	0.02943023788	0.02947363446
	0.02950516928	0.02952493351	0.02954112056	0.03867530882	0.03868479576
	0.0385433289	0.03834847212	0.03817577289	0.03801339802	0.03776847383
	0.03727581096	0.03630760639	0.03464797691	0.03220533531	0.02906136327
	0.02542739993	0.02156502312	0.01771537853	0.01405657405	0.01069490782
	0.007680618776	0.005031120857	0.002749680678	0.0008360407396	-0.0007096122033
	-0.001886617021	-0.002695571633	-0.003140432678	-0.003230237594	-0.002980095734
	-0.002411216888	-0.001549769924	-0.0004243763085	0.0009379187087	0.00251725801
	0.004307923705	0.006325524713	0.00861114882	0.01122492732	0.01421560176
	0.01755239173	0.02103157241	0.02424311096	0.02672690891	0.02826719658
	0.02901444385	0.02929551556	0.02937660809	0.0293949722	0.02940214784
	0.02941076267	0.02941973456	0.02942799428	0.02943795217	0.03914095436
	0.03910550225	0.03892163246	0.03868261736	0.03843560255	0.03811532612
	0.03755447919	0.03650275588	0.034704572	0.03203561276	0.02857770476
	0.02457596035	0.02033790093	0.01613942826	0.0121707991	0.008530927238
	0.005253599515	0.002339734933	-0.0002195593047	-0.002431729703	-0.004299682431
	-0.005822830962	-0.00699948206	-0.007829193813	-0.008314622377	-0.008462728694
	-0.00828530974	-0.007798832497	-0.007023532804	-0.005981722845	-0.004695239302
	-0.003181931517	-0.001451004189	0.0005030386934	0.002707829875	0.005220376378
	0.008127173557	0.01151907786	0.01541089935	0.01959496283	0.02353908081
	0.02657664895	0.02837601002	0.02915723441	0.02938511716	0.02940664873
	0.02937824401	0.02934921096	0.02933065105	0.02932498225	0.02933325209
	0.03975098641	0.03965668469	0.03943209133	0.03912722426	0.0387358034
	0.03811859311	0.03702189691	0.03515456501	0.03234288933	0.02864574261
	0.02432800709	0.0197411868	0.01520135121	0.01091807441	0.006988829907
	0.003435340877	0.0002455509607	-0.002598759159	-0.005110183373	-0.007293757605
	-0.009149153217	-0.01067365027	-0.01186462715	-0.01272130073	-0.01324581147
	-0.01344379427	-0.01332450231	-0.0129004889	-0.01218684035	-0.01119997182
	-0.009956025014	-0.008468905877	-0.006747915928	-0.004794674517	-0.002598556072
	-0.0001294532799	0.002672532832	0.005905394914	0.009689710831	0.0140809358
	0.01886520547	0.02337657287	0.02674462156	0.02858333737	0.02925799494
	0.02938001801	0.02933730731	0.02927419487	0.02922816573	0.02920830092
	0.02921816581	0.04045200408	0.04029058999	0.0400218646	0.03960826331
	0.03896803002	0.037874941	0.03601803605	0.0331626793	0.0293153704
	0.02473833222	0.01982280247	0.01493448319	0.01031576508	0.006073048666
	0.002221628987	-0.001260984981	-0.004401164174	-0.007216086285	-0.009712817262
	-0.01189170036	-0.01374999013	-0.01528444721	-0.01649290446	-0.01737515832
	-0.01793344793	-0.01817263865	-0.01810013742	-0.01772552874	-0.01705992073
	-0.01611502355	-0.01490203307	-0.01343043709	-0.0117068624	-0.009733957501
	-0.007508916734	-0.005020409469	-0.002241473969	0.0008842749509	0.004460154836
	0.008632132813	0.01349084908	0.01879326646	0.02369635638	0.02713740713
	0.02879089304	0.02925509536	0.02925849168	0.02917041962	0.02909857861
	0.02906457441	0.02907619254	0.04112993087	0.04089983916	0.04057324767
	0.03998693863	0.03896922697	0.0372198666	0.03444590284	0.0305699193
	0.0258164684	0.02060417959	0.01535917958	0.01037708847	0.005789936738
	0.001614862106	-0.002178904209	-0.005626214855	-0.008749623351	-0.01155888041
	-0.0140556027	-0.0162377356	-0.01810236368	-0.01964716972	-0.02087113804
	-0.0217748998	-0.02236090105	-0.02263343237	-0.0225984954	-0.02226347334
	-0.02163659292	-0.02072619902	-0.01953990721	-0.01808375019	-0.01636147827
	-0.01437417487	-0.0121202146	-0.009595110132	-0.006789610027	-0.00368231112
	-0.0002214770313	0.003703184288	0.008266872151	0.01358731277	0.01933714746
	0.02441912399	0.02763383184	0.02890223297	0.02911353268	0.0290265571
	0.02892820849	0.02887746212	0.02888729575	0.04161882426	0.04132381256
	0.04091395082	0.0400788696	0.03855830391	0.03602470726	0.03229423546
	0.02750378269	0.02206848038	0.01647909905	0.01111034628	0.006145990339
	0.001619487943	-0.002504342264	-0.006269856519	-0.009706886738	-0.01282922804
	-0.01564055529	-0.01814002941	-0.02032559251	-0.0221954545	-0.02374865479
	-0.02498528098	-0.02590659211	-0.02651509431	-0.02681454054	-0.02680981294
	-0.02650665665	-0.02591125512	-0.02502966413	-0.02386715306	-0.02242753877
	-0.02071264038	-0.01872202666	-0.01645324213	-0.01390257711	-0.0110659008
	-0.007937499006	-0.004501631859	-0.0007081821369	0.003568873612	0.008544716659
	0.01434305888	0.02044437091	0.02540949701	0.02807350703	0.02883631671
	0.0288304763	0.02870568755	0.02863020087	0.02863173044	0.04172997567
	0.0413776096	0.04085243585	0.03969831144	0.03758892366	0.03423618354
	0.02963312606	0.0241296994	0.01826266447	0.01250906064	0.007141577072
	0.002236278698	-0.002236632729	-0.006330919019	-0.01008627496	-0.01352261444
	-0.01664671709	-0.01945939989	-0.02195972729	-0.02414675001	-0.02602001381
	-0.02757967299	-0.02882655338	-0.02976223425	-0.03038911854	-0.03071044292
	-0.03073018991	-0.03045288218	-0.02988325623	-0.02902582998	-0.02788439769
	-0.0264615069	-0.0247579997	-0.02277273893	-0.02050269331	-0.01794359836
	-0.01509132126	-0.01194342083	-0.00849825992	-0.00474414697	-0.0006253870391
	0.004016434937	0.00945030172	0.01574518481	0.02200665585	0.02644131638
	0.02827811589	0.02854940514	0.02841723072	0.02830468976	0.02828953836
	0.0412958166	0.04089615607	0.04022644681	0.03871001653	0.03599274974
	0.03188719317	0.02658682084	0.02060913435	0.0145328235	0.008761280737
	0.003456557314	-0.001382929472	-0.005815250748	-0.009892105674	-0.01364231285
	-0.01707725088	-0.02019986256	-0.02301040467	-0.02550881625	-0.02769531416
	-0.02957042624	-0.03113498194	-0.03239017425	-0.03333765948	-0.03397963858
	-0.03431887802	-0.03435864661	-0.03410255893	-0.03355432806	-0.03271744067
	-0.03159477773	-0.03018821419	-0.02849824364	-0.02652369499	-0.02426165074
	-0.02170775283	-0.01885717481	-0.01570647881	-0.01225576625	-0.008507421192
	-0.004450257904	-9.715275075e-06	0.005031807434	0.01099949415	0.01775221863
	0.02378499659	0.02719802587	0.02810525371	0.02803570346	0.02787651506
	0.02783477677	0.04021025993	0.03977654221	0.03894679099	0.03706654047
	0.03379481385	0.02908111349	0.02330140178	0.0170754157	0.01095839009
	0.005255600404	3.814856407e-05	-0.004738697962	-0.00913726414	-0.01319833557
	-0.01694012452	-0.02036841684	-0.02348460577	-0.0262893186	-0.02878335416
	-0.03096767961	-0.03284332778	-0.03441140889	-0.03567320935	-0.03663030831
	-0.03728466177	-0.03763862695	-0.03769491596	-0.03745647683	-0.03692630741
	-0.03610721339	-0.03500152733	-0.03361080962	-0.03193555538	-0.0299749375
	-0.02772663616	-0.02518686254	-0.02235080396	-0.01921387779	-0.01577413332
	-0.01203490292	-0.008001930887	-0.003657336514	0.001116528317	0.006633183095
	0.0132170716	0.02019311494	0.02534459907	0.02735873264	0.02751243015
	0.027311483	0.02723098454	0.03845350512	0.03800505595	0.03702052474
	0.03481777659	0.03110120601	0.02596336542	0.01991938286	0.01362819509
	0.007582454933	0.001993456438	-0.003128776994	-0.007845059259	-0.01220935712
	-0.01624983889	-0.01997654601	-0.02339201685	-0.02649712708	-0.0292928854
	-0.03178051898	-0.03396125097	-0.03583621439	-0.0374065136	-0.03867334718
	-0.0396381247	-0.04030254303	-0.04066860884	-0.04073860383	-0.04051499486
	-0.04000029446	-0.03919688109	-0.03810679172	-0.03673150064	-0.03507169774
	-0.03312707682	-0.03089614652	-0.02837610375	-0.02556289706	-0.02245179824
	-0.01903904617	-0.01532498815	-0.01131699511	-0.007021935048	-0.002399625752
	0.002753337529	0.008874032803	0.01604677214	0.02261215611	0.02612232868
	0.02677553991	0.02656637658	0.02643279292	0.03610257772	0.03566273107
	0.03454771395	0.03209453179	0.02807040365	0.02269315736	0.01656603255
	0.01033971925	0.00443064357	-0.00102452469	-0.006049308562	-0.01070376294
	-0.01502886351	-0.01904162271	-0.02274631841	-0.02614353889	-0.02923381365
	-0.03201815394	-0.03449772851	-0.03667360999	-0.03854674071	-0.04011802558
	-0.04138845563	-0.04235921096	-0.04303172374	-0.04340769659	-0.04348907714
	-0.04327799123	-0.04277663939	-0.0419871637	-0.04091149402	-0.03955118374
	-0.03790724343	-0.03597997509	-0.03376880224	-0.03127209361	-0.02848702254
	-0.02540965111	-0.0220357234	-0.01836298648	-0.01439536882	-0.01014497675
	-0.005612811981	-0.0007020489487	0.004941461464	0.01179799744	0.01913541127
	0.02422355542	0.02572775177	0.02558745107	0.02538718914	0.03331659664
	0.03290727416	0.03169709082	0.02907765019	0.02488210499	0.01942293963
	0.01334567526	0.007264588072	0.00152387951	-0.003791434223	-0.008718399775
	-0.01330793804	-0.01758780923	-0.02156616464	-0.02524322063	-0.02861812443
	-0.03169084309	-0.03446195985	-0.03693219603	-0.03910218979	-0.04097249934
	-0.04254370021	-0.04381649203	-0.04479178063	-0.04547072675	-0.04585476098
	-0.04594556659	-0.04574503195	-0.04525517564	-0.04447804878	-0.04341562101
	-0.04206965731	-0.04044159193	-0.03853240042	-0.0363424606	-0.03387138195
	-0.03111779177	-0.02807915176	-0.02475192313	-0.02113285864	-0.0172225006
	-0.01303042572	-0.008572494437	-0.003822451315	0.001440677607	0.007768772237
	0.01522548901	0.02160025813	0.02425242279	0.02430858383	0.02403415003
	0.03030034825	0.02993935817	0.02867161885	0.02596482171	0.02171194652
	0.01628697688	0.01034345651	0.004447643701	-0.001115729792	-0.006293379551
	-0.0111236796	-0.01564562833	-0.01987549003	-0.02381468104	-0.02746039572
	-0.03081044758	-0.03386395429	-0.03662073978	-0.03908082204	-0.04124422805
	-0.04311100916	-0.04468132295	-0.04595551493	-0.04693417908	-0.04761819433
	-0.0480087379	-0.04810727635	-0.04791553471	-0.0474354452	-0.04666907788
	-0.04561855737	-0.04428597056	-0.04267326996	-0.04078217431	-0.03861405906
	-0.03616981356	-0.03344962893	-0.03045271158	-0.02717708224	-0.02362004452
	-0.01978050695	-0.01566433142	-0.01128914381	-0.006665162982	-0.001684698461
	0.004104571266	0.01122146358	0.0183511512	0.0222489236	0.02266495477
	0.0223192544	0.02726835179	0.02696802905	0.02567559561	0.02294369047
	0.0187152943	0.01339693516	0.0076286109	0.001928290838	-0.003463807421
	-0.008511586897	-0.01324865014	-0.01770243055	-0.02188001096	-0.02577777518
	-0.02939052409	-0.03271472805	-0.03574845106	-0.03849056585	-0.040940251
	-0.04309682731	-0.04495976594	-0.04652874586	-0.04780370983	-0.04878490671
	-0.04947291949	-0.04986867949	-0.04997346608	-0.04978889118	-0.04931686827
	-0.04855956704	-0.04751935563	-0.04619873342	-0.04460025784	-0.04272646718
	-0.04057979579	-0.03816246346	-0.03547629852	-0.03252244842	-0.02930101882
	-0.02581101163	-0.02205158406	-0.01802633377	-0.01375045515	-0.00924874534
	-0.004489503238	0.000832201569	0.007380806584	0.0147021502	0.01969076047
	0.02061949413	0.020216861	0.02441628608	0.0241833699	0.02289066961
	0.02017477327	0.01601925469	0.0108414927	0.005257098208	-0.0002581946484
	-0.005495051995	-0.01042518412	-0.01507535657	-0.01946331393	-0.02358926438
	-0.0274458926	-0.03102604972	-0.03432488903	-0.03733934632	-0.04006727966
	-0.04250698562	-0.04465704273	-0.04651630358	-0.0480839277	-0.04935941664
	-0.0503426436	-0.05103387777	-0.05143380214	-0.05154352303	-0.05136456931
	-0.05089887996	-0.05014878023	-0.04911694665	-0.04780636224	-0.04622026432
	-0.04436208691	-0.04223539725	-0.03984381537	-0.03719088283	-0.03427982005
	-0.03111313953	-0.02769230632	-0.02401822628	-0.02009427439	-0.01593335131
	-0.01156415529	-0.006998966174	-0.00206534658	0.003855110625	0.01092265918
	0.01665860749	0.01818472403	0.01775243018	0.02190259407	0.02173900858
	0.02046183118	0.01778309565	0.01372036469	0.008687692717	0.003273108837
	-0.002081083146	-0.00718532889	-0.01201368837	-0.01658636351	-0.02091386567
	-0.02499162825	-0.02880972796	-0.03235946403	-0.03563478904	-0.03863155842
	-0.04134665215	-0.04377750903	-0.04592197007	-0.04777825505	-0.04934497705
	-0.05062116444	-0.0516062849	-0.05230027121	-0.05270354578	-0.05281704185
	-0.05264221743	-0.05218106073	-0.05143608687	-0.05041032423	-0.04910729128
	-0.04753096526	-0.04568574413	-0.04357640368	-0.04120804497	-0.03858600848
	-0.03571569703	-0.03260223698	-0.02925004018	-0.02566281191	-0.02184551453
	-0.0178104242	-0.01358649532	-0.009208856714	-0.004603494354	0.0007188286764
	0.00725616768	0.01332543776	0.01543270503	0.01500361936	0.0198395932
	0.01974366873	0.01849161582	0.01585608079	0.01188552649	0.006982763783
	0.001709727863	-0.003515220064	-0.008513598767	-0.01325887653	-0.0177661158
	-0.02204114632	-0.02607649832	-0.02986059445	-0.03338359584	-0.03663846036
	-0.03962010364	-0.04232453244	-0.04474839527	-0.04688882608	-0.04874341219
	-0.05031020067	-0.05158771683	-0.05257499042	-0.05327158817	-0.05367764872
	-0.0537939183	-0.05362177936	-0.05316327401	-0.0524211218	-0.05139872644
	-0.05010017444	-0.0485302254	-0.04669429524	-0.04459843497	-0.04224930552
	-0.03965413448	-0.03682060728	-0.03375660909	-0.0304697971	-0.02696735428
	-0.02325717573	-0.01935276148	-0.01528310459	-0.01109447468	-0.006778735797
	-0.001991326383	0.003889674491	0.009916108906	0.01248931289	0.01209441246
	0.01829157903	0.01825931122	0.0170397598	0.01444504454	0.01055436024
	0.005755880563	0.0005892337718	-0.004541966704	-0.009463302993	-0.01414600547
	-0.01860179953	-0.02283425476	-0.02683467957	-0.03059072506	-0.03409185724
	-0.03733030901	-0.04030025354	-0.04299696764	-0.04541639942	-0.0475550178
	-0.04940978289	-0.05097815627	-0.05225812671	-0.05324824663	-0.0539476769
	-0.05435623686	-0.05447445728	-0.05430362218	-0.05384581477	-0.05310395501
	-0.05208182603	-0.05078409582	-0.04921633021	-0.04738499934	-0.04529748051
	-0.04296206104	-0.04038793522	-0.03758515944	-0.03456448288	-0.03133698585
	-0.02791373196	-0.02430643942	-0.02053134684	-0.01661853552	-0.01261992332
	-0.008568925029	-0.004248296333	0.0009540639819	0.00665850667	0.009527758579
	0.009193846995	0.01727736421	0.01730344275	0.01612590854	0.01356841499
	0.009741993077	0.005019768298	-7.660582263e-05	-0.005149733049	-0.01002312359
	-0.01466445733	-0.01908379978	-0.02328464917	-0.02725863143	-0.03099347409
	-0.03447841093	-0.03770524965	-0.04066764028	-0.04336028415	-0.04577852188
	-0.04791819722	-0.04977564257	-0.05134770638	-0.05263179702	-0.05362593803
	-0.05432883141	-0.05473992597	-0.05485949058	-0.05468867436	-0.05422956955
	-0.05348527282	-0.05245993249	-0.05115879223	-0.04958822821	-0.04775578065
	-0.04567018324	-0.04334139588	-0.04078064076	-0.03800041602	-0.03501441116
	-0.03183723146	-0.02848403715	-0.02497089775	-0.0213178545	-0.01755732944
	-0.01374484047	-0.00993919923	-0.006022812874	-0.001461029798	0.003752216254
	0.006743009308	0.006484331863	0.0167754717	0.01685399371	0.01573384813
	0.01321559019	0.009441817164	0.004772156222	-0.0002860805324	-0.005334033318
	-0.01018717168	-0.01480790452	-0.01920582289	-0.02338624707	-0.02734255872
	-0.0310633994	-0.03453824006	-0.03775876167	-0.04071830087	-0.04341112425
	-0.04583204249	-0.04797629763	-0.0498395769	-0.05141807043	-0.05270854474
	-0.05370842511	-0.0544158841	-0.05482993202	-0.05495051173	-0.05477858018
	-0.05431618808	-0.05356657112	-0.05253420785	-0.05122489253	-0.04964579571
	-0.04780552271	-0.04571417188	-0.04338339949	-0.04082649485	-0.03805844689
	-0.03509593387	-0.03195713253	-0.02866138696	-0.0252293821	-0.0216856219
	-0.01806592218	-0.01442900232	-0.0108492514	-0.00728245016	-0.003294549971
	0.00135109043	0.004312981822	0.004125682055	0.01673091538	0.01685618632
	0.01581665299	0.01335096917	0.009628078298	0.004997098991	-4.691977777e-05
	-0.005097134894	-0.009954712215	-0.01457408371	-0.01896473268	-0.02313532038
	-0.02708234628	-0.03079621764	-0.03426711313	-0.03748686033	-0.04044865565
	-0.04314643471	-0.04557452177	-0.04772754958	-0.04960051373	-0.05118887376
	-0.0524886675	-0.05349662924	-0.05421030908	-0.05462819092	-0.05474980942
	-0.05457585356	-0.0541082666	-0.05335036125	-0.05230689622	-0.05098417163
	-0.04939011598	-0.04753437245	-0.04542838805	-0.04308551296	-0.04052111552
	-0.03775269858	-0.03479995359	-0.03168464365	-0.02843031471	-0.02506237062
	-0.02161014681	-0.01811362357	-0.01463500893	-0.01125876854	-0.007992889246
	-0.004502918419	-0.0004356068701	0.00238038724	0.002244181441	0.01706485045
	0.01723175626	0.01630266699	0.01391793296	0.01025825514	0.00566612136
	0.0006243670318	-0.00444745839	-0.009329555556	-0.01396425769	-0.01836013699
	-0.02253019872	-0.02647534164	-0.0301886335	-0.03366144328	-0.0368859818
	-0.03985541972	-0.04256340584	-0.04500376823	-0.04717047589	-0.04905774471
	-0.05066019423	-0.05197301373	-0.0529921248	-0.05371433726	-0.05413749748
	-0.05426062837	-0.05408405826	-0.05360954303	-0.05284039013	-0.05178156896
	-0.05043982268	-0.04882378128	-0.0469440771	-0.04481346726	-0.04244697061
	-0.03986202489	-0.03707865052	-0.03411955774	-0.03101008514	-0.02777794764
	-0.02445326447	-0.02107037787	-0.01767398057	-0.01433033157	-0.01113123025
	-0.008121327258	-0.005053922476	-0.001534903922	0.001056914571	0.0009480421515
	0.01768835011	0.0178895548	0.017101913	0.01484252936	0.01127520979
	0.006739122904	0.001703009313	-0.003398936535	-0.008319266053	-0.01298244076
	-0.01739375141	-0.02157078906	-0.02551999044	-0.02923804817	-0.03271804676
	-0.03595278503	-0.03893544879	-0.04165936246	-0.04411777349	-0.04630386822
	-0.04821093945	-0.04983260981	-0.05116305984	-0.05219724275	-0.05293108186
	-0.05336165118	-0.05348734046	-0.05330800645	-0.0528251149	-0.05204187784
	-0.05096338696	-0.04959674665	-0.04795121176	-0.04603833287	-0.04387211411
	-0.04146919073	-0.03884903126	-0.03603414834	-0.03305025236	-0.02992623325
	-0.02669393958	-0.02338819283	-0.02004846656	-0.01672461882	-0.01348764784
	-0.01043562223	-0.00763903474	-0.004923842313	-0.001899147207	0.000430245113
	0.0003347299443	0.01850945947	0.01873326525	0.01811247165	0.01603679883
	0.01260915712	0.00816503175	0.003156152418	-0.001970587051	-0.006934375696
	-0.01163447677	-0.01606856267	-0.02025790961	-0.02421532244	-0.02794215018
	-0.03143380619	-0.03468387631	-0.03768552463	-0.0404316112	-0.04291461986
	-0.04512675026	-0.04706015787	-0.04870725326	-0.05006100064	-0.05111519119
	-0.05186468551	-0.05230562732	-0.05243563282	-0.05225396097	-0.05176167112
	-0.05096177415	-0.04985938229	-0.04846186243	-0.04677899827	-0.0448231663
	-0.04260953182	-0.04015627216	-0.03748482956	-0.03462017177	-0.03159098653
	-0.02842968954	-0.02517221903	-0.02185806218	-0.01853191371	-0.0152492278
	-0.01208658266	-0.00914835242	-0.006523827494	-0.004097182442	-0.001501596189
	0.0005575791056	0.0004681877352	0.0194371282	0.01966943216	0.01922842501
	0.01740232674	0.01417961161	0.009882316658	0.00494254341	-0.0001865882439
	-0.005187853301	-0.009927100589	-0.01438782119	-0.01859242129	-0.02256026761
	-0.0262983806	-0.02980524234	-0.03307546541	-0.0361020901	-0.03887725401
	-0.04139236984	-0.04363833702	-0.0456058704	-0.04728588318	-0.04866986178
	-0.04975020112	-0.05052049315	-0.05097577205	-0.05111272432	-0.05092987304
	-0.05042774572	-0.04960903497	-0.04847876023	-0.0470444378	-0.04531626623
	-0.04330733387	-0.0410338561	-0.03851544897	-0.03577543726	-0.03284116635
	-0.02974423407	-0.02652052293	-0.02321002789	-0.01985695723	-0.01651149308
	-0.01323533674	-0.01011175101	-0.007252189183	-0.004760566053	-0.002566301378
	-0.0003344414976	0.001464575793	0.001376424905	0.02038958955	0.02061577796
	0.02034979599	0.0188349204	0.01589744802	0.01181957598	0.007011705504
	0.001922853487	-0.003095164317	-0.007867197549	-0.01235392837	-0.01657413031
	-0.02055275346	-0.02430324037	-0.02782798632	-0.03112296228	-0.03418095018
	-0.03699298592	-0.03954895494	-0.04183800633	-0.04384900045	-0.0455709847
	-0.04699364615	-0.04810770789	-0.04890525998	-0.04938003094	-0.04952761157
	-0.04934564519	-0.04883399797	-0.04799492209	-0.04683322333	-0.04535644326
	-0.04357506563	-0.04150275614	-0.03915664447	-0.03655765467	-0.03373087645
	-0.03070593606	-0.02751727216	-0.02420419742	-0.02081077035	-0.01738601219
	-0.01398589411	-0.01067910991	-0.00755698217	-0.004739540322	-0.002343196619
	-0.0003317876327	0.001595747089	0.00315191164	0.003060818504	0.02130120144
	0.0215082675	0.02139456916	0.02023205337	0.01766739502	0.01389643628
	0.009302798008	0.004319644805	-0.0006753249776	-0.005461604407	-0.009967372785
	-0.01420045424	-0.01818850431	-0.0219513662	-0.02549611642	-0.02882051423
	-0.03191696079	-0.03477490706	-0.03738209431	-0.03972530987	-0.04179101311
	-0.04356591985	-0.04503753096	-0.04619458177	-0.04702740551	-0.04752821975
	-0.04769135238	-0.04751342623	-0.04699352081	-0.04613332832	-0.04493731898
	-0.0434129294	-0.04157078659	-0.03942497947	-0.03699338826	-0.03429807575
	-0.03136572575	-0.02822807453	-0.02492223198	-0.02149078939	-0.01798180511
	-0.01444930678	-0.01095576274	-0.007578288646	-0.004418359573	-0.001606696869
	0.0007285929458	0.002597893903	0.004271276124	0.005601387999	0.005503308104
	0.02212747109	0.02230602226	0.02230816214	0.02150345498	0.01939137788
	0.01602471269	0.01174358635	0.006955015968	0.002046668686	-0.002717941543
	-0.007226035043	-0.01146493177	-0.01545946322	-0.01923425223	-0.02280127173
	-0.02616045359	-0.02930372114	-0.03221838985	-0.03488929149	-0.03730007003
	-0.03943408942	-0.04127515991	-0.0428081409	-0.04401942787	-0.04489732921
	-0.04543234857	-0.0456173949	-0.04544794493	-0.04492218174	-0.04404113083
	-0.04280881291	-0.04123243058	-0.03932260484	-0.03709367611	-0.03456408109
	-0.03175680717	-0.02869990221	-0.02542697761	-0.02197760419	-0.01839753353
	-0.01473891142	-0.01106119876	-0.007434229203	-0.00394496722	-0.000707213231
	0.002134988034	0.004441665374	0.006204149065	0.007665322383	0.008783040827
	0.00867121961	0.02284589115	0.02299103257	0.02306697942	0.02258364771
	0.02097432875	0.01810982216	0.01425008332	0.009766360953	0.005035926024
	0.0003529690641	-0.004125416577	-0.008355868833	-0.01235185359	-0.01613848244
	-0.0197313896	-0.02313256152	-0.02633324866	-0.02931803406	-0.03206796959
	-0.03456262953	-0.0367814485	-0.0387046521	-0.04031393956	-0.04159298771
	-0.04252781251	-0.04310701847	-0.04332196681	-0.0431668934	-0.04263900502
	-0.04173857975	-0.04046909433	-0.03883739895	-0.03685395849	-0.03453317714
	-0.03189381793	-0.02895951583	-0.02575935642	-0.02232845551	-0.01870845517
	-0.01494792537	-0.01110294784	-0.007238732127	-0.003433732863	0.0002125321825
	0.003570013308	0.006477724867	0.008783213563	0.01046461155	0.01174483322
	0.0126554775	0.01252423716	0.02345149866	0.0235627791	0.02367365653
	0.02344214802	0.02233459525	0.02005320947	0.01672716465	0.01267484883
	0.00824281094	0.003732752543	-0.0006605632164	-0.004855785472	-0.008844196056
	-0.01264346928	-0.0162689002	-0.01972296943	-0.02299552688	-0.02606768302
	-0.02891577975	-0.03151432121	-0.03383789482	-0.03586239409	-0.03756580238
	-0.03892869479	-0.03993454899	-0.0405699238	-0.04082455134	-0.04069138148
	-0.04016661217	-0.03924973498	-0.03794362127	-0.03625467206	-0.03419305226
	-0.03177302737	-0.02901341372	-0.02593813887	-0.02257688519	-0.01896576597
	-0.01514799719	-0.01117465431	-0.00710593047	-0.003013820829	0.001012522368
	0.004858336635	0.008374646781	0.01138082611	0.01371160744	0.01533877931
	0.01646826836	0.0171736577	0.01700453828	0.02395071183	0.02403077223
	0.02414728576	0.02408512065	0.02341873554	0.02175875114	0.01907042377
	0.01558523221	0.01159877671	0.007389594795	0.003169578119	-0.0009428070643
	-0.004906204686	-0.00871915614	-0.01238842465	-0.01591252379	-0.01927770802
	-0.0224603391	-0.02543100486	-0.02815815109	-0.03061062778	-0.03275927429
	-0.03457783412	-0.03604344309	-0.03713685416	-0.0378425031	-0.03814848457
	-0.03804648907	-0.0375317398	-0.03660296098	-0.03526240442	-0.03351595759
	-0.03137335415	-0.02884850418	-0.02595995465	-0.02273147865	-0.01919277776
	-0.01538028159	-0.01133808227	-0.007119212154	-0.002787807772	0.001576874558
	0.005873505753	0.009968782697	0.01368871464	0.01682706242	0.01920516792
	0.02079416825	0.02179272372	0.02229002766	0.0220765186	0.024355799
	0.02440880466	0.0245142602	0.02454639187	0.02421431948	0.02314693863
	0.02117117875	0.0183889512	0.0150155127	0.01127263549	0.007355268259
	0.003404516979	-0.0005004036412	-0.004325138851	-0.008054769286	-0.01167481936
	-0.0151628183	-0.01848769225	-0.02161278102	-0.02449948606	-0.02711018278
	-0.02941010864	-0.03136840174	-0.03295856144	-0.0341585571	-0.03495074176
	-0.03532167279	-0.03526190652	-0.03476581267	-0.0338314418	-0.03246047161
	-0.03065825327	-0.02843397643	-0.02580096835	-0.02277713858	-0.01938557656
	-0.01565531408	-0.01162229966	-0.007330735034	-0.002835143244	0.001796121989
	0.00647492267	0.01108422526	0.01546716964	0.01942150148	0.02271709548
	0.02516513608	0.02674836007	0.0276589899	0.02794755633	0.02765139497
	0.0246774074	0.02471041449	0.02480064459	0.02487041582	0.02474924832
	0.02417533297	0.02293037182	0.02097219798	0.01839004339	0.01531001218
	0.01186793612	0.008197769307	0.004410767426	0.0005857725637	-0.003223607009
	-0.006975337487	-0.01062853547	-0.01413923923	-0.01746080735	-0.02054631714
	-0.02335108967	-0.02583452132	-0.02796109827	-0.02970076668	-0.03102888756
	-0.03192596515	-0.03237728048	-0.03237251489	-0.03190541721	-0.03097354874
	-0.02957812943	-0.02772400232	-0.02541973033	-0.02267783865	-0.01951521876
	-0.01595372075	-0.01202099098	-0.00775168698	-0.00318935396	0.001610505433
	0.006575356266	0.01160766799	0.01657390829	0.02129288944	0.02553141847
	0.02902706207	0.03157685753	0.03318104287	0.03403426672	0.03416272756
	0.0337644669	0.02491913438	0.02494474348	0.02502192429	0.02509161886
	0.02507238972	0.02485370473	0.02428704055	0.02323445652	0.02161747692
	0.01941396909	0.01665417202	0.01342482056	0.009849460223	0.006054934512
	0.002150383807	-0.001775581104	-0.00564864863	-0.009402385423	-0.0129750144
	-0.016308986	-0.01935183147	-0.02205713295	-0.024385086	-0.02630257585
	-0.02778288561	-0.02880519454	-0.02935399857	-0.02941854468	-0.02899233608
	-0.0280727417	-0.02666072895	-0.02476073175	-0.02238066356	-0.01953208807
	-0.01623057216	-0.01249627526	-0.00835489233	-0.003839183816	0.001008483152
	0.006131893121	0.01145410394	0.01686708888	0.02221812743	0.02729651333
	0.03183263629	0.03553874535	0.03822243098	0.0399169353	0.04082912591
	0.04082512183	0.04034183659	0.02508364369	0.02512024043	0.02517884957
	0.02521877112	0.02522881168	0.02524339205	0.02525516652	0.02512518919
	0.02461369822	0.02349357611	0.02163490164	0.01903411771	0.01579752858
	0.01209156227	0.008091237222	0.00395079741	-0.0002032925744	-0.00426815559
	-0.008158299821	-0.01180120648	-0.01513500027	-0.01810734068	-0.02067474265
	-0.02280191409	-0.02446099279	-0.02563071169	-0.02629556398	-0.02644503323
	-0.02607293323	-0.02517688246	-0.02375792482	-0.02182030212	-0.01937138458
	-0.01642177567	-0.01298563043	-0.009081272409	-0.004732282794	3.061183047e-05
	0.005166303176	0.01061791259	0.01630430056	0.02210781574	0.02785918982
	0.03332517971	0.03821393899	0.042225829	0.04516284889	0.04705996088
	0.04815192575	0.04832796852	0.04753984476	0.02520163606	0.02526597791
	0.025274132	0.02525008096	0.02525923557	0.02544822229	0.02594603493
	0.02669096546	0.0273503414	0.02747228217	0.02670878423	0.02492057779
	0.02216560297	0.01863225429	0.01456039935	0.01018201329	0.005693041138
	0.00124881157	-0.003029821502	-0.007048369533	-0.01073218491	-0.01402200734
	-0.01687100284	-0.01924266048	-0.02110914289	-0.02244989953	-0.02325047517
	-0.02350149912	-0.02319785546	-0.02233803393	-0.02092365771	-0.01895918452
	-0.01645178345	-0.01341140793	-0.009851120285	-0.005787786214	-0.001243357831
	0.003752879341	0.009160495463	0.01492168833	0.02095168172	0.02712527005
	0.03326098845	0.03910911727	0.04436041399	0.0487050936	0.05195259223
	0.0542322586	0.0558283725	0.0563377206	0.05595988567	0.02537273205
	0.02543428929	0.02534122801	0.02521877361	0.02523913481	0.02561342581
	0.02655537523	0.02809547815	0.02988930404	0.03130630117	0.03175400219
	0.0309133491	0.02876365114	0.02549514937	0.02140128138	0.01679155334
	0.01194017209	0.007067458955	0.002341393463	-0.002112845248	-0.006202514131
	-0.009858878805	-0.01303108118	-0.015681813	-0.0177842195	-0.01931961072
	-0.02027572004	-0.02064536201	-0.02042540496	-0.01961600624	-0.01822007584
	-0.01624294868	-0.01369226202	-0.0105780604	-0.006913191362	-0.002714125022
	0.001997561615	0.007192648329	0.01283013255	0.0188507811	0.02516766237
	0.03165357476	0.03812758858	0.04434876479	0.05003486112	0.05492465594
	0.05891474452	0.0621699956	0.06470214476	0.06652570187	0.06502086407
	0.02566602888	0.02572910184	0.02546026153	0.02523580736	0.02530636031
	0.02591703188	0.02731108355	0.0295722686	0.03237504848	0.03499075956
	0.03662434117	0.03676313358	0.03528040194	0.03234650846	0.02829109342
	0.0234892088	0.01828923108	0.01297945462	0.007781726416	0.002859170464
	-0.001671520532	-0.005728290389	-0.009254236496	-0.01221057895	-0.01457162286
	-0.01632117878	-0.01745001291	-0.01795402474	-0.0178329526	-0.01708947884
	-0.0157286511	-0.01375757134	-0.01118533555	-0.008023241578	-0.004285327141
	1.064218049e-05	0.004841529582	0.01017621733	0.01597163388	0.02216701949
	0.02867635377	0.03537978308	0.04211681134	0.0486878645	0.0548740631
	0.06049377135	0.06548842431	0.06983691205	0.07426365467	0.07888782922
	0.08030167726	0.02662020621	0.02624731822	0.02577970625	0.02543913297
	0.02559758257	0.02649804628	0.02837899559	0.03130654891	0.03494258767
	0.03851995036	0.04113675417	0.04213589326	0.04128060506	0.03869829885
	0.03473082675	0.02979775169	0.02430595773	0.01860311682	0.01296272681
	0.007587687711	0.002622095078	-0.001835243387	-0.005718748078	-0.008986501001
	-0.01161313111	-0.01358471992	-0.01489523505	-0.01554407271	-0.0155344055
	-0.01487211845	-0.01356518566	-0.01162340039	-0.009058416976	-0.005884103438
	-0.002117243094	0.002221335689	0.007105091446	0.01249945399	0.01835878974
	0.024622782	0.03121277829	0.03802978165	0.04495776564	0.05187807614
	0.05870292933	0.06543855279	0.07226301731	0.07993374239	0.08967129245
	0.09687258929	0.09473471498	0.02703266541	0.02699350608	0.02626453625
	0.02578764849	0.02604765167	0.02730038287	0.02971585727	0.0332673366
	0.03754897372	0.04177712604	0.04504029181	0.04663306109	0.04624866292
	0.0439634019	0.04010426875	0.03510658966	0.02941143605	0.02340805834
	0.01741064523	0.01165665856	0.006316294882	0.001505936046	-0.002698520874
	-0.006250324798	-0.009123031105	-0.01130398481	-0.01278971062	-0.01358276871
	-0.013689691	-0.01311970113	-0.01188401597	-0.009995595224	-0.007469259946
	-0.004322144144	-0.0005744737637	0.003749321889	0.008619184305	0.01399779295
	0.01983900326	0.02608699458	0.03267756047	0.0395438915	0.04663107041
	0.05392755381	0.06153048737	0.06976238207	0.07936401885	0.09151745416
	0.1060822561	0.1285272256	0.145429745	0.03130745652	0.02717153675
	0.02602041714	0.02542845567	0.02596633066	0.02771870893	0.03077770173
	0.03497042899	0.03977809246	0.04439670191	0.04796495785	0.04982412849
	0.04967237279	0.04756104346	0.04378992551	0.03878248891	0.03298560162
	0.02680656739	0.02058303232	0.01457576259	0.008974675149	0.003910843505
	-0.0005301843744	-0.004296264428	-0.007358754366	-0.009704978025	-0.01133278784
	-0.0122468179	-0.01245602478	-0.01197217999	-0.01080905898	-0.008982157489
	-0.006508818271	-0.00340869979	0.00029546264	0.004576863453	0.009403524436
	0.01473734749	0.02053388179	0.02674394743	0.03331928012	0.04022639579
	0.04747659218	0.0551864005	0.06369695292	0.07381794636	0.08735534254
	0.1079872065	0.1416457756	0.1783098207	0.1654124725	0.03400996857
	0.01881183007	0.02331941406	0.02383335092	0.02503532166	0.02733924177
	0.03094382409	0.03563603773	0.04082403613	0.04567750395	0.04937581985
	0.05132706961	0.0512722178	0.04926406841	0.04558235024	0.04063020208
	0.03484354385	0.02862933274	0.0223324362	0.01622443067	0.01050642615
	0.005319145201	0.0007554488959	-0.003127576745	-0.006298360418	-0.008742825676
	-0.01045849529	-0.01145037277	-0.01172820861	-0.01130480848	-0.01019512006
	-0.008415891965	-0.005985774928	-0.002925771925	0.0007400431368	0.004983644112
	0.009772206149	0.01506769125	0.02082766911	0.02700894835	0.03357708825
	0.04052779663	0.04793220002	0.05603134855	0.06543591173	0.07755177984
	0.095472755	0.1256183737	0.1807808676	0.2728195822	0.3229978764
	-0.3991811714	0.05642805632	0.02850021209	0.0268771993	0.02704252926
	0.02870917864	0.03192001393	0.03631583152	0.04127588128	0.04597828652
	0.04961627084	0.05159296426	0.05162169581	0.04972105263	0.04614205349
	0.04126886202	0.03552938122	0.02933119452	0.02302462438	0.01688835729
	0.01113031067	0.005896782588	0.001284729678	-0.002646026284	-0.005862268641
	-0.008349074762	-0.01010366357	-0.01113107673	-0.01144131206	-0.01104754335
	-0.009965141257	-0.008211299745	-0.005805120003	-0.002768043195	0.0008754574129
	0.005097048676	0.009863799715	0.0151379842	0.02087832759	0.02704446886
	0.0336080565	0.04057719741	0.04804840569	0.05631719292	0.06611238911
	0.0790822471	0.0987772405	0.1326567269	0.1944231126	0.3056289325
	0.7415299742	
