2601	
	0.03782071863	0.03783145203	0.03784599141	0.03783574585	0.03779458181
	0.03773222759	0.03766243149	0.03759244213	0.03751910958	0.03743103605
	0.03731358938	0.0371530723	0.03693641233	0.03664760387	0.03626741434
	0.03577448875	0.0351475211	0.03437708412	0.03348248362	0.03251985043
	0.03158027007	0.03078427206	0.03025815722	0.03011640225	0.03047006023
	0.03139315823	0.03287606075	0.03480676123	0.03696265636	0.03902553944
	0.04063165754	0.04146875424	0.04136804879	0.040338617	0.03857506085
	0.03642130046	0.03425988967	0.03239379241	0.0309857689	0.03005789485
	0.02953392568	0.02929547448	0.02922809556	0.02924571568	0.02929494646
	0.02934815319	0.02939415478	0.02943066303	0.02945984094	0.02948015572
	0.02948711045	0.03780821753	0.03781901231	0.03782471408	0.03781066516
	0.03777259627	0.03771737191	0.03765465987	0.03758895782	0.03751712297
	0.03742998845	0.03731580833	0.03716328386	0.03696084239	0.03669361266
	0.03634321132	0.03588751475	0.03530210903	0.03457128669	0.03370443956
	0.03274770067	0.03178580023	0.030938058	0.03033992896	0.03012060334
	0.03039124668	0.03122170159	0.03260562652	0.03443763733	0.03650581281
	0.03850524771	0.04008422411	0.04092789921	0.04085187815	0.03986122424
	0.03815880169	0.03608949399	0.03402650087	0.0322601416	0.03094161603
	0.03008552184	0.02961097501	0.02939718048	0.0293316389	0.02933539512
	0.02936417337	0.02939744036	0.02942730512	0.02945169138	0.02947089266
	0.0294850069	0.02948991023	0.03778993544	0.03781050779	0.03781682624
	0.03779867808	0.0377565477	0.03770182199	0.03764585182	0.03759139219
	0.03753235893	0.0374579709	0.03735776502	0.03722335165	0.03704286662
	0.03679299255	0.03643934141	0.03593982601	0.03524973382	0.0343414552
	0.0332328376	0.03199956986	0.03076475569	0.02967649047	0.02888352417
	0.02851602008	0.02867380258	0.02941127831	0.03071647444	0.0324934887
	0.03455230363	0.03661384228	0.03834172265	0.03940830254	0.03958571064
	0.03882908376	0.03731034397	0.03536880791	0.03339207266	0.03169148407
	0.03043603316	0.0296559716	0.02928034969	0.0291815323	0.02922334159
	0.02930414839	0.0293740973	0.02942191213	0.02945220857	0.02947166006
	0.029485452	0.02949757316	0.02951125434	0.03777834409	0.03780847117
	0.03781379272	0.03778522995	0.03773248895	0.03767671449	0.0376317876
	0.03759640996	0.03755856124	0.03750360804	0.03741853976	0.0372867286
	0.03707601591	0.0367283241	0.03616377028	0.03530725666	0.03412807279
	0.03266313813	0.03100980788	0.02930176988	0.02768530391	0.02630329169
	0.02528383073	0.02473194807	0.02472263137	0.02529224805	0.0264279295
	0.02805712385	0.03003871479	0.03215957521	0.03414389773	0.0356856135
	0.03651180199	0.03647067517	0.03560956548	0.03418358771	0.03256130981
	0.03108147329	0.02995305432	0.02924102798	0.02890849662	0.02886115225
	0.02897901826	0.0291485638	0.02929493497	0.02939251293	0.02944786821
	0.02947669891	0.02949244268	0.0295056594	0.02952900798	0.03777744319
	0.03781690592	0.03781403269	0.03776562622	0.03769804457	0.03764397025
	0.0376155086	0.0376031812	0.03758599082	0.0375379185	0.03742536471
	0.03719103507	0.03673813053	0.03594829618	0.0347393112	0.03311260982
	0.03115008784	0.02897985586	0.02674659918	0.02459499162	0.02265866928
	0.02105154881	0.0198636507	0.01916054794	0.01898307379	0.01934537399
	0.02023121395	0.02158989539	0.02333262311	0.02532987356	0.02741058853
	0.02936614532	0.03096645467	0.03199985777	0.03234150236	0.03202538139
	0.03126054105	0.03034889958	0.02955241303	0.02901055015	0.02874450094
	0.02870619114	0.02881945908	0.02900171329	0.02918212606	0.02931990028
	0.02940722967	0.02945544704	0.02948031428	0.02949699798	0.0295250152
	0.03779649102	0.03784439589	0.03782240494	0.03774456922	0.0376620479
	0.03761420647	0.03760313822	0.03760452681	0.03757814699	0.03746416804
	0.03716393587	0.03653101639	0.03541752193	0.03375763343	0.03160200473
	0.02908477663	0.02637343613	0.02363641464	0.02102287823	0.01865126899
	0.01660906648	0.01495869094	0.01374344827	0.01299101505	0.0127142296
	0.01290992142	0.01355706516	0.01461561883	0.01602716631	0.01771762961
	0.01960094975	0.02158120737	0.02355051795	0.0253835846	0.02693857013
	0.02808120499	0.02873955263	0.02896154513	0.02891106539	0.02878116391
	0.02870271433	0.02871913892	0.02881698819	0.02896161565	0.02911592368
	0.029249992	0.02934828994	0.02941034111	0.02944485788	0.02946529618
	0.02949231566	0.03785610429	0.03790801145	0.03785356228	0.03774024264
	0.03764544639	0.03760340536	0.03759454561	0.03756679646	0.03743370394
	0.03705083678	0.03621822867	0.03476223575	0.03263966025	0.02995601974
	0.02690468993	0.02370203132	0.02054250088	0.01757235903	0.01488669465
	0.01254211254	0.01057212899	0.00899800721	0.007834084401	0.007088669273
	0.006762409062	0.006845840274	0.0073173612	0.00814266411	0.009276444906
	0.01066695405	0.01226328515	0.01402392499	0.01592278198	0.01794631205
	0.02007448658	0.02224474133	0.02431741751	0.02608610038	0.02737245242
	0.02814998293	0.02855416659	0.02876434719	0.02890102017	0.02901531694
	0.02912083682	0.02921670588	0.02929665953	0.02935517745	0.02939174359
	0.02941303024	0.0294348044	0.03798974831	0.03803561509	0.03793693096
	0.0377872944	0.03767924762	0.03762517928	0.03756834557	0.03740085456
	0.03693865771	0.03593096889	0.03417318951	0.03163658594	0.02847832804
	0.02495507923	0.0213336725	0.01782808118	0.01457422909	0.01164079768
	0.009055377748	0.006827546855	0.004962386954	0.003465453746	0.002342600577
	0.001597603134	0.00122918329	0.00122835515	0.001576712856	0.002246125015
	0.003200227892	0.004398064751	0.005800132419	0.007376797469	0.009118274051
	0.01104340087	0.01320054681	0.01564825972	0.01840050703	0.02133782435
	0.02414397273	0.02640163202	0.02786512775	0.02862525699	0.02895871548
	0.02909975188	0.02917069931	0.0292204884	0.02926450467	0.02930258561
	0.02933022107	0.02934749223	0.02936277971	0.0382419372	0.0382660934
	0.03811771481	0.03793183417	0.03779510534	0.03767743397	0.03746032491
	0.03693257858	0.03579878308	0.03381275896	0.0309415268	0.02738261584
	0.02345365515	0.01946960066	0.01566053401	0.01215052076	0.008984061735
	0.006165431558	0.003687567998	0.001545646363	-0.0002595472287	-0.0017231272
	-0.002839231796	-0.003604172774	-0.004018941767	-0.004090919869	-0.003834752795
	-0.003272270621	-0.002431277195	-0.001343063739	-3.8556427e-05	0.001456986327
	0.003130837054	0.004991268585	0.00707697805	0.00946349524	0.01225319012
	0.01552132713	0.01918904693	0.02286824415	0.02591676948	0.02786955873
	0.02880388561	0.02913653214	0.02922454163	0.02924140867	0.02924706599
	0.02925573554	0.02926574512	0.02927469588	0.02928517198	0.03865793657
	0.03864210173	0.03844521501	0.0382155205	0.03800624992	0.03772112864
	0.03714049324	0.03593612707	0.03380848678	0.03069302415	0.02680742842
	0.02252350666	0.01820502458	0.01410194853	0.01033114307	0.006918365633
	0.003850899587	0.001110846879	-0.001312072814	-0.003419249574	-0.005206297061
	-0.006666737016	-0.007794898925	-0.00858793524	-0.009047183899	-0.009178994345
	-0.008994993335	-0.008511724855	-0.007749597308	-0.006731110365	-0.00547841516
	-0.004010331233	-0.002338884383	-0.0004651088286	0.001626777707	0.00397819647
	0.006667834691	0.009815437471	0.0135406359	0.0178117805	0.0221889906
	0.0258159854	0.02803679357	0.02897932587	0.02923396846	0.029255623
	0.02923069874	0.02920876475	0.02919724799	0.02919564996	0.02920445438
	0.03926212682	0.03919024642	0.03894718907	0.03864797774	0.03828152657
	0.03765504182	0.0364299144	0.0342492762	0.03098428832	0.02684182797
	0.02223699464	0.01758812349	0.01317686284	0.00912286892	0.005439816643
	0.002102374072	-0.000915094124	-0.003626210015	-0.006033590216	-0.008133524634
	-0.009920016114	-0.01138732	-0.01253144173	-0.01335108475	-0.01384826525
	-0.01402864186	-0.01390150954	-0.0134793699	-0.0127770245	-0.01181021005
	-0.01059388271	-0.009140350674	-0.007457509458	-0.005547330604	-0.00340427124
	-0.00101208324	0.001664239271	0.004694946048	0.008204000511	0.01234568095
	0.01713110041	0.02205507906	0.02603543451	0.02828848358	0.02909641892
	0.02923564276	0.02920071822	0.02915121031	0.02911815708	0.02910563902
	0.02911544986	0.04002875954	0.03989016383	0.03959722158	0.03917506967
	0.0385181533	0.03731683202	0.03517215801	0.03186194733	0.02753892624
	0.02264200837	0.01765249318	0.01290362523	0.008533965737	0.004552775403
	0.0009242738728	-0.002384578908	-0.005390828746	-0.008098547824	-0.01050510865
	-0.01260565234	-0.01439537096	-0.01587057056	-0.01702923927	-0.01787144578
	-0.01839964236	-0.01861881448	-0.01853639108	-0.01816184752	-0.01750596657
	-0.01657977829	-0.01539327291	-0.01395406209	-0.01226624122	-0.01032974625
	-0.008140395311	-0.005690278699	-0.002966623463	5.578645306e-05	0.003436226132
	0.007301901054	0.01184197054	0.01709571966	0.02243380042	0.02651579039
	0.0285546637	0.02912103121	0.02914242707	0.02907238856	0.02901850517
	0.02899507641	0.0290065831	0.04085593394	0.04064720041	0.04028778111
	0.03965911507	0.03853945518	0.03652905042	0.0333028169	0.02890589725
	0.02376407966	0.01842556401	0.01330254496	0.00857773102	0.004267412838
	0.0003267335835	-0.003286664618	-0.006595092061	-0.00960512503	-0.01231575294
	-0.01472363799	-0.01682538489	-0.01861830252	-0.02010067603	-0.02127198403
	-0.02213313988	-0.02268669781	-0.02293694234	-0.02288978982	-0.02255245526
	-0.02193287059	-0.02103887805	-0.01987726627	-0.01845276898	-0.01676720423
	-0.01481899254	-0.01260333946	-0.01011330789	-0.007341513045	-0.004280354131
	-0.0009142756248	0.002808331268	0.007026797732	0.01197416415	0.01768290236
	0.02328127152	0.02715656161	0.02874846746	0.029028634	0.02896411414
	0.02888761269	0.02885118496	0.02886233121	0.04156310714	0.04128760995
	0.04082880094	0.03988983224	0.03813624206	0.03516572048	0.03086552257
	0.02558299638	0.01991784232	0.01439111514	0.009268328378	0.00459426161
	0.0003189748384	-0.003612238889	-0.007230279502	-0.01054605452	-0.01356088498
	-0.01627321766	-0.01868126929	-0.02078366409	-0.02257950175	-0.02406843424
	-0.02525084404	-0.02612806015	-0.02670252941	-0.02697787771	-0.02695881775
	-0.02665088051	-0.02605996857	-0.02519175404	-0.02405097063	-0.02264067684
	-0.02096159708	-0.01901168471	-0.01678610637	-0.0142779245	-0.01147977782
	-0.008386412886	-0.004995761869	-0.001299901457	0.002752876487	0.007332345302
	0.01272782132	0.01887972885	0.02449297011	0.027789402	0.02877957959
	0.02881568966	0.02871638623	0.02865981328	0.02866587275	0.04192253371
	0.04158706706	0.04098499087	0.03963710777	0.03713708955	0.0331938067
	0.02798173486	0.02209161802	0.016168344	0.01061253722	0.005538287651
	0.0009042836518	-0.00335813764	-0.007292976929	-0.01091826881	-0.01423868616
	-0.01725468171	-0.01996612712	-0.02237306839	-0.02447566894	-0.0262741745
	-0.02776903689	-0.02896112333	-0.02985192259	-0.03044368688	-0.03073947263
	-0.03074305861	-0.03045873294	-0.02989095438	-0.02904390837	-0.02792099442
	-0.02652429579	-0.02485409367	-0.02290850027	-0.02068331086	-0.01817224319
	-0.01536786958	-0.01226367292	-0.008857250991	-0.005151819128	-0.00114374238
	0.003232329118	0.008206454914	0.01412233481	0.02063528751	0.02584646622
	0.02820033848	0.02859418996	0.02849363263	0.02840491859	0.02839901394
	0.04171565761	0.0413276876	0.04054052875	0.03872337045	0.03546556752
	0.03067499855	0.02480496145	0.01858376287	0.01259588543	0.007091963555
	0.002075244559	-0.002530829685	-0.006787783889	-0.01072483095	-0.01435159054
	-0.01767075331	-0.02068372819	-0.02339191674	-0.02579661308	-0.02789885764
	-0.02969950322	-0.03119941189	-0.03239967666	-0.03330180448	-0.03390782864
	-0.03422033414	-0.0342423879	-0.03397737277	-0.03342873229	-0.0325996441
	-0.03149264947	-0.03010927436	-0.02844968076	-0.0265123848	-0.02429407901
	-0.02178962294	-0.01899236726	-0.0158952066	-0.01249301843	-0.00878662215
	-0.004784148428	-0.000480418663	0.00422792363	0.009674239569	0.01618322109
	0.02276684162	0.02697909855	0.02820962687	0.0281944146	0.02806442732
	0.02803765834	0.04079106793	0.04035858407	0.03936346285	0.03707957535
	0.03315768303	0.02773733787	0.02148391462	0.01515748408	0.009225754101
	0.00380894596	-0.001150222177	-0.005730503593	-0.00997740039	-0.0139081977
	-0.01752824503	-0.02084014737	-0.02384634024	-0.02654910949	-0.02895030428
	-0.03105130889	-0.03285321087	-0.03435702766	-0.03556391143	-0.03647530017
	-0.0370930036	-0.03741921914	-0.03745647563	-0.03720750619	-0.03667505717
	-0.03586164722	-0.03476929697	-0.03339925521	-0.03175174755	-0.02982576803
	-0.0276189226	-0.02512732926	-0.02234561871	-0.01926724708	-0.01588569423
	-0.01219753339	-0.00820745312	-0.003927662696	0.0006611002636	0.005745688955
	0.01180095112	0.01884979603	0.02483888274	0.0274845322	0.02777152556
	0.02760671019	0.02754740899	0.03909799911	0.03863805839	0.03744365088
	0.03475986212	0.030341328	0.02453942957	0.01814412829	0.01187125343
	0.006062222699	0.0007475256139	-0.004151194094	-0.008699085875	-0.01292559524
	-0.01683994864	-0.02044544211	-0.02374482751	-0.02674092343	-0.02943617182
	-0.03183242672	-0.03393104344	-0.03573308949	-0.03723955766	-0.03845153672
	-0.0393703297	-0.03999751907	-0.04033497805	-0.04038482797	-0.04014934314
	-0.03963080902	-0.03883134389	-0.03775269909	-0.0363960563	-0.03476184039
	-0.03284956173	-0.03065768934	-0.02818353803	-0.02542314798	-0.02237121113
	-0.0190213637	-0.01536776502	-0.01140934577	-0.007155881683	-0.00262050693
	0.002261032108	0.007836394037	0.01464792525	0.02176593847	0.02617691075
	0.02714784015	0.02698856977	0.02688255984	0.03670876945	0.03624765892
	0.03489233383	0.03191854873	0.02719750775	0.02124136217	0.01488567718
	0.008763597219	0.003109755982	-0.002095078986	-0.006926576631	-0.01143159928
	-0.01562651009	-0.01951520891	-0.02309962061	-0.02638214952	-0.02936527233
	-0.03205101668	-0.03444085986	-0.03653587187	-0.03833691458	-0.03984481593
	-0.04106050105	-0.04198508151	-0.04261990492	-0.0429665648	-0.04302687058
	-0.04280277849	-0.04229628763	-0.04150930833	-0.04044351313	-0.03910018306
	-0.03748006223	-0.03558323115	-0.03340900015	-0.03095580598	-0.02822106991
	-0.02520098261	-0.02189031579	-0.01828285039	-0.01437382859	-0.01016623391
	-0.0056765074	-0.000904465783	0.004327703162	0.01061431633	0.01805396632
	0.02409562505	0.02620302701	0.02615071832	0.02598386681	0.0338092467
	0.0333729848	0.03190966831	0.02876769922	0.02392285726	0.01798822228
	0.01178902746	0.005867489111	0.0003812348876	-0.004709209732	-0.00946574474
	-0.01391778217	-0.01807176287	-0.02192773443	-0.02548616952	-0.02874851762
	-0.03171635846	-0.03439092717	-0.03677307596	-0.03886341079	-0.04066244641
	-0.04217073226	-0.04338894581	-0.04431795762	-0.04495886951	-0.04531302472
	-0.04538198901	-0.04516750271	-0.04467140652	-0.04389554549	-0.04284165807
	-0.04151125817	-0.03990551872	-0.03802516426	-0.03587037483	-0.03344069126
	-0.03073488493	-0.02775072663	-0.02448462079	-0.02093137118	-0.01708510692
	-0.01294369703	-0.008517371785	-0.00382724331	0.001185304554	0.00695112174
	0.01411587997	0.02123336973	0.0247811284	0.02501553493	0.02477919529
	0.03064655847	0.03025601623	0.02873745992	0.02553412487	0.02070247009
	0.01490381987	0.008921699988	0.003216974008	-0.002101831464	-0.007076676189
	-0.01175261376	-0.01614450272	-0.02025135691	-0.02407007408	-0.02759940526
	-0.0308393996	-0.03379040675	-0.0364526554	-0.03882622332	-0.04091113083
	-0.04270743937	-0.0442153299	-0.04543516354	-0.04636752735	-0.04701326434
	-0.04737348497	-0.04744955806	-0.0472430805	-0.04675582697	-0.0459896823
	-0.04494656046	-0.04362831488	-0.04203664493	-0.04017300319	-0.03803850596
	-0.03563384303	-0.03295916319	-0.03001387397	-0.02679626491	-0.02330299388
	-0.01952903931	-0.01547011116	-0.0111301456	-0.006531073198	-0.001676304522
	0.003674555932	0.01028142721	0.01778747829	0.02274903872	0.02350014176
	0.023196534	0.02747741498	0.02714649047	0.02561473907	0.02242677843
	0.01769480348	0.01208997938	0.006342270951	0.0008479546013	-0.004312482597
	-0.009174884045	-0.01376862189	-0.01809729294	-0.02215433061	-0.02593388031
	-0.02943280661	-0.032649549	-0.03558309304	-0.03823257571	-0.04059722789
	-0.04267641072	-0.04446965878	-0.04597671756	-0.04719757801	-0.04813250788
	-0.04878207661	-0.04914716932	-0.04922898711	-0.04902903222	-0.04854907796
	-0.0477911248	-0.04675734443	-0.04545001416	-0.04387144409	-0.04202389904
	-0.03990951697	-0.03753022328	-0.03488762978	-0.03198287465	-0.028816306
	-0.02538692482	-0.02169184557	-0.01772720835	-0.01349352258	-0.009007724266
	-0.004297862748	0.000734732997	0.006727988586	0.01405416042	0.02008333541
	0.02154159322	0.02118872387	0.02453041658	0.02426595183	0.0227478067
	0.01961838511	0.0150258317	0.009627756338	0.004101446422	-0.001203953355
	-0.006222156961	-0.01098021466	-0.0154948578	-0.01976149097	-0.02376940513
	-0.02751036513	-0.03097938638	-0.03417330833	-0.03708977598	-0.03972684823
	-0.04208289909	-0.0441565991	-0.04594691255	-0.04745310354	-0.04867475186
	-0.04961177508	-0.0502644518	-0.05063343989	-0.05071978683	-0.05052492913
	-0.05005068061	-0.04929920951	-0.04827300486	-0.04697483285	-0.04540768434
	-0.04357471357	-0.04147916882	-0.03912431556	-0.03651334932	-0.03364927369
	-0.03053466406	-0.02717118624	-0.0235588976	-0.01969624092	-0.01558339279
	-0.01123310436	-0.006679824725	-0.001910631276	0.003517654207	0.01031350483
	0.01689491093	0.01912727766	0.01876173879	0.0219840862	0.02178714081
	0.02029507327	0.0172382828	0.01278858265	0.007578812726	0.002241391479
	-0.002906319941	-0.007803994678	-0.012470515	-0.01691360274	-0.02112318243
	-0.02508563519	-0.02879080616	-0.03223209427	-0.03540491883	-0.0383057234
	-0.04093157679	-0.04328003579	-0.04534908422	-0.04713709775	-0.04864282987
	-0.0498654172	-0.05080439831	-0.05145973952	-0.05183185984	-0.05192165304
	-0.05173050125	-0.05126028071	-0.05051335909	-0.04949258254	-0.0482012534
	-0.04664309848	-0.04482222735	-0.04274308019	-0.04041036622	-0.03782899433
	-0.03500398699	-0.03194032312	-0.02864257844	-0.02511426187	-0.02135735029
	-0.01737415523	-0.01317602471	-0.008797535592	-0.004271367907	0.0006649384917
	0.006776675485	0.01340399451	0.01631342989	0.01597308784	0.01995824129
	0.01982593361	0.01836271452	0.01537236576	0.01104529076	0.005986580597
	0.0007945748155	-0.004232380407	-0.00903522282	-0.01362680296	-0.01800944064
	-0.02216996802	-0.02609299658	-0.02976701461	-0.03318418268	-0.0363387954
	-0.03922631188	-0.04184295042	-0.04418552627	-0.04625136596	-0.04803825567
	-0.04954441911	-0.05076852155	-0.05170969193	-0.05236755596	-0.05274227106
	-0.05283456353	-0.05264575543	-0.05217778887	-0.05143324373	-0.05041534436
	-0.04912795877	-0.04757558866	-0.04576334974	-0.04369694144	-0.04138260701
	-0.0388270881	-0.03603757495	-0.03302162188	-0.02978691651	-0.02634074495
	-0.02268937174	-0.01883894792	-0.01480217271	-0.01061319295	-0.006326926128
	-0.00181760056	0.003585691791	0.009872356329	0.013237424	0.01296038285
	0.0185139506	0.01844131716	0.01700657831	0.01406644348	0.009830370023
	0.004877292502	-0.0002170959828	-0.005162652419	-0.009898614523	-0.01443431692
	-0.01876999921	-0.02289153138	-0.02678284644	-0.03043170586	-0.03382949443
	-0.03696974223	-0.03984718445	-0.0424573582	-0.04479643336	-0.04686112212
	-0.04864862765	-0.05015662692	-0.05138328284	-0.05232727751	-0.05298785728
	-0.05336488323	-0.05345888567	-0.05327110248	-0.05280352842	-0.05205895013
	-0.05104097271	-0.04975404146	-0.04820345465	-0.04639536788	-0.04433678932
	-0.04203556673	-0.03950037129	-0.03674068626	-0.03376678801	-0.03058963489
	-0.02722049172	-0.02367032947	-0.01995018129	-0.01607617765	-0.01208342902
	-0.008037302749	-0.003905426007	0.0008349853835	0.006548847531	0.01011783451
	0.009933522858	0.01765812812	0.01763961871	0.01623691898	0.01333082149
	0.009153511083	0.004261139268	-0.0007824895393	-0.005685629549	-0.0103831421
	-0.01488301973	-0.01918635248	-0.02327998278	-0.02714821686	-0.03077873965
	-0.03416264987	-0.0372930932	-0.04016435471	-0.04277146756	-0.04511005617
	-0.04717626117	-0.04896670533	-0.05047849453	-0.05170924861	-0.05265715326
	-0.0533210239	-0.05370037422	-0.05379549073	-0.05360749234	-0.0531383922
	-0.0523911592	-0.05136976399	-0.05007922223	-0.04852563135	-0.04671620063
	-0.04465927449	-0.04236435015	-0.03984209554	-0.03710437895	-0.0341643109
	-0.03103623684	-0.02773551503	-0.02427801416	-0.02068018497	-0.01696290488
	-0.01316384148	-0.009353719455	-0.005560133644	-0.001408937384	0.003635285207
	0.007191953052	0.007107740066	0.01735047037	0.01738104182	0.01602424027
	0.01314514894	0.009002662563	0.004133631158	-0.0009008075689	-0.005797680321
	-0.01048397588	-0.01496764766	-0.01925311095	-0.02332997145	-0.0271839265
	-0.03080321576	-0.03417912145	-0.03730476758	-0.04017424859	-0.04278225806
	-0.04512396152	-0.047194956	-0.04899127028	-0.05050939776	-0.05174635657
	-0.05269976856	-0.05336794834	-0.05374999472	-0.05384588745	-0.05365656512
	-0.05318400969	-0.05243133458	-0.05140283975	-0.05010408536	-0.04854195117
	-0.04672469367	-0.04466199924	-0.04236503502	-0.03984650362	-0.03712071483
	-0.03420368288	-0.03111320569	-0.02786877371	-0.02449118528	-0.02100249069
	-0.01742900869	-0.01381219891	-0.01022640667	-0.006736304547	-0.003095099778
	0.001273863194	0.004655220348	0.004649720334	0.01751182716	0.01758858004
	0.01630601529	0.01346335053	0.009346879532	0.00447712694	-0.0005806196196
	-0.005502330839	-0.01020196702	-0.01468738166	-0.01896823336	-0.02303857878
	-0.0268865131	-0.03050142393	-0.03387519273	-0.03700123606	-0.03987367852
	-0.04248700586	-0.04483598077	-0.04691565506	-0.04872142114	-0.05024909093
	-0.05149499642	-0.05245610419	-0.05313013554	-0.05351568622	-0.05361234525
	-0.05342079714	-0.05294292519	-0.05218192309	-0.05114237036	-0.04983032656
	-0.04825341671	-0.04642091593	-0.0443438334	-0.04203499795	-0.03950915136
	-0.03678306398	-0.03387568522	-0.03080829536	-0.02760451587	-0.02429002373
	-0.02089244	-0.01744378308	-0.01399008822	-0.01060900181	-0.007387886896
	-0.004180986476	-0.0004411205212	0.002652699433	0.002685038842	0.01803924763
	0.01816142013	0.01699445988	0.01421851417	0.01013895574	0.005262324594
	0.0001613594072	-0.004809149754	-0.009542748064	-0.01404521253	-0.01833259968
	-0.02240501695	-0.02625400159	-0.02987065545	-0.03324780352	-0.03637939613
	-0.03925974789	-0.04188321646	-0.04424417051	-0.04633707035	-0.0481565879
	-0.04969774644	-0.05095607329	-0.05192775841	-0.05260981154	-0.05300021333
	-0.05309805758	-0.05290368124	-0.05241878767	-0.05164656879	-0.05059181382
	-0.0492610188	-0.04766249749	-0.04580649412	-0.04370529959	-0.04137337338
	-0.03882747767	-0.03608683766	-0.03317334092	-0.03011174509	-0.02692975674
	-0.02365781313	-0.02032894732	-0.01698087875	-0.0136646837	-0.01046159532
	-0.007473499771	-0.004630885469	-0.001449376106	0.001299484014	0.001338358396
	0.01882724356	0.01898966979	0.01798408403	0.0153272366	0.01131767766
	0.006449445311	0.001301429377	-0.003732469154	-0.008515575407	-0.0130470597
	-0.01734938279	-0.02143016208	-0.02528552918	-0.02890888873	-0.0322942869
	-0.03543635873	-0.03832968607	-0.04096850649	-0.04334673843	-0.04545814434
	-0.04729653642	-0.04885599321	-0.05013107657	-0.05111704282	-0.05181004215
	-0.05220730329	-0.05230730213	-0.05210991519	-0.05161656263	-0.05083034434
	-0.04975617102	-0.04840089409	-0.04677344	-0.04488495093	-0.04274893356
	-0.04038141856	-0.03780113715	-0.03502972843	-0.03209198901	-0.02901613144
	-0.02583390927	-0.02258042847	-0.01929398357	-0.01601791955	-0.01280863759
	-0.009751487644	-0.006958386995	-0.004414777298	-0.001709946008	0.0006866677332
	0.0007195993594	0.01977216565	0.0199619638	0.01915791366	0.01669316832
	0.01280971695	0.007988896568	0.002809631571	-0.002290233321	-0.007132061169
	-0.01170069985	-0.01602324583	-0.02011594609	-0.0239808483	-0.02761436297
	-0.03101200533	-0.03416914933	-0.03708061654	-0.03974043735	-0.04214193847
	-0.04427800087	-0.04614136883	-0.04772496008	-0.0490221601	-0.05002709397
	-0.05073487227	-0.05114181045	-0.05124562333	-0.05104559885	-0.05054275701
	-0.04974000008	-0.04864225949	-0.04725664504	-0.04559260166	-0.04366207792
	-0.04147970882	-0.03906301605	-0.03643263264	-0.03361256365	-0.03063048802
	-0.02751805465	-0.0243110173	-0.02104903202	-0.0177754707	-0.01453920225
	-0.01140223825	-0.008454844681	-0.005816787782	-0.003512735813	-0.001201900696
	0.0008657019704	0.0008887059015	0.02077451744	0.02097529607	0.02039627674
	0.01821047896	0.01453142101	0.009821354914	0.004649663038	-0.0005033458529
	-0.00540499632	-0.01001456679	-0.01435937268	-0.01846461184	-0.02233971901
	-0.02598505212	-0.02939789459	-0.03257432912	-0.03550926253	-0.03819630627
	-0.04062794245	-0.04279588907	-0.04469152961	-0.04630633402	-0.04763224324
	-0.04866200928	-0.04938949022	-0.0498099033	-0.04992004204	-0.04971846509
	-0.04920566606	-0.04838423311	-0.04725900716	-0.04583724623	-0.04412880289
	-0.04214632004	-0.03990544886	-0.03742509315	-0.03472768658	-0.03183951221
	-0.02879106085	-0.02561736655	-0.02235815058	-0.01905760325	-0.01576419077
	-0.01253245563	-0.009430528502	-0.006554634776	-0.004031781936	-0.001914878649
	7.741959649e-05	0.001852376727	0.001864459584	0.02175044853	0.02194557854
	0.02158830782	0.01976772249	0.01639065008	0.01187746425	0.006777679159
	0.001604011217	-0.003347594197	-0.007996535511	-0.01236232214	-0.01647779995
	-0.02036117749	-0.02401804212	-0.02744792342	-0.03064754411	-0.03361159829
	-0.03633290438	-0.03880269978	-0.04101113312	-0.04294783128	-0.04460244715
	-0.0459651459	-0.04702701889	-0.0477804276	-0.04821928636	-0.04833929533
	-0.04813813669	-0.04761564722	-0.04677398016	-0.04561776815	-0.04415429767
	-0.04239370389	-0.04034919285	-0.03803729705	-0.03547817	-0.03269592756
	-0.02971904213	-0.0265807725	-0.02331953959	-0.01997904952	-0.01660801065
	-0.01325995026	-0.009995235634	-0.006888835568	-0.004044522325	-0.001597339152
	0.0003786444973	0.002116831571	0.003637362396	0.003638384794	0.02263908026
	0.02281435171	0.02264786636	0.02125466918	0.01828901431	0.0140776748
	0.009139935349	0.004002538181	-0.0009736798264	-0.00565292959	-0.01003470777
	-0.014155385	-0.01804261669	-0.02170878828	-0.02515647265	-0.0283830162
	-0.03138246237	-0.03414625884	-0.03666380349	-0.03892310756	-0.04091151945
	-0.04261641143	-0.04402577489	-0.04512870879	-0.04591580794	-0.04637946656
	-0.04651411625	-0.04631641759	-0.04578542427	-0.04492273694	-0.04373266222
	-0.04222239035	-0.0404022028	-0.03828571951	-0.03589019398	-0.03323686435
	-0.03035136821	-0.02726421997	-0.02401131435	-0.02063433825	-0.01718088834
	-0.01370421532	-0.01026324934	-0.006925069201	-0.003773058586	-0.0009207416532
	0.001487163114	0.003359962988	0.004895336562	0.006193742517	0.006183664779
	0.02340577191	0.0235518675	0.02352545102	0.02257323586	0.02012418987
	0.01633252802	0.01166966109	0.006654002883	0.001700428005	-0.00298823967
	-0.007375806542	-0.01149394523	-0.0153785349	-0.01905017063	-0.02251561549
	-0.02577299434	-0.02881516477	-0.03163139329	-0.0342083952	-0.03653126817
	-0.03858440484	-0.04035232622	-0.04182038362	-0.04297531384	-0.04380565911
	-0.04430207611	-0.04445756201	-0.04426762507	-0.04373042504	-0.04284690555
	-0.04162093795	-0.04005949327	-0.03817285676	-0.03597489761	-0.03348340584
	-0.03072050757	-0.02771316679	-0.02449376517	-0.0211007037	-0.01757888223
	-0.01397984767	-0.01036159033	-0.006788798837	-0.003335943935	-9.633606005e-05
	0.00280395055	0.005207810375	0.007010806911	0.008384232759	0.009485109786
	0.009460192694	0.02404083488	0.02415396918	0.02421155567	0.02365329662
	0.02179413643	0.0185435757	0.01428428593	0.00950554456	0.004651544982
	-6.390638426e-06	-0.004380470254	-0.008484808206	-0.01235872408	-0.01603115826
	-0.01951421853	-0.02280717235	-0.02590113813	-0.028782169	-0.03143316837
	-0.03383528966	-0.0359691051	-0.03781559336	-0.03935693329	-0.04057710313
	-0.04146230718	-0.04200126467	-0.04218539966	-0.04200896827	-0.04146915566
	-0.04056617018	-0.03930335829	-0.03768735994	-0.03572832241	-0.03344018875
	-0.03084107684	-0.02795376331	-0.02480627871	-0.0214325932	-0.01787331177
	-0.01417621359	-0.01039646221	-0.006596646114	-0.002847788262	0.0007661673537
	0.004138182151	0.007125230095	0.009554665216	0.01131012984	0.0125484893
	0.01346396779	0.013423069	0.02455216459	0.02463362618	0.024727157
	0.02446821753	0.02320728267	0.02060479327	0.01688426745	0.01248328822
	0.007842390778	0.003285320237	-0.001039201618	-0.005111911558	-0.008965694951
	-0.01263476957	-0.0161366522	-0.01947201097	-0.022629677	-0.02559129944
	-0.02833457099	-0.03083540021	-0.03306946876	-0.03501339571	-0.03664559714
	-0.0379468881	-0.03890087315	-0.03949417615	-0.03971655964	-0.03956097966
	-0.03902361492	-0.03810390277	-0.03680460893	-0.03513195386	-0.03309581646
	-0.03071003498	-0.02799282486	-0.02496733024	-0.0216623123	-0.0181129449
	-0.01436162718	-0.0104586682	-0.00646277011	-0.002441655607	0.001525900215
	0.005344416718	0.008890808611	0.0120016431	0.01448518904	0.01621694538
	0.01734559828	0.01807986093	0.01800572851	0.02495702178	0.02501075305
	0.02510736885	0.02503867134	0.02430198461	0.02240721051	0.01935414299
	0.01548791288	0.01121256119	0.006868753782	0.002659159469	-0.001350410902
	-0.005171511404	-0.008835036359	-0.01236074064	-0.0157497341	-0.01898771197
	-0.02205060815	-0.02490933323	-0.02753304664	-0.0298912997	-0.0319554336
	-0.03369947945	-0.03510070566	-0.03613991053	-0.03680153727	-0.03707367709
	-0.03694801472	-0.03641976113	-0.03548760864	-0.03415373764	-0.03242389951
	-0.0303075986	-0.02781839546	-0.02497435253	-0.02179863962	-0.01832029958
	-0.01457513867	-0.01060665878	-0.006466938916	-0.002217525735	0.002069081661
	0.006305811378	0.01038289517	0.01415432814	0.01742745349	0.01998712297
	0.02170282895	0.02272783338	0.02327638934	0.02316800063	0.02527578683
	0.02530575425	0.02538971868	0.02541946456	0.02506804578	0.02385372737
	0.02156623159	0.01839512649	0.01467123877	0.01070458512	0.006720537154
	0.002831958915	-0.00093526947	-0.004593251208	-0.008154653665	-0.0116165725
	-0.01495931975	-0.01815141876	-0.02115535316	-0.02393199977	-0.02644351546
	-0.02865504653	-0.03053565757	-0.03205876386	-0.0332022518	-0.0339484105
	-0.03428376177	-0.0341988527	-0.03368805905	-0.03274943561	-0.03138464171
	-0.02959896527	-0.0274014677	-0.02480527212	-0.02182801627	-0.01849248442
	-0.01482741869	-0.0108684899	-0.006659396144	-0.002253124899	0.002286299275
	0.00688067564	0.01143145526	0.01580907162	0.01983997199	0.02330213838
	0.0259566437	0.02767820309	0.02863094334	0.02897929662	0.02879690584
	0.02552131093	0.02553471277	0.02560742505	0.02567415335	0.02554888534
	0.0248870482	0.02339297664	0.02106305229	0.01809742737	0.0147229803
	0.01113412963	0.007467800126	0.003795622485	0.0001444924218	-0.003473423006
	-0.007040066403	-0.01052445514	-0.01388459229	-0.01707262131	-0.02003974902
	-0.02273970723	-0.02513075406	-0.02717660938	-0.02884671821	-0.03011612802
	-0.03096516683	-0.03137904098	-0.03134742908	-0.03086412234	-0.0299267457
	-0.0285365839	-0.02669853186	-0.02442118551	-0.02171709044	-0.01860316726
	-0.01510133053	-0.01123931131	-0.007051696063	-0.002581249435	0.002119249116
	0.006984093919	0.01192955273	0.01684505882	0.0215799991	0.02592865191
	0.02962550514	0.03239783522	0.03413040096	0.03500600122	0.03518425804
	0.03490709638	0.0256915658	0.02570276204	0.0257739607	0.02584348023
	0.02581015198	0.02551395426	0.0247408388	0.02335142208	0.02135261701
	0.01882255986	0.01585930914	0.01257470486	0.009074992323	0.005443216628
	0.001741369425	-0.001977034107	-0.005657094149	-0.009239666366	-0.01266341922
	-0.01586847806	-0.01879954791	-0.02140781893	-0.0236517512	-0.02549708645
	-0.02691641859	-0.02788856198	-0.02839786956	-0.02843359153	-0.02798932626
	-0.0270625926	-0.02565454039	-0.02376981082	-0.02141655604	-0.01860662646
	-0.0153559358	-0.01168502361	-0.007619858615	-0.003192972447	0.001554876081
	0.00657204948	0.01179147013	0.01712274197	0.02243949958	0.02756201984
	0.03224149725	0.03617030583	0.03906772675	0.04084851548	0.04173581767
	0.04171781973	0.04136766289	0.02578136987	0.02581217013	0.02587715532
	0.02592075906	0.02589703988	0.0258037322	0.02560477202	0.02516641334
	0.02430853232	0.02288374179	0.02081790135	0.01813242373	0.01493242174
	0.01135944704	0.007550123064	0.003621495676	-0.0003263688556	-0.004204468405
	-0.0079317504	-0.01143486232	-0.014649036	-0.01751881713	-0.01999817196
	-0.02205001198	-0.02364535283	-0.02476232235	-0.02538517158	-0.02550338205
	-0.02511091788	-0.02420564403	-0.02278891658	-0.02086534468	-0.01844272353
	-0.01553214282	-0.01214828084	-0.008309909758	-0.004040684409	0.0006295989324
	0.005662883762	0.01100917828	0.01660022081	0.02233898136	0.02808385256
	0.03362952805	0.03869356818	0.04293461418	0.04604476652	0.04794178497
	0.04888456309	0.04892273779	0.04823123004	0.02581922791	0.02589014879
	0.02590749555	0.02587992646	0.02583394204	0.0258694683	0.02610471962
	0.0265311394	0.02689514696	0.02679537369	0.02589764442	0.02405877345
	0.02133144246	0.01789690467	0.01397879376	0.009785201292	0.005488560443
	0.001227321601	-0.00288646412	-0.006760865342	-0.01032025232	-0.01350302341
	-0.01625993631	-0.01855257408	-0.02035182915	-0.0216364451	-0.02239168846
	-0.02260820449	-0.02228108293	-0.02140913756	-0.01999439148	-0.01804175462
	-0.01555888191	-0.01255620832	-0.009047180325	-0.005048740669	-0.0005821872251
	0.004325347629	0.009638291412	0.01530798123	0.02126461608	0.02740432452
	0.03357060345	0.03953184181	0.04496697233	0.04949676755	0.05280577563
	0.05492282777	0.05615616947	0.05629203801	0.05600216365	0.02590134799
	0.02598289065	0.0258840212	0.02574002628	0.02568814958	0.02586334353
	0.0264631535	0.02762684152	0.02916268461	0.03049055952	0.03096300673
	0.03019146665	0.02812045466	0.02493850487	0.02094869104	0.01646396434
	0.01175250689	0.007024361688	0.002438383042	-0.001885901324	-0.005858122109
	-0.00940983294	-0.01248953911	-0.01505913104	-0.01709115466	-0.01856662783
	-0.01947327067	-0.01980408826	-0.01955626636	-0.01873034509	-0.0173296377
	-0.01535986514	-0.01282898491	-0.009747211888	-0.006127252472	-0.001984829566
	0.002660322608	0.007782660731	0.01334769079	0.01930662399	0.02558752385
	0.03208145513	0.03862325377	0.04497167435	0.05080659009	0.05577344978
	0.05963732406	0.06248060394	0.0643086232	0.06534903558	0.0637423817
	0.0260787916	0.0261878986	0.02588028303	0.02562130434	0.02560524325
	0.02596612446	0.02692950075	0.028737819	0.03130176236	0.03398107047
	0.03586475012	0.03627490734	0.03499276611	0.03217714906	0.02818761794
	0.0234345313	0.01828877359	0.01304643763	0.007927975612	0.003091701236
	-0.001350544027	-0.005320405837	-0.008763511029	-0.01164278977	-0.01393378043
	-0.01562127131	-0.01669685989	-0.01715716816	-0.01700254961	-0.0162361804
	-0.01486345787	-0.01289165514	-0.01032979697	-0.007188752284	-0.003481583013
	0.0007757644195	0.00556324785	0.01085466863	0.01661420881	0.02279080079
	0.0293095485	0.03605967021	0.04287961395	0.04954465866	0.05577051845
	0.06126506082	0.06583853164	0.06936435481	0.0725387595	0.07579289845
	0.07704384327	0.02703883834	0.02666014523	0.02610407271	0.02570412247
	0.02573770645	0.02631711564	0.02768820875	0.03011720833	0.03354871997
	0.03733812621	0.04044128969	0.04195264974	0.04147008839	0.03908280898
	0.03517241537	0.03022082157	0.0246874346	0.01895190748	0.01330134483
	0.007940468685	0.003009454507	-0.001398666674	-0.005224001319	-0.008429492753
	-0.01099367031	-0.01290564378	-0.01416167806	-0.01476286866	-0.01471358873
	-0.01402048135	-0.01269186586	-0.01073747038	-0.008168421307	-0.004997499272
	-0.001239700305	0.003086816756	0.007959241458	0.01334785487	0.01921271222
	0.0254989345	0.03213041981	0.03900273992	0.04597840471	0.05289066713
	0.05956589263	0.06588021434	0.07184263043	0.07801994048	0.08567433164
	0.09063860572	0.08809663061	0.02748379211	0.02754223275	0.02665631766
	0.02603924922	0.02606849709	0.02690025131	0.02875082462	0.03181856174
	0.03597437535	0.04054805632	0.04448057616	0.04678585448	0.04694053628
	0.04494710128	0.04116631464	0.03611040888	0.03029565133	0.02416540553
	0.01806437163	0.01224212831	0.006869470011	0.002057542196	-0.002125094233
	-0.005639062325	-0.008464383232	-0.01059365367	-0.01202744237	-0.01277127068
	-0.01283369844	-0.01222518341	-0.01095748695	-0.009043461782	-0.006497225049
	-0.003334580054	0.0004261960495	0.004763204094	0.00964932957	0.01505014524
	0.02092134532	0.02720603399	0.03383282354	0.04071645254	0.04776433602
	0.05489697052	0.06209908287	0.06951727501	0.07762606411	0.0873019254
	0.09844463584	0.1175373007	0.1339256609	0.03190270521	0.02831850635
	0.026905904	0.02592930067	0.026031146	0.027207749	0.02964909462
	0.03341232418	0.03820445234	0.0432787007	0.04761490261	0.05028677163
	0.05077156725	0.04902650701	0.04536834778	0.04029459426	0.0343358751
	0.02796708526	0.02156950658	0.0154259359	0.009732860299	0.004618691311
	0.0001618683474	-0.003593920419	-0.006628114756	-0.008934959369	-0.01051782689
	-0.01138550765	-0.01154989947	-0.01102467525	-0.009824632571	-0.007965509217
	-0.005464185307	-0.002339274807	0.001388031359	0.005692781183	0.01054476508
	0.01590682032	0.02173324481	0.02796907071	0.03455178745	0.04141896102
	0.04852862558	0.05590434406	0.06372825511	0.07254300525	0.08373403916
	0.1004271306	0.1284285081	0.1611194823	0.1478513502	0.04044709688
	0.02105546519	0.02448352812	0.02444231717	0.02504560441	0.02666451817
	0.02962908253	0.03396715289	0.03926290252	0.04467209446	0.04918704603
	0.05196599517	0.05255771956	0.05093121857	0.04737573225	0.04236010381
	0.03640056452	0.02997350565	0.02347216181	0.01719525289	0.01135443151
	0.006090121961	0.001489027073	-0.002400246861	-0.005554773357	-0.00796817128
	-0.009644263211	-0.0105928884	-0.01082728359	-0.01036256756	-0.009214988024
	-0.007401732097	-0.004941170605	-0.001853425782	0.001838757966	0.006108825553
	0.01092504257	0.01624912209	0.02203536506	0.02823143875	0.03478317337
	0.04164824124	0.04882854111	0.05644288059	0.06489116054	0.07522854753
	0.09001278519	0.1150546658	0.1635210077	0.2501151031	0.2964854413
	-0.3831779863	0.05493582451	0.02845786374	0.02701204287	0.02670418889
	0.0278103609	0.03046409957	0.03455650613	0.0396334931	0.0448674601
	0.04928633148	0.05206918575	0.05274852952	0.05125267619	0.04783095292
	0.04292293429	0.03703110482	0.03063194056	0.02412624027	0.01782249649
	0.01194137042	0.00663031305	0.001980899601	-0.001955226196	-0.005153471796
	-0.007606725349	-0.009318669499	-0.01029934997	-0.01056239619	-0.01012340321
	-0.008999125648	-0.007207270795	-0.004766708094	-0.001698050317	0.001975439719
	0.006226727081	0.01102368671	0.01632787072	0.02209397919	0.02827133435
	0.03481002099	0.04167699355	0.04889406708	0.05662651575	0.06538389728
	0.07645711334	0.09288033405	0.1217175572	0.1775362819	0.2839218509
	0.7130277805	
