3375	
	-1.326994012e-33	2.58384729e-34	1.115044199e-34	0.000309901945	0.00131685463
	1.600826056e-34	0.001277980543	-0.0001831249048	-0.001626123765	0.00207300317
	6.115941363e-36	4.173997895e-35	5.273379595e-35	-2.277654373e-36	-3.402782931e-34
	-6.179277647e-32	4.62206504e-35	3.052124842e-35	-2.016183516e-33	4.707869677e-34
	0.01132567471	0.003346388739	5.917595096e-34	0.00469096836	0.003961390607
	0.004278377387	0.008700717352	3.095655126e-34	6.147177054e-34	-1.390825259e-31
	1.185521696e-32	2.283205024e-34	0.009855100819	0.004732857657	6.754461009e-34
	0.003904875542	0.009464768713	0.01178725709	0.007077977299	8.499287164e-34
	2.507698951e-33	-1.730117933e-31	2.750450883e-32	-7.535635611e-34	-0.01488199031
	0.0006611635183	-2.415734727e-34	-0.004129604292	0.0009611432569	-0.0007289384273
	-0.00855883082	2.05855576e-34	9.031783206e-34	-1.226950004e-32	1.875002197e-32
	3.598399809e-34	-0.01495782504	-0.002298550749	-1.471168213e-34	-0.002878649043
	-0.0109581848	-0.0159931113	-0.01057139821	-3.362306148e-34	-2.996364515e-33
	1.405529245e-31	5.762304668e-33	5.254611114e-34	0.00574563174	0.000611417304
	1.401171068e-34	0.004162404516	-0.006160396649	-0.006366930778	0.00127783161
	2.361609237e-35	-1.272858451e-33	1.220981811e-31	8.929505063e-34	7.905042826e-35
	2.871280568e-34	0.003917392064	4.895524095e-35	1.551436396e-34	0.002202651617
	0.005243172554	5.185997084e-35	1.086625275e-34	-2.592689915e-35	5.7104307e-32
	-1.005626039e-32	-2.071669615e-31	-0.0007204319613	0.001167790042	-1.829448802e-33
	-1.22285873e-31	-2.53074255e-35	-2.27302564e-31	-6.30245105e-32	-2.812785555e-32
	-3.287600167e-31	0.002554388281	0.006376893731	-2.696483426e-31	-5.077128345e-31
	4.943184901e-33	-1.701058641e-31	0.006590840351	0.004680383838	-3.144987877e-31
	-6.128102447e-31	6.50494795e-32	1.925596942e-31	0.0005059413315	-0.006925513861
	2.074395037e-32	-9.447683115e-34	5.270499084e-32	3.116456219e-31	-0.005392784034
	-0.003973789408	3.090400507e-31	5.523358209e-31	1.774016305e-32	1.948528306e-31
	0.0001840036274	0.006847233509	2.528018938e-31	4.625888439e-31	3.200439537e-33
	5.963452913e-32	0.005869503821	5.005102199e-34	1.155107436e-31	2.127685322e-31
	1.635043946e-34	-2.959407345e-34	-0.01667150508	-0.002012710107	8.645533206e-35
	-0.002426171676	-0.00535668572	-0.01109982286	-0.008340501754	1.870905812e-34
	-1.748766854e-34	-5.423811864e-34	-5.916418807e-34	-7.151568304e-35	-4.501239954e-35
	-1.282911338e-34	-0.003904513872	0.0009636205234	2.059743827e-33	0.005117697854
	-0.007795043783	-0.01604753301	-8.070951622e-05	2.718220191e-34	-1.368932914e-33
	2.653765815e-33	0.01813902074	0.01086269419	3.71891995e-33	0.01109393593
	0.007728657236	0.01146007596	0.01073553434	4.234983122e-33	4.104709038e-33
	-2.756600588e-33	-0.0354614923	-0.0007415394742	-5.280731722e-33	-0.01540445591
	-0.00118064417	-0.003969129553	-0.02058549644	1.059230905e-34	-8.44450734e-34
	-1.790641487e-33	-0.05632992423	-0.02408826323	-6.516843e-33	-0.02525043141
	-0.03034498957	-0.05183925595	-0.0332932569	-8.189725823e-33	-1.508878601e-32
	2.187587472e-34	-0.02414189478	-0.01877502001	-1.525791456e-33	-0.008924752448
	-0.0269280975	-0.04344434327	-0.0154201807	-3.307222584e-33	-6.453157957e-33
	3.801592261e-34	-9.272999485e-35	-0.004023070726	-2.009196179e-34	-2.084996219e-34
	-0.009445963269	-0.01333223206	-9.420789086e-34	-3.232904551e-34	-9.913855315e-34
	-0.005543865587	-0.006771228582	-9.75457984e-34	-0.004090413831	0.005706860157
	0.01462242529	0.01566234854	-0.0009155272967	-0.02679865231	-0.03849762062
	-0.03926577278	-0.02830387949	-0.01129714697	-0.005271253182	-5.208203405e-34
	-2.78922406e-34	-2.551887735e-34	-0.01072330337	-0.005368906861	-1.602233106e-33
	-0.007381285892	-0.002979896259	-0.006189654043	-0.005853813972	1.591707858e-34
	-5.939650083e-34	-5.211906959e-34	-4.608115131e-34	-7.216926931e-34	-3.005475759e-34
	-1.758329397e-33	-0.0113642744	-0.008119901842	-5.281343732e-34	-0.004152920942
	-0.00650278473	-0.01378894994	-0.005411321953	-2.340493368e-33	-2.00043675e-33
	1.373544544e-33	0.002861029286	0.00425249225	2.790339839e-33	0.005797885883
	-0.001453388856	-0.002201993095	0.001559705207	2.808097084e-33	7.663572334e-34
	-1.048521727e-33	-0.02165136856	-0.00609027768	-1.528550149e-32	-0.01990113777
	-0.004437436559	-0.006910846854	-0.01211719956	-4.215886913e-33	-4.938466241e-33
	-2.392800922e-33	-0.03044503171	-0.02950922927	-1.392143853e-32	-0.02881777151
	-0.01563493465	-0.02960149164	-0.01684786726	-1.87922186e-32	-1.200076375e-32
	-7.145704571e-34	-0.01631411608	-0.02334727289	-3.504349574e-33	-0.01462499454
	-0.01423239065	-0.02548336203	-0.009381692012	-7.626547501e-33	-4.558086865e-33
	6.384996896e-35	-7.498415104e-34	-0.008486618699	-3.769566854e-34	-1.168350021e-33
	-0.005583390888	-0.009133300971	-6.981542248e-34	-1.248644315e-33	-7.159595861e-34
	-0.008437990981	-0.01470166111	-2.442072715e-33	-0.01533327731	-0.01025068359
	0.004809832428	0.0101969289	-0.009906203592	-0.03535057496	-0.04997387866
	-0.0503574095	-0.03959696517	-0.02338503873	-0.01350004905	-2.980731808e-33
	-1.321867776e-34	3.370099919e-34	0.0113864678	0.0001882297951	-1.237422783e-34
	0.0002338798361	0.00350168843	0.006988045705	0.006171629514	-1.679575509e-34
	2.372264725e-34	4.886279818e-34	5.631649451e-34	-1.640543113e-34	1.441200527e-35
	1.59237424e-33	0.01370780873	0.0007487957843	7.459919866e-34	0.001351059266
	0.008526426194	0.01607215213	0.007047495763	5.568417538e-34	2.464207239e-33
	-2.775134832e-34	-0.004629680822	0.001559850794	-9.862817368e-34	-0.001423241183
	0.001555165132	0.003167924997	-0.00265609571	3.589111396e-34	1.997627999e-34
	3.413429732e-33	0.02072782061	-0.003327695205	-2.074628322e-33	-0.0008013368319
	0.0009242441479	0.003021929051	0.01146845844	-2.569132039e-33	-4.944170198e-34
	1.442695038e-33	0.03644373371	-0.0004103652571	1.820000048e-33	0.002166304779
	0.01836682276	0.03291074169	0.02056538412	1.017749271e-33	1.227432081e-32
	-2.866828196e-34	0.01704356622	0.001783865329	8.696700522e-34	0.0008406054125
	0.01736973599	0.02937128753	0.01016984753	7.154476635e-34	5.662626923e-33
	-3.556792535e-34	2.245243232e-34	0.0001391248328	2.661140625e-34	-2.511266194e-35
	0.006519118837	0.009428955592	8.502456274e-34	-7.192510008e-35	8.682304043e-34
	0.0009488152896	0.0002674807409	5.0426155e-34	0.00245153552	0.001087463473
	0.002076780998	-0.001124575914	-0.007614978279	-0.002384541855	-0.0006921236184
	0.00218196864	0.0034098126	0.001149270874	0.0008307823251	7.724554869e-34
	-1.977672118e-34	2.37045799e-35	0.009641297327	0.004752076244	1.514330375e-33
	0.006999694567	0.003631919272	0.007036702175	0.004785680295	-1.464322326e-34
	5.592441703e-34	4.206146483e-34	4.027909549e-34	5.471558676e-34	2.52348926e-34
	-1.030725266e-34	-0.004854815668	0.007945897469	6.39694626e-34	0.00357627872
	0.001845604192	0.005911032931	-0.004465008599	2.004739575e-33	3.860105692e-34
	-2.458150658e-33	-0.01913797091	-0.004772067152	-4.919050578e-33	-0.007697375437
	-0.01103216441	-0.01749326698	-0.01101194233	-3.799431381e-33	-5.918461726e-33
	2.579605648e-33	0.03915759697	0.0003574057562	1.327452591e-32	0.01871767525
	0.004153821832	0.006797810858	0.02281410876	1.292081037e-33	2.766773405e-33
	1.041808717e-33	0.04865200205	0.02797708405	1.468861144e-32	0.02884806558
	0.03000210353	0.05085848128	0.02923229484	1.878076098e-32	1.5121497e-32
	-2.162810316e-34	0.01691341127	0.0230629279	3.562059749e-33	0.01313763981
	0.02176227533	0.03537724948	0.01129600937	7.670710174e-33	5.321999353e-33
	-1.422898406e-34	2.461656457e-34	0.007174855549	3.815105976e-34	9.625530937e-34
	0.005771392115	0.00866205442	5.279950252e-34	1.053596945e-33	6.022124436e-34
	0.008230887863	0.01323891905	2.430238816e-33	0.0159708775	0.008493501891
	-0.006141128618	-0.01234460043	0.0004933367613	0.03300916927	0.04728040622
	0.04915152717	0.03855244338	0.02045136956	0.01146944398	2.308848804e-33
	-1.000671144e-34	-2.892320873e-35	-0.0001809574841	0.00158736373	-1.374891875e-34
	0.001432898063	-0.000192006625	0.001140859032	-0.001841965615	-2.025825722e-35
	3.797292457e-35	3.479711161e-36	1.117836601e-35	1.670479404e-34	4.371628133e-35
	-2.558698739e-34	-0.01273787731	-0.003762139405	-3.128193503e-33	-0.009312641852
	-0.005843638733	-0.00586275733	-0.01007342675	-8.60644962e-34	-8.306701021e-34
	-9.744554663e-34	-0.01221145983	-0.01428888881	-3.714950288e-33	-0.01049007238
	-0.009263299983	-0.0138336355	-0.007741759384	-5.036711668e-33	-2.8061645e-33
	-5.621904479e-34	0.01160336669	0.002656275318	5.805622705e-33	0.01573600998
	0.001571727315	0.0009806982503	0.007648835611	4.251310846e-34	7.851886221e-34
	-8.047725296e-35	0.01550510589	0.02269031472	5.32589808e-33	0.02110370955
	0.01082996456	0.01670128702	0.01076361285	7.218654762e-33	3.472367388e-33
	-1.045957308e-34	0.0008086223866	0.01559855624	9.781782892e-34	0.006345868842
	0.005908649281	0.008469201782	0.001826769364	2.704531033e-33	1.045646227e-33
	-2.317525648e-35	-4.355562171e-35	0.003021090501	3.796063934e-35	1.226609841e-34
	-7.354839233e-05	-0.0007390912951	-2.302386558e-36	2.71311206e-34	6.039259975e-35
	0.003693349788	0.004576163777	7.12660311e-34	-0.002303113144	-0.01205635731
	-0.01983430705	-0.01798667179	0.005682991584	0.02735498952	0.03590525134
	0.03405301792	0.02265640722	0.008051135321	0.00274110696	-6.85013783e-35
	1.826627575e-33	1.234036467e-33	1.015457734e-32	0.001030192315	4.808686143e-35
	-0.0008883651932	1.22236936e-31	2.275524475e-31	2.072820237e-31	3.053350797e-34
	6.83924599e-35	6.174799094e-32	6.30159466e-32	3.260362571e-35	3.460925227e-35
	1.92469483e-33	2.814952625e-32	-0.002231626179	-2.395929894e-34	-0.00475830597
	2.697385004e-31	5.082289827e-31	3.287791356e-31	1.1519045e-36	1.390823307e-31
	-1.223321557e-32	-5.226932872e-33	-0.00407934885	1.172164313e-34	-0.002803066599
	3.143289225e-31	6.12663767e-31	1.701470774e-31	-2.510522359e-34	1.728169346e-31
	-2.79969292e-32	-6.524980207e-32	0.001256015719	9.378294878e-34	0.003431874179
	-2.050293637e-32	2.243738721e-33	-1.926998042e-31	3.740629614e-34	1.218143332e-32
	-1.901710087e-32	-5.277226893e-32	0.005415606317	4.498353684e-34	0.003647336669
	-3.100178659e-31	-5.530823697e-31	-3.122415506e-31	7.945710801e-34	-1.412331454e-31
	-5.802589978e-33	-1.754846915e-32	0.001848402331	8.780712641e-35	0.0003108181046
	-2.529800061e-31	-4.62723795e-31	-1.947114291e-31	1.851720102e-34	-1.223572835e-31
	-9.527290643e-34	-3.375662649e-33	0.000271653246	3.876935353e-35	-1.010499478e-36
	-1.153341819e-31	-2.123240898e-31	-5.951833696e-32	4.283944462e-35	-5.704515133e-32
	0.0004924725828	8.538732471e-05	7.721521683e-35	-0.00337726676	-0.00617712336
	-0.005937917385	-0.005728381929	0.001419657992	0.005433996963	0.00745111688
	0.0059291213	0.00225333772	-0.0003397605338	-0.0005353483744	-3.374860417e-35
	3.765949758e-34	-0.01514803633	-0.002793652853	-0.003531319933	-0.007415811661
	-0.01119629959	-0.008706890213	-1.227363792e-33	-1.196529664e-34	-0.005016420937
	-0.001559727605	0.002091024582	-0.00663590189	-0.01430720584	0.002780577258
	0.005073352125	0.003683189743	0.003098938402	0.007462284695	0.002191940413
	0.006710066013	-0.0197497351	-0.002137299915	-0.01026994714	-0.00242645871
	-0.003927017648	-0.02058890298	-0.009645109518	-0.006448066826	-0.003076218132
	-0.01983817929	-0.01675742525	-0.01408673682	0.01396599741	0.002886383584
	0.008770954066	-0.003438122214	0.0009329946486	0.01101754007	9.325894043e-34
	0.007892914845	6.663824174e-34	0.009183309137	0.01035577591	1.259939339e-33
	-3.350623951e-32	-5.59407089e-31	-0.004611155643	-0.006220813679	-5.427129478e-33
	-3.290996687e-31	-4.09102663e-34	-5.029102623e-31	-1.6966215e-31	-9.172499766e-32
	-8.927486384e-31	-0.006007952854	-0.001375382603	-7.301386323e-31	-1.130877029e-30
	-2.729440585e-32	-4.636798164e-31	0.001412214975	0.001767893528	-8.561757151e-31
	-1.365838051e-30	1.286209164e-31	5.267650294e-31	-0.002209902993	-0.0106130083
	5.755164154e-32	3.578759031e-32	1.208676343e-31	8.482252813e-31	-0.006812154743
	-0.001622678634	8.446638658e-31	1.275555017e-30	4.947886964e-32	5.245657544e-31
	0.002636067796	0.009353641978	6.839174895e-31	1.029392255e-30	1.277045415e-32
	1.589181125e-31	0.007136744154	1.027295269e-33	3.096172566e-31	4.633336671e-31
	-8.168765172e-34	-0.04990953726	-0.0148439504	-0.02171251837	-0.02042127645
	-0.03012877589	-0.03408687538	-4.937918154e-33	-2.318541347e-33	-0.04879097518
	-0.02209618547	-0.01150893102	-0.03902326126	-0.06294571106	-0.02512390096
	0.02214446593	0.008243452703	0.01514661669	0.003478676177	-0.008041079874
	0.02027566405	-0.03523721261	-0.004072963479	-0.03447890805	-0.003263826949
	0.004730078261	-0.04508922339	-0.06779861598	-0.04936086927	-0.04606131699
	-0.06936412673	-0.0618656579	-0.07294724738	-0.02118445091	-0.02865610506
	-0.006612150509	-0.0541483538	-0.04798128794	-0.02707597125	-6.118564896e-36
	-0.0006627088647	1.740320315e-34	-0.01450829126	-0.01076128901	-3.111494784e-33
	-0.02145539653	-0.03346192148	-5.790723988e-33	-0.03980907716	-0.02751973296
	-0.002879449136	0.01310527521	0.001184569604	-0.02833488934	-0.04052355686
	-0.03744389761	-0.02093121991	-0.0002575728341	0.002382103358	1.165227512e-33
	-1.403568137e-33	-0.02485440821	-0.01749520165	-0.02755167731	-0.01002945897
	-0.01394199554	-0.01863936311	-3.202186053e-33	-5.796167234e-33	-0.03784686966
	-0.0380793175	-0.02933348302	-0.02510997203	-0.03751891038	-0.02449577598
	0.009133727192	-0.0005058783371	0.01165569386	-0.007202711503	-0.01079345416
	0.004848203416	-0.03090974232	-0.01065059154	-0.04974454756	-0.01058063993
	-0.003194126098	-0.03291375011	-0.05367744228	-0.07682878729	-0.07326864957
	-0.04680327055	-0.05062440594	-0.04846404985	-0.02429688813	-0.05972759962
	-0.03222100389	-0.03866117013	-0.0424416711	-0.02290736958	-2.32166765e-33
	-0.01759336198	-5.259867815e-33	-0.01239110039	-0.01298617349	-3.795010112e-33
	-0.02369342008	-0.04139961237	-1.258647003e-32	-0.05560132176	-0.04909425414
	-0.01018690163	0.0170094773	-0.0003263537666	-0.0419410046	-0.07113614747
	-0.07476919849	-0.05770827688	-0.03134836291	-0.01700604686	-7.737265084e-33
	4.977419414e-34	0.02989678823	0.0006729454509	0.001665864525	0.01216030913
	0.01743058121	0.02142565596	4.226548269e-33	-1.319237338e-34	0.04050062506
	0.002589399902	0.004258091819	0.03165488271	0.04442785192	0.02832806699
	-0.01460513245	0.002831736326	-0.005433604285	0.009097176605	0.01315349283
	-0.008701626173	0.02268913952	-0.01263005878	-0.009629021029	-0.002023601002
	-0.009870979851	0.0279724346	0.06269319939	-0.004475397627	0.003594087855
	0.04965407987	0.0500020248	0.05696066903	0.02731489027	0.003495937538
	0.002362405209	0.04651139473	0.0497497046	0.02539146766	2.041716955e-33
	0.0008417485416	4.918408505e-34	0.01443401699	0.01457271518	4.039501118e-33
	0.00128307962	0.001560573445	1.62457578e-33	0.004281180259	0.00255877999
	0.003424346561	-0.005967565732	-0.02022143991	-0.015362694	-0.01018282509
	0.0002040692525	0.003652288235	0.001432803006	0.001468585189	1.151938919e-33
	1.842655002e-34	0.0379569822	0.0172503264	0.02796982457	0.01481144641
	0.0236635557	0.02377694662	3.68291227e-33	5.249316434e-33	0.02913272317
	0.03766083353	0.02846118998	0.02327011361	0.04451493263	0.009347141653
	-0.03060569628	-0.001697026508	-0.01818438923	-0.01633736975	-0.008723635813
	-0.0253521883	0.04492320615	-0.0006685330543	0.04472256325	0.007866105833
	-0.002545082698	0.05272170938	0.0561117125	0.07267712554	0.07023352632
	0.06924312007	0.06293796432	0.06246565758	0.01243088633	0.05519169384
	0.02690136196	0.04240307161	0.03713697766	0.01783303219	-9.574261374e-35
	0.01385242147	4.031058745e-33	0.007940586556	0.005406606015	1.631284564e-33
	0.02400123935	0.04129315951	1.332349583e-32	0.05702486997	0.04725169613
	0.008114338733	-0.02425469611	-0.01131614107	0.03683439467	0.06697132294
	0.07131090805	0.05375793352	0.0264433061	0.01363146836	5.522199632e-33
	-9.973852994e-35	0.01311647093	0.0115941575	0.01562376917	0.004827586812
	0.009297063876	0.005949407234	7.21907062e-34	2.001762227e-33	0.004803031856
	0.01190431813	-0.001652495915	0.000666839424	0.01150397475	-0.006323333639
	-0.01094226028	-0.01985590676	-0.01891394957	-0.01129955021	-0.006382626523
	-0.0121876213	0.01023120874	0.006290247737	0.03715088461	0.003737284423
	-0.001053191955	0.01521998432	0.00729494714	0.04791698692	0.03819337351
	0.01944708798	0.0134688396	0.01512859185	-0.01060472798	0.02317516775
	0.003339632144	0.004813555005	-0.002236199554	-0.003936002136	-4.477155464e-34
	-0.000270128323	-5.077845061e-34	-0.004320627267	-0.00804515829	-5.528891498e-34
	0.01725098981	0.02806468385	4.79847058e-33	0.02777072191	0.01621027233
	-0.009441867914	-0.02064492871	0.0037483192	0.03101945607	0.04084307155
	0.03151945375	0.01476957738	-0.002774521608	-0.004216140534	-1.730107591e-33
	5.592518042e-33	3.376891076e-32	0.002227695854	0.002262681162	3.295303567e-31
	5.02973369e-31	5.601104499e-31	1.69914724e-31	2.136044174e-34	9.267121241e-32
	0.0001478892443	-0.003437647799	7.309342111e-31	1.130864058e-30	8.933954609e-31
	2.779408184e-32	-0.005607276017	-0.005067628316	8.5661256e-31	1.365799489e-30
	4.65171379e-31	-1.28803703e-31	0.001604757938	0.007302324265	-5.537201659e-32
	-3.243081883e-32	-5.261446874e-31	-1.214174431e-31	0.009174158757	0.006037366023
	-8.457147286e-31	-1.274627587e-30	-8.488695556e-31	-4.892023395e-32	0.001180875668
	-0.002437827784	-6.840273508e-31	-1.029742379e-30	-5.238865004e-31	-1.295557814e-32
	-0.002255937835	-2.093214646e-34	-3.090502021e-31	-4.626866678e-31	-1.58653885e-31
	0.003811495583	0.005635428858	3.468470844e-34	0.004621400575	0.002368609614
	-0.002304232251	-0.004831733539	0.0008291457048	0.004887028284	0.005598960072
	0.002527318435	-0.002559725895	-0.005810041044	-0.003979752754	-4.92056562e-34
	1.774427199e-34	-0.01175168327	-0.00398348509	-0.005662895283	-0.009701493862
	-0.0072756557	-0.01535715611	-3.263376076e-33	-4.520680039e-34	-0.0128251258
	-0.007442264958	-0.00579456531	-0.01770820498	-0.01574477522	-0.01343296561
	0.01097272621	-0.001608267402	0.0008726553947	-0.003403237752	-0.000817429257
	0.004825921365	0.005701147072	0.0004104529727	-0.004472528232	0.004442101876
	0.01390156665	-0.006370479896	-0.002285053088	0.0003368979154	0.002325538893
	-0.002861037202	0.00228173975	0.0001139662869	0.004562339272	0.004722996579
	0.007543861746	0.005094468133	-9.430415545e-05	0.01202328454	1.351842516e-33
	0.005879487724	1.005759603e-33	0.008321670564	0.002857412122	1.97675022e-33
	-5.232293369e-32	-1.117222703e-30	-0.002464549561	-0.005139685009	-4.704688378e-33
	-6.499067548e-31	-2.425870806e-34	-6.806423314e-31	-3.387882091e-31	-1.721370113e-31
	-1.799693431e-30	-0.007246945033	-0.006361893728	-1.458587768e-30	-1.539407891e-30
	-1.147738341e-31	-9.075128053e-31	-0.002003393287	0.003963206232	-1.722024715e-30
	-1.832119605e-30	1.498793743e-31	1.143086093e-30	0.004736763862	0.0008929447262
	1.871829763e-31	2.580915536e-31	1.453750324e-31	1.700826659e-30	0.00146281858
	-2.641557055e-05	1.748087892e-30	1.892418013e-30	6.210021694e-32	1.005840032e-30
	0.001365786432	0.003883485257	1.339351157e-30	1.389349398e-30	2.068373846e-32
	2.966301264e-31	0.002645375493	4.906372197e-34	5.904424042e-31	6.019701178e-31
	-2.226165383e-33	-0.05082430354	-0.0239759028	-0.03761678	-0.03350979871
	-0.0297691784	-0.05651810606	-1.68854541e-32	-7.952323367e-33	-0.05964090024
	-0.05034141126	-0.04179394746	-0.07516031167	-0.06886240854	-0.06561924582
	0.06573873357	-0.009245944184	0.01883722301	-0.01352545627	0.001638888444
	0.03616047018	0.071453768	0.02351232893	0.007039253026	0.04276436968
	0.09069433423	0.01884429971	-0.02417617929	-0.007229960468	-0.01457260995
	-0.01445574751	0.02076782899	-0.03630332953	-0.01977621904	-0.005811892147
	0.003514128793	-0.02766106449	-0.02802970706	-0.01457885943	5.396430627e-34
	0.003950243869	1.337182845e-33	-0.007611204366	-0.01150033514	-3.239960477e-33
	-0.01882061058	-0.03190421171	-6.869831121e-33	-0.04301218929	-0.03733185638
	-0.003152530674	0.03586570865	0.05056752532	0.03789008292	0.01552916151
	-0.009830821532	-0.01001496824	-0.004882064305	-0.00256163463	-1.267019968e-33
	-3.090776442e-33	-0.03451724851	-0.03167235436	-0.05280836596	-0.01845270565
	-0.01941330583	-0.03285371327	-1.264561654e-32	-2.141688663e-32	-0.0494658657
	-0.07851113422	-0.07008144377	-0.05012786211	-0.05082283903	-0.05004039253
	0.05771971872	-0.01406336594	0.03442087473	-0.009266530583	0.005232894437
	0.02723193105	0.04552683614	0.04897352242	0.01014758699	0.02607441705
	0.07114496738	0.001653534163	-0.02828795803	-0.02965271947	-0.04682067546
	-0.02719346305	0.00188311144	-0.04125268277	-0.01892696781	-0.04238991446
	-0.02278509433	-0.03409533493	-0.02797021815	-0.0207879479	-2.262944738e-33
	-0.01258249876	-8.272408625e-33	-0.01132828688	-0.0103513545	-6.781277323e-33
	-0.0302462432	-0.05191331929	-2.365517244e-32	-0.07387430129	-0.06500676835
	0.002950911805	0.07266428276	0.1026610396	0.06877901047	0.01320074592
	-0.03100742984	-0.03440805502	-0.02331034403	-0.01318740388	-1.086853962e-32
	3.317449868e-33	0.03316753102	0.0008676541589	0.00143061584	0.01964564588
	0.01878184477	0.03524574199	1.451257677e-32	-9.266142417e-35	0.04590530481
	0.003377359052	0.005220441803	0.05320906796	0.04925018223	0.05051956012
	-0.06227400032	0.0028353588	-0.00921963096	0.01232442493	-0.00299282813
	-0.03571423311	-0.07023075674	-0.02397356646	-0.03078238153	-0.05145352532
	-0.09132733724	-0.02563347441	0.02710281891	-0.02153852248	-0.004151575565
	0.01096682169	-0.01996509519	0.04057196103	0.02102374896	0.0003084322324
	0.001759438083	0.03663752033	0.03096971519	0.02225727254	7.602251978e-34
	0.001461024065	1.52797431e-33	0.01185602887	0.01201882208	7.402552666e-33
	-0.0007049033589	0.0003161569421	-2.839659989e-34	0.000831342206	0.00317881563
	0.009370904393	-0.001941478723	-0.01711238104	-0.025120537	-0.0231103068
	-0.004073822656	0.000570055927	0.001838133548	0.001105278178	2.244431606e-33
	2.935593459e-33	0.05821282468	0.03342090888	0.05592155223	0.03209594002
	0.03412163307	0.05431160019	1.628612456e-32	2.167088535e-32	0.06445242755
	0.0835932944	0.07395723572	0.07043671339	0.07550718353	0.05913870513
	-0.06914225046	0.01376632505	-0.04149395376	0.004256300956	-0.006323033854
	-0.04100766809	-0.0525638452	-0.05920222569	-0.01802365967	-0.03445702473
	-0.08368839983	-0.001358208259	0.01599281138	0.02456379555	0.04325524349
	0.02387968605	-0.01158638143	0.03018202143	0.009115309029	0.03938102071
	0.02073838575	0.02000092293	0.01755787191	0.006538895217	-1.491176154e-33
	0.01126546022	6.95222847e-33	0.002825193161	0.005234713315	1.452529618e-33
	0.03145327861	0.05598808295	2.390009813e-32	0.07922694416	0.07096027224
	-7.57826873e-05	-0.07918310518	-0.1113418005	-0.07696352058	-0.01921483624
	0.02855344558	0.03302877147	0.02188598504	0.0125509779	1.130481183e-32
	-4.316263004e-34	0.01703230994	0.02486603136	0.03931924186	0.01177582393
	0.01101161794	0.01680387864	3.396738328e-33	8.711343125e-33	0.01817226979
	0.04941055756	0.03790288867	0.01936296538	0.02114849043	0.01592954238
	-0.01105716627	0.001120464362	-0.02196756814	-0.0002945542546	0.0006139687703
	-0.007621207333	-0.009522197569	-0.01769100607	0.004709388783	-0.005305365536
	-0.01566113838	0.001253528877	-0.0007365691885	0.01751478342	0.01402753015
	0.005062473681	-0.00275680261	0.001328850918	-0.008240407766	0.004228582099
	-0.00548034546	-0.005519974552	-0.004820916874	-0.01073261569	-5.024783165e-34
	-0.005561877609	-2.22279036e-33	-0.007721448343	-0.005838934566	-2.081710535e-33
	0.02517192764	0.04104075728	9.126903577e-33	0.05166182583	0.04306665134
	-0.003644652965	-0.03868963425	-0.0460022806	-0.02868455778	-0.005619048946
	0.006784854943	0.00373702373	-0.002357522322	-0.001809868621	-9.589397347e-34
	4.52950902e-33	5.145050579e-32	0.004221570774	0.007395828208	6.490270748e-31
	6.791903288e-31	1.115421562e-30	3.385354186e-31	6.799620955e-34	1.723673891e-31
	0.008120266083	0.007179494332	1.457167436e-30	1.538326683e-30	1.798629748e-30
	1.145185256e-31	-8.442470028e-05	-0.003342026678	1.719640672e-30	1.829224078e-30
	9.092093531e-31	-1.475586201e-31	-0.002242150032	0.0006249237343	-1.825644479e-31
	-2.536688775e-31	-1.137235887e-30	-1.462546945e-31	0.001766020884	-0.0003455876439
	-1.745730376e-30	-1.887833332e-30	-1.701353742e-30	-6.161659092e-32	-0.004168734014
	-0.006187257108	-1.340456443e-30	-1.390765023e-30	-1.005529511e-30	-2.047136152e-32
	-0.004929518294	-7.192240442e-34	-5.897986895e-31	-6.011874069e-31	-2.963993734e-31
	0.004694717509	0.006781163416	4.631126345e-34	0.008962644682	0.008533834888
	-2.821935664e-05	-0.004332243141	-0.00645194522	-0.004260661442	-0.001436108502
	-0.0007718229571	-0.003408090197	-0.004752411979	-0.003276339743	-8.34265534e-34
	6.890796872e-34	0.008725082726	0.0008430752661	0.0007255429717	0.0005031796326
	0.006362754109	-0.0005191038741	3.195608937e-36	1.450169955e-35	0.001536553666
	-0.001385134252	-0.002169446013	-0.00344290858	0.005576303967	-0.003788072116
	0.008696440677	0.001396391687	0.005141938683	0.003377242437	0.003006605815
	0.01472641993	0.008928983926	0.007034395764	0.004623411495	0.01880680392
	0.01356018558	0.012495699	-0.01821172053	0.001991890185	-0.003122185514
	0.005636424278	-0.001896399525	-0.008355006774	-0.01704908535	-0.003473357067
	-0.002105931819	-0.009614606225	-0.02085273542	-0.006501678496	2.706531347e-34
	-0.0009538921008	-9.704109649e-35	-0.00462610404	-0.01107455091	-2.594825329e-33
	2.707487127e-33	-1.161844776e-30	0.003199197828	0.004590089774	1.135186587e-32
	-6.651768321e-31	5.284223879e-34	-4.80661858e-31	-3.543344481e-31	-9.527283272e-32
	-1.890280186e-30	0.002718161428	0.0002626860851	-1.512995975e-30	-1.105894075e-30
	-1.258277286e-31	-8.717843068e-31	0.0004123458634	0.002855092389	-1.79615618e-30
	-1.330179254e-30	4.784904168e-32	1.364586336e-30	0.004480836611	0.002587072215
	3.626407289e-31	3.263372265e-31	2.060495647e-32	1.77365656e-30	-0.0003306706528
	-0.008381895186	1.932137022e-30	1.470808915e-30	-2.976894859e-33	9.82284093e-31
	-0.008422148722	-0.006656530533	1.349943849e-30	9.755045171e-31	3.333045057e-33
	2.796716358e-31	-0.004651066299	-4.931927209e-34	5.740518672e-31	4.044791983e-31
	1.565943815e-33	-0.008838176189	-0.006921622296	-0.01247713238	-0.01685847009
	-0.005038891724	-0.02753845064	-1.115317441e-32	-3.43293869e-33	-0.01495108055
	-0.01926078201	-0.0158898	-0.03786704624	-0.01658552139	-0.0294816741
	0.05555403603	0.0111880494	0.0423703987	0.01983141501	0.01434752595
	0.07776417235	0.06698477004	0.06182295824	0.04936197067	0.1055497174
	0.0830864142	0.08642917306	-0.06709093124	0.01647813312	-0.02152659166
	0.02561462647	0.002499872435	-0.03869487416	-0.0596853394	-0.02950316045
	-0.02222646014	-0.0482790315	-0.07686096387	-0.03792579441	-3.507203154e-33
	-0.01358561288	-6.321722647e-33	-0.02270429315	-0.03478654128	-1.495608413e-32
	0.002113671597	0.003082708745	1.041736867e-33	-0.00324850291	-0.006256473963
	0.005707218688	0.02833897735	0.04523173157	0.03693361968	0.004302314436
	-0.04152538289	-0.04892569806	-0.03912751544	-0.02426412771	-8.617628693e-33
	-1.153101887e-33	-0.02222153033	-0.02209248186	-0.03734867939	-0.01537817752
	-0.01256722392	-0.02700097665	-1.46777214e-32	-1.976592853e-32	-0.02941168915
	-0.05248492868	-0.04002003604	-0.03903293309	-0.03237838965	-0.03334627193
	0.0692976838	0.02745202648	0.09711592141	0.02547446635	0.01855380353
	0.08013794928	0.06570626845	0.1437567716	0.098991665	0.1023621781
	0.09302539511	0.07176528141	-0.04860426749	0.02705718074	-0.03780601965
	0.01223186394	0.002792320186	-0.03267559454	-0.03484773776	-0.04992506345
	-0.03366973885	-0.03647645882	-0.05093247445	-0.02559288189	-3.904882286e-33
	-0.01994961906	-1.878558508e-32	-0.01441373914	-0.01954959421	-1.204299255e-32
	-0.0127214405	-0.02211918506	-1.147231424e-32	-0.03462718246	-0.02994595853
	0.01622147334	0.07367857515	0.11063479	0.07951703733	0.003460917342
	-0.0651337159	-0.07434611864	-0.05259602526	-0.02995732232	-2.253022033e-32
	1.339265967e-33	0.01780728501	-0.001708322236	-0.002215913008	0.01433828226
	0.009817296446	0.02499566312	1.240901533e-32	-1.282478056e-33	0.02982908628
	-0.0002170640857	0.005870826067	0.03701335815	0.02864585431	0.03320443773
	-0.03458986904	0.01817584479	0.02062188586	-0.008665980146	0.004036707496
	-0.06615021671	-0.05604965553	0.008426291359	-0.01151925753	-0.1004428751
	-0.06668275143	-0.08085423454	0.04815216459	-0.01465177604	-0.002758656333
	-0.02700642757	-0.004632539646	0.03101792112	0.03447517118	0.002098423648
	0.003431391502	0.03775457834	0.05053108405	0.02619649905	3.205237414e-33
	0.002534566066	1.912129926e-33	0.01518300549	0.0195176359	1.467078529e-32
	0.0001054660341	0.0004456404412	-1.042063867e-33	0.002035939439	0.00650738471
	0.02412846276	0.02878067104	0.02544808803	0.003378238623	-0.01142763382
	-0.00366345202	-0.002026347567	-0.0006812329699	0.0002825333101	7.392943595e-35
	-1.3155694e-33	0.01756290905	0.02133833928	0.0362006811	0.02200909029
	0.0103003435	0.03676287565	1.491802162e-32	2.023434954e-32	0.02103396383
	0.05453426106	0.04357614723	0.04804113223	0.02601601909	0.03714213324
	-0.07558704417	-0.02571568096	-0.1006075169	-0.02845415583	-0.02568931421
	-0.08965561126	-0.05977037378	-0.1461945984	-0.09995935007	-0.1079151699
	-0.09095561702	-0.07561556177	0.06192331218	-0.02874230452	0.0387739644
	-0.01923267026	0.00422505116	0.02942340327	0.05118352524	0.0507319788
	0.03665754213	0.03761403361	0.07035790801	0.02709748363	2.395515821e-33
	0.02171544643	1.940209421e-32	0.01671357599	0.02998961427	1.102707231e-32
	0.01558671001	0.0280493075	1.294752148e-32	0.04234831957	0.04015363493
	-0.008575910207	-0.07161765086	-0.1059376619	-0.07392558039	-0.003193938955
	0.0654141811	0.0730398385	0.05160068071	0.03007549026	2.330596865e-32
	-1.488828536e-33	-0.00593336243	0.01370632	0.02305439437	0.004318544648
	-0.003730691204	0.00612091359	2.476958488e-33	6.502924611e-33	0.001477601585
	0.03081289693	0.02289781194	0.01051755664	-0.001362265568	0.009714731439
	-0.008569081726	-0.01741495364	-0.05223950122	-0.005333282295	-0.004393634706
	-0.01423336566	-0.01123436403	-0.06294406874	-0.04334241454	-0.02069475009
	-0.01511942767	-0.01593496983	0.01421381396	-0.01108011784	0.01612886971
	-0.003970538183	0.00257045311	0.003735383835	0.01245825218	0.01915305319
	0.01242722032	0.003285090637	0.01720746078	0.0004197934194	8.224481489e-36
	0.00678636311	3.397331294e-33	-0.0003937693685	0.007686898239	2.080948412e-35
	0.002009279099	0.00366612591	1.027196632e-33	0.008916594341	0.007401369798
	-0.01965085206	-0.04385616173	-0.05232050118	-0.03506457096	0.00497277306
	0.03912268447	0.04370841442	0.03277003636	0.01919177663	6.895154887e-33
	-1.134615484e-32	-3.055485097e-33	0.000266484672	0.001909858034	6.639408629e-31
	4.79925474e-31	1.16011505e-30	3.538760039e-31	-6.142013273e-35	9.656802425e-32
	0.003752994992	0.004436548257	1.512504918e-30	1.106558801e-30	1.888663473e-30
	1.246569893e-31	-0.001311905175	-0.005988314174	1.791255545e-30	1.327653842e-30
	8.69292922e-31	-4.776773429e-32	-0.008399349454	-0.006465222499	-3.636110318e-31
	-3.314574969e-31	-1.361756544e-30	-2.08158882e-32	-0.001982532551	0.001677151093
	-1.926914408e-30	-1.467635527e-30	-1.773797001e-30	3.822250318e-33	0.0007707418144
	-0.0009194309115	-1.350439153e-30	-9.747564637e-31	-9.809439153e-31	-2.904769404e-33
	-0.001273525934	-2.794862238e-34	-5.726976542e-31	-4.030224054e-31	-2.789863872e-31
	-0.003348446355	-0.004431208888	-6.213048579e-34	-0.001467057323	0.0008341925646
	-0.001403490491	-0.002252137794	-0.005777562695	-0.004549227125	0.00225330447
	0.006608668925	0.007414872352	0.005274532231	0.002406581631	-7.122921343e-35
	5.793521124e-34	0.01183110477	0.005119799262	0.006319258615	0.008508880794
	0.009082256827	0.01143001987	2.341020039e-33	6.111840559e-34	-0.005307065964
	0.003449494878	-0.0001740642109	0.005408522031	0.003494932769	-0.0007720654683
	-0.009921947384	-0.003010951335	-0.00187253995	-0.006238188409	-0.0121031208
	-0.002115488497	0.01029562081	0.0005077471402	0.002170010983	0.00341075968
	0.0006669985794	0.006351603582	-0.003579510672	0.0005455495629	-0.006130435862
	0.001108169293	0.006834719359	-0.01465586297	-0.01242803764	-0.006840351919
	-0.006642438405	-0.01750832408	-0.00993795764	-0.01650262024	4.93057995e-35
	-0.00404867402	-6.717595977e-34	-0.01167957219	-0.008948784938	-3.421139778e-33
	7.191387798e-33	-5.997623423e-31	0.004588436858	0.006490334469	6.630736379e-33
	-3.377040643e-31	4.593964667e-34	-2.180079448e-31	-1.782627087e-31	-5.354642572e-32
	-1.043043307e-30	0.002730232207	-0.001949119601	-8.043797265e-31	-5.347408818e-31
	-9.626729638e-32	-5.373636535e-31	-0.004676593225	-0.004546204779	-1.042733513e-30
	-7.145279484e-31	2.140391816e-32	7.623859759e-31	-0.0007023712885	0.004682249813
	1.830244872e-31	1.459834243e-31	5.307610927e-33	9.445776173e-31	0.00319866077
	-0.001376238801	1.068706283e-30	7.499958306e-31	-7.848607795e-33	4.89220205e-31
	-0.002871815335	-0.004792694901	6.871101398e-31	4.619597028e-31	-1.203773261e-33
	1.358999389e-31	-0.003407137793	-3.0849967e-34	2.780535135e-31	1.813297129e-31
	-1.284363185e-34	-0.0137332186	0.005674391409	0.005614421746	-0.0029963648
	-0.006174053703	-0.007019281469	-1.515643124e-33	2.387932119e-33	-0.05825869168
	-0.004050775779	-0.01433004063	-0.02068202491	-0.03879456799	-0.03125433799
	-0.04753580216	-0.01821731468	-0.005911698503	-0.02442196323	-0.0648104148
	0.0009275103194	0.02686766594	0.01655584471	0.02151038034	0.03335236835
	-0.0005823496728	0.03888013666	-0.02973607323	-0.0004314549816	-0.03482829173
	-0.005069012291	0.006096428605	-0.05914699445	-0.03810461331	-0.04629129489
	-0.0370151902	-0.06980109604	-0.04443635458	-0.05469773517	-2.55882186e-34
	-0.02341456357	-8.20824664e-33	-0.03214833246	-0.02355446983	-1.617855904e-32
	0.004632140464	0.003273575592	1.914056573e-33	-0.01440611108	-0.03140631818
	-0.04163062875	-0.0322185615	-0.004607031504	0.0197409666	0.01059113667
	-0.01387958435	-0.02489263611	-0.02626440989	-0.01663093054	-4.564767931e-33
	-2.219036178e-33	-0.02803670028	-0.01120802391	-0.02072816931	-0.01254847302
	-0.0149470819	-0.02359642863	-7.638537482e-33	-6.93158547e-33	-0.06285827686
	-0.04029191479	-0.04419383357	-0.03833036106	-0.05021619802	-0.04290962638
	-0.02151718866	-0.02562389227	0.01715122466	-0.0124807344	-0.04947950835
	0.0244971868	0.01491520083	0.06024150064	0.04293020129	0.05202118774
	0.01066539007	0.03737449251	-0.04215114493	-0.01167752582	-0.0700672186
	-0.01268628397	-0.01420735938	-0.05141091215	-0.03065674121	-0.08016657991
	-0.05386898193	-0.05363377799	-0.04524221069	-0.03600724134	-6.313419778e-34
	-0.03207095151	-2.088959859e-32	-0.01991944656	-0.01775731493	-1.460130112e-32
	-0.013820937	-0.02692551278	-5.530882927e-33	-0.05570592278	-0.07393786662
	-0.06999604349	-0.0396849503	0.01125739703	0.0237635377	-0.007082571242
	-0.04568768993	-0.05608616093	-0.04045305837	-0.02395715767	-1.314102386e-32
	1.936903576e-33	0.02540879292	-0.0005058297641	0.0002239407911	0.01106806522
	0.01349850931	0.02044590923	7.254672609e-33	-6.675504338e-34	0.06021624726
	0.002602644705	0.007369292738	0.03729998446	0.04734816265	0.04547763277
	0.04138570239	0.0197477178	0.03025812837	0.03406839985	0.05930458959
	0.009025039307	-0.007049251308	0.02711684394	0.006466081793	-0.02260881091
	0.007775572496	-0.02581465617	0.03827978995	-0.007889291276	-0.008511818388
	0.009747264823	0.01247810122	0.04973678308	0.02527072931	-0.00641955261
	-0.003038806428	0.05075545846	0.03826321719	0.03342451966	1.595964627e-33
	-0.001819002747	-6.512001306e-34	0.01900373673	0.01423704127	1.297518036e-32
	-0.0004610892077	0.0002324872973	-6.671966278e-34	-0.001243116658	0.001901861831
	0.008931316019	0.01316040181	0.02028299782	0.003513052708	-0.007185546345
	-0.004897817617	-0.0064262875	-0.002753655276	-0.001937219148	-2.142383614e-33
	5.341732405e-34	0.02982369759	0.01632396653	0.03056355425	0.00830562743
	0.01518548766	0.01628480217	3.751504644e-33	1.045466822e-32	0.0846420562
	0.0599291856	0.06805338427	0.03112225874	0.06238542034	0.04050997157
	0.04264634344	0.04827697652	-0.003582767384	0.01588706387	0.07199068827
	-0.01733985569	-0.01468724945	-0.04685900723	-0.03227641589	-0.04134147753
	0.001671188099	-0.03076775719	0.05023553541	0.01638579901	0.0718761302
	0.01742993079	0.0133216828	0.06649382364	0.04956165718	0.07953511215
	0.05383807615	0.07550048261	0.06369803119	0.05614196969	7.451459896e-34
	0.03217964202	2.173639627e-32	0.03318480548	0.03001273158	1.686504842e-32
	0.02221670954	0.04165159319	9.745769606e-33	0.08112525621	0.1039072773
	0.09201424811	0.05150605151	0.003539309179	-0.01208569384	0.01382904097
	0.05196179964	0.05708247134	0.04261935195	0.02430927137	1.288285603e-32
	-1.043880587e-33	-0.01667986471	-0.006442270984	-0.006555184294	-0.009217048494
	-0.0117420664	-0.01365392759	-2.211017963e-33	-1.954155228e-33	0.001994504564
	0.0005586789139	0.007943249097	-0.007113893369	-0.006828262203	-0.002653645059
	0.01786905237	0.001076418788	-0.01186344929	0.00215532328	0.01453333324
	0.002962091099	-0.007588263827	-0.02369210379	-0.01868191416	-0.005397197888
	0.00367566736	-0.007600942912	0.005082404616	0.01015234955	0.04269065355
	0.002982192088	-0.002150914952	0.01299989655	0.01547418538	0.05102529228
	0.0383853904	0.01784417325	0.01540731348	0.01501225981	-3.305313665e-34
	0.02445562518	8.066029707e-33	0.009357705627	0.01136313471	3.191723038e-33
	-0.002542658116	-0.001520283658	-1.433674949e-33	0.01689978186	0.03258471986
	0.03779253256	0.0280193	0.0005175613534	-0.01199395254	0.0041445026
	0.02834399593	0.04025306894	0.03425774924	0.0217450567	5.889009951e-33
	-6.583924169e-33	-7.792127524e-33	-0.005155903775	-0.0069207827	3.370084144e-31
	2.169633125e-31	5.991776129e-31	1.780893798e-31	-9.291277579e-34	5.276659951e-32
	-0.003664319574	-0.0003242077621	8.034285206e-31	5.320468475e-31	1.040911636e-30
	9.657686494e-32	0.003089444412	0.003172539179	1.040288794e-30	7.11625901e-31
	5.328480385e-31	-2.218201314e-32	-0.0008370386089	-0.002737194556	-1.872595327e-31
	-1.500490495e-31	-7.628986523e-31	-6.195509277e-33	0.0008994411883	0.00531473011
	-1.065756723e-30	-7.500662455e-31	-9.439589867e-31	7.596218743e-33	0.007149835801
	0.005092660307	-6.863042189e-31	-4.622566319e-31	-4.879742782e-31	1.185631419e-33
	0.002958921189	1.578713893e-34	-2.772062424e-31	-1.81393123e-31	-1.355220735e-31
	-0.006892805719	-0.00909825056	-8.826526305e-34	-0.003482302407	0.001099410396
	0.008936334057	0.01040363125	0.002003344097	-0.003439685538	-0.001702710698
	0.001294767054	0.006477448095	0.006236398391	0.004416203221	2.12809817e-34
	2.896095594e-35	-0.001457867963	0.002629744531	0.002660087604	0.005123728934
	0.0004396514923	0.004619738285	6.596427974e-34	2.06226539e-34	-0.01398569452
	-0.00140714671	-0.005364665736	-0.004261175796	-0.008660241034	-0.01299208736
	-0.01199959552	-0.007768567723	-0.006635111726	-0.01765317127	-0.01527139028
	-0.01482251929	0.01020818791	-0.001608123689	0.0046787498	-0.004068126157
	-0.001926981393	0.01075404209	0.01334710832	0.005852998885	0.004424520761
	0.01140854604	0.01302631385	0.007457176357	0.001746807622	0.00165765988
	-0.0009108789966	0.001264291914	0.007287913338	-0.004549388085	1.132836737e-34
	-0.001353003961	-1.564249447e-34	-0.004060033436	-0.0001863186487	-6.670477904e-34
	-1.703214531e-33	-2.335327135e-31	0.0003691085273	-0.0003034679831	5.38457245e-34
	-1.286005389e-31	-5.843971956e-36	-8.614994552e-32	-6.533152857e-32	-2.898943735e-32
	-4.465294913e-31	-0.003274000672	-0.005827472653	-3.282083649e-31	-2.22408478e-31
	-4.456826996e-32	-2.638728837e-31	-0.006431452654	-0.005246199654	-4.703187999e-31
	-3.127121373e-31	1.640612846e-32	3.249868276e-31	-0.001631749822	0.00490020689
	5.654887029e-32	6.205003336e-32	9.943732381e-33	4.013945047e-31	0.005380054427
	0.006486210123	4.595081466e-31	3.241878682e-31	1.742752089e-34	1.971331622e-31
	0.004366079744	0.000895134888	2.811066475e-31	1.926950659e-31	-3.592552692e-35
	5.400172658e-32	0.0002048592953	-3.682674706e-35	1.080373046e-31	7.314390462e-32
	-3.325646408e-34	-0.01777542967	0.0001203189869	-0.003440730109	-0.008703085297
	-0.009271802721	-0.01901069332	-1.816605691e-33	5.548155364e-34	-0.04979840817
	-0.02301799777	-0.03778983868	-0.04366488789	-0.03624950604	-0.06454894579
	-0.04082794558	-0.04830745343	-0.03810793041	-0.07065770789	-0.05164730663
	-0.05522776669	0.01700850521	-0.007955548333	0.01732688766	-0.01047377292
	-0.008505625707	0.02245312806	0.005170417033	0.01971744446	0.003023855532
	0.01461156056	0.01626197262	-0.009042751181	-0.009753806675	-0.009445327842
	-0.01416664901	-0.02261766277	-0.005612824959	-0.02359242279	1.812932362e-34
	-0.01071024755	-1.863014736e-33	-0.01465723338	-0.007046913395	-3.65291772e-33
	-0.00283932858	-0.008144888232	1.048214462e-34	-0.02234710479	-0.03319508499
	-0.03598662938	-0.02831952924	-0.007285567393	0.01618038046	0.019383832
	0.01296078117	0.004207345096	-0.003388012616	-0.003215259289	-6.370786916e-34
	-2.672449211e-34	-0.01783738597	-0.01413407882	-0.02757968712	-0.01494469611
	-0.009882299602	-0.02622832627	-4.136032983e-33	-4.137216186e-33	-0.03638475486
	-0.05709374624	-0.07248849241	-0.0471934763	-0.02982952153	-0.05720017129
	-0.01891325187	-0.07541821351	-0.04688572696	-0.04885525644	-0.03204938865
	-0.026140042	0.004844823406	-2.169633313e-05	0.01703511041	0.002998288505
	-0.002188767911	0.00924323718	-0.01414112129	0.00142272313	-0.02818637183
	-0.009510373586	-0.003425295008	-0.02916988131	-0.01178344717	-0.03759965241
	-0.02789761736	-0.03189614082	-0.01640897714	-0.02190489316	1.150326314e-34
	-0.01723761483	-5.301015297e-33	-0.01237112014	-0.007232229083	-4.311155633e-33
	-0.01143033635	-0.02050084101	-2.319909462e-33	-0.03953918484	-0.05046935492
	-0.04886029162	-0.03438426374	-0.0009568986164	0.01142530179	0.005995006721
	-0.008519271274	-0.01618466346	-0.0134534927	-0.008495232729	-2.504079745e-33
	6.146677127e-34	0.01615886603	-0.0002657134805	-0.001286469332	0.01253171576
	0.009030179141	0.02361915531	4.115386757e-33	-2.528764769e-34	0.03309442517
	-0.001343784285	-0.001699921166	0.04234771919	0.0272222915	0.05393323771
	0.02669386732	0.004645344746	0.009246863478	0.05430874396	0.03333872778
	0.04133066173	-0.001542413523	0.01243368259	0.003418849661	0.01430678733
	0.009134108655	-0.002475711577	0.01241814417	-0.006466246292	-0.006241167218
	0.009517244534	0.003629322661	0.02589934352	0.01120822828	-0.004631051815
	-0.002607840489	0.02655362868	0.01460298415	0.01945241896	3.357587606e-34
	-0.00139377429	-7.288383723e-35	0.01058824807	0.006498547786	3.329417811e-33
	-0.0005608347306	-0.0006712842431	-7.545388094e-34	-0.002426709437	-0.000819737388
	0.001014789103	0.003106186291	0.007933394544	0.0001785891653	-0.003762743204
	-0.002127096187	-0.003055968215	-0.0004697198301	-0.0009196915416	-5.476892869e-34
	1.606747375e-34	0.02864994219	0.02247095916	0.0419186705	0.01806103103
	0.01560311068	0.03405047266	3.795453607e-33	6.687947392e-33	0.06492413102
	0.07937961153	0.09633704052	0.06676729215	0.0512642055	0.08737867171
	0.03715940747	0.09476064212	0.05629663654	0.07703766958	0.05615733907
	0.05061550138	-0.01432762724	0.0126757044	-0.007845444932	0.008239742675
	0.006592090543	-0.01387901302	0.00463156492	0.003088494886	0.0307527455
	0.0008801005164	-0.008908835684	0.02659290657	0.01547344951	0.0383492082
	0.02756863925	0.039418676	0.0156144299	0.0333704043	-2.512052588e-34
	0.01744835052	5.785201378e-33	0.02018094016	0.01042990978	4.939992531e-33
	0.01638605342	0.02796925059	3.50459991e-33	0.05013300911	0.06166407761
	0.05788671296	0.03796105487	0.01010383585	-0.007383108389	-0.002938715404
	0.01108983385	0.01565112976	0.0148090599	0.008489879866	2.463389832e-33
	-2.088364938e-34	-0.002946153546	-0.0005467465125	0.00492425077	-0.007969794906
	-0.003677001718	-0.009082708514	-1.075633689e-33	-4.099466649e-34	0.01298421983
	0.02641352547	0.04386646818	0.002211493409	0.006922136262	0.01026497672
	0.01241866872	0.04811130294	0.0337577756	0.01954636664	0.01509305304
	0.01859083015	-0.01186603283	0.005754877136	-0.01414236816	0.002233569116
	-0.000335532015	-0.008973371688	-0.01059181616	-0.007540770021	0.01218989622
	-0.006782471258	-0.01163375585	-0.00211656527	0.001158293852	0.02221429926
	0.02232427929	0.008255542687	-0.002593994312	0.009330238307	-2.429775852e-34
	0.0153166629	2.393563255e-33	0.007787901655	0.002553555815	1.253391809e-33
	0.003056460135	0.009159121493	1.763610724e-34	0.02724444583	0.03838276707
	0.03733290272	0.02507791265	0.001565423122	-0.01498694991	-0.01400122208
	-0.005233477656	0.004268985356	0.007444803746	0.006117500136	1.04542568e-33
	-3.570744801e-34	1.759435811e-33	-0.004592747413	-0.005318806353	1.27727606e-31
	8.571319276e-32	2.319324186e-31	6.489393972e-32	-4.07507188e-34	2.896048185e-32
	-0.0003483327442	0.004147409798	3.260637898e-31	2.212669056e-31	4.441904551e-31
	4.514054556e-32	0.009157401354	0.009879923287	4.689905471e-31	3.126107286e-31
	2.622666424e-31	-1.614273375e-32	0.002087989138	-0.00390392622	-5.917658163e-32
	-6.280986795e-32	-3.266803857e-31	-1.010049366e-32	-0.002830119837	-0.0005682877146
	-4.599817596e-31	-3.239398618e-31	-4.021927753e-31	-3.071228219e-34	0.00353237351
	0.00455800845	-2.819808198e-31	-1.93338531e-31	-1.978500375e-31	3.344439601e-35
	0.003013719372	1.061717241e-34	-1.084272923e-31	-7.345184558e-32	-5.419078739e-32
	-0.002211747178	-0.002105198917	-2.519653112e-34	0.002567313301	0.005469752747
	0.007273486179	0.006330007257	-0.0004421485058	-0.005089089549	-0.005367958711
	-0.004806030349	-0.00041844964	0.0004416903867	0.001535212379	4.98504183e-35
	1.390120721e-35	4.384031053e-35	-0.0003154628852	-0.0007939299882	-0.0001734554313
	-7.44449211e-35	-0.002413963524	-1.212497798e-35	-1.107586837e-35	6.691494548e-35
	-0.002539943742	-0.00375012495	-0.006069532336	-1.059289119e-33	-0.009946684311
	3.667648324e-34	-0.004311767761	-0.003222444835	-0.009883247963	-3.258045655e-33
	-0.00801619065	7.731448025e-34	-0.001087317656	0.002367061355	-0.002307078949
	-1.054784217e-33	0.006393187726	2.284698693e-34	0.003837020781	0.004870842061
	0.008587390664	2.624775505e-33	0.01028192667	1.528839709e-35	0.003156195107
	0.001581359569	0.006590594154	9.185750043e-34	0.002791269209	6.416771041e-36
	-3.895917491e-05	-4.555546004e-36	0.0007325435041	2.086424335e-35	5.21830263e-36
	-8.925582024e-34	-8.506804036e-32	-7.989584447e-36	1.078843688e-35	-1.975451602e-35
	-4.631078483e-32	-6.955511121e-36	-2.318153735e-32	-2.318491333e-32	-1.004417366e-32
	-1.665696819e-31	-1.368784057e-34	-2.260645486e-34	-1.210689382e-31	-6.01443585e-32
	-1.7679099e-32	-9.916679938e-32	-4.254869622e-34	-4.36788175e-34	-1.764868132e-31
	-8.136788749e-32	-6.440871882e-34	1.224739113e-31	-6.751607683e-35	1.748083046e-34
	2.113668248e-32	2.499299134e-32	1.40563026e-33	1.498665944e-31	4.130234865e-34
	4.097930601e-34	1.721316354e-31	9.100370908e-32	8.698316157e-35	7.256782444e-32
	1.462636672e-34	6.402059025e-35	1.04197742e-31	5.247517559e-32	-1.608243555e-36
	1.973127175e-32	-1.602104551e-35	-1.016628921e-35	3.943941424e-32	1.971201191e-32
	1.440129904e-34	1.571411256e-34	-0.003305881167	-0.006506846101	-0.006225843024
	-6.480160319e-34	-0.01182665896	-5.721150325e-34	-1.349822293e-34	-1.10213824e-33
	-0.01539175686	-0.02056417289	-0.02225290476	-5.440337085e-33	-0.02985225122
	-2.561772966e-33	-0.02276855139	-0.01643390928	-0.03046310462	-1.539402708e-32
	-0.02372293885	2.298594474e-33	-0.0037933206	0.009320322325	-0.005184457664
	-3.334285929e-33	0.00985673956	1.866586049e-34	0.01388600064	0.009819124382
	0.01049924708	5.738921832e-33	0.004695324326	-3.88611936e-35	0.004954540357
	-0.0008039247148	-0.001591540955	-3.24010451e-34	-0.004845186341	1.523662306e-34
	-0.00126998404	-1.53216506e-34	-0.003627716096	-4.287388924e-34	-4.118903651e-34
	-2.882406602e-34	-9.882181558e-34	-4.313128323e-35	-2.683832676e-33	-5.198339435e-33
	-7.250659815e-33	-6.168977103e-33	-9.688498549e-34	3.244490606e-33	4.873711891e-33
	3.185187202e-33	1.013292884e-33	1.961119182e-34	-2.994718906e-35	-4.04988875e-35
	3.673142637e-34	2.21891367e-34	-0.007131993879	-0.01315062872	-0.006856565882
	-9.014019834e-34	-0.01065155162	-8.80279726e-34	-9.593969125e-34	-1.413245849e-33
	-0.02351262395	-0.02968603912	-0.01768441778	-5.761414023e-33	-0.02052405985
	-2.91312235e-33	-0.02886060984	-0.01945397591	-0.01776285797	-1.208605643e-32
	-0.01048597498	3.746801588e-34	-0.0007789640861	0.007207308525	-0.0004869174086
	7.168589145e-34	0.002725297167	-1.522352002e-33	0.004656840285	-0.003571670985
	-0.001649228085	-3.714446815e-34	-0.00729679574	-3.488808207e-34	-0.008155191833
	-0.007205421082	-0.008723281062	-2.554309907e-33	-0.006407736955	1.750229678e-34
	-0.005016890281	-5.917049695e-34	-0.003630311686	-5.187615852e-34	-5.894850563e-34
	-1.055292674e-33	-3.581553092e-33	-4.010278221e-34	-7.852807089e-33	-1.506679161e-32
	-1.929599917e-32	-1.386039822e-32	-1.643466926e-33	4.652207411e-33	3.681644783e-33
	-6.592138509e-34	-2.047508085e-33	-1.566876617e-33	-5.88800043e-34	-2.722859115e-34
	-6.529105811e-35	5.431024643e-34	-0.000133891055	-0.0006089653039	0.005417928785
	7.474275283e-34	0.009367380232	7.255798956e-34	2.764414156e-35	2.243848178e-33
	-0.001111709614	-0.00163369237	0.01506250991	5.137529894e-33	0.01837267588
	2.078009723e-33	0.0008212977124	0.001313640278	0.01797412679	1.371502636e-32
	0.01490173336	-1.125347965e-33	0.003388308642	0.0009752989685	0.00568368095
	5.800005596e-33	-0.000831565992	1.875688003e-33	-0.002568757047	-0.001689865306
	0.002302000176	-3.087995658e-34	0.006011169531	2.938006294e-34	-0.001129165054
	-0.0001668464323	0.006985485574	2.128324665e-33	0.006151369846	-1.648066169e-34
	-0.0001223420823	1.993125455e-34	0.003177801939	5.695870452e-34	5.010148561e-34
	7.101870133e-35	-8.222031532e-34	-2.969072138e-34	-4.883358809e-34	-1.448161483e-33
	-7.233414997e-34	2.418261445e-33	2.524660849e-33	5.550906367e-34	-1.123601917e-33
	-1.102765751e-33	-6.729137244e-34	1.211979411e-34	-2.346266023e-34	-5.61612869e-36
	-4.219480265e-34	-2.047430417e-34	0.009991730226	0.01764194006	0.01118816971
	1.150516456e-33	0.01803334869	1.080581797e-33	1.411514938e-33	2.175763469e-33
	0.02899857487	0.03460959567	0.03138588654	7.495412479e-33	0.03784022181
	2.586088703e-33	0.03394240378	0.02092965162	0.03247751507	1.591228043e-32
	0.02126263236	-2.271057371e-33	0.005989461965	-0.004220590467	0.002490749139
	1.538623537e-33	-0.008638405864	1.522262269e-34	-0.003230813318	0.004621230151
	-0.00643032415	-3.583967258e-33	0.0005090768048	2.406611725e-34	0.008166145957
	0.007387941439	0.007451195905	1.304332715e-33	0.00765562895	-1.841250108e-34
	0.005349883496	6.968294989e-34	0.00506063238	5.161978141e-34	5.716128265e-34
	1.504865313e-33	4.17844609e-33	4.326685081e-34	9.380620512e-33	1.658878418e-32
	2.115394335e-32	1.625520255e-32	4.465166267e-33	-1.820773849e-33	-2.202225319e-33
	7.643191482e-34	2.354286317e-33	1.586142973e-33	6.012176897e-34	2.961800892e-34
	-7.17063683e-35	-5.145057911e-34	0.002807519249	0.007226282975	-0.001898422246
	-1.940398828e-36	8.509753895e-05	-8.529551328e-35	5.459203625e-35	-5.417926197e-34
	0.01792600432	0.02507106309	0.006199859604	1.259617596e-33	0.009509492694
	4.069927416e-34	0.02302139424	0.01428982083	0.0103750038	2.767035495e-33
	0.007007612052	-5.285420144e-34	0.0009069856051	-0.01080669248	-0.001676657013
	-1.149487064e-33	-0.008248913122	-4.864229552e-34	-0.01067029489	-0.005000172182
	-0.009226882898	-2.513632985e-33	-0.008145750479	-6.908850291e-35	-0.001065337471
	0.002887470572	-0.002705712852	-4.740449136e-34	-0.0007217932623	-2.298478068e-35
	0.002392768981	1.05218222e-34	0.001027443479	-3.019726116e-36	4.841584014e-35
	2.166108076e-34	1.404166793e-33	1.872075629e-34	3.207315173e-33	6.365560887e-33
	7.909622765e-33	4.882158508e-33	-9.470945568e-35	-3.720986561e-33	-4.18109234e-33
	-2.095777348e-33	-2.859525115e-34	-4.60084353e-35	1.930705895e-34	5.600523333e-35
	4.039356398e-35	8.157893467e-34	-0.001098208258	-0.0007048760057	4.614693863e-32
	2.307447173e-32	8.473291217e-32	2.312449825e-32	-6.456989943e-35	9.881084289e-33
	0.002008981946	0.004145707157	1.205769664e-31	5.990245576e-32	1.663393804e-31
	1.795614384e-32	0.0042286583	0.00359468487	1.767976032e-31	8.155483432e-32
	9.95668063e-32	8.714909262e-34	-0.0006852181387	-0.004014658511	-2.087476495e-32
	-2.486881833e-32	-1.221998669e-31	-1.4682199e-33	-0.00387401586	-0.003531539901
	-1.719439279e-31	-9.09283769e-32	-1.500481374e-31	-9.797695374e-35	-0.001525919888
	-1.744673065e-05	-1.044891205e-31	-5.263344406e-32	-7.284035695e-32	2.107573245e-35
	-0.000204157786	-2.26050951e-35	-3.950827276e-32	-1.974117006e-32	-1.975480146e-32
	-3.374584871e-35	5.450170082e-35	-3.261120271e-35	1.75798679e-34	4.308099517e-34
	6.389790972e-34	2.644300225e-34	-1.737092269e-34	-6.042568754e-34	-7.016402646e-34
	-4.005565917e-34	-1.650655845e-34	-5.630550862e-35	-6.146270173e-36	-1.396997311e-35
	
