5242	
	-0.158487208	-0.1560797487	-0.1726506834	-0.1440411269	-0.1443237326
	-0.1437467545	-0.1591527693	-0.1735852824	-0.1837688511	-0.1720426773
	-0.1840582095	-0.1320025022	-0.1301602572	-0.1283407396	-0.1434403569
	-0.1482407972	-0.1428494916	-0.09105653926	-0.1438550242	-0.1519562514
	-0.1595062054	-0.1687093695	-0.1831065612	-0.1807570333	-0.1412771284
	-0.1522030455	-0.1408981983	-0.1601967554	-0.1843475679	-0.1834083533
	-0.1281275255	-0.1172304244	-0.1159967818	-0.1018333064	-0.1129347248
	-0.087669831	-0.1383764211	-0.1352134806	-0.1381481615	-0.1517094574
	-0.16900654	-0.1421553837	-0.1105693841	-0.1268652082	-0.1279345259
	-0.1846369263	-0.1808837134	-0.1836543011	-0.1188204038	-0.1050974329
	-0.09972489064	-0.09071129685	-0.08314546226	-0.09139819567	-0.1795727789
	-0.1280258292	-0.1230328506	-0.1255078485	-0.1599283558	-0.1441128377
	-0.1080639083	-0.13518048	-0.1849262847	-0.1694148627	-0.1839560932
	-0.1827447856	-0.09502919697	-0.1069129317	-0.1095132822	-0.09778903857
	-0.1023025418	-0.09699202873	-0.1085713935	-0.1335622589	-0.1204726552
	-0.1718732397	-0.1755313554	-0.1936880283	-0.1852156431	-0.182552014
	-0.1843137295	-0.183059529	-0.1187966664	-0.1214011554	-0.1090067785
	-0.1138957399	-0.1091969481	-0.1562222156	-0.1402967519	-0.1276657551
	-0.1852047215	-0.1874975747	-0.1935313685	-0.1855050015	-0.1851011015
	-0.1848669647	-0.1847524367	-0.1306804011	-0.1337955324	-0.1287964906
	-0.1163554617	-0.1240734484	-0.1343918396	-0.09333854214	-0.1309105797
	-0.1865477636	-0.1895003628	-0.1937594635	-0.18627997	-0.1857943599
	-0.1869867936	-0.1862331718	-0.1425641358	-0.1438964306	-0.1393815487
	-0.1371621481	-0.1217932504	-0.1315385611	-0.1384322514	-0.153738497
	-0.1448788625	-0.1868447637	-0.1887148486	-0.174032088	-0.185567467
	-0.1829896981	-0.1829864863	-0.1827233488	-0.1847540886	-0.1544478706
	-0.1537030236	-0.129110299	-0.1133965422	-0.1282677635	-0.1896400862
	-0.1489869879	-0.08594411833	-0.1663316053	-0.174727218	-0.1599658946
	-0.1796705636	-0.1808259671	-0.1794476311	-0.1761654182	-0.1773312271
	-0.1486992034	-0.1321565252	-0.1110302877	-0.09526739666	-0.06211653032
	-0.08285767686	-0.08570216381	-0.1457665761	-0.1701852456	-0.223074265
	-0.1804951803	-0.1730255006	-0.1771350478	-0.1759087759	-0.1769234743
	-0.1410046481	-0.1408134493	-0.1194740601	-0.09898478235	-0.05043032711
	-0.07341056889	-0.123836181	-0.1223643268	-0.1781055232	-0.1327497205
	-0.178092125	-0.1776061456	-0.1737479228	-0.1741271039	-0.1723699207
	-0.1757276902	-0.1208311979	-0.06975410884	-0.1279178365	-0.1104812729
	-0.08361054134	-0.101905786	-0.07997539092	-0.1012973972	-0.09949158601
	-0.214734885	-0.1886910135	-0.1745630529	-0.1746446781	-0.1707137395
	-0.1688310655	-0.1704361846	-0.1717135115	-0.05804499587	-0.09435945
	-0.1297613172	-0.104601242	-0.1161491325	-0.08085126022	-0.08176358754
	-0.05374609994	-0.1214721273	-0.1601760628	-0.1714336105	-0.1675616155
	-0.1652922103	-0.1667452653	-0.1676362534	-0.03611460082	-0.07229863132
	-0.09295854692	-0.058765412	-0.08557399179	-0.05790927336	-0.03510577865
	-0.2096822667	-0.1833544051	-0.167038014	-0.1643437984	-0.1617533551
	-0.1623593578	-0.1634211388	-0.01418420577	-0.148587701	-0.0837239169
	-0.06184603814	-0.07420451581	-0.04938990564	-0.02063218866	-0.03717089548
	-0.1444738833	-0.1599556893	-0.1630957039	-0.161284017	-0.1602666903
	-0.1563694317	-0.1618108731	-0.01237252912	-0.01761130024	-0.03139236764
	-0.06181081996	-0.08940043117	-0.0744892831	-0.04932109213	-0.02783933074
	-0.1624212668	-0.2067204034	-0.1791492171	-0.1607761623	-0.1572091026
	-0.1482018519	-0.1611641281	-0.02707624283	-0.0298628626	-0.1031396385
	-0.0816311807	-0.06457510189	-0.04217754492	-0.03491303306	-0.1617468296
	-0.1263255472	-0.1784465379	-0.1577071858	-0.1471142748	-0.1400342721
	-0.1578275654	-0.04236067731	-0.04177995653	-0.06870656194	-0.06184997197
	-0.04586235174	-0.05484917422	-0.04569315894	-0.1605062398	-0.2128926334
	-0.1643618739	-0.148823077	-0.1401720236	-0.1318666923	-0.1415480605
	-0.1485629521	-0.05648367024	-0.05769620735	-0.06604586546	-0.09284089114
	-0.05895921927	-0.05324613236	-0.05933883839	-0.1383647113	-0.1067580493
	-0.1232263709	-0.1236991124	-0.1316534824	-0.134273049	-0.127997029
	-0.07118738394	-0.08589109765	-0.07303173739	-0.07495286669	-0.07281171051
	-0.07854959423	-0.06808232669	-0.06721521492	-0.1163936768	-0.1620177778
	-0.2483131546	-0.1155315326	-0.123134943	-0.1244926653	-0.1069281151
	-0.1005948114	-0.0855295521	-0.08085673061	-0.09094651412	-0.1105411875
	-0.05387199421	-0.008391024786	-0.07976336897	-0.07797803123	-0.04391032518
	-0.07727433407	-0.1146164035	-0.1073639528	-0.1017536072	-0.09378529033
	-0.07654637915	-0.07414943081	-0.1037028005	-0.09801233661	-0.08689565103
	-0.09207299643	-0.09095493715	-0.09037466074	-0.05615066937	-0.05238277851
	-0.06062342387	-0.04734104315	-0.05057077176	-0.04933850156	-0.09919637296
	-0.07340594235	-0.06582794187	-0.05340742268	-0.02996093893	-0.09713871143
	-0.08038256653	-0.06854158671	-0.08977022566	-0.07136868677	-0.06994679216
	-0.05178243638	-0.1048426459	-0.04727661881	-0.06001343586	-0.01900089883
	-0.04322412881	-0.04400549269	-0.0620147185	-0.07144861555	-0.04444174938
	-0.04106713217	-0.01717173778	-0.006357561564	-0.08533818288	-0.04535971577
	-0.07576004621	-0.05940456302	-0.06846570428	-0.05329893482	-0.032196186
	-0.05124998659	-0.0526316424	-0.03264674827	-0.04713348891	-0.05899740072
	-0.04346647484	-0.02023689763	-0.01524381661	0.003511027588	0.01536933938
	-0.08065861338	-0.09546463701	-0.1323936609	-0.06531693794	-0.02909105098
	-0.06692410779	-0.0471611829	-0.01260993562	-0.00343315686	-0.04181719269
	-0.04551715545	-0.06421713764	-0.01548433413	0.01071496181	-0.0187672216
	0.01281261604	0.03541871614	-0.03470143367	-0.05377611278	-0.06528449142
	-0.04368614701	-0.04500028428	-0.01244319766	-0.02585666152	-0.03430572899
	0.006976314766	-0.04241561026	-0.03133832538	-0.01845544014	0.01249780658
	0.03790532098	0.01120911134	0.02280765072	0.04357061507	-0.04755467138
	0.003864606037	-0.08611136665	0.02656256515	-0.04520755048	-0.02127318073
	0.007984670915	-0.001116167582	-0.01642386366	0.01948928643	-0.03333192203
	0.03578852119	0.02526141662	0.04047994729	0.06489383612	0.06293133124
	0.08138374433	0.08057188242	0.07421788979	-0.03890284014	0.003975551988
	-0.02997487816	0.02113546182	-0.04368294024	-0.02055010824	0.006751407235
	-0.006506873581	0.01324282265	0.006158451762	-0.03260509631	-0.03775084627
	0.0653972195	0.0817683987	0.068462088	0.1197176637	0.1282305832
	0.03635190295	0.0964442287	0.1213551502	0.1230534384	-0.04244314996
	-0.01448369846	0.002319352186	0.006376721501	-0.01488954237	-0.01982703563
	-0.005813490248	-0.00159157369	-0.00751272995	-0.03068142876	0.09282501404
	0.1259883823	0.1454941678	0.153083753	0.09488502436	0.05723778058
	0.1272196751	0.0133041662	0.1480551155	0.1521101838	-0.04952019882
	-0.008382018816	-0.01022523386	-0.01527213743	-0.02594964383	-0.02118391563
	-0.01290263715	-0.03114734395	0.1357163689	0.09694503009	0.1712457775
	0.1759149638	0.06315223231	0.1551753895	0.1600367859	0.03450620783
	0.1748268294	0.1865953266	0.07359022266	-0.02314075913	-0.03789949945
	-0.025618155	-0.02819867767	-0.04157081706	-0.03497616849	-0.03299696071
	-0.04140116108	-0.02161474196	0.1193154152	0.1056167959	0.1940869798
	0.1918157404	0.09353563583	0.1601645323	0.197519672	0.1928538967
	0.0677974415	0.2188639385	0.2173245064	0.009154459009	-0.05265823977
	-0.04385941124	-0.04425217911	-0.05925233238	-0.09489909047	-0.03626449724
	-0.02806699612	-0.008983332613	-0.02955596377	0.1519573494	0.1890161222
	0.2133465321	0.1488598651	0.2046902394	0.2239868058	0.2403585163
	0.2477183194	0.2256710075	0.09927668707	0.2504815164	0.1423058395
	-0.06741698009	-0.05795079021	-0.03749717979	0.04528604069	0.006413194948
	0.001497313203	-0.01059936785	0.2075919854	0.1913794468	0.1712652965
	0.2243956617	0.26494061	0.2406568827	0.2728214612	0.2584881183
	0.1652864939	0.2021472158	0.2851811044	0.1452860331	-0.06944560534
	-0.04415434104	-0.05961133283	-0.03445466302	0.01218369594	0.02759512544
	0.01902805201	-0.008270228875	0.2248442135	0.2195423481	0.2011492702
	0.2509408699	0.2817756512	0.271267702	0.2978266583	0.2913052291
	0.1893659129	0.244798245	0.2334585507	0.3156590828	0.1624249682
	-0.01886307674	-0.04568411543	-0.04990301758	-0.03067455392	0.02029466683
	0.04404272174	-0.004335576915	0.2554034306	0.2491570029	0.2834176184
	0.2858304029	0.2997295592	0.3051426207	0.3226941287	0.3241223399
	0.2318500945	0.278460928	0.2662506248	0.3407342996	0.2212455551
	0.006428187563	-0.01442504977	0.007071936723	-0.01976754156	-0.03051045484
	-0.009397230853	-0.001436428915	-0.02691138842	0.2903737653	0.31367946
	0.3171640534	0.3161233482	0.3513698751	0.3445132371	0.3671914824
	0.3540211495	0.2603968487	0.3030197329	0.3002089349	0.3655614282
	0.2815203413	0.0334499628	0.03171945186	0.007742485656	0.03525251287
	-0.006107618858	0.02055079093	0.05976632337	0.0164674247	0.3291470753
	0.3404848184	0.3557106566	0.3552773672	0.3834268191	0.381286735
	0.3774657011	0.369393508	0.2850176416	0.3281264452	0.3135277594
	0.3809676255	0.2557651849	0.05494694929	0.08230198046	0.05701071616
	0.06276254008	0.03712870493	0.04822710039	-0.1072215644	-0.009291322332
	0.3697787549	0.359136246	0.3487675152	0.3860986244	0.395759551
	0.3956528991	0.3909165987	0.3922103409	0.3847658665	0.299475221
	0.3450012384	0.3257705938	0.3961336989	0.3091871691	0.1075932448
	0.08132497537	0.08006752026	0.0580085186	0.08805114673	0.03044122603
	0.03556914487	0.0513638706	0.008143573606	0.3910252746	0.384411401
	0.3690166336	0.3981076315	0.4028115991	0.4095553405	0.4051448983
	0.4070680377	0.4022013934	0.4031375965	0.4087100239	0.4001382249
	0.3158222579	0.3623209572	0.3551013732	0.4113146581	0.3040161506
	0.09383961471	0.09338123938	0.06024903983	0.03277000537	0.08705101771
	0.01658167609	0.06151608892	0.02511078765	0.4142969202	0.3970422097
	0.3830867482	0.4165190681	0.4143802593	0.4168748466	0.4155936789
	0.4170567902	0.4215828084	0.4155105834	0.3422612504	0.3857831668
	0.3750233306	0.4261942188	0.3380339569	0.07833380087	0.07513860634
	0.0568959733	0.03865334026	0.06160744805	0.07447403962	0.03416410162
	0.05011932138	0.05139519006	0.4233118028	0.4212121678	0.4114315798
	0.4069798139	0.4234821809	0.4236587733	0.4261555253	0.4300320793
	0.431931926	0.4366147089	0.4308829418	0.377703696	0.4076220048
	0.4013759629	0.441404176	0.3820151201	0.0557865823	0.02041070723
	0.0367600661	-0.04741041998	0.074121125	0.05822499173	0.05544957179
	0.0407171462	0.02927032863	0.06715877576	0.4351765349	0.4304482338
	0.4285231906	0.4298165647	0.4420156299	0.4346543301	0.4379002403
	0.4396773143	0.4406986392	0.4458554191	0.451011884	0.4462553003
	0.3979374568	0.4302363608	0.4241235844	0.4572469254	0.3992663879
	0.04197594009	0.0221329095	0.002168074188	0.02125425226	0.05071140835
	0.04374036793	0.04878544828	0.05121023371	0.4473567929	0.4431559374
	0.4405355371	0.4420698541	0.4543315907	0.4510815579	0.4494034223
	0.4508403373	0.4536265312	0.458942792	0.465344602	0.4616276587
	0.4174872991	0.4411025402	0.4420259879	0.4682774921	0.4198435359
	0.02632413483	0.008125965001	-0.01607455885	0.002227736059	0.09735829706
	0.03255463564	0.04201106157	0.4589161881	0.4631593071	0.4545768214
	0.4552623439	0.4586923152	0.4658761088	0.4573182613	0.4603411874
	0.4612376169	0.4683330692	0.4720002373	0.4717734187	0.4674025309
	0.4394526679	0.4583978804	0.4544412941	0.4711920239	0.4681557113
	0.4349048278	0.01075975198	-0.003041023612	-0.01486287509	-0.01401583261
	0.006040147667	0.03345613385	0.03721146414	0.02633459471	0.03604180238
	0.4690449068	0.470235503	0.4743318324	0.4714397071	0.4670918585
	0.4751650691	0.4684291746	0.471415549	0.4740443746	0.4762904004
	0.4751412155	0.4745151125	0.4700940043	0.4541251043	0.4730584743
	0.4717803625	0.4738107194	0.4825806594	0.4811060177	0.4581500317
	0.02232839436	0.007495212988	-0.006248210299	0.006946781045	0.02694317043
	0.05812555976	0.0492296023	0.0451698222	0.4791220262	0.4810506857
	0.4788519306	0.4811605116	0.4833735143	0.4792617096	0.480188885
	0.4928714698	0.4789884325	0.4790072355	0.4780070601	0.4771830488
	0.4727854777	0.4714865386	0.4881414276	0.4847741339	0.4764365098
	0.495852638	0.4980244667	0.4757374367	0.4880480842	0.03075286347
	0.01468340862	0.02239175994	0.02471386428	0.04784619319	0.04248094752
	0.06874921595	0.03388394206	0.02319580796	0.03972123017	0.4877732986
	0.4875065379	0.4959368217	0.4917554823	0.4869901808	0.4821175219
	0.5001156501	0.4824263	0.4812709997	0.4805336362	0.4800626678
	0.4754769511	0.4843747241	0.5008600329	0.4980632533	0.4789654072
	0.5032972861	0.5067287645	0.4786877028	0.4928307661	0.4968056309
	0.03808328985	0.03858892255	0.04056521524	0.08965223871	0.06428216999
	0.003141998514	-0.02688797143	0.02010294879	0.4962391087	0.4958481144
	0.5030464458	0.5047203418	0.4888559001	0.4847977914	0.5063942366
	0.4851123699	0.4837940567	0.4830746018	0.4826341601	0.4781684245
	0.496363311	0.5088237725	0.5091286691	0.4816052167	0.5122375568
	0.5145181947	0.4936163642	0.5030106557	0.4985753965	0.5011220932
	0.1105552615	0.06111267731	0.05962917588	0.1105044373	0.09011753168
	0.08693820052	0.05128998206	0.03804619868	0.08975444391	0.04887395238
	0.5051097974	0.5035784757	0.5131670874	0.5149216781	0.5128931253
	0.4891018372	0.4874976989	0.5181236892	0.4876228499	0.4868296896
	0.4856274955	0.4849469603	0.4808598978	0.5117083841	0.519649765
	0.5234223024	0.4842491661	0.5226725162	0.52495379	0.4983656123
	0.4947853064	0.512763673	0.5031876348	0.5047693727	0.1299831747
	0.08395604955	0.0912884643	0.1285927692	0.1158746454	0.1414648158
	0.09898018901	0.5097506255	0.5167093046	0.5217421511	0.5232537966
	0.5021938759	0.5056279648	0.4927544208	0.4957627118	0.490057965
	0.5285494456	0.4900728599	0.4888213402	0.4881903052	0.4872566098
	0.4835513712	0.5242877488	0.5313235108	0.5339620055	0.4861936337
	0.5304171174	0.5365757995	0.5003566137	0.5269297426	0.5084491864
	0.1338390337	0.1250542381	0.1176751943	0.1339267523	0.1283599637
	0.1044738587	0.04666796033	0.5202514859	0.5143171719	0.5254520814
	0.5310554906	0.5039883656	0.4992277661	0.5076201185	0.5090621095
	0.4919119182	0.4966318099	0.4908427285	0.5370080309	0.4897694927
	0.4888719336	0.4878071768	0.4868082042	0.4846974576	0.5378875942
	0.5389216886	0.5437727473	0.4853554325	0.5384910369	0.5428006921
	0.5026598722	0.541312435	0.5140073328	0.1376948927	0.1178856551
	0.1290757828	0.1278650229	0.1146378209	0.1230038311	0.1188810456
	0.1655737584	0.5210538535	0.526636136	0.5307556894	0.535715242
	0.5362977206	0.5062454513	0.5002527923	0.5060907849	0.5113054407
	0.5145966444	0.491412117	0.4950507192	0.4904396692	0.5410037341
	0.4893608536	0.4883826418	0.4874678681	0.4859803549	0.4829277196
	0.5487490634	0.5485075828	0.5512645059	0.4835908139	0.5469228043
	0.5522837977	0.503801587	0.5526733602	0.5200488772	0.1454066107
	0.1415507517	0.1330973275	0.1216171751	0.1130792914	0.108774588
	0.1129934858	0.09639822542	0.5257641269	0.5315408473	0.5388776827
	0.5422524131	0.5096523151	0.4998404589	0.518253127	0.509525926
	0.5147105276	0.4918979098	0.4956619554	0.4899182382	0.5475126253
	0.488957875	0.4880656793	0.4866152912	0.4842685326	0.4811579816
	0.5549525889	0.5566079521	0.5594453905	0.481828388	0.5519814546
	0.5585244472	0.5059163297	0.5560534591	0.5242441617	0.1492624697
	0.1531183287	0.1371188721	0.1258113025	0.1174530525	0.1055720529
	0.1637714519	0.1154201022	0.1569741877	0.5306362497	0.5364258268
	0.5416735141	0.5471724512	0.5129969967	0.5293008592	0.4988253538
	0.5019888919	0.5198721894	0.5094332178	0.5129544111	0.5164017505
	0.4905214972	0.4941872284	0.4895271094	0.5523582525	0.4885598189
	0.4873167093	0.4849523329	0.482517254	0.4793882437	0.5634015511
	0.5619987926	0.5659439152	0.4800429166	0.558708076	0.5619611794
	0.5055406045	0.5092908193	0.5656669541	0.5235927861	0.1411404168
	0.1451619615	0.1204946137	0.1311609858	0.1244495741	0.1272299897
	0.1211269096	0.1565148446	0.1564183296	0.5350840081	0.5403373283
	0.5453924361	0.550908966	0.5280363097	0.5337727175	0.4980390568
	0.5016249221	0.5199577942	0.5128989256	0.5163839837	0.4901210945
	0.493799745	0.4891410968	0.5568549288	0.4878442515	0.4854948293
	0.4831454076	0.4807165316	0.4776185057	0.5688269054	0.5664474684
	0.5700269043	0.4782826495	0.5622188397	0.5675054246	0.5051979037
	0.5085115336	0.5128589083	0.5708969344	0.5237089185	0.5274107081
	0.07445557919	0.1478162758	0.1408932509	0.144010649	0.1348749821
	0.151564088	0.1557668255	0.1537488448	0.5390011451	0.5440099538
	0.5492556492	0.5552287523	0.5322071036	0.5357648973	0.4974821532
	0.4989749541	0.5201750732	0.5165119387	0.4897453422	0.4934365417
	0.4884984459	0.5607126626	0.4864452644	0.4840232275	0.4814138984
	0.4789689419	0.4758487677	0.5741797783	0.5705259828	0.5742242731
	0.4765239858	0.5666973505	0.5716642401	0.4994632614	0.5042556738
	0.5088501671	0.5146614638	0.5753303173	0.5201924347	0.5237796426
	0.5283820569	0.1582012045	0.1520814404	0.1521574333	0.1274535239
	0.1414193829	0.1531075061	0.1563551359	0.15107936	0.1540861364
	0.5422007895	0.5470841549	0.5532349818	0.5587204819	0.5342674553
	0.5392662858	0.4940376006	0.4945775881	0.5166052278	0.4888158632
	0.4891002478	0.4871565133	0.5628976117	0.4847263801	0.4819101473
	0.4796014008	0.4772232121	0.4740790297	0.5775954432	0.5734347869
	0.5765037649	0.4748267866	0.5686980661	0.5729540296	0.5128655928
	0.4949593062	0.4998216225	0.5045565628	0.508863815	0.5786186298
	0.5160699984	0.5196263547	0.5235218363	0.5297708502	0.08199300224
	0.1376410597	0.1158575788	0.1476451651	0.156166243	0.1484098752
	0.1513019437	0.5439097759	0.5500450327	0.5556257233	0.5606653208
	0.5359254294	0.5410567205	0.4907849153	0.4898344213	0.5127453245
	0.485909853	0.4860530738	0.4832594044	0.5654376982	0.4801887066
	0.4783448993	0.4754952502	0.4733280503	0.4723092917	0.5795014839
	0.5753917971	0.5778812535	0.4707824606	0.5702088901	0.5738583584
	0.4904683354	0.5090911505	0.4953410244	0.5000696158	0.5045803831
	0.5801405483	0.5122575947	0.5153035916	0.5187153908	0.5234054421
	0.5306757652	0.2380285548	0.1380178642	0.1275851543	0.1585044937
	0.1532625685	0.1457403904	0.1480025594	0.5467195577	0.5522137576
	0.5573431745	0.5623363936	0.536150834	0.5413632917	0.4851694113
	0.4854419308	0.508171813	0.4821730668	0.4813823552	0.4785514413
	0.5671325785	0.4761754183	0.4737993962	0.4717507486	0.4691694683
	0.4685743687	0.579700727	0.5787723315	0.577053662	0.4667729128
	0.5704659613	0.5725997316	0.490354177	0.485647961	0.5039948209
	0.4956426307	0.4998210277	0.5802838988	0.508979548	0.5117534326
	0.5153704819	0.5181233696	0.5351449378	0.525292973	0.1241279196
	0.1493421674	0.1393956633	0.1558395345	0.150358894	0.1430709056
	0.1457335594	0.547356197	0.5513795626	0.5550591558	0.5621286192
	0.5399855898	0.481546233	0.4815975232	0.5033874782	0.4775817548
	0.4777255585	0.4745829937	0.5672444224	0.4723247623	0.469748598
	0.467385621	0.4651197614	0.4647049928	0.578892035	0.5774014681
	0.5758376767	0.4629428143	0.5688170369	0.5707480313	0.4857855125
	0.4897856201	0.4801179616	0.4995634279	0.4957291975	0.5788943954
	0.5432150429	0.5327380487	0.5042253771	0.5088197106	0.5138735873
	0.5175753503	0.5245341134	0.1426156936	0.1575611432	0.1526810302
	0.150701811	0.1479811354	0.1439728391	0.1404014208	0.1434645599
	0.1401584863	0.5478296048	0.5605393034	0.5531508403	0.4777407323
	0.4776852153	0.4989039597	0.4738596251	0.4738300802	0.4707839166
	0.5657631862	0.5454941718	0.4682979628	0.4658120082	0.4634999784
	0.4613220657	0.4608356168	0.5769768258	0.5749438402	0.5702007317
	0.4591441531	0.5575822174	0.5671102589	0.4884010547	0.4804980362
	0.4848066991	0.4768889253	0.4732544739	0.4919952998	0.5754228523
	0.5372940513	0.5291368686	0.4989470154	0.5224595588	0.5030554973
	0.5093056686	0.5132133468	0.517291865	0.1380661477	0.1461103458
	0.151940899	0.1449240716	0.1404306634	0.1390851934	0.1466234546
	0.5490372531	0.5512643857	0.473675922	0.4945587819	0.5046963108
	0.4694780488	0.4697902415	0.4668565239	0.5630070125	0.5413608296
	0.4694094681	0.4640464913	0.4618530169	0.4598964987	0.4580768471
	0.4569662409	0.574138282	0.5719847175	0.567623718	0.4541729138
	0.5557392057	0.5628554313	0.4686216189	0.4832807108	0.478039581
	0.4724492889	0.4896219198	0.5707399904	0.5208212622	0.5270798108
	0.4933534372	0.4950991832	0.5163390743	0.4999521327	0.5069477696
	0.5121110132	0.1530884229	0.140764896	0.1582783455	0.1533572743
	0.1440745164	0.1406760727	0.145552215	0.1517103194	0.1462152467
	0.5452989128	0.5470104639	0.466638365	0.4660831737	0.4637122691
	0.5566792968	0.4547274399	0.5365516518	0.4647939511	0.4598073558
	0.4570151436	0.4572914674	0.4504653815	0.453096865	0.5670198889
	0.5690942117	0.5612190252	0.4512722704	0.5486833092	0.5563447554
	0.4672301181	0.4647814483	0.4772298139	0.4817013125	0.4724930448
	0.4689413367	0.4871426456	0.5637107653	0.5291460717	0.5166518071
	0.5215426446	0.4884667484	0.4891098562	0.4948119284	0.5107133346
	0.5000943372	0.5053767473	0.1572053908	0.1595533912	0.1450270992
	0.1604796167	0.1430104251	0.1471982885	0.1573069803	0.15067377
	0.1660183595	0.5408492307	0.5411967517	0.4627568608	0.4604687423
	0.551335875	0.4528609512	0.4585324461	0.5307982845	0.4599937546
	0.4558792984	0.4532596965	0.4474281333	0.4492274891	0.5605394964
	0.5622498299	0.5553335879	0.4483843316	0.5419768642	0.5508036452
	0.5446904806	0.4644677944	0.4597830421	0.4800672482	0.4743479422
	0.4707584664	0.4654121953	0.481554496	0.5541828537	0.5080834966
	0.5185548134	0.5131554785	0.482797848	0.4806061981	0.4893163569
	0.5049294266	0.4942574597	0.5029361946	0.4991985625	0.1643391101
	0.1639481578	0.1499828405	0.1438667263	0.1518626827	0.1567740291
	0.1724833278	0.5334390491	0.5346531523	0.5322971689	0.4497431115
	0.4537978733	0.4560255217	0.5239760598	0.4549714597	0.4508952444
	0.4451731012	0.4437285318	0.4428854718	0.4453581131	0.5517659598
	0.552822642	0.5479485401	0.4455049134	0.5303418749	0.5401015963
	0.5343917789	0.459755957	0.4550566037	0.4616165348	0.4763359328
	0.4725955955	0.4693635559	0.4662485963	0.4703050307	0.5426355512
	0.4960063367	0.5121034873	0.5000941893	0.5053880761	0.4760370316
	0.471578738	0.4845640064	0.4940022585	0.1732251855	0.1743344172
	0.1719386204	0.1619996872	0.1644501723	0.1647693684	0.1789482961
	0.5283326392	0.5229760381	0.4470625422	0.451906277	0.5200334437
	0.4506484457	0.446482637	0.5002940977	0.4417285334	0.439881609
	0.441319007	0.5382287339	0.5410606139	0.5356277721	0.4425092259
	0.5192180625	0.5294120841	0.5271142882	0.4572673722	0.4545581361
	0.4474403667	0.4499100028	0.459432552	0.4681123029	0.4615978194
	0.4663505604	0.4639820191	0.4885002746	0.5264889451	0.4889566703
	0.5059401119	0.4931419428	0.4656480664	0.4713375483	0.466313941
	0.4776857187	0.4830929966	0.1854132644	0.1869026299	0.1927469409
	0.1896638241	0.1779209067	0.1619787903	0.1898951546	0.1943448024
	0.5123351833	0.516747594	0.4473199965	0.5124045418	0.445876656
	0.4421066104	0.4932964592	0.4386863081	0.4375931285	0.4357062757
	0.4343633634	0.4371266567	0.526509415	0.5268255567	0.5229709843
	0.4367234614	0.5195071197	0.5109417164	0.5158091612	0.4532450756
	0.450324856	0.4425413454	0.4422563413	0.4561338847	0.4624128237
	0.4582790197	0.4752818044	0.4816904031	0.5115289889	0.4833058765
	0.4750207451	0.4983061088	0.5033618816	0.4853925352	0.4600703828
	0.4636238294	0.4607530541	0.4688731884	0.1968005519	0.2115185019
	0.2122686963	0.2028860569	0.2585036127	0.2308441505	0.1952739402
	0.1987789914	0.5047270921	0.50208417	0.4370520255	0.4396127336
	0.487700482	0.4347776654	0.4347020696	0.4326718169	0.4319872446
	0.430185654	0.4329343064	0.5132335945	0.5119803418	0.5074827597
	0.4310097007	0.503789713	0.5045472494	0.5000058628	0.4342595857
	0.4458584132	0.4433028535	0.4370886213	0.436092298	0.4503198499
	0.4532543961	0.4554865674	0.4945627928	0.4675083911	0.490319664
	0.4776943642	0.4617771658	0.4690348597	0.4893976392	0.4935861759
	0.4746895673	0.4562742063	0.450863939	0.4581789004	0.4537148977
	0.4562837529	0.2090212276	0.2198717671	0.2074736613	0.2425974462
	0.2337381095	0.2080197365	0.2034677196	0.2021613672	0.4902411335
	0.4315705419	0.475588511	0.4830218019	0.4303415272	0.4289314125
	0.4272587407	0.4259507669	0.428741956	0.4924066029	0.4931743195
	0.4916609312	0.491440295	0.4257438671	0.4262887208	0.4892093792
	0.4843902892	0.4258838549	0.4268250886	0.4405634685	0.4333300632
	0.4276386177	0.4371073319	0.4436668013	0.4746743152	0.4533904435
	0.4425205573	0.477894979	0.4498576213	0.4705167046	0.4596837065
	0.4737560324	0.460415368	0.4572060942	0.4445534855	0.4508739583
	0.4460733265	0.2212419033	0.2207655328	0.2127507479	0.2144971323
	0.2505399479	0.2280500914	0.2154541436	0.2058907602	0.4757544812
	0.4651249169	0.4615527099	0.4679486727	0.4633395029	0.4249893146
	0.4236311469	0.4217730277	0.4245496057	0.4747470473	0.4753416706
	0.4749193788	0.4738499516	0.4211715931	0.4201063619	0.422548982
	0.471774805	0.4716292548	0.417692333	0.4202106626	0.4318407541
	0.4274776436	0.4227289654	0.4309918538	0.4334006775	0.4341806396
	0.4536423492	0.4428302149	0.4410751424	0.4327114018	0.4343131438
	0.4454502092	0.452321032	0.4481152385	0.454404188	0.4488695035
	0.4435751076	0.43204549	0.4278284646	0.438497094	0.2263393211
	0.233462579	0.2311528229	0.209176359	0.1914267252	0.1542366425
	0.2197528635	0.4616965301	0.4488083084	0.4166764157	0.4511216998
	0.4448505059	0.4165741414	0.4206294742	0.4202987513	0.4187128213
	0.4179176027	0.4203572554	0.4534457598	0.4379368524	0.4573117043
	0.4583070317	0.4132464655	0.4132792986	0.4158590548	0.4529395528
	0.4570651586	0.4145316356	0.4177257922	0.4262763335	0.4253689268
	0.4190829059	0.4290265305	0.4272561349	0.4396732436	0.4345350502
	0.4302760412	0.4333374282	0.4243659291	0.4149187815	0.4281697217
	0.4353423588	0.4355297768	0.4405367548	0.432557477	0.4187839757
	0.4136010479	0.4215601832	0.2372245036	0.2438986192	0.2456832546
	0.2188836864	0.2300314681	0.2580942851	0.2353095118	0.441081397
	0.4358607658	0.4201975434	0.4256862999	0.4112080391	0.4112153802
	0.41488421	0.4149318936	0.4131296732	0.4161649051	0.4343859093
	0.4300056103	0.4362701511	0.4367175549	0.4089660279	0.4074368454
	0.4102964701	0.4370284493	0.4065465349	0.4125977729	0.4150225576
	0.4158442857	0.4192615134	0.4086470993	0.418996943	0.4186687879
	0.4218933243	0.4187028212	0.4218379488	0.4193859388	0.4092212857
	0.4133989804	0.3935418448	0.382908556	0.4232975112	0.4225556223
	0.4315448324	0.4240394464	0.406163436	0.4062514661	0.2579039303
	0.25081464	0.2542859068	0.270124606	0.2252022956	0.1748700682
	0.21115467	0.2419828298	0.4160906342	0.4118515305	0.4170613024
	0.4061133115	0.4082978822	0.4065480557	0.4046712659	0.4094487075
	0.4086642162	0.4118081321	0.4154748667	0.4027848962	0.4125256708
	0.4203832416	0.3986223814	0.3973269012	0.4013768706	0.4134656419
	0.3974643875	0.4046144359	0.4012345143	0.4048288063	0.4084325952
	0.3952700285	0.4073823342	0.398529849	0.4024600157	0.4100359908
	0.4120394965	0.4010542609	0.3967014523	0.4002832222	0.3964372366
	0.3812461086	0.3785572913	0.3915507988	0.4069898446	0.4064612616
	0.4041357611	0.4025161773	0.3877165598	0.3953542961	0.2570465334
	0.2644301516	0.2715252426	0.2371094981	0.2396685649	0.2542182652
	0.2455231252	0.251506139	0.3977663458	0.3958746866	0.4000374842
	0.3978608632	0.3964632862	0.3978051788	0.4023593128	0.4061870231
	0.3866649101	0.392972796	0.3969223412	0.393400161	0.3975763557
	0.3891832724	0.3905266649	0.3897664917	0.394147312	0.3950140844
	0.3858972691	0.3935221762	0.3915410653	0.3972541346	0.3973484817
	0.3902618468	0.3927139029	0.3863794011	0.3797447429	0.3757768079
	0.3945077957	0.3878385585	0.4020168289	0.3861870157	0.3846726057
	0.3866361517	0.3864587649	0.3772018616	0.3506241636	0.3569556711
	0.3154179084	0.2981772542	0.3900088314	0.385587533	0.3830934623
	0.3774961466	0.2624334089	0.2704985104	0.2603170256	0.2594183851
	0.2366249802	0.2196170485	0.2472795303	0.2553395911	0.3742105571
	0.3776432985	0.376788325	0.3872449338	0.4005659142	0.3654452102
	0.3695504721	0.3744546227	0.3847666327	0.3857580505	0.3949448053
	0.3915717258	0.377855116	0.3806808333	0.3821162872	0.3730953842
	0.3867198022	0.3728447877	0.3489078524	0.3765690975	0.3830236295
	0.3806494173	0.3917012785	0.3865618904	0.3822736154	0.3815206725
	0.3650927858	0.3629333763	0.3586143114	0.3464476532	0.373320289
	0.3729037681	0.3862697089	0.3696544972	0.3733114297	0.3767639268
	0.3707124682	0.3611623722	0.3681805661	0.3352166331	0.3255914607
	0.3215489705	0.3147836576	0.3031093802	0.3744510099	0.361580024
	0.3600037694	0.3663015151	0.2612530741	0.2500264808	0.2473115277
	0.2459883793	0.2483507724	0.2488209926	0.2557979465	0.3495875826
	0.3399486909	0.3501823869	0.3758903665	0.3773613955	0.3689133794
	0.3893236963	0.3703556531	0.3717361458	0.3771491272	0.3837025874
	0.3458839921	0.331404986	0.3681228019	0.3700480228	0.3741854182
	0.3700950921	0.3767923299	0.3628602032	0.3644444957	0.3480959827
	0.3393799026	0.322932292	0.3170821756	0.3248957971	0.3565360171
	0.3531480905	0.3580005472	0.3639845235	0.3550900221	0.3612725114
	0.3531486531	0.3438859172	0.3508595549	0.3098698584	0.2902662502
	0.27905284	0.2594243569	0.2398013491	0.3581799627	0.3436369536
	0.3482865866	0.2480841011	0.2373993935	0.2352046702	0.242064949
	0.253747911	0.2707583838	0.2445456428	0.327386202	0.3188685156
	0.3170857075	0.3140938367	0.357681854	0.3649762862	0.3501944465
	0.3534142125	0.3578390418	0.3446629533	0.3259278403	0.3164784394
	0.3491540568	0.3129981876	0.3027698275	0.2890906702	0.2989273955
	0.3448106418	0.3458070073	0.3366823169	0.3430596057	0.3432936972
	0.3361058047	0.3389949813	0.3331404242	0.2747761476	0.2595385573
	0.2457542984	0.2336487468	0.2509451179	0.3339711049	0.3157844483
	0.3341972015	0.2870024894	0.2230978128	0.2349151281	0.2247723038
	0.231546664	0.2631261183	0.2531021526	0.2410988265	0.2133104332
	0.2940203426	0.2765677947	0.3373677038	0.3444607315	0.3257065094
	0.3275139279	0.308004958	0.2938073759	0.3359700339	0.2885614799
	0.2619987774	0.262538222	0.2599482345	0.3321770272	0.2550506967
	0.331386576	0.331655486	0.3264214424	0.324085835	0.3243394314
	0.3192846708	0.3267256398	0.3184404419	0.3209176238	0.2463223058
	0.2230682845	0.2039644899	0.16260436	0.1154024133	0.3161189936
	0.3032193092	0.3124294498	0.2534762568	0.2236804901	0.2166183596
	0.2336964602	0.2896347649	0.3073786686	0.2109909554	0.2121452165
	0.221746155	0.2267957591	0.2433770395	0.2401454677	0.2613536706
	0.2761806827	0.2752858748	0.3215685986	0.2394310378	0.2858634413
	0.3047774245	0.3074600605	0.2641937549	0.2429844132	0.2358375214
	0.2305547419	0.2335255788	0.3077261888	0.253933846	0.2347486402
	0.3148145821	0.3161347656	0.3083031568	0.3215333753	0.3115771598
	0.308201371	0.3074288163	0.2110476175	0.1887951618	0.1531440863
	0.1229147521	0.1054879445	0.2885935008	0.2790470687	0.3000811011
	0.2269991203	0.2742918952	0.2431142956	0.1895464255	0.1970616721
	0.2144646239	0.1933760786	0.2563300697	0.1879906491	0.2446182436
	0.2205738478	0.2396212338	0.2821957244	0.2371030864	0.1792476633
	0.2259649654	0.1992382876	0.1700421646	0.1780591368	0.1760337108
	0.165239743	0.2763747614	0.2777925657	0.2655469294	0.2560948371
	0.1988840979	0.2018546717	0.2130345481	0.2267218005	0.2405265245
	0.2305085359	0.2442890426	0.2290922781	0.1874017086	0.2476505254
	0.2188928792	0.2996159352	0.2635433472	0.2864883441	0.2943162307
	0.2947155778	0.239977005	0.2079699209	0.1895967508	0.1970017145
	0.2940474273	0.2264547814	0.1973779458	0.2046685367	0.2820256306
	0.3032018886	0.3046664919	0.2918887116	0.303266231	0.2928092205
	0.2962151241	0.2953667673	0.1784933569	0.1433692801	0.1151877376
	0.07223792019	0.02967252122	0.2688141897	0.2581275923	0.2862313705
	0.1848043225	0.2486383323	0.2252093446	0.1871279949	0.2137697241
	0.2161232327	0.2409748907	0.2201583607	0.2311097404	0.2423759375
	0.2413451707	0.2315394981	0.2217768984	0.2149199997	0.1792133502
	0.2023419807	0.1710251133	0.1729145513	0.1652698159	0.1605880583
	0.1572614568	0.1469010814	0.1502420926	0.1558044449	0.150324532
	0.1700828105	0.1667323453	0.2308709864	0.2217667319	0.2399424224
	0.2378011724	0.2320136677	0.1951323884	0.1966180596	0.2071911203
	0.2176128288	0.2239195794	0.2070621352	0.219812071	0.2253784846
	0.1883287196	0.1934883569	0.2099290642	0.2407212754	0.2774257639
	0.2797785713	0.2820449135	0.2203678534	0.2240130328	0.1710363612
	0.1606259427	0.1526290881	0.280834096	0.1529748608	0.1859281573
	0.1610214169	0.1760704996	0.2662558779	0.2911113178	0.2841576434
	0.2795982487	0.2729241068	0.2840727333	0.2836173889	0.1273716419
	0.10921704	0.07510074307	0.02727798034	-0.01201751782	0.2460028711
	0.2359576543	0.2678621825	0.136741764	0.2030041144	0.1803582832
	0.2182523919	0.2481004968	0.2316987207	0.2520701364	0.2571675834
	0.2611372229	0.2638011122	0.243268042	0.2227350672	0.2051460312
	0.1951101506	0.1861419833	0.1835293118	0.1751113925	0.1716962288
	0.1435000229	0.1398621901	0.133966446	0.1318830614	0.1294744556
	0.1640825084	0.1582607086	0.1614730905	0.1553241942	0.145977051
	0.1496321052	0.1530420818	0.1682900791	0.1661599353	0.2022432077
	0.2002633105	0.2075538618	0.2008993037	0.1719428389	0.1937819745
	0.199063245	0.2094275716	0.1894712912	0.2100179834	0.2033036856
	0.2118993116	0.1910805509	0.1995750052	0.1830256719	0.2684489859
	0.2658121816	0.2047970692	0.1939679196	0.2015104203	0.1205092886
	0.1135263704	0.264193312	0.1247681114	0.1546168049	0.1353581946
	0.1437463773	0.2347567475	0.246646995	0.2790533613	0.2638915923
	0.2630962038	0.2574717128	0.2554251582	0.2711592813	0.2652478287
	0.09407192378	0.06924568395	0.04064103381	-0.02109824232	-0.007821879161
	0.215713837	0.2514850359	0.1085286334	0.02163770423	0.0329554484
	0.04103178583	0.05613862982	0.1156001102	0.1122980105	0.1101409447
	0.09883891498	0.0937280908	0.1016176301	0.08763236808	0.1707063942
	0.1908100128	0.1972877209	0.1928954101	0.1976869178	0.2143950661
	0.2232216164	0.1779567756	0.1567784909	0.154302822	0.1605538855
	0.139034068	0.1431538957	0.1359898786	0.1316685484	0.1167222086
	0.1235449245	0.1642427715	0.1589432085	0.1545263079	0.1532970694
	0.1559431889	0.1461091856	0.1536360051	0.1693605299	0.1719067476
	0.1807760402	0.1761540635	0.1476098106	0.1551951551	0.1763972522
	0.1586854016	0.1391573652	0.1677406475	0.1874326307	0.1937839607
	0.1999712281	0.1774252943	0.2020147631	0.1964024766	0.2056616536
	0.1519279161	0.1627686632	0.2143151396	0.1933214275	0.1896503015
	0.1716319434	0.08583059697	0.07044112468	0.234616129	0.2462955298
	0.1083933593	0.08930886014	0.1274291433	0.1214428222	0.2177729216
	0.2626637853	0.247737184	0.243341281	0.2420291738	0.241516394
	0.2544201459	0.2486873674	0.05547952411	0.03219557867	0.001660197197
	-0.04572304162	-0.08167223795	0.1914890157	0.2383762396	0.06863997781
	0.11193555	0.0195763688	0.009678877787	-0.009794703868	-0.01121471635
	0.02080066225	0.04706300163	0.03650358894	0.06222585561	0.1144578961
	0.07860625033	0.09992140619	0.1063684004	0.0980476729	0.08526745344
	-0.02517565808	0.1556059099	0.1467210264	0.1516194588	0.1378342622
	0.1482653029	0.1758997201	0.1966275544	0.1701538885	0.1360183204
	0.1470850563	0.1581532558	0.1376467648	0.1402282385	0.1360676546
	0.1343610167	0.1247959575	0.1146444739	0.1178655265	0.160143199
	0.1489599172	0.1484151304	0.149653253	0.1452422553	0.1639158276
	0.1688154905	0.1223592078	0.1520816794	0.1434065624	0.118648089
	0.1376167396	0.1433024623	0.116533414	0.1530312151	0.1920137286
	0.1859493898	0.1895979518	0.1620184088	0.1872364292	0.201724401
	0.1986851282	0.2117483019	-0.04746827316	-0.05502967171	-0.07411632733
	-0.08813392764	0.1236706195	0.1374852122	0.1784390743	0.1475496276
	0.1965245706	0.1671392036	0.1572048732	0.03786960182	0.02929883961
	0.2202159825	0.2233331034	0.05497054964	0.07645760608	0.09523015581
	0.1997300287	0.2463110253	0.2247346652	0.2235826833	0.2261170514
	0.2421823562	0.2345586324	0.02430311137	-0.03522648067	-0.06232442919
	-0.1119703095	-0.1247042172	0.1672523364	0.2240858353	0.02788767453
	0.08453177109	0.0932853381	0.0124866167	0.01769970608	-0.02524343087
	-0.004514808491	0.02725403961	0.0584129316	0.03703350147	0.06455689825
	0.06118246985	0.1034254292	0.08532791315	0.1053135194	0.1060989081
	-0.0334474621	-0.02965026847	0.1299108993	0.1414733426	0.1324654697
	0.1399605383	0.1639568229	0.1588355373	0.1537142412	0.1477917215
	0.1273498734	0.1456642579	0.1373689369	0.128453145	0.1214742988
	0.1177310796	0.1072241567	0.1599798667	0.1521648183	0.1523778538
	0.1478871121	0.1400962596	0.1587392933	0.1608463001	0.1008181806
	0.109182657	0.08653281339	0.132315352	0.112517937	0.1278766389
	0.09934733393	0.137026819	0.1271702933	0.1874539691	0.1847487857
	0.1588392341	0.1834148083	0.1942024133	0.208123586	0.205245863
	0.2178349503	-0.1164097592	-0.09256039768	-0.1095446611	-0.06071928747
	-0.07267388431	-0.09012368556	-0.1206374807	-0.1336948726	0.09427907029
	0.1196700214	0.1281396551	0.1756607109	0.1082435275	0.1488989932
	0.129505245	-0.002556733035	0.003988487644	0.1988661693	0.2039541777
	0.04801863857	0.02406061122	0.0557476925	0.1801825114	0.2314853546
	0.2036583367	0.2034908236	0.2037857264	0.2282912479	0.2200254442
	-0.01564597977	-0.04966105606	-0.1520954002	-0.10660927	-0.1659202698
	0.1477752108	0.2056116961	-0.01061285768	0.05817801323	0.06299966868
	0.0605012563	-0.005526317015	0.0002307566995	-0.01298131131	0.01005905151
	-0.003394766427	0.03313582879	0.05735904014	0.07252282722	0.09419509222
	0.09744622709	-0.0460114073	-0.03987478566	-0.04997260209	0.1210715839
	0.1285054872	0.1316340127	0.1249936977	0.1150329815	0.1339894307
	0.1325469104	0.1154344587	0.1262866762	0.09951640874	0.1574840293
	0.1538404549	0.1483814912	0.1440820017	0.1394099067	0.151955856
	0.1505134491	0.09441885776	0.07979905336	0.07156763604	0.1166334375
	0.09725956357	0.1111911352	0.08121818122	0.1175240473	0.1586409858
	0.1938645189	0.1880137061	0.2004088045	0.2038557485	0.207496011
	0.2144673	0.2239215986	-0.1082110543	-0.1163077577	-0.1014597072
	-0.07364253209	-0.1051636428	-0.1055228677	-0.1187882983	-0.1227540744
	-0.1464712145	-0.116068194	-0.1459597962	-0.1092203652	-0.1267567033
	-0.104583117	-0.09922312983	-0.133816713	-0.1278588572	0.08436066237
	0.1569879062	0.09799090827	0.1265329359	-0.03542050933	-0.0296963603
	0.1805150243	0.1788169532	0.01376959307	-0.01056815201	0.03307935113
	0.1621607871	0.05420022546	0.216964234	0.1875283902	0.1856670532
	0.1823038566	0.2138171914	0.2051537306	-0.2193046971	-0.06915514173
	-0.1085818237	-0.1587207754	-0.2730924545	0.1227591204	0.1309014795
	0.1885899244	-0.07330691094	-0.06097695845	0.02353750606	0.02319990503
	-0.04148129158	0.01194224105	-0.006553546797	0.01785840664	0.05003957857
	0.07158568309	0.08548232965	0.09031345212	-0.08528122216	-0.05198362725
	0.1166093782	0.1133356979	0.1075264112	0.1044083459	0.1012079002
	0.1272422747	0.1428944786	0.1151157771	0.1306849152	0.105017993
	0.1502948539	0.1468613213	0.1391807253	0.1323860143	0.1440260327
	0.1424264341	0.07194800138	0.09390610889	0.08706763227	0.1016704119
	0.1108208639	0.08540306992	0.1838821968	0.153482104	0.1974191508
	0.2054482643	0.2116586835	0.2138904139	0.2185039298	0.2206178184
	0.2300082469	0.2231342839	-0.09017753902	-0.07319070171	-0.06590387079
	-0.1257612479	-0.1228311993	-0.1095443373	-0.06129255159	-0.1037625841
	-0.1154819219	-0.1269262522	-0.13467762	-0.1343030142	-0.1363288332
	-0.1241017182	-0.116434622	-0.1099554038	-0.0994804492	-0.1563577873
	-0.1451513324	0.06053053731	0.09391631367	-0.07684784647	-0.04848427115
	0.0005861816704	0.1667810875	0.1629279407	-0.02392624998	0.1396960898
	-0.0004657164839	0.01872779527	0.2039723892	0.17176487	0.1731478615
	0.1661254152	0.2009086043	0.1885016163	-0.2849695506	-0.2163994819
	-0.1361883316	-0.1104382999	-0.1769338534	-0.3259020595	0.08837310054
	0.1047074054	0.1107024264	0.1724806369	-0.1046528528	-0.09448156101
	-0.03439426818	-0.02585350827	-0.01698049609	-0.04485743024	0.01202933994
	0.03270755259	0.0218627179	0.02371369744	0.06386235774	0.08937137581
	0.0949202019	-0.08205165068	0.09339116973	0.08730144526	0.1092568688
	0.1431318878	0.1347426823	0.1195165275	0.1047416795	0.1422147264
	0.1392551232	0.1286405981	0.1170442009	0.1415970795	0.1386765192
	0.08145100237	0.09760083066	0.1088060915	0.1079433036	0.1274336868
	0.1275210196	0.1860087948	0.1768508077	0.2029264122	0.223955769
	0.211843155	0.2268458814	0.232397368	0.2318202631	0.2407695396
	0.2352622991	0.2543490196	0.2679284996	-0.04872868061	-0.07519797612
	-0.09068380872	-0.09464365335	-0.06313894859	-0.05039583473	-0.1618104797
	-0.1306135555	-0.123686989	-0.1103841228	-0.1458203947	-0.1140823512
	-0.1600860052	-0.1254255485	-0.1247761297	-0.1384556965	-0.09322012213
	-0.1209284695	-0.1793208244	0.05464848689	0.01232449269	0.1518367687
	-0.06702769489	0.1273340581	-0.05928966453	-0.04262415764	0.1884103048
	0.04840848626	0.1606798704	0.153447899	0.1580505308	0.1393638831
	0.1880000172	0.1725006031	-0.249417379	-0.3402226944	-0.1909274821
	-0.1509717285	-0.1520247391	-0.1402279928	0.1138719272	-0.412053129
	0.08207491717	0.07996160376	0.154929213	-0.2033806773	-0.1468560804
	-0.1222095122	-0.08368416183	-0.04371862032	-0.04052404979	-0.008163373148
	0.009368339985	-0.01368512549	0.04608737391	0.09132131573	-0.09060331999
	0.1265896392	0.1117759545	0.1399199758	0.1403513066	0.1421127967
	0.09925403449	0.08553648286	0.09805791282	0.1359899938	0.1148173904
	0.1381490637	0.1353054473	0.1088410304	0.1244967701	0.1361633335
	0.1347362041	0.1368450966	0.1779041119	0.1935632888	0.2178728909
	0.2327858137	0.2470100196	0.2414080332	0.2485540076	0.2628894901
	0.2815079796	0.2772740394	0.2950874597	-0.0101484766	-0.01502443122
	-0.03819348935	0.003774681622	-0.03602080824	-0.07688198148	-0.09955352812
	-0.1112065972	-0.03952351275	-0.038474114	-0.1544365853	-0.1264390422
	-0.2098687554	-0.1432175461	-0.1442998815	-0.1194590296	-0.1448488588
	-0.1525761867	-0.1461509099	-0.08426686028	-0.1215692555	-0.1840712179
	-0.0473684659	0.01344583949	0.1711366193	0.04126392305	0.1441476955
	0.1286493569	0.1704294833	0.1583819671	-0.393706499	-0.2589299736
	-0.3436701105	-0.2169173108	-0.2034654132	0.1464536445	0.1000250035
	0.1293265027	0.07634894141	-0.4011253167	0.04470260864	0.05026212402
	0.1290640888	-0.2695273067	-0.2031360915	-0.1768470466	-0.1483958166
	-0.06763904853	-0.06475596051	-0.05747315283	-0.003291137852	-0.01396135229
	0.02137164796	0.07502275628	-0.09544371222	0.139695278	0.1446457831
	0.1396135139	0.1436539567	0.08006577313	0.1044518928	0.1312956238
	0.1364657099	0.1306142117	0.1333118925	0.1394398562	0.144324959
	0.1397877279	0.1624271526	0.1836714815	0.2084176951	0.2342846667
	0.2528752634	0.2592832945	0.2754681183	0.2926023338	0.2875678747
	0.3339573728	0.3086669397	0.3041570057	0.3222464197	0.007616997775
	-0.004423235063	-0.01933249746	0.004819833803	-0.04688961032	-0.0912437274
	-0.05987862766	-0.04682853415	-0.1325884411	-0.1635112196	-0.1832191158
	-0.1630196379	-0.2170207331	-0.140673182	-0.1734638068	-0.1407626672
	-0.1428058962	-0.1227172316	-0.2039435592	-0.03526457852	-0.1217721471
	-0.02973354478	0.1184357269	0.1585413608	-0.4231998999	-0.4035856003
	-0.3258027212	-0.2918590005	0.1471825769	0.1366844724	0.08345059971
	0.1124744109	0.04037835916	-0.4862124062	0.005931932094	-0.01493200235
	0.1185599415	0.1012971662	-0.3344876256	-0.2793384388	-0.2381091187
	-0.2047216165	-0.1036145579	-0.1137939983	-0.1522883881	-0.09221168103
	0.004072147495	0.0505517313	-0.01000416165	-0.2232386604	-0.1791749589
	0.1434204042	0.1487017806	0.1428754844	0.07820594774	0.04514068609
	0.09527994663	0.1166650093	0.1362014861	0.1252993331	0.1564375306
	0.1507663433	0.1706838315	0.1515997106	0.1523218936	0.1781747187
	0.1990094048	0.2247632864	0.252380166	0.2708629696	0.2891936528
	0.3042045548	0.3395828712	0.3295103984	0.3189828347	0.006596969172
	0.006431820712	0.007524820808	0.007976304137	0.005357487249	0.01228415161
	0.01840310133	0.007864394093	0.005826894446	0.003117490764	-0.02259592137
	-0.02908474816	-0.09236661724	-0.05454872043	-0.06815898601	-0.2083921599
	-0.2581580358	-0.1535537722	-0.1631387965	-0.1507274958	-0.1524635357
	-0.147347014	-0.2163475633	0.01891606166	-0.09707301284	-0.1861490512
	-0.06829096469	-0.4753167935	-0.4166244586	-0.4024647329	0.1349219962
	0.1239635248	0.01169315238	0.07347884947	0.04176192893	-0.5792079722
	-0.0385378674	-0.05999663772	0.08618914542	0.1049204984	-0.4826554068
	-0.4639869799	-0.3957660743	-0.3247089181	-0.2777855369	-0.2790284262
	-0.1909366457	-0.1831868642	-0.2465718829	-0.05364952659	0.007236654778
	0.02880189827	-0.2964450574	0.1530445833	0.148250992	0.1337013903
	0.08413572844	-0.02160481568	0.1038684193	0.1223144275	0.1109268965
	0.1641330796	0.1809510765	0.1891714668	0.1663771709	0.206060115
	0.2304854794	0.2561910602	0.2832853606	0.3013121524	0.3171751643
	0.3449544015	0.3316985249	0.006183676965	0.007931946677	0.008114721419
	0.005452841192	0.01056625149	0.01183723604	-0.0007475385842	0.008186866136
	-0.002433780324	-0.01363110718	-0.04348927116	-0.07739578284	-0.1202511168
	-0.2887854108	-0.2853297617	-0.1738544042	-0.185659651	-0.1935302928
	-0.2586399421	0.01794896907	0.01870360079	-0.173332547	-0.2469649828
	-0.1323045449	-0.5500303263	-0.4490340898	0.1226614154	0.01857177895
	-0.02848909848	0.05180433554	-0.5918075495	-0.5677015559	-0.08337267881
	-0.1137267437	0.1091365289	0.07653698157	0.05451214111	0.09497116655
	-0.6448962111	-0.5653207353	-0.5642740075	-0.5274592673	-0.473007611
	-0.4235172137	-0.3539936273	-0.3084323087	-0.3818304571	-0.3516142057
	-0.1956803623	-0.3125167024	-0.3586354971	-0.09055438516	-0.02968463113
	-0.4015801421	0.1657540881	0.1472384971	0.06595285145	-0.02359725165
	-0.09373854164	0.09038568316	0.1259566072	0.1019706457	0.2165607141
	0.1832587432	0.2011596762	0.1852116426	0.2374979557	0.2830315973
	0.255396531	0.299660095	0.3173677211	0.3302648251	0.3468116465
	0.007537852208	0.004395296434	0.004380211539	0.006413355364	0.008910012574
	-0.02022725731	0.003881905806	-0.03287438714	-0.04438226711	-0.104115968
	-0.370722185	-0.2531636152	-0.2362086893	-0.2493542933	-0.1803283576
	-0.3698204394	0.02008304363	0.01627602642	0.01743111463	0.02104059095
	-0.2411084965	-0.1932023004	0.01993094019	-0.6838027472	-0.1546260861
	0.09782159081	0.05039582783	0.08984173101	0.07945432725	-0.5929001063
	-0.6878765152	-0.6975120821	-0.6535717271	-0.6439904679	-0.6460172181
	-0.5064446604	-0.5937765644	-0.4626971543	-0.3962506426	-0.3975946523
	-0.4836976231	-0.4649312757	-0.4125230112	-0.239822459	-0.5152242768
	-0.5171372478	-0.2806049114	-0.2368523659	-0.5636137305	0.1695155386
	-0.005446403276	-0.07708446472	0.04612124738	0.1608205824	0.1304070457
	0.2276413488	0.2494152403	0.203957982	0.2026736589	0.2738109852
	0.2926300446	0.3172977712	0.3383771104	0.3516764348	0.00641692183
	0.002532280984	0.01405800564	0.007782032738	-0.01437685021	-0.03188704366
	-0.1203613587	-0.0441520696	-0.09443942516	-0.492843153	-0.3538613464
	-0.2991930837	-0.2193494102	-0.4577192545	0.01886233045	0.02370539099
	0.0227109214	0.021972052	0.02085565326	-0.244908666	-0.3154803744
	0.07083553255	0.08162070622	-0.7136288185	-0.8081443079	-0.7464119106
	-0.7269084484	-0.8159801995	-0.7952065017	-0.6005837168	-0.5840250714
	-0.783250157	-0.5065206443	-0.4146390516	-0.5978351555	-0.606496371
	-0.4041998493	-0.6101297618	-0.6124808923	-0.3063216051	-0.6709244336
	0.1999368271	-0.008284632894	-0.09304934275	0.07358625604	0.1901916926
	0.1148312281	0.2862402616	0.2381142807	0.2616521013	0.2255980402
	0.2235855155	0.3373849418	0.3122038436	0.3548066658	-0.001625936206
	0.00292116057	0.01466622833	0.01712983441	-0.03253387662	-0.05030506362
	-0.1500742197	-0.08355251034	-0.5741496584	-0.3434880024	-0.4097289618
	-0.2757516391	-0.5465662961	0.02324107866	0.02966737533	0.02342090782
	0.02021493322	0.0009782329512	0.02361871013	-0.3294470471	-0.4276011273
	-0.8123605539	-0.8318225983	-0.8708677027	-0.8912603185	-0.9056558043
	-0.8698967783	-0.9752632382	-0.8934825516	-0.9444733795	-0.6771480697
	-0.7213568132	-0.8377935783	-0.6458075436	-0.5345120469	-0.5175955958
	-0.6875253332	-0.5312530691	-0.6908893269	-0.1997391122	-0.4431481183
	-0.7373607746	0.2228010606	0.01346499629	-0.1347052939	0.0673941068
	0.153448854	0.2989815252	0.2511137198	0.2503612785	0.3489141617
	0.3390037414	0.01810243533	-0.01947865752	0.007443067488	-0.05620872446
	-0.1983618003	-0.081158836	-0.1153645782	-0.6400852175	-0.3301599835
	-0.4481767138	-0.583975247	0.02713386268	-0.001099657145	-0.02083816414
	0.005696932765	0.006151980631	-0.02883310286	0.01694744382	0.0002603863456
	0.03516804029	-0.4070848146	-1.016342799	-0.9700472441	-0.6778465264
	-0.955600051	-1.008683651	-1.060896216	-1.082539382	-1.096783981
	-0.998769447	-0.5029053377	-0.7818374874	-0.8953055923	-0.8171959499
	-0.6160257214	-0.6136659965	-0.7475292387	-0.7026944848	-0.6452812439
	-0.2754950892	-0.7553843513	0.2496088373	0.1897116282	-0.1283935221
	-0.03868809117	0.1226562792	0.319723635	0.2847275849	0.2773104282
	0.3296767622	0.01225605871	0.01870532214	-0.1780872406	-0.2755212143
	-0.02227238863	-0.1048572297	-0.04822075135	-0.09987469036	-0.6110835284
	-0.3998227114	0.01216169032	-0.01266658489	-0.0806343579	-0.08741828372
	-0.008276953116	-0.05154397588	-0.003526966672	0.0144485137	0.05987781461
	-0.4548503663	-0.7444206097	-1.22903719	-1.149308763	-1.086702541
	-1.23387152	-1.188631311	-1.038510283	-0.5675030357	-1.058845367
	-0.9340477156	-1.020477788	-0.959316486	-0.6968807101	-0.7589153625
	-0.8147742262	-0.5808488217	-0.735986791	-0.6283588408	-0.6003697126
	-0.4370770329	-0.1937065449	-0.5973522637	0.2376015434	0.1767749607
	0.02678264856	0.1091198068	0.303893354	0.2745526412	0.3087302857
	0.01004477848	0.01667626163	0.006273746967	-0.2401552511	-0.1412461434
	-0.00226876231	-0.0374808583	-0.03723941493	-0.4777476441	-0.6268071921
	-0.340581411	0.0002416744	-0.06175911678	-0.1296067374	-0.1061433617
	-0.04921938118	-0.0254116223	0.05835285363	0.1094962664	0.09028008634
	-0.4694797276	-1.214346467	-1.247930004	-1.142516987	-0.6987393128
	-1.217764588	-1.103866714	-1.107966173	-1.153415754	-0.9569129175
	-0.8176571023	-0.8275284578	-0.666029668	-0.5343447781	-0.5558316593
	-0.3582827221	0.02100785526	-0.1209821996	-0.4101278633	0.220635309
	0.1695190781	0.08413798439	0.2862476354	0.2549226419	0.03677418401
	0.05272045313	0.01370561682	-0.2125140077	-0.0386152146	0.01092475481
	0.02110665904	-0.4150372966	-0.5063893964	-0.2308489283	0.007206377525
	-0.06488455079	-0.1079633389	0.05017978046	-0.06322299966	0.01526745702
	0.1149993589	0.113415273	-0.4662205818	-1.251108099	-1.367511627
	-0.7471693064	-1.28578941	-1.406534749	-1.244449106	-1.286003677
	-1.223896319	-1.266950698	-1.071206497	-0.9735516266	-0.8900059091
	-0.9371335059	-0.639536727	-0.7065095191	-0.5935627176	-0.5325448596
	-0.3644518909	-0.1937622364	0.05182534763	-0.2149853274	0.2066489149
	0.1671316896	0.2460547539	0.06176328831	0.09346826485	-0.1386621184
	0.07635640398	-0.03378811504	0.03666973251	0.06225351482	-0.3617901974
	-0.2848845635	-0.1586430482	-0.05142141936	0.0202557233	0.001901463155
	-0.03495652685	0.1091400116	0.07315278155	0.006588942866	0.1034227731
	0.06950942263	-0.4271718913	-0.8373388787	-1.412502381	-1.322411062
	-1.408165748	-1.314839806	-1.337318358	-1.284860289	-1.204644028
	-0.8661164599	-0.8979314931	-1.131752413	-1.017581229	-0.6731682997
	-0.7613032083	-0.7187447907	-0.559439101	-0.628395303	-0.477367331
	-0.5355518914	-0.4407257329	-0.1768914105	0.008922670457	0.110973185
	-0.0400603087	0.1768785304	0.206535812	0.07586879449	0.1044692641
	0.095412843	-0.08814391125	0.07370791689	0.0004692102019	0.04600339859
	-0.1785364263	-0.1994764075	-0.1262141876	-0.1212945329	0.09798090571
	0.04016726773	0.02926634163	0.02532794942	0.01243992922	0.08692349069
	0.04936117441	0.05714341663	-0.4191958543	-1.32047838	-1.074346051
	-0.8530479375	-1.271618563	-1.336166362	-0.8097926866	-0.99471206
	-0.9723918934	-1.098042576	-1.244312272	-0.671736335	-0.7585172216
	-0.7371063532	-0.6887500497	-0.5975915025	-0.5878423324	-0.5521792406
	-0.5376816273	-0.5015859046	-0.4679116566	-0.4636347111	-0.4224343291
	-0.001697365727	-0.01839145929	0.1315169945	0.07419960117	0.1610334809
	0.08617685232	0.1158420765	0.1120184025	0.09420076951	-0.06737001268
	-0.02494529169	0.05799787787	0.01630079273	0.02969084393	-0.08542251819
	-0.07771030545	-0.05257138558	0.07250215116	0.07123738242	0.08964480106
	0.05598416678	0.03716085584	0.07835643652	0.03061342801	0.0504281911
	0.03111937261	-0.39068896	-0.9397859649	-1.059609978	-1.128051559
	-0.8132193276	-1.167252895	-0.7661825213	-1.084009705	-1.040528759
	-0.7960986829	-1.325631622	-0.6466523925	-0.6677439434	-0.7439589871
	-0.6908008033	-0.5973814655	-0.5990273562	-0.5240735049	-0.5524522128
	-0.497382095	-0.4691658265	-0.4284288312	-0.4678861634	-0.4275406956
	-0.4302561183	-0.3889683114	-0.001558834316	0.02676206871	0.03293419752
	0.1094732109	0.1485777048	0.09017164503	0.1051679529	0.09966617636
	0.07143145896	-0.02539788442	0.01463950888	0.03344576978	-0.03279750219
	-0.00713428997	-0.007892706889	0.04798380417	0.07540496324	0.08533698949
	0.03137714664	0.02131536495	0.05700527735	0.07080534624	0.01819277852
	0.02620994319	-0.3805056202	-0.6047885187	-0.6845904574	-0.6413904102
	-0.6784145622	-0.5273117984	-0.600371389	-0.5791403558	-0.551738065
	-0.5171931924	-0.4959001877	-0.4523149795	-0.5010391128	-0.4714525334
	-0.4324404952	-0.414955617	-0.4059117845	-0.4262443359	-0.4115645682
	-0.3845491171	0.0260968387	0.05777514546	0.04542549913	0.07375487651
	0.1147242559	0.06225788722	0.07752593083	0.09074044776	0.06286759002
	0.08335839215	0.0438161526	0.01322642845	0.02239129656	0.002880086126
	0.01082431032	0.05982044697	0.08603142113	0.09975239308	0.03671747642
	0.02480846556	0.05313329122	0.04258554043	-0.3630423191	-0.5449565449
	-0.5243983802	-0.5740131812	-0.5251624761	-0.5527674154	-0.3671315484
	-0.5023436525	-0.4922199904	-0.5040590222	-0.4593557251	-0.4713044186
	-0.4783168289	-0.4491463716	-0.4311172163	-0.4466623211	-0.4112714896
	-0.3980517218	-0.414928368	-0.3963052405	-0.3859622651	-0.3775505467
	0.01833665065	0.04711627702	0.06514430195	0.08683104118	0.1043809595
	0.0623107373	0.05694423514	0.06382385053	0.07031055518	0.0689092442
	0.04969408559	0.0626390531	0.03649080242	0.01817126754	0.02212774399
	0.02458759806	0.08817431606	0.09529557347	0.09534951717	0.05700214667
	0.05119046768	0.09081715998	-0.3564059246	-0.3711336921	-0.4582264304
	-0.4901867822	-0.4963135255	-0.4698802024	-0.4726219213	-0.4478167489
	-0.4771186851	-0.445951915	-0.4421440136	-0.429481984	-0.3956009369
	-0.4281934069	-0.4228879588	-0.4111795296	-0.4147301587	-0.4020615377
	-0.3881516378	-0.3818523213	-0.3706906261	-0.3699027747	-0.3681274414
	0.03832188571	0.04828979923	0.06169431335	0.09174514288	0.06655257117
	0.06313321173	0.06306020832	0.047435098	0.0729755755	0.05552420697
	0.04621860999	0.04551568875	0.03808043631	0.03257444532	0.03518931903
	0.09538932221	0.09855042003	0.0980352615	0.07593602439	0.1030332499
	0.09211641493	0.08462429179	-0.3571541311	-0.4227598047	-0.4346073066
	-0.4422474273	-0.4267174422	-0.3990799201	-0.4015836838	-0.4193334351
	-0.4113300045	-0.4118938731	-0.3833327207	-0.3922032634	-0.3906200762
	-0.3752378677	-0.3878624834	-0.3739293507	-0.3668356582	-0.3632456374
	-0.3685549738	-0.3523887709	0.04211909664	0.06523549873	0.06813205765
	0.06876427143	0.06800635544	0.06907220129	0.06353945644	0.06417112852
	0.04317817603	0.04745450751	0.06329967388	0.04099418146	0.03270934495
	0.03990888051	0.03691071975	0.09607482666	0.09430925618	0.09279772706
	0.07902094779	0.07379064944	0.08863088649	0.08039580939	0.07746280671
	-0.3541649312	-0.394407579	-0.4029770483	-0.4021467627	-0.4012535495
	-0.3941819847	-0.4188522982	-0.414492645	-0.392471331	-0.3902642068
	-0.3837589012	-0.3789773873	-0.3735271493	-0.3767096205	-0.375686556
	-0.3629624941	-0.3625670751	-0.3631022867	-0.3703385359	-0.3676290102
	-0.3670215143	0.07416099888	0.04148969911	0.0708034418	0.07753763951
	0.07219593745	0.07196004811	0.05389550594	0.05782248471	0.05067516322
	0.03635185801	0.04267961076	0.04880727625	0.0396748742	0.03173265519
	0.03452087485	0.04221946515	0.03209624807	0.08740329132	0.09144324463
	0.08322990814	0.07499707	0.08007228148	0.07064199041	0.0761341674
	0.07356641317	-0.3514734445	-0.3941782485	-0.385433769	-0.3732622222
	-0.381126222	-0.3763460337	-0.3755543874	-0.3684475535	-0.3743570768
	-0.3626916063	-0.3654888484	-0.367184427	-0.3723777751	-0.3672557331
	-0.3679584685	-0.3697956835	-0.3716981712	-0.3732363221	-0.3870641685
	0.07968343014	0.03490805197	0.0582582397	0.03500628288	0.05596511889
	0.06128458027	0.05506078941	0.03465570389	0.04153308304	0.04811535104
	0.04878741459	0.04150889072	0.04274995136	0.02992109211	0.03982351457
	0.04997091734	0.0254405563	0.05611877933	0.07139654692	0.0652168464
	0.07247453122	0.06227699345	0.06944786057	0.0669587505	0.06314705759
	0.0576539765	0.05106692041	-0.37136579	-0.3756499858	-0.386849162
	-0.3672377616	-0.3840037943	-0.3730848875	-0.3666853046	-0.3639381525
	-0.3690601426	-0.3755541237	-0.3674310733	-0.3669592367	-0.3746793219
	-0.3663844821	-0.3697154401	-0.367220313	-0.3683422398	-0.3735588614
	-0.3735846269	-0.3792634084	-0.3721336691	-0.3813219789	0.04115257365
	0.02831134376	0.03265669363	0.03966833863	0.04725507212	0.04098965449
	0.03437326272	0.03614382026	0.03333513068	0.07392336682	0.03525089139
	0.07294621925	0.06173052442	0.05339297779	0.03360135997	0.03908651103
	0.04732203957	0.03387197599	0.02755218635	0.06396417536	0.06427042393
	0.06362949729	0.05940289466	0.05722578521	0.05873685292	0.05377001302
	0.04890637025	0.04567519806	-0.3744249336	-0.3678143241	-0.3723300154
	-0.3615831922	-0.3646168786	-0.363052361	-0.3623260946	-0.3746837561
	-0.3654705016	-0.3711342539	-0.3689160344	-0.3692440921	-0.372760981
	-0.3707081885	-0.3755403114	-0.3814939229	-0.3769197626	-0.3822997942
	-0.4046838358	-0.3940205857	-0.3939223496	-0.4068936039	0.03190974378
	0.03633030171	0.03577189924	0.03480440849	0.03521395814	0.03381145221
	0.03165227739	0.02608249251	0.02940321313	0.05233499326	0.0375493766
	0.02416181412	0.06279268129	0.03346115085	0.03646157248	0.01467874616
	0.01203704405	0.01948866809	0.01999843319	0.001367593811	0.01437523692
	0.06612457449	0.05533187307	0.06016007747	0.05999378967	0.04994984126
	0.04203280422	0.04302200288	0.04430998221	-0.3975313127	-0.3701430606
	-0.360580368	-0.3687064669	-0.37130163	-0.3753552872	-0.3798716721
	-0.3802907026	-0.379892135	-0.3824110311	-0.39031629	-0.3913820677
	-0.4022852678	-0.4000024167	-0.4008567046	-0.4286997965	-0.43210761
	-0.4397050223	0.01121549912	0.008503880311	0.03205350701	0.01922384893
	0.03113342234	0.02822263534	0.01904164545	0.02360281049	0.02623668863
	0.0255832865	0.03902203924	-0.005696567402	0.03025986706	0.03447485427
	0.04526567192	0.02529601887	0.02597704762	0.02054713649	-0.003396493019
	0.02382268162	0.00364898112	0.01334713121	0.050374753	0.04622421252
	0.05289487312	0.04336930261	0.03665310838	0.04633588749	0.04378559152
	0.04207061725	0.03503281062	-0.4136803162	-0.387978257	-0.3716537096
	-0.3748367469	-0.373159756	-0.3867438226	-0.3959081978	-0.396871617
	-0.3716646581	-0.3845568843	-0.387215562	-0.4035618228	-0.4031138817
	-0.4130931629	-0.4246207527	-0.449153521	-0.4475090571	-0.4767726766
	-0.4632353257	-0.003651494265	0.01134989193	-0.02202340749	-0.02852706803
	-0.0334976071	-0.04106731366	-0.04863702022	-0.0008717204593	0.001187026449
	0.01205032764	0.02136482858	0.0003819729296	0.006893256575	-0.005716698079
	0.002834992121	0.02313621699	-0.006854579748	0.0471807121	0.05567173872
	0.0630914371	0.05945890512	0.03801381341	0.03033552304	0.02849019928
	0.02229572933	0.001264272724	0.01388334907	0.01835407116	0.04056119105
	0.04673532452	0.0456215184	0.0408570725	0.04576555285	0.03899348186
	0.03940904682	0.03368584179	0.03744879699	-0.436530901	-0.3866915129
	-0.3814949763	-0.4011780732	-0.4006447481	-0.3856475555	-0.4371290545
	-0.3963499416	-0.3904115807	-0.3933902467	-0.4105213143	-0.409024099
	-0.4127533833	-0.4200728705	-0.4446927839	-0.4292493424	-0.4672962373
	-0.4687084632	-0.4972244907	-0.489532563	-0.4824636541	-0.5091972531
	-0.4737256343	-0.07344306249	-0.06839988645	-0.05617946935	-0.06370976995
	-0.06383533655	-0.009816170383	0.0006882431928	-0.03131162429	-0.03055659567
	-0.04843515321	-0.04130238209	-0.06421444095	0.007603291371	0.002672301054
	0.005264169013	-0.0001106020206	0.006479639614	-0.01420880392	-0.01622783321
	-0.02281191649	-0.02700291166	-0.04281384898	-0.01180520609	0.03302658239
	0.04983610138	0.01537569524	0.04086199203	0.0274220893	0.02644678727
	0.007730639556	0.008824557501	0.01579927589	-0.01317844742	0.01119767113
	0.03423418314	0.03223936666	0.04145107128	0.0278960474	0.03582530035
	0.03087634362	0.03058884357	0.02871696765	0.03413248337	-0.4633293013
	-0.4062584841	-0.4548768229	-0.4157261635	-0.4163792147	-0.4430670062
	-0.4254055278	-0.4627408773	-0.435365633	-0.4720482184	-0.4761819632
	-0.4846337671	-0.5195485482	-0.511970064	-0.560590516	-0.5291111456
	-0.5494608243	-0.5260669346	-0.1009555333	-0.07568545382	-0.08511131156
	-0.0134015292	-0.02872645812	-0.04026092293	-0.06303932713	-0.08230139048
	0.000915086667	-0.01328015281	0.001572200984	-0.02813681875	-0.0081698013
	-0.0462149248	-0.02905579058	-0.0645052724	-0.06744400972	-0.04386765087
	0.02338250712	0.03858471625	0.03212365749	-0.03142291048	0.006757449292
	0.02266300971	-0.0005097833199	0.005868291974	-0.003787292425	0.01172660927
	-0.002173605521	0.04316114387	0.03726158288	0.02496531073	0.04277491259
	0.03836346344	0.03529566244	0.02143861048	0.0263962475	0.01366873933
	-0.4617138341	-0.4762429218	-0.4583256937	-0.433033532	-0.4437882569
	-0.4173224519	-0.4447424538	-0.4223897686	-0.4598734337	-0.4304776492
	-0.5139849204	-0.4796790738	-0.48578464	-0.4996833867	-0.553393148
	-0.5403979117	-0.5500385132	-0.5831253598	-0.588499821	-0.5806174653
	-0.5987736694	-0.6249909266	-0.1439740203	-0.1053678471	-0.1154740795
	-0.04511071687	-0.0491352637	-0.1173477871	-0.08737125741	-0.01359421543
	-0.05251239992	-0.03856338995	-0.0139763631	-0.0467197395	-0.02785386188
	-0.07228908397	-0.01405827354	-0.0330427938	-0.05577598708	-0.0778901023
	-0.07082377014	0.02683939043	0.02369265366	0.0633888476	0.0500599657
	0.02568523979	-0.004187816577	0.0155151291	0.005645277071	0.004454464145
	-0.01924374539	0.0250732777	0.02815644757	0.01267237286	0.03395463548
	0.02655160212	0.01838637024	0.01469968961	0.02023965073	-0.01590342117
	0.02237603365	-0.3970892891	-0.4479316303	-0.5361927171	-0.5107130029
	-0.5287597201	-0.488458351	-0.5359771338	-0.5021348632	-0.6166293162
	-0.5563187223	-0.5737149769	-0.612675996	-0.6306020602	-0.6167681947
	-0.6688015866	-0.6972633155	-0.6974654404	-0.6507931846	-0.5795852242
	-0.1957494612	-0.1551099026	-0.1466971481	-0.07034313055	-0.1230473669
	-0.03249587551	-0.03663101798	-0.04380335458	-0.06551007288	-0.05877407109
	-0.09179838278	-0.03892459455	-0.08546374969	-0.04145777562	-0.0701968469
	-0.08985727302	0.01624422684	0.00501506375	-0.002721827732	0.02453973962
	-0.05114149329	-0.03323388991	0.005872627373	0.01187183532	-0.0135628513
	-0.0008027253952	0.021999602	0.0161414435	0.02305787641	0.01477565925
	0.0251903883	-0.03610689956	0.05059554822	0.02847888252	0.02920738273
	0.026921634	-0.3409566677	-0.2670089444	-0.4080207096	-0.5027481611
	-0.727754365	-0.591652626	-0.6826121112	-0.5747537661	-0.6239921337
	-0.6515253256	-0.6683054558	-0.6941423468	-0.7390420298	-0.7704757612
	-0.7676593201	-0.8234236395	-0.784440108	-0.750174936	-0.6248384708
	-0.2314030026	-0.2019061864	-0.1683676496	-0.1216733773	-0.0478372632
	-0.04057024208	-0.04956814078	-0.03994668493	-0.06654855793	-0.05818820051
	-0.08053376944	-0.09856326461	-0.07475203635	0.03085176775	-0.06425580569
	-0.03068642956	-0.01595378216	-0.05748525567	-0.0347386484	0.006760405634
	0.006342915578	0.01785200848	0.02159729412	0.02001584879	0.02504908748
	0.02102323937	-0.03530260288	0.03872856674	-0.03150545238	0.007261135892
	0.0124748149	-0.3203370849	-0.4620355979	-0.5378743039	-0.6455428247
	-0.6794140064	-0.7264642412	-0.8291038583	-0.8132730785	-0.8278942447
	-0.7995544816	-0.8531307835	-0.8391235773	-0.8552062569	-0.9084299411
	-0.8534128342	-0.8973387541	-0.7422846941	-0.7003750917	-0.2649737319
	-0.228190064	-0.1361932117	-0.1847163253	-0.07441309087	-0.06427689247
	-0.04584580304	-0.02207777324	-0.04201940951	-0.03275748715	-0.1191292714
	-0.1091602416	-0.1534209228	0.002909491294	-0.03563784094	0.02306065604
	0.01651889634	-0.03629697628	-0.03150498759	-0.005025439054	0.0186839247
	0.02389102159	0.01676779106	0.006861213066	0.01162330235	-0.003878281803
	-0.0282255655	0.00925482322	0.006377038019	-0.3808795267	-0.4917583818
	-0.6240547753	-0.7783350949	-0.72894477	-0.8846713322	-0.9209633243
	-0.9031569688	-0.8760557307	-0.9007361003	-0.9327497076	-0.7581822849
	-0.8426496619	-0.9963020094	-1.087172386	-0.8078141684	-0.8928685899
	-0.9014521199	-0.07082991871	-0.03903468621	-0.3051707839	-0.2370823028
	-0.1939060591	-0.08686342187	-0.09763185759	-0.06299787136	-0.08910611082
	-0.1653485534	-0.1584123273	-0.1718532197	0.03018970041	-0.006787693298
	-0.02185461067	-0.02341590151	0.04381124936	0.009009857923	-0.02222729598
	-0.0232661752	0.01087722759	0.0129267178	0.01023837214	0.01199573402
	0.00906112208	0.04816951073	0.009518035945	-0.0221054282	-0.005104635492
	0.01648488985	0.02285820988	-0.4169722039	-0.7906955281	-0.5999695415
	-0.9580955937	-0.9495393578	-0.963907115	-0.9884483211	-0.944055112
	-0.9719011514	-0.9030751748	-1.078891755	-1.11360886	-1.41726586
	-1.400661732	-0.9209980254	-0.5356504205	-1.113007176	-1.193645966
	-1.040981755	-0.08263916815	-0.08971879886	-0.105066151	-0.316489188
	-0.2246413171	-0.1119178009	-0.145867562	-0.1548293179	-0.1580647553
	-0.001390507936	-0.01259902912	-0.03463653016	-0.06532762966	-0.02467993643
	-0.03041259929	0.01706519258	0.02225813639	0.007610972427	0.006583416166
	-0.03406688942	0.006941138151	0.0452239053	0.007067958755	0.00858588424
	0.01871106805	0.006977692744	-0.4794047544	-0.7580343645	-0.6509114332
	-0.9414209436	-0.9500639378	-0.9633767325	-0.9620745679	-0.9866223326
	-0.9613962353	-0.9625744883	-0.9354432838	-0.9193658436	-1.141389955
	-1.455341421	-1.634489045	-1.713882604	-1.325683289	-0.7226315382
	-0.3540545059	-1.373066033	-1.046421384	-1.065779305	-1.864990378
	-1.881738939	-1.903163541	-1.117605415	-0.08920963893	-0.100255034
	-0.09357575201	-0.2991547568	-0.1041134045	-0.188228725	0.03053254347
	-0.01542339178	-0.01711230369	-0.05743087254	-0.04547657898	0.009315270141
	0.01350820795	0.009576148375	-0.06429300701	-0.03316539245	0.0118142564
	0.0138455368	0.03258809869	0.006332223142	0.005061660937	-0.5210791301
	-0.9014150289	-0.7113625991	-0.9537274394	-0.9433913567	-0.939328985
	-0.8890732553	-0.9483171146	-0.9495842121	-0.9589064344	-0.9056126403
	-0.940001759	-0.955668379	-0.9697040166	-0.9451014841	-0.9382941613
	-0.9741221646	-1.318513656	-1.536461845	-1.711416789	-1.364193333
	-1.37355263	-0.3352972044	-1.381085124	-2.057509524	-1.914325166
	-3.140885801	-2.980585099	-1.938362772	-1.199702813	-0.06639018054
	-0.07009564829	-0.07278838442	-0.0944402325	-0.2816647979	-0.2215942301
	-0.002867244444	0.01360624934	-0.02886873618	-0.06219934917	-0.01331493672
	0.01590155965	0.004404702846	0.02142846713	-0.02537157332	-0.01280369424
	0.01303217787	-0.01590475969	0.003790565249	0.002611020816	0.005315591355
	-0.4797504578	-0.8006737965	-0.5882891865	-0.9179177102	-0.9424236385
	-0.9473316988	-0.9207271456	-0.9510199202	-0.9583431648	-0.9632013972
	-0.8830415408	-0.9411037023	-0.9160775217	-0.9570913677	-1.060321424
	-1.425751994	-1.386066651	-1.384826809	-1.460574908	-1.360951704
	-1.415956495	-1.33992577	-1.464263232	-1.330578707	-0.2796631068
	-2.101372849	-2.834853922	-3.747912022	-3.602530815	-3.381531809
	-1.692645372	-2.410616658	-1.187400876	-0.05432696187	-0.05999825421
	-0.05194939684	-0.1217844375	-0.2033062369	-0.2371184754	0.01852106735
	0.03766315654	-0.0368179344	0.00149184875	-0.07756385565	-0.06934263981
	0.02643576645	0.0138934682	0.00812848192	0.003793115311	-0.01687273165
	0.002975018867	-0.01363281898	0.0165297149	0.01512105522	0.002480999106
	-0.2725422224	-0.3952518031	-0.6456594415	-0.9847705495	-1.014890259
	-1.343922304	-1.389849722	-1.193461378	-1.061794042	-0.9889347854
	-1.416752898	-1.366891197	-1.813085107	-1.317214021	-1.358270005
	-0.2265558129	-2.578003331	-2.034881344	-3.066234303	-3.83237603
	-3.362620651	-3.018948736	-3.414265306	-1.473994516	-2.121922519
	-0.6720116421	-0.05111941914	-0.1070761129	-0.1867041151	-0.007296278546
	0.01319825922	-0.01118132031	-0.02019769194	-0.0872456194	-0.005645567998
	0.0162488088	0.01445168491	0.006776422454	0.009079080883	0.004311055661
	0.0201212862	0.01115427098	0.01976044552	-0.2690402945	-0.3588324478
	-1.294833016	-0.9570405258	-1.293369024	-1.373123471	-1.131523816
	-0.9489044886	-1.539193082	-1.355928744	-1.346076072	-1.347730453
	-1.356373314	-1.34977658	-0.3742818305	-1.494733525	-1.362764545
	-1.355937962	-0.1965891808	-2.568813166	-1.801165794	-2.776069276
	-3.5212238	-2.958855426	-3.106090618	-2.677038613	-2.174020956
	-1.048501601	-1.536419256	-0.6858552146	-0.3626429188	-0.08088967821
	-0.09136113494	-0.04120161716	0.01183894094	0.005749436488	-0.05273963218
	-0.04723709404	-0.007827520305	-0.003570099387	0.01207446675	0.003813253476
	-0.001272613518	0.0022740445	0.008141385412	0.003595425828	-0.1877636865
	-0.1928295372	-1.342441328	-1.34019567	-1.369608173	-1.375713454
	-0.1875112558	-1.303590709	-1.417838691	-1.356421199	-1.264421661
	-1.36514605	-0.08375338842	-1.673913199	-2.314474836	-2.48981731
	-2.977055358	-2.702789057	-2.831740126	-2.450248551	-1.863572464
	-0.9379287863	-1.418387634	-0.7601409241	-0.3539587747	-0.06274578266
	-0.07278313243	-0.03950563141	-0.004597062853	0.01106233524	0.02512399739
	-0.02680471568	-0.02264915612	-0.01264968412	0.01113343839	-0.004033325453
	0.002573455562	0.007608263029	0.01150324555	-0.02587726072	-0.09032172531
	-0.06771502651	-1.372231274	-1.304609769	-1.477969154	-1.277491198
	-0.03453187997	-2.31402733	-1.77868869	-1.921122661	-2.169390664
	-2.424088619	-2.384579343	-2.559920314	-2.409943546	-2.08625245
	-1.544312602	-0.6278760179	-1.001699144	-1.293939883	-0.1523173341
	-0.3845961921	-0.2439220579	-0.07030972856	0.0204378403	0.003900889631
	-0.007523671248	-0.05346418912	-0.01521515902	0.01137651501	0.009917296597
	-0.003789019701	-0.01759141531	0.01058743721	0.01487489823	0.016016885
	0.007229646148	0.01040056221	0.01212395751	-0.01369433582	-0.001554280428
	-2.158644357	-2.242242312	-1.981411849	-2.557187168	-2.140939442
	-2.480425159	-2.136026121	-1.228547928	-1.041285155	-1.65932007
	-2.187178596	-1.682867047	-0.2853755993	-0.6812324114	-0.7995187064
	0.05211522194	-0.009241255974	-0.09634232764	0.06678524826	0.02481566912
	0.03846089185	0.04920397616	0.01880988197	-0.007500264971	0.008395594464
	0.0092021761	0.0218041595	0.02534129977	0.01603644688	0.01455019905
	0.01081711167	0.01372001015	0.01359916218	0.0416924787	-1.206168017
	-1.882840806	-2.589582337	-1.569392626	-0.8860255939	-1.522925108
	-2.213492036	-0.2371792408	-0.004938677936	-0.2278590102	-0.7833172913
	-0.4620967024	-0.5212332809	0.01081580205	-0.01491552967	-0.08237017478
	-0.09062249818	0.0808836541	0.06249444494	0.06035722072	0.0652402286
	0.0628089629	0.04899870108	-0.0001408665767	0.01229039196	0.04118393976
	0.01355074726	0.02744676128	0.01812096489	0.01262718872	0.009261833969
	0.01486694407	0.01856150161	0.01777547276	0.04177515184	0.09473346836
	-0.1372479614	-0.1520984258	0.06349134124	-0.4080116357	-0.4024473415
	0.09230859986	0.005614780193	-0.01107623106	0.06962923927	0.07341106497
	0.05441310965	0.07021357423	0.05811730151	0.06691173834	0.06005834925
	0.05532912631	0.01874429339	0.03284129057	0.04136792451	0.0101533991
	0.02540026518	0.01577397261	0.01764199581	0.02419986629	0.01981185484
	0.04473099088	0.06494250842	0.08852486575	0.08216161796	0.06806307314
	0.06903995195	0.05079862775	0.05772085603	0.01915527826	0.03336051588
	0.02705695929	0.02920190678	0.02624160677	0.02519116716	0.02214667797
	0.03834430978	0.05697646289	0.06682481409	0.04089884246	0.04148879016
	0.02332765785	0.03637758839	0.04115575779	0.0240510823	0.02907652447
	0.04600142705	0.0549364527	0.03042624874	0.03553600416	0.02667984719
	0.03033544633	0.0416643292	