2601	
	0.02595832082	0.02603385685	0.02605575738	0.02600479832	0.0258726352
	0.0257153493	0.02551676491	0.02530024891	0.02505678123	0.02479373915
	0.0244981611	0.02417761637	0.02382091255	0.02344203318	0.02303447568
	0.02262250695	0.02220422584	0.0218162232	0.0214597379	0.02118308971
	0.02098561133	0.02092261668	0.0209817424	0.02121633062	0.02158945353
	0.02214198897	0.02280142069	0.02358954126	0.02439652973	0.02522858476
	0.02595310135	0.02657706733	0.02697640537	0.02718120096	0.02711295318
	0.02683395421	0.02633632323	0.02568950027	0.02496376482	0.02417127401
	0.02347349577	0.02273082447	0.02225762403	0.02164167161	0.02148124547
	0.0209629918	0.02111933619	0.02062632773	0.02116894394	0.02053994934
	0.02226174809	0.02584188376	0.02594136412	0.0258714709	0.02583123683
	0.02574531337	0.02565143334	0.02552306252	0.02538365813	0.02521599418
	0.02503210065	0.0248208455	0.02459171722	0.02433464464	0.02406274439
	0.02376684269	0.02346671721	0.0231546835	0.02285981059	0.02257525305
	0.02234037218	0.02214593458	0.02203947395	0.02200243449	0.02208505856
	0.02224974726	0.02254254828	0.02289807671	0.02335387565	0.02381478936
	0.02431254783	0.02473210294	0.02511029682	0.02533398353	0.02545834701
	0.02539785856	0.0252283332	0.02491007528	0.02451791945	0.02406726999
	0.02358387757	0.02315627986	0.02269139286	0.02240900231	0.02199698861
	0.02193442345	0.02154265808	0.02173460302	0.02132519451	0.021776253
	0.02126104025	0.02204474205	0.02583441571	0.02601634873	0.02594402077
	0.02595813589	0.02585627388	0.0257469723	0.02558967296	0.02542014263
	0.02521878416	0.02500298716	0.02475666569	0.02448912387	0.02418817105
	0.02386489132	0.02351056124	0.02314398684	0.02276056575	0.02239012671
	0.02203206748	0.02172847174	0.02147921436	0.02133568737	0.02128957304
	0.02139381838	0.02161903899	0.02200984167	0.02250333631	0.02312930839
	0.02378658784	0.0244932851	0.02511956803	0.02568748359	0.02606379375
	0.02629681124	0.02628153982	0.02610530834	0.02571213895	0.02521358324
	0.0246035372	0.02397198649	0.0233593272	0.02277094379	0.02231889382
	0.02185120298	0.02163771303	0.02125563424	0.02131079128	0.02092053696
	0.02124637765	0.02079660027	0.02136423835	0.02588812942	0.02605122181
	0.0259224589	0.02593561774	0.02580095592	0.02572508678	0.02559666832
	0.02547633955	0.02532681518	0.02516759913	0.024976753	0.02476601507
	0.02451958025	0.02424887598	0.02394198439	0.02361589959	0.02326225098
	0.02290884995	0.02255150573	0.02223136116	0.02194535657	0.02174543043
	0.02162067366	0.02162627409	0.02173054429	0.0219830308	0.02231955525
	0.02277927771	0.02326125367	0.02379848984	0.02426157384	0.02469218407
	0.02495410562	0.0251175375	0.02506665417	0.02491021741	0.02457046699
	0.02417896182	0.02369582582	0.02323247817	0.02278331206	0.02238382827
	0.0220870724	0.02179299435	0.02168657853	0.02145363269	0.02154697348
	0.02128211007	0.02162627045	0.02124860785	0.02190600852	0.0260445511
	0.02613665671	0.02603188716	0.02606207489	0.02592663316	0.02586904171
	0.02571906624	0.02559082817	0.02541690384	0.02523339273	0.02500947915
	0.0247579412	0.02445686517	0.0241164294	0.02372099531	0.02328769818
	0.02280922732	0.02231748815	0.0218141238	0.0213483176	0.0209254112
	0.02060679637	0.02038916884	0.02033591416	0.02041942662	0.02069487997
	0.02109689599	0.02166731732	0.02229685462	0.02301816417	0.02368412686
	0.02433415922	0.02480427555	0.02516522683	0.0252666419	0.02522973844
	0.02494154377	0.02456702956	0.02403243521	0.02350692811	0.02294233228
	0.02245691683	0.02203067611	0.0216761683	0.02145478133	0.02120544056
	0.02118638648	0.02095064355	0.02114848925	0.02081003791	0.02134873416
	0.02624873532	0.02622606759	0.02615069668	0.02612847117	0.02597861492
	0.02591477147	0.02575991708	0.02565465136	0.02549166988	0.02532800613
	0.02511038892	0.0248561527	0.02453469504	0.02415696197	0.02370365645
	0.02319480386	0.02262337753	0.02202682643	0.02140932359	0.0208264744
	0.02028491882	0.01985126491	0.01952035784	0.01935985407	0.0193380118
	0.01951588736	0.01982355783	0.02031290724	0.02086998507	0.0215421644
	0.02217477497	0.02282496548	0.02331350673	0.02373037898	0.02389908849
	0.02396321422	0.02377409136	0.02352619947	0.02310441633	0.022715712
	0.02226679347	0.02192019713	0.021601923	0.02138303385	0.02124496758
	0.0211217682	0.02114811097	0.02102956019	0.02122345436	0.02103431156
	0.02150280063	0.02652262605	0.02634330497	0.02633284051	0.0262515745
	0.02613518784	0.02606108462	0.02590358824	0.02578280314	0.0255807796
	0.02537071889	0.02507738854	0.02472897592	0.02428245058	0.0237522917
	0.02311630646	0.02240031998	0.02160118616	0.02076632578	0.01990690954
	0.019089447	0.01832655352	0.01769458135	0.01719157834	0.01689439749
	0.01677205796	0.01689588337	0.01719429654	0.01773116793	0.01838637283
	0.01921964889	0.02006077611	0.02097695807	0.0217580456	0.02250128916
	0.02298178778	0.0233546946	0.02341189641	0.02337824566	0.02307854008
	0.02277975074	0.02233037545	0.02197879698	0.02158668062	0.02132547787
	0.02108981677	0.02093586011	0.02085739993	0.02073544693	0.02080911846
	0.02062018423	0.020915499	0.0268314482	0.02645433457	0.02653012233
	0.02635415103	0.02626886261	0.02614180054	0.02597534018	0.02581836042
	0.02557834909	0.02531554783	0.02494113897	0.02448896256	0.02390195845
	0.02320319344	0.02236831469	0.02143378109	0.02040147948	0.01933031585
	0.01823622564	0.01719481697	0.01621954775	0.01539300837	0.01471032548
	0.0142542074	0.01398884578	0.0139943822	0.0141942551	0.01466684118
	0.01528690205	0.01613492892	0.01703182346	0.01806879037	0.01901498749
	0.01998988665	0.02072761706	0.02140350056	0.02174819182	0.02201521453
	0.02195924272	0.02189844118	0.02161203961	0.02142420252	0.02112494067
	0.02097581391	0.02078974068	0.02072209808	0.02066081022	0.0206265599
	0.02067463406	0.02060688606	0.02083100248	0.02716315512	0.02655877974
	0.02674810693	0.02645886146	0.0264315095	0.02624161223	0.02607587824
	0.02585024231	0.0255381678	0.02515573442	0.0246254264	0.02397720272
	0.02315003725	0.02217816596	0.02103769309	0.01977976111	0.01841215562
	0.01700718926	0.01558626574	0.014235621	0.01297088703	0.01188321509
	0.0109668101	0.01031294645	0.009882875116	0.009768062841	0.009888004414
	0.01033774296	0.01098677535	0.01193844316	0.01300329336	0.01429881074
	0.01556967841	0.01695877611	0.01814948104	0.01933438621	0.02016239153
	0.02091023756	0.02123360029	0.02150579551	0.02141113783	0.02137368381
	0.02109543142	0.02096791406	0.02070776747	0.0206090778	0.02044566313
	0.02037683505	0.02031594749	0.02023305886	0.02030756942	0.0274753584
	0.02662314532	0.02694286118	0.02651824652	0.026554365	0.02626386034
	0.02608067907	0.02574054538	0.02532893132	0.02478353614	0.02406455496
	0.02317988068	0.022078577	0.02080189674	0.01933183909	0.0177360794
	0.01602865189	0.01429643415	0.01256445364	0.01092854087	0.009403007686
	0.008084619043	0.006961453833	0.00612909166	0.005539843371	0.005292308854
	0.005296877271	0.005663153749	0.00625309442	0.007195472676	0.008293676853
	0.009701492426	0.01114961278	0.01282177628	0.01436502503	0.01600641698
	0.01731951638	0.01860836182	0.01941679606	0.02016404382	0.02041338759
	0.02068459518	0.02056803323	0.020595691	0.02037091223	0.02034592813
	0.02016100982	0.02014566362	0.02004554624	0.02003754664	0.02006291589
	0.02773845244	0.02663043702	0.02709402524	0.02652015857	0.02662783416
	0.02621442389	0.02601039649	0.02552025742	0.02497845082	0.02420918107
	0.02324102237	0.02204259906	0.02059441604	0.01893852811	0.01707318251
	0.01508120046	0.01298520955	0.01088686959	0.008814099701	0.006872282277
	0.005072901112	0.003517630732	0.002186799178	0.001179616342	0.0004382000755
	6.798326867e-05	-3.081369965e-05	0.0002657114614	0.0008104598878	0.001757530034
	0.002901525562	0.00443464945	0.006074201301	0.008052757523	0.009985427908
	0.01214717674	0.01403719613	0.01599474245	0.01743352587	0.01881259014
	0.019536237	0.02021920826	0.02030499038	0.02049523119	0.02025746919
	0.02024676313	0.01995770357	0.01991384849	0.01969973566	0.01967435023
	0.01959290672	0.02789468802	0.02654113453	0.02715184889	0.02641787424
	0.02659438503	0.02602797947	0.02578181794	0.02509286159	0.02438399861
	0.02333856977	0.02208515559	0.02053403761	0.01871821932	0.01666931765
	0.01441298106	0.01204173527	0.009590480968	0.007173111174	0.004818857566
	0.002639826803	0.0006400723549	-0.001077750713	-0.002546353118	-0.003666858195
	-0.00451203005	-0.004973091229	-0.005164085448	-0.004950121528	-0.004491102471
	-0.003610378726	-0.002524532654	-0.001002553544	0.0006621236784	0.002760094247
	0.004887910632	0.007390972382	0.009716757254	0.01226623347	0.01433274495
	0.01642033116	0.01774697975	0.01900627157	0.01944839894	0.0199491647
	0.01980126005	0.01990743949	0.01957144249	0.01957806192	0.01929147531
	0.01932533897	0.01919287451	0.02791143608	0.0263368304	0.02708566847
	0.02618860216	0.02642565697	0.02568362587	0.02537934372	0.0244571238
	0.02355558695	0.02219119581	0.02061960832	0.01867484599	0.01646481768
	0.01399941974	0.01134555655	0.008598135028	0.005809533321	0.003100431469
	0.000500262462	-0.001876383706	-0.004036230186	-0.005877899072	-0.0074492511
	-0.008651777433	-0.009573422671	-0.01010109426	-0.01036301561	-0.0102131544
	-0.009825469718	-0.009002816735	-0.007976635849	-0.006481185126	-0.004825663542
	-0.002663383996	-0.0004166780874	0.002340183551	0.005015912481	0.008099578958
	0.01078128439	0.01363049856	0.01566285109	0.01763977668	0.01856428444
	0.0194796729	0.01946124554	0.01969669373	0.01927343551	0.01929520771
	0.01887222286	0.01891671295	0.01867062122	0.02772670836	0.02597539388
	0.02684452649	0.02579035504	0.02607212011	0.02513604921	0.02475274893
	0.02356363929	0.02244349165	0.02072696835	0.01882269925	0.01647372152
	0.01388331684	0.01102616052	0.008022650417	0.00495877352	0.001908717434
	-0.001009183955	-0.003766600425	-0.006252850544	-0.008488479801	-0.01037634579
	-0.0119816548	-0.01320677527	-0.01415605857	-0.01471200854	-0.01501823257
	-0.0149183833	-0.01460258486	-0.01385601044	-0.01292867298	-0.01152527312
	-0.00997579286	-0.00788275442	-0.005689435254	-0.002886329531	-9.096627887e-05
	0.003300147742	0.006407212519	0.009905698741	0.01262591898	0.01540349968
	0.01694717904	0.01844589777	0.01868812217	0.01917326189	0.01871908898
	0.01882811083	0.01828481499	0.01840290088	0.01805308684	0.02732845524
	0.02545384312	0.02641067942	0.0252122758	0.02551535199	0.02437544197
	0.02389404441	0.02241892694	0.02106798376	0.01898618117	0.01675148813
	0.01400281932	0.01105528552	0.00783508801	0.004527491586	0.001196993831
	-0.002055879511	-0.005125887249	-0.007985546932	-0.01053435476	-0.01280666905
	-0.01471053526	-0.01632728422	-0.01755777993	-0.01852107128	-0.0190921466
	-0.01942883299	-0.01936244461	-0.01909940627	-0.01840750998	-0.01755763608
	-0.01622888617	-0.01477786974	-0.01276493107	-0.01066369432	-0.007890179733
	-0.005092358844	-0.001545287761	0.00182220804	0.005830959741	0.009162443236
	0.01275721784	0.01501033561	0.01723126581	0.01784935997	0.01867349925
	0.01820451493	0.01840864526	0.01769799794	0.0178744923	0.01735593013
	0.02666344367	0.0247351768	0.02574403268	0.02442621159	0.02472505838
	0.02338257227	0.0227866382	0.02101855531	0.01943236406	0.01698666785
	0.0144391295	0.0113172734	0.008060933879	0.004534955043	0.0009978880754
	-0.002521965009	-0.005894240152	-0.009038918179	-0.01192760666	-0.01447628788
	-0.01673107471	-0.01860630785	-0.02019762776	-0.02140300623	-0.02235549427
	-0.02292072295	-0.02327110575	-0.0232242472	-0.02300386824	-0.02236020204
	-0.02158677245	-0.02033945709	-0.01900526484	-0.01710920537	-0.0151626212
	-0.01251848266	-0.009863315051	-0.006356012406	-0.002963956352	0.001308480823
	0.00504172839	0.009336850997	0.01229448646	0.01534114647	0.01647194473
	0.01778176407	0.01737855026	0.01775334216	0.0168808807	0.01716256712
	0.01645653769	0.02576400376	0.02384902011	0.02486142913	0.02345245736
	0.0237147222	0.02217950632	0.02145395041	0.0193995926	0.01758376887
	0.01479361488	0.01196490331	0.008510476294	0.00500001682	0.001225173901
	-0.002477032153	-0.006128521376	-0.009565065467	-0.0127427044	-0.01562764498
	-0.01815728266	-0.02038447315	-0.0222299558	-0.02379958861	-0.02498607485
	-0.02593414773	-0.02649694784	-0.02686086052	-0.02682694863	-0.02663685855
	-0.026021469	-0.0252983605	-0.0241002972	-0.02284723482	-0.02103297445
	-0.01921275348	-0.01668829507	-0.01419720791	-0.0107998522	-0.007510102656
	-0.003154731966	0.0007789637129	0.005605926701	0.009187182884	0.01309182612
	0.01483807944	0.0167636948	0.01650224536	0.0170998716	0.01604447354
	0.01643917885	0.01548956674	0.02458917471	0.02276493977	0.02373977349
	0.02227954375	0.0224776766	0.02077317208	0.0199098242	0.01759125291
	0.01556116143	0.0124605777	0.009391934686	0.005657031759	0.001955074576
	-0.00200389172	-0.005801723362	-0.009523006572	-0.01296531957	-0.0161304261
	-0.01897282857	-0.02145604987	-0.02363339868	-0.02543338575	-0.02696816608
	-0.02812503689	-0.02905948321	-0.02961122479	-0.02998175391	-0.02995386948
	-0.02978887828	-0.0291958918	-0.02851789985	-0.02736250838	-0.02618388058
	-0.02444536822	-0.02274920723	-0.02035325001	-0.01805479248	-0.01483315602
	-0.01176202069	-0.007504814735	-0.00360286529	0.001510278285	0.005525455557
	0.01021312191	0.01261547263	0.01527654491	0.0152605275	0.01616961606
	0.01494492516	0.0154883069	0.0142640962	0.02323068042	0.02155763368
	0.02244348975	0.0209683339	0.02106921356	0.01922303785	0.01821322731
	0.01566125789	0.01343557182	0.01006775537	0.006803331863	0.002843418807
	-0.0009924537911	-0.005080476331	-0.008922728498	-0.01267573526	-0.01609439443
	-0.01923350661	-0.02202793523	-0.02447136397	-0.02660973966	-0.02838106283
	-0.02989836692	-0.03104348601	-0.03198004543	-0.03253267699	-0.03291774552
	-0.03289700626	-0.03275301841	-0.03217007537	-0.03151921466	-0.03038024782
	-0.02924402028	-0.02754205896	-0.02592572664	-0.02361216431	-0.02146402494
	-0.01839453835	-0.01555201692	-0.01146344145	-0.00773133106	-0.00253336946
	0.001710171855	0.007037740015	0.01006932923	0.0135401277	0.01386690216
	0.01517212754	0.01379169143	0.01450775677	0.01296672291	0.02164587532
	0.020192154	0.02095730105	0.01951376855	0.01949649669	0.01754850812
	0.01639313716	0.01365139295	0.01125626244	0.007673983164	0.00426055383
	0.0001335358406	-0.003782216897	-0.007947826142	-0.01178901806	-0.01553913743
	-0.01890571179	-0.02200189082	-0.02473423014	-0.02713104374	-0.02922265106
	-0.03096033034	-0.03245270218	-0.03357901111	-0.03450936677	-0.0350547343
	-0.03544771927	-0.03542842305	-0.03530357069	-0.03472958144	-0.03410827109
	-0.03298656157	-0.03189365403	-0.03022420909	-0.02867994702	-0.02643608188
	-0.02442362064	-0.02149799799	-0.01889255555	-0.01502324461	-0.01157012141
	-0.006474585392	-0.002233674767	0.003514393112	0.007055628091	0.01133710255
	0.01208208391	0.01387031373	0.01236819606	0.01328553759	0.01139786387
	0.01999228437	0.01879507284	0.01939638329	0.01801812781	0.0178552907
	0.01584152512	0.01453721622	0.01164936063	0.009106552242	0.005361252755
	0.001837728895	-0.002405395514	-0.006360608427	-0.01056652437	-0.01438037917
	-0.01811277191	-0.02142094658	-0.02447970738	-0.02715906684	-0.02952673347
	-0.03158861473	-0.03331433261	-0.03480117734	-0.035929491	-0.03687151846
	-0.03742555178	-0.03783875157	-0.03782765658	-0.0377242512	-0.03715325846
	-0.03655110572	-0.03542744791	-0.03435520326	-0.03268769303	-0.03118122473
	-0.02896514539	-0.02704103267	-0.02420870944	-0.02179293471	-0.01811880459
	-0.01496186353	-0.01006299646	-0.005988809468	-3.14746143e-05	0.00385905502
	0.00889024284	0.01009800941	0.01244632475	0.01086759776	0.01201740372
	0.009761162878	0.01819425816	0.01730221374	0.0177287503	0.01645997178
	0.01614398147	0.01411049164	0.01266606634	0.00968448109	0.0070216617
	0.003169263119	-0.0004263223148	-0.004735972207	-0.008696257693	-0.01290966284
	-0.01667508968	-0.02037576336	-0.02361681773	-0.02663575798	-0.02925814943
	-0.03159620674	-0.03362209817	-0.03533097723	-0.03680087808	-0.03792031708
	-0.03885887604	-0.03940746862	-0.03982695738	-0.03981269763	-0.0397245864
	-0.03915411816	-0.03857670492	-0.03745863605	-0.0364205142	-0.03476480707
	-0.03330539034	-0.03111670132	-0.02927396592	-0.02651818483	-0.02427038679
	-0.02077598188	-0.01792087901	-0.01328183049	-0.009506324777	-0.003549568317
	0.0004854551132	0.006126699118	0.00778291264	0.01073441162	0.009126807928
	0.01052874012	0.007889473152	0.01648092158	0.01589868635	0.01612037478
	0.01498230183	0.01449452612	0.0124741014	0.010888999	0.007856568522
	0.005090559257	0.001176977592	-0.002466613885	-0.006805680124	-0.01075293843
	-0.01495489484	-0.01866711006	-0.02233612085	-0.02551702087	-0.02850902493
	-0.03108767404	-0.03341514878	-0.03542082737	-0.03713438884	-0.03860478111
	-0.03973779326	-0.04069159368	-0.04125589603	-0.04169899073	-0.04169655006
	-0.04163377042	-0.04106593094	-0.04050966377	-0.03938232736	-0.03835971974
	-0.03668705265	-0.03524590938	-0.03304813943	-0.03125004463	-0.02852541876
	-0.02639587307	-0.02302889861	-0.02043161775	-0.01604567868	-0.01261964311
	-0.006805372539	-0.002805535843	0.003279643092	0.00533252104	0.008906201005
	0.007323850935	0.009005027911	0.005987332069	0.01469963228	0.01445523192
	0.01448761001	0.01351664086	0.01286670818	0.01090253424	0.009192916093
	0.006159516781	0.003315258324	-0.0006103938076	-0.004276627542	-0.008607939256
	-0.01252594474	-0.01669739156	-0.02035156789	-0.02398460922	-0.02710599788
	-0.03007264707	-0.03260585722	-0.03492231526	-0.03689896717	-0.03861030555
	-0.04006406043	-0.04119592309	-0.04214122498	-0.04270043658	-0.04314169152
	-0.04312992059	-0.04307385234	-0.042496483	-0.04195926005	-0.04082750188
	-0.03983830459	-0.03816833773	-0.03677294491	-0.03458488032	-0.03284801418
	-0.03015464451	-0.0281353014	-0.02487381685	-0.02250935122	-0.01836601453
	-0.01531658306	-0.009752724136	-0.005954728993	0.0003770325474	0.002720259713
	0.006881642786	0.005361574768	0.007327260688	0.003939400097	0.01316752096
	0.01323076138	0.01305439796	0.01225326131	0.0114309876	0.009543886659
	0.00771016416	0.004707887127	0.001794712992	-0.002110042947	-0.005789926054
	-0.01009116481	-0.01397958782	-0.01811411574	-0.0217193596	-0.02532299081
	-0.02839857501	-0.03135361777	-0.03385537944	-0.03617842504	-0.03813972077
	-0.03987008678	-0.04132283209	-0.04247931202	-0.04343612523	-0.04401980402
	-0.04448299451	-0.04449034551	-0.04446236493	-0.04389275514	-0.04338252447
	-0.04224106666	-0.04127084914	-0.03957260391	-0.03818950205	-0.03596583735
	-0.03425126801	-0.03154246809	-0.02959147191	-0.02638266402	-0.0241984507
	-0.02024793796	-0.01755016956	-0.01227488619	-0.008784879252	-0.002376603727
	0.000138759788	0.004830819011	0.003406760468	0.005669908824	0.001941065712
	0.01160104315	0.01198592023	0.01164386127	0.01104095943	0.01007532412
	0.008301602421	0.006368575765	0.003439465406	0.0004813104338	-0.003363019321
	-0.007039152046	-0.01128297407	-0.01513582058	-0.01922092428	-0.02278018353
	-0.02635187669	-0.02938606671	-0.03232977225	-0.03479913656	-0.03712653629
	-0.03906232721	-0.04080380476	-0.04223468398	-0.04339985028	-0.04433680849
	-0.04491983219	-0.04536601606	-0.0453608387	-0.04532258828	-0.04473212658
	-0.04422557283	-0.04306399245	-0.04211933357	-0.04041075185	-0.03907700239
	-0.03685379082	-0.03520577992	-0.0325066433	-0.03064482705	-0.02748388294
	-0.0254684149	-0.02168312285	-0.01931884268	-0.01435037551	-0.01124760363
	-0.004919597166	-0.002372757883	0.00274898605	0.001425771895	0.003973142037
	-6.97026682e-05	0.0104434442	0.01108606647	0.01056132266	0.01013866533
	0.009024668812	0.007369500481	0.005337902407	0.002499007886	-0.0005005763923
	-0.004265825273	-0.007939041892	-0.01211516116	-0.01594218581	-0.01997877145
	-0.0235087359	-0.02705700379	-0.03006800229	-0.0330126832	-0.03546574271
	-0.03781310704	-0.03973765526	-0.04151143777	-0.04293612526	-0.04413976295
	-0.04507825396	-0.04570034418	-0.04615923509	-0.0461880018	-0.04617428622
	-0.04560528717	-0.04512960015	-0.04396703748	-0.04304837056	-0.04130751719
	-0.0399863381	-0.03770320533	-0.03606326216	-0.03330329459	-0.0314783986
	-0.02830342338	-0.02640701339	-0.02272324811	-0.02064255761	-0.01594925127
	-0.01325788313	-0.007111215198	-0.004653743204	0.0007954392114	-0.0004288980587
	0.002397715782	-0.001916298067	0.009212189781	0.01012499798	0.009487789575
	0.009269907507	0.008057206064	0.006552119349	0.00445823571	0.00174469899
	-0.001267834459	-0.004921492122	-0.008573878745	-0.01265956895	-0.01645552603
	-0.02043208961	-0.02393625433	-0.02745636651	-0.03044955685	-0.03339185987
	-0.03582962831	-0.03819179147	-0.04009706121	-0.04189415234	-0.04329200375
	-0.04451837218	-0.04542237369	-0.04605698808	-0.04647651178	-0.04649950506
	-0.04644728232	-0.04585200383	-0.04534868954	-0.04414722349	-0.04322666563
	-0.04145089228	-0.04016747979	-0.03786710025	-0.03630368731	-0.03354148879
	-0.03181662634	-0.02865336076	-0.02689785963	-0.02330043866	-0.02148982687
	-0.01704698964	-0.01478364385	-0.008894487769	-0.006644455722	-0.000987963715
	-0.00214411298	0.0009335015733	-0.003618469605	0.00854822481	0.009634340791
	0.008856902905	0.008804386856	0.007487567738	0.006122019833	0.003966132205
	0.001380878222	-0.001644258221	-0.005179888363	-0.008815840559	-0.01280965805
	-0.01658743739	-0.02050947268	-0.02400753172	-0.0275092612	-0.03050651198
	-0.03345778546	-0.03590113941	-0.03829151922	-0.04019679756	-0.04203675246
	-0.04342726302	-0.04470772714	-0.04560119718	-0.04629629501	-0.04671043138
	-0.04679314324	-0.04674903593	-0.04620275528	-0.04572317179	-0.04454582131
	-0.04365494758	-0.04186031919	-0.04059424404	-0.03821989049	-0.0366540021
	-0.03378014576	-0.03206109641	-0.02880747791	-0.02712721532	-0.02353332611
	-0.02193603154	-0.01767320377	-0.01581359953	-0.01019906663	-0.008238746412
	-0.00247100096	-0.003592587838	-0.0002798118122	-0.005029531949	0.00767526567
	0.008962170552	0.008143941135	0.00828525844	0.006935308143	0.005742129885
	0.003576384712	0.001152666131	-0.001845891421	-0.005231865972	-0.008824788097
	-0.01270281245	-0.01644882159	-0.02030205001	-0.0237911948	-0.02726605373
	-0.03027035772	-0.0332233192	-0.03567522876	-0.03808481062	-0.03998740079
	-0.04185781769	-0.04322619319	-0.04454290622	-0.04539152922	-0.0461192588
	-0.04646771484	-0.0465656142	-0.04644203273	-0.04588055362	-0.04532078408
	-0.04409521319	-0.04314494255	-0.04128502619	-0.04000945871	-0.03758286608
	-0.03608001284	-0.0331845269	-0.031590408	-0.02833172074	-0.02680663991
	-0.02323423733	-0.02187280136	-0.01776168629	-0.01630588559	-0.01097264211
	-0.009379835391	-0.003593059501	-0.004736528438	-0.00121922261	-0.006143405754
	0.007551979882	0.008906525024	0.007991880148	0.008262533005	0.00686430662
	0.005818903396	0.003639941825	0.001369427347	-0.001603617818	-0.004842862956
	-0.008397151116	-0.0121632535	-0.01588955364	-0.01968296629	-0.02318223989
	-0.02664321902	-0.02967843877	-0.03264641645	-0.03513349644	-0.03757515229
	-0.03950285206	-0.04141999657	-0.04279496022	-0.04417542413	-0.0450108148
	-0.04581992261	-0.04614260187	-0.04633415028	-0.04618702406	-0.04571929388
	-0.04515352178	-0.0440025545	-0.04306767225	-0.04123505767	-0.03997892546
	-0.03749927906	-0.03599051707	-0.03294910772	-0.03132661804	-0.02788056618
	-0.02637740257	-0.02269128809	-0.02148807624	-0.01742012003	-0.01631901848
	-0.01121286812	-0.01002428212	-0.00426689818	-0.005485493667	-0.001773879435
	-0.006851990124	0.006962132548	0.008451339311	0.007575289629	0.008018726513
	0.006667809682	0.005810369316	0.003690726612	0.001613217762	-0.001279732895
	-0.004334640271	-0.007807659223	-0.01143117123	-0.01510877109	-0.01882057651
	-0.02231480604	-0.02574827995	-0.02880905401	-0.03178235232	-0.03430510079
	-0.03676715396	-0.03872186383	-0.04066822503	-0.04204527469	-0.04346456748
	-0.04426371628	-0.04511954999	-0.04536019168	-0.04559453335	-0.04532197543
	-0.04487110027	-0.04415079193	-0.04296943676	-0.04187871398	-0.03996659611
	-0.03859846147	-0.03602194918	-0.03450206002	-0.03139880533	-0.02989682434
	-0.02643847499	-0.02514587279	-0.02144875634	-0.020494784	-0.01647253253
	-0.01575551707	-0.01084483512	-0.01011247674	-0.004424557571	-0.005791246417
	-0.001900911284	-0.007136100951	0.007386611927	0.008821536667	0.007877289481
	0.008397602345	0.007051048807	0.006341333057	0.004269584292	0.002365840212
	-0.0004511337723	-0.003330046805	-0.006727734418	-0.01021538326	-0.01385422699
	-0.01749661963	-0.02100315635	-0.02442618342	-0.02753755971	-0.03053541406
	-0.03312397422	-0.03562491945	-0.03764124611	-0.03963352383	-0.0410528974
	-0.04253134857	-0.04334095113	-0.044281481	-0.04449498454	-0.04484734781
	-0.04451890629	-0.04421411103	-0.04343413236	-0.04240551471	-0.0412792527
	-0.03948895411	-0.03811536357	-0.03557410329	-0.03404702087	-0.03083069297
	-0.02927704982	-0.02555570877	-0.02420237123	-0.02022609281	-0.01936197799
	-0.0152120381	-0.01479367629	-0.009953685499	-0.00967585918	-0.004031897553
	-0.005606674907	-0.001521621887	-0.006927781043	0.006907672381	0.008440640029
	0.007623451566	0.008290732764	0.007076600236	0.00657259953	0.004643268065
	0.002967417522	0.0003043603247	-0.002351139141	-0.00560945979	-0.00891680582
	-0.01246903454	-0.01600705717	-0.01949216384	-0.02288334837	-0.02602485161
	-0.02903424946	-0.03167991662	-0.03420738451	-0.03628447952	-0.03830362654
	-0.03976674833	-0.04127246283	-0.04208560181	-0.0430624168	-0.04321355517
	-0.04361602052	-0.04314042609	-0.04288682102	-0.04187555834	-0.04086565607
	-0.03945243113	-0.03761327011	-0.03595608815	-0.03330077254	-0.03158564314
	-0.02825373946	-0.02671625129	-0.02295683626	-0.0218520194	-0.01789529074
	-0.0173704455	-0.01318501609	-0.01316979566	-0.008380734548	-0.00861511125
	-0.002997233931	-0.004869294519	-0.000573560058	-0.006193230687	0.00790150324
	0.009242692867	0.008343432113	0.009015890953	0.007842805445	0.007473699056
	0.005655234817	0.004180256265	0.00165358533	-0.0007912048212	-0.003919315993
	-0.007059030414	-0.01053562706	-0.01398249675	-0.01746742732	-0.02084589246
	-0.02404551689	-0.02709455812	-0.02982860159	-0.03241424144	-0.03458816315
	-0.03666191054	-0.03821432307	-0.0397687499	-0.04064587686	-0.0416831103
	-0.04185063369	-0.04235475978	-0.04183149354	-0.04174537998	-0.04063003329
	-0.03985375349	-0.0383200491	-0.0367438534	-0.03500043621	-0.03256079541
	-0.03080217741	-0.02752717704	-0.02592425557	-0.02195106638	-0.02070849973
	-0.01629970832	-0.01570059977	-0.01114550977	-0.01135973065	-0.006391855819
	-0.007077437693	-0.001365168529	-0.00358374203	0.0009938106887	-0.004903276687
	0.007268418188	0.008717318286	0.008055742289	0.00886763398	0.007904359702
	0.007758877494	0.006182912382	0.004975479817	0.002694393824	0.0005275403653
	-0.00238585376	-0.005295674089	-0.00862217407	-0.01193104578	-0.01535596071
	-0.01868640359	-0.02190652689	-0.0249693011	-0.02777062672	-0.03039738636
	-0.03265520346	-0.03476802323	-0.03640216787	-0.03797719022	-0.03891476381
	-0.03995696577	-0.0401293964	-0.04064362459	-0.04002022085	-0.03997016869
	-0.03860582858	-0.03788494237	-0.03594549255	-0.03439756418	-0.03214442581
	-0.02964911053	-0.02740230769	-0.02399684924	-0.02211555348	-0.01806289946
	-0.01693465758	-0.01259379969	-0.01248047367	-0.00794908633	-0.008650410015
	-0.003566433709	-0.004830733315	0.001034921865	-0.001631716727	0.003282009237
	-0.002982528153	0.008934444073	0.01002649382	0.009216328333	0.009919250254
	0.008991316708	0.008961326724	0.007536298344	0.006557306968	0.004487284734
	0.002568466577	-0.0001508856542	-0.002845569916	-0.00605293074	-0.009235897039
	-0.01263220685	-0.01594249486	-0.01921355406	-0.02233062935	-0.02523469937
	-0.02794739155	-0.03032899797	-0.0325258704	-0.03428552192	-0.03592166206
	-0.03697735804	-0.03805548516	-0.03832273337	-0.03887757032	-0.0382897642
	-0.03834697921	-0.03691948481	-0.03643603066	-0.03433228894	-0.03317175897
	-0.03071082454	-0.02869293318	-0.02627844012	-0.02327988103	-0.02128375586
	-0.01732529007	-0.01600428502	-0.01125958531	-0.01081782237	-0.005544533119
	-0.006238922971	-0.0006481138821	-0.002284104413	0.004017293374	0.0008931358982
	0.006315101709	-0.0004341189077	0.007733536976	0.0090568808	0.008621692324
	0.009496051557	0.00888397996	0.009081962246	0.008002433393	0.007354396623
	0.005626450824	0.004048474523	0.001647934144	-0.0007702507589	-0.003743937598
	-0.006740417788	-0.01002804822	-0.01325462555	-0.01652367486	-0.01964554347
	-0.02261393457	-0.02538065927	-0.02785688374	-0.03011688003	-0.03197704633
	-0.03365450399	-0.03480468331	-0.03588010128	-0.03622335058	-0.03672922839
	-0.03615557777	-0.03615354501	-0.03458777084	-0.03409225089	-0.03159848146
	-0.03049131799	-0.02735436963	-0.02539750285	-0.02211032222	-0.01909713384
	-0.01628325029	-0.01225120369	-0.01056235805	-0.005884720321	-0.005797839293
	-0.0008210933461	-0.002266953562	0.003495009382	0.001238423008	0.007963903941
	0.004269745892	0.01030834989	0.0029115545	0.01047435206	0.0110995528
	0.01035352651	0.01098557009	0.01030027857	0.01056121825	0.009663254774
	0.009241412918	0.007784192368	0.006519229684	0.004351394062	0.002205441569
	-0.0005986357532	-0.003446419748	-0.006660586797	-0.009860330097	-0.01316442542
	-0.0163480575	-0.01942872651	-0.02230636277	-0.0249296431	-0.02731111534
	-0.02932342452	-0.03110267544	-0.03239843716	-0.03353375724	-0.03402091483
	-0.03453458763	-0.03410402873	-0.03409270621	-0.0326248051	-0.0322186694
	-0.02968901188	-0.02892283867	-0.02557246161	-0.02427873736	-0.02067378098
	-0.01854262496	-0.01542265769	-0.0121659454	-0.01016926149	-0.005614534629
	-0.005013653107	0.0008402999773	0.0001185391022	0.006977775788	0.004602843375
	0.01231945724	0.008246225793	0.01521919471	0.007019508464	0.007864839515
	0.009134975877	0.009104719742	0.009954883837	0.00974720933	0.01031438721
	0.009835056515	0.009802953596	0.008839643726	0.007937070472	0.006213211273
	0.0044034181	0.001891741417	-0.0006992230686	-0.003761114312	-0.006833681685
	-0.01009824595	-0.01326878024	-0.01639504335	-0.01932784752	-0.02204500153
	-0.0245059773	-0.02662719346	-0.02847556599	-0.02987482519	-0.03104076198
	-0.03162047206	-0.03209484938	-0.03174989098	-0.03160253074	-0.03018061911
	-0.02957618685	-0.02690713056	-0.0260082153	-0.02210333446	-0.02084649277
	-0.01615256352	-0.014163502	-0.009576267407	-0.006434805866	-0.003059615211
	0.001341553771	0.002466299577	0.007896791018	0.006328171043	0.0127494073
	0.009686854523	0.01818390181	0.01349334026	0.02153492749	0.01237253804
	0.01269485356	0.01264757575	0.0117599242	0.01213578234	0.01173177476
	0.01217230776	0.011827526	0.01207943373	0.01132184914	0.01080978242
	0.009360629843	0.007813080183	0.005541225111	0.003087998361	0.0001304604308
	-0.00290925308	-0.006202821266	-0.009438520332	-0.01268348073	-0.01574796462
	-0.01863035059	-0.02124704869	-0.0235458429	-0.02553865143	-0.02710750748
	-0.02838277887	-0.02911984495	-0.02965103466	-0.02947100992	-0.02930628424
	-0.02809970543	-0.02741435407	-0.02500049055	-0.02412327726	-0.02034798147
	-0.01956125362	-0.01467035613	-0.01382948542	-0.008759097997	-0.007218184634
	-0.003249354352	-0.000201755934	0.001798000408	0.007171764084	0.007126689413
	0.0155713684	0.01371131855	0.02386739392	0.01928928194	0.02914222113
	0.01867791208	0.007366147206	0.008473730203	0.009107714915	0.01010707898
	0.01032550044	0.01121078943	0.01158023476	0.012121265	0.01206644163
	0.01197930913	0.01098757958	0.009891664288	0.007922678969	0.005775507566
	0.003016987211	0.0001290940098	-0.003081957134	-0.006279568715	-0.00954145749
	-0.01264536273	-0.01560525384	-0.0183011517	-0.02070253235	-0.02277864038
	-0.0244514649	-0.02578456869	-0.02661472411	-0.02715377456	-0.02705256575
	-0.02681135075	-0.02568661761	-0.0247697672	-0.02245792082	-0.0211538679
	-0.01734204024	-0.016121064	-0.0105644341	-0.009642276976	-0.002824551143
	-0.001586918431	0.004956863897	0.007658631373	0.01204854344	0.01687604945
	0.01774574613	0.02479837435	0.02165047216	0.03230331291	0.02771856357
	0.0390303293	0.02733858224	0.01595536251	0.01483317205	0.01389232679
	0.01351627441	0.01322681593	0.01401522347	0.01404061665	0.01496851062
	0.01508416535	0.01521995133	0.01462178615	0.01368084111	0.01196045181
	0.009934051563	0.007252451429	0.004385747042	0.001133161282	-0.002146869507
	-0.005537552858	-0.008792640267	-0.01193441678	-0.01481305185	-0.01741402072
	-0.0196724428	-0.02153812263	-0.02302798919	-0.02403677144	-0.0246890905
	-0.02476037555	-0.02458126519	-0.02365091808	-0.02272947733	-0.02072409964
	-0.01930146242	-0.01602976327	-0.014680163	-0.009732532872	-0.009285132981
	-0.00251750025	-0.003125783479	0.004297377928	0.00413019432	0.009947501911
	0.01271427801	0.01577192545	0.02365881637	0.02505162493	0.03948712716
	0.03631805743	0.05071266945	0.03787536182	0.005106771646	0.006784549037
	0.008124131747	0.009286007652	0.01075727941	0.01164523612	0.01304858563
	0.0144182811	0.01508885326	0.01593911062	0.01569148214	0.01523682605
	0.01385680792	0.01210910788	0.009659534052	0.006955599161	0.003812449493
	0.0005987374548	-0.002773121984	-0.006037990643	-0.009222663438	-0.01215647036
	-0.01483438237	-0.01716496755	-0.01911751067	-0.02067357879	-0.02176452926
	-0.02245466167	-0.02260176872	-0.02240487652	-0.02154466827	-0.02051600378
	-0.01857681069	-0.01685757122	-0.01370915456	-0.01164028534	-0.006855508787
	-0.005256947959	0.00205292069	0.002226680648	0.01235547056	0.01179441246
	0.02259743335	0.02449145094	0.03219215307	0.03931475595	0.04171018099
	0.05300093585	0.05056807943	0.06737240857	0.05277799128	0.0238175875
	0.01826719972	0.01681452129	0.01614307758	0.01504190923	0.0160801059
	0.0169110009	0.01791220864	0.01907253343	0.01973375801	0.01979653203
	0.01943761757	0.01815943745	0.01647608716	0.01403760152	0.01129274626
	0.00807051821	0.004737365565	0.001209987281	-0.00223078581	-0.005616558621
	-0.008757344601	-0.01165446366	-0.01419637769	-0.01636551665	-0.01811744854
	-0.01941012827	-0.02026941957	-0.02060582291	-0.02054072706	-0.01988384435
	-0.01894087828	-0.01725934687	-0.01558913404	-0.01283950205	-0.01071975102
	-0.006770285334	-0.00484406727	0.0009757186859	0.001223966926	0.01029458402
	0.007576412569	0.01986267239	0.01676010748	0.02859982745	0.03253599895
	0.04077538672	0.0583446277	0.0654484344	0.08631189554	0.07047013313
	-0.003968779375	0.0005594213882	0.006436365859	0.006330603743	0.01007869073
	0.01213598445	0.01390166663	0.01653650115	0.01797177163	0.01939207121
	0.01993462812	0.01990312111	0.01898117685	0.01754282817	0.01531699146
	0.01273995221	0.009649632348	0.00640965005	0.002947750332	-0.0004551719367
	-0.003829125349	-0.006972914359	-0.009893603411	-0.01246394393	-0.01467627313
	-0.01646573762	-0.01780975126	-0.01870195506	-0.01908845415	-0.01903706236
	-0.0184265014	-0.01744003285	-0.01580893893	-0.01396921008	-0.01124337603
	-0.008723677241	-0.004736481948	-0.001779241499	0.003941566431	0.006629471565
	0.01581832118	0.01638169059	0.03204408554	0.02999733296	0.05171765711
	0.05378559935	0.07385562451	0.08902136513	0.09482268758	0.1137042484
	0.1041941664	0.03875768692	0.02894140848	0.02099516992	0.01933965948
	0.01930490129	0.01815838152	0.02054613014	0.021496781	0.0230159089
	0.02419982674	0.02458723687	0.02449791676	0.02351780353	0.02197521766
	0.01965914253	0.01695265958	0.01370871189	0.01029577478	0.006637113307
	0.003022607166	-0.0005764900222	-0.003950950207	-0.007108257767	-0.009910572642
	-0.01235451241	-0.01436309926	-0.01592414791	-0.01701232556	-0.01760003018
	-0.01771887652	-0.01729840365	-0.0164591173	-0.01503716793	-0.01330352193
	-0.0108862686	-0.008424554439	-0.004921138168	-0.002024243905	0.002779978669
	0.005743589609	0.0126068972	0.01441732786	0.02650041405	0.02433583902
	0.04677340995	0.04269155022	0.07386855868	0.08410240834	0.1107089383
	0.1499148489	0.1370506739	-0.01323370069	-0.01835781317	-0.00264047047
	0.001982976781	0.005738022333	0.01103918063	0.01443809342	0.01734797784
	0.02018524443	0.02185282165	0.02288413107	0.0231385145	0.02245168297
	0.0211394917	0.01904561578	0.01650930422	0.01344150723	0.01017892025
	0.006658093196	0.003169482698	-0.0003220172822	-0.003598449084	-0.006675747136
	-0.009404738408	-0.01179187875	-0.01374667975	-0.01526795423	-0.01631458928
	-0.01687496624	-0.01695212725	-0.01651071046	-0.01561381276	-0.01415686659
	-0.01231213174	-0.009829567667	-0.007067853356	-0.003448437125	0.000155066712
	0.005358054031	0.009787926209	0.01751890878	0.02314335339	0.03595723027
	0.04234135171	0.0680955854	0.07322348903	0.1222202316	0.1329898397
	0.1931944729	0.2070931477	0.1917652309	0.0449162243	0.04167568506
	0.03480789723	0.02097975143	0.0249997772	0.02234907123	0.02389982549
	0.02531325531	0.02684321768	0.02779826254	0.02844073681	0.0282618678
	0.02733458009	0.02579488516	0.02348329607	0.02074340631	0.01746731966
	0.013983419	0.01023753686	0.006513663156	0.002782275845	-0.0007363652668
	-0.004055751131	-0.007022837798	-0.009643390414	-0.0118217893	-0.013560085
	-0.01481007182	-0.0155675138	-0.01582530179	-0.01556674631	-0.01482541067
	-0.01355106205	-0.01184887471	-0.009563759305	-0.006948861987	-0.003633667635
	-0.0001205128774	0.00445045491	0.008824375717	0.01550554034	0.02095057119
	0.03154693092	0.03934960262	0.05883468025	0.06964933213	0.1131088279
	0.1265824793	0.2094886114	0.2373525379	0.2712996893	-0.1523906769
	-0.03947248188	-0.03521405487	-0.01025297202	0.00170887074	0.005430905673
	0.01337360353	0.01671734787	0.0202834529	0.02239916527	0.02384708171
	0.02412643269	0.02370198883	0.02244976557	0.02047173457	0.01801871824
	0.01502770647	0.01182603232	0.008352595298	0.004898970711	0.001419449441
	-0.001851760478	-0.004948243279	-0.007700393171	-0.01013123621	-0.01212997275
	-0.01371241768	-0.0148151955	-0.01544710378	-0.01558431389	-0.01522195747
	-0.0143724332	-0.01300633274	-0.01117145517	-0.008778680682	-0.005952984335
	-0.002417253732	0.001522384392	0.006528561065	0.01203411343	0.01954423475
	0.02752678512	0.0404717812	0.05321591619	0.077565418	0.1010881516
	0.1502487749	0.1903378641	0.2979618169	0.3566468236	0.5265341712
	-0.1019405843	0.09356327518	0.05369623241	0.05477923478	0.03708859952
	0.03227885758	0.03309587036	0.03061260843	0.03183709494	0.03187252692
	0.03204027517	0.03151672594	0.03053201957	0.02879895497	0.02648734667
	0.02367588881	0.02036223321	0.01681427153	0.01299709078	0.009178646816
	0.005338543555	0.001697553548	-0.001759241953	-0.004867471324	-0.00763976108
	-0.009966818362	-0.01185964016	-0.01325473379	-0.01416195627	-0.01455250737
	-0.0144325048	-0.01380347243	-0.01265344902	-0.01101863648	-0.008851166279
	-0.006211901306	-0.002986526758	0.0007014095946	0.005238421575	0.01024533499
	0.01670612674	0.02408288049	0.03411338854	0.04592886399	0.06475682686
	0.08498578046	0.122785279	0.1632567183	0.2386406041	0.2913754693
	0.5951297902	
