2601	
	0.01993985646	0.02004251772	0.02001076521	0.02005995608	0.0199284844
	0.01990719752	0.01975802038	0.01973150414	0.0195777309	0.019537337
	0.01933350035	0.01922984402	0.01893038106	0.0187284739	0.01830368664
	0.01798650893	0.01742438787	0.01698782707	0.01630345456	0.01580152077
	0.01510972503	0.01471904933	0.01425424223	0.01423240427	0.01425410261
	0.01481315015	0.01546582208	0.01663524182	0.01782121155	0.01934241643
	0.02065379105	0.02197838752	0.02280109965	0.02333212284	0.02322814915
	0.02277946243	0.02189911344	0.02089960675	0.01986436136	0.01893026904
	0.0182494838	0.01764993018	0.01742708203	0.01706503753	0.01716970421
	0.01686442732	0.01715598693	0.01678354282	0.01723613181	0.01675780488
	0.01807642799	0.01984231038	0.01997966403	0.01986955217	0.01992084976
	0.0198180659	0.01984895416	0.01973920148	0.01975311262	0.01962918853
	0.01961907761	0.01945749361	0.0194103386	0.01918916733	0.01908652382
	0.01878140984	0.01859610193	0.01817695221	0.01789437356	0.01737224223
	0.01703717749	0.01649151029	0.01621401706	0.01578798347	0.01573059305
	0.01560123544	0.01592010928	0.01620921082	0.01694633315	0.01760916338
	0.01860151806	0.01937462753	0.02026439443	0.02075664981	0.02117078472
	0.02111819978	0.02094706785	0.02044152575	0.01992887288	0.01932874782
	0.01882023865	0.01841922224	0.01807050631	0.01793545083	0.01768751369
	0.01777149432	0.01751153343	0.01776265007	0.01744103596	0.01782988207
	0.01740449601	0.01794838165	0.01983620304	0.02003479755	0.01992215839
	0.02001564586	0.01989754979	0.01990613572	0.01976696218	0.01975643946
	0.01961150267	0.01958378825	0.01940734522	0.0193322799	0.0190818018
	0.01892434192	0.01855595094	0.01827711419	0.01775472455	0.01733245144
	0.0166496767	0.0161159465	0.01536146553	0.01487819552	0.0142830533
	0.01412195003	0.0139669783	0.01436687142	0.0148249311	0.01584514414
	0.01685824506	0.0182870976	0.01950833225	0.02085912505	0.02172620327
	0.02242228796	0.02246905053	0.02225060461	0.02151746853	0.02071027717
	0.01974371856	0.01893963558	0.0182587215	0.01776470378	0.01748465109
	0.01723298115	0.01722786195	0.01702998788	0.01720237719	0.01692995238
	0.01723233427	0.01687282189	0.01729307279	0.01979283197	0.02003182204
	0.0198624218	0.01996391738	0.01980390758	0.01984168361	0.01972375188
	0.01975791482	0.01965143763	0.01966847947	0.01952830689	0.01949637497
	0.01928359901	0.01916339477	0.01881608303	0.0185405966	0.01798270154
	0.01750148712	0.01673170767	0.01612477587	0.01529982753	0.01478345284
	0.01414524335	0.01395463422	0.01371248047	0.01400450554	0.01426113669
	0.0150545642	0.01575231929	0.01687895126	0.01775992473	0.0188554736
	0.0195026816	0.02013331075	0.02019563371	0.02016357663	0.01967487065
	0.019229201	0.01860312447	0.01818149975	0.01779100527	0.01759315958
	0.01750121638	0.0174419315	0.01752280165	0.01745339321	0.01762465033
	0.0174487177	0.01774136153	0.01742959094	0.0178750096	0.0198458933
	0.02009312468	0.01990970273	0.02003591256	0.0198574884	0.01991136797
	0.01976796276	0.01979831811	0.01967364896	0.01967469335	0.0195072415
	0.01942920149	0.01913294487	0.01887403907	0.01831759109	0.01775953892
	0.01686262364	0.01601745082	0.01488384332	0.01394293068	0.01281327579
	0.01204430797	0.0111864418	0.01084190171	0.01047897607	0.01073339335
	0.01098729125	0.01188320148	0.01272460349	0.01412596234	0.01533152507
	0.01689273722	0.01803490719	0.0192466194	0.01982143294	0.02025852707
	0.02004151794	0.01974393364	0.01905740472	0.01852040256	0.01790435842
	0.01754474545	0.01724832001	0.01710941543	0.01707240833	0.01700754486
	0.0170967813	0.01698237034	0.01715675769	0.01691099546	0.01725957081
	0.01987580735	0.02012144369	0.01992084855	0.02003618542	0.01981749359
	0.01988046362	0.01972976299	0.01979882472	0.01968403822	0.01970309315
	0.01950803869	0.01936539344	0.0189261509	0.01846077249	0.01762295176
	0.01676267885	0.01555373944	0.01444285422	0.01308021469	0.01198495986
	0.01073871814	0.009916969977	0.009008819097	0.008641127722	0.008204857936
	0.008377673732	0.0084593176	0.009170030208	0.009733138943	0.01088791441
	0.01180343316	0.01319932911	0.0142221649	0.01553421521	0.01631424085
	0.01717686332	0.01743040095	0.01770751216	0.01751412681	0.01746934578
	0.01720393956	0.01716968471	0.01706732713	0.01712313605	0.01717500305
	0.01723299814	0.01736217789	0.01733870523	0.01750985032	0.01738327474
	0.01765874168	0.02003067236	0.02022689487	0.02002907453	0.02011895493
	0.01989278897	0.01996360249	0.01979925957	0.01985675778	0.01968243122
	0.0196178701	0.01925880017	0.01887740237	0.01809650482	0.01721861373
	0.01591840964	0.01460175027	0.012961213	0.01148261672	0.00980696926
	0.008470664854	0.007022408841	0.006050442437	0.005001911526	0.004531138689
	0.003984159202	0.00408753736	0.004087243127	0.004776081431	0.005307868146
	0.006524299413	0.007508070285	0.009117933	0.01039715443	0.01217101341
	0.01347815237	0.01505978226	0.01600662098	0.01699921294	0.01729760195
	0.01761293007	0.01742944839	0.01741148986	0.01716197124	0.01712150648
	0.017000988	0.01699223214	0.01698871372	0.01695070251	0.01702073685
	0.01689312234	0.01704617113	0.02019257227	0.02030153147	0.02013681516
	0.02018164877	0.01995272962	0.02000335048	0.01981056933	0.01983203942
	0.01956472695	0.01935898775	0.01874444325	0.01802965872	0.01682241275
	0.01550922696	0.01378388275	0.01212388767	0.01021381462	0.008572668172
	0.006801358964	0.005449902061	0.00401642743	0.003103250787	0.002103255829
	0.00169196054	0.001154054158	0.001251238203	0.001159795595	0.001732400549
	0.002044061707	0.0030333445	0.003694161697	0.005032192	0.005995655923
	0.007614942667	0.00882958414	0.01061579677	0.0119220826	0.01358740209
	0.01461512957	0.01575137302	0.01620256715	0.01673232122	0.01678430023
	0.01700567955	0.0169891425	0.01710489144	0.01713625464	0.01718572012
	0.01725476497	0.01723365865	0.01735951898	0.0205357502	0.02047319312
	0.02037936571	0.02033591053	0.02012767774	0.02012530896	0.01989031538
	0.01979472465	0.01933092706	0.01882219298	0.01778762125	0.01658593329
	0.01485758685	0.01307161267	0.01093762758	0.008974765832	0.006842703359
	0.005068395565	0.003211840119	0.001825945651	0.0003669978068	-0.0005526759465
	-0.001578509969	-0.002009648819	-0.002597419699	-0.00253558983	-0.002690885343
	-0.002147185179	-0.00189146432	-0.0009011095975	-0.0002731136818	0.001110769167
	0.002075248304	0.003808062458	0.00510434236	0.007159064917	0.008768400655
	0.01101001753	0.01266098446	0.01458495294	0.01563981945	0.01666806991
	0.01687914073	0.01718271467	0.01703343682	0.01708785257	0.01696030245
	0.01693780211	0.01689649283	0.01682776871	0.01685649455	0.02087308327
	0.02059049623	0.02063034349	0.02047034353	0.02030644004	0.02020040977
	0.01987828503	0.01956893875	0.01881081808	0.01789548678	0.01638061981
	0.01469575154	0.01252260824	0.01040254776	0.008031918563	0.005957200797
	0.003788474009	0.002058593935	0.0002735420513	-0.00100731809	-0.002372955347
	-0.003192294221	-0.004148642003	-0.004511242209	-0.005073272265	-0.004989471656
	-0.005181105821	-0.004677918908	-0.004538285917	-0.003660951149	-0.003235663228
	-0.002032372138	-0.001346661555	0.0001652305848	0.001151112498	0.003026558851
	0.004439178692	0.006768840132	0.008653001425	0.01122975603	0.01305898798
	0.01502051309	0.01590435435	0.01674154114	0.01680045255	0.01705560988
	0.0169467221	0.01703580391	0.01699965977	0.01702729286	0.01707928233
	0.02140928131	0.02081259971	0.02103166618	0.02068453257	0.02057633304
	0.02027758803	0.01982091525	0.01917429299	0.01802694522	0.01659633814
	0.014565953	0.01240440238	0.009855520116	0.007482918424	0.004961560039
	0.002831701792	0.000650915175	-0.001052562435	-0.002818442782	-0.004074879463
	-0.005442033098	-0.006263028595	-0.007248928677	-0.00763565143	-0.008248024768
	-0.008197321076	-0.008444779435	-0.007961308516	-0.007861917587	-0.006966485658
	-0.006549835751	-0.005278816654	-0.004575484292	-0.002963352108	-0.001972371179
	-8.424539293e-06	0.001360756887	0.003782013964	0.005702532728	0.008631589324
	0.01092338577	0.01367702772	0.01521088834	0.01661148799	0.01681431474
	0.01714368178	0.01688091419	0.01692481541	0.01674266816	0.01671808292
	0.01668322213	0.02182012627	0.02090027837	0.02136165601	0.02079412063
	0.02075547656	0.02018765965	0.01954374036	0.01845444649	0.01686685184
	0.01490696635	0.0124385329	0.009926400282	0.007166510687	0.004701699392
	0.002172843726	0.000101112076	-0.002006952795	-0.003618002132	-0.005310868667
	-0.006488767553	-0.00780381815	-0.008567386249	-0.009523383844	-0.00987261873
	-0.01047813376	-0.01041110386	-0.01068076059	-0.01020747922	-0.01016889092
	-0.009314682066	-0.009003809333	-0.007803339692	-0.007251208491	-0.005734210846
	-0.004942912572	-0.003103190155	-0.001996326187	0.0002707744737	0.001916231282
	0.004830613361	0.007212624057	0.01058855958	0.01291214358	0.01529331561
	0.01608215725	0.01684675563	0.01664714122	0.01685657421	0.01664731262
	0.01675630818	0.01673111771	0.02235016793	0.02106269161	0.02177282042
	0.02090569076	0.02092250332	0.01997111219	0.01909252884	0.01746562107
	0.0154443493	0.01297358687	0.01016592561	0.007387808444	0.004511232111
	0.001999123526	-0.0005180432732	-0.002558793388	-0.00464276226	-0.006233061338
	-0.007932338975	-0.009117243953	-0.01046526172	-0.01125378519	-0.0122563211
	-0.01263754638	-0.01329490054	-0.01325873033	-0.01357829214	-0.01312270876
	-0.01312034466	-0.01225252164	-0.01195008825	-0.01068652828	-0.01010745215
	-0.008472554203	-0.007633618753	-0.005650341894	-0.004535961496	-0.0021808925
	-0.0006597424165	0.002244216346	0.004483541277	0.008106744536	0.01084924627
	0.01409452893	0.01552601801	0.01678095306	0.01658664616	0.01683311305
	0.01643310034	0.01652675274	0.0163573728	0.02251756212	0.02094771475
	0.02191183822	0.02074643583	0.0208098578	0.01942379216	0.01830065997
	0.0161183848	0.01373302797	0.01083841418	0.007835167927	0.004912998932
	0.002040836111	-0.0004409032514	-0.00288487816	-0.004859440612	-0.006886502366
	-0.008425383465	-0.01009227356	-0.01123675669	-0.01256321997	-0.01331541673
	-0.01430337724	-0.01465543931	-0.0153099348	-0.01525732525	-0.01559195789
	-0.01513676958	-0.01517352669	-0.01432473105	-0.01409019327	-0.01286141657
	-0.01237962408	-0.01078611155	-0.01007053544	-0.008126243872	-0.007168082151
	-0.004867471141	-0.003584334527	-0.0008085055851	0.001096900964	0.004677974268
	0.007489725031	0.01148282063	0.01374952493	0.0159092372	0.01604193699
	0.01656353292	0.01609313231	0.0163620239	0.01613801295	0.02268495045
	0.02085859888	0.02200902848	0.02050350219	0.02056882921	0.01868000353
	0.01731328962	0.01457116774	0.01191824624	0.00867405848	0.005589685845
	0.002570539844	-0.0002570543488	-0.002732211534	-0.005131813688	-0.007101598312
	-0.009126463598	-0.01067986336	-0.01237309996	-0.01354086111	-0.01490671388
	-0.01568531592	-0.01671867157	-0.01709771554	-0.01779861902	-0.01776977181
	-0.01814677877	-0.01770553881	-0.01777446623	-0.0169196117	-0.01669993045
	-0.0154325487	-0.01494262298	-0.01326640968	-0.01251971624	-0.01044554135
	-0.00945025925	-0.007000291853	-0.00574124985	-0.002895469121	-0.001199047232
	0.002309836232	0.004908278357	0.009248415862	0.0120797792	0.01518110803
	0.01573969498	0.01651427612	0.01585880528	0.01616253735	0.01571564599
	0.02224538388	0.0203340459	0.0216097175	0.0198404244	0.01988607583
	0.01753601229	0.01597631432	0.0127600319	0.009969338605	0.006481109484
	0.003431932446	0.0003744534224	-0.002348624102	-0.004798494892	-0.007120668242
	-0.009068075708	-0.01105228247	-0.0125841061	-0.01425219675	-0.01539032693
	-0.01673523782	-0.01747845153	-0.01849552467	-0.01884159665	-0.01953634977
	-0.01948531803	-0.01987158662	-0.01942412732	-0.01952153445	-0.01867773593
	-0.01850868154	-0.01726727159	-0.01685234366	-0.01521054005	-0.01456333283
	-0.01251944669	-0.01164424134	-0.009206504876	-0.008097029482	-0.005272753738
	-0.003837569352	-0.0004610416238	0.001745923411	0.006135184838	0.009227235482
	0.01332187843	0.01458245177	0.01592067691	0.01524296864	0.01574643444
	0.01517005107	0.02179266404	0.01984994333	0.02113096758	0.01911126471
	0.01907586719	0.01628061723	0.01456050223	0.0109317716	0.008097034319
	0.004417570083	0.001464835959	-0.001638630738	-0.004254619756	-0.006727672066
	-0.008999501931	-0.01098051476	-0.01295908842	-0.01452421682	-0.01620961692
	-0.01737567753	-0.01875222662	-0.01952111185	-0.0205798403	-0.02095066909
	-0.02169053732	-0.0216598203	-0.02208665045	-0.02164952077	-0.02177623512
	-0.02092741186	-0.02077295004	-0.01950616655	-0.01909139564	-0.01739835564
	-0.01673996769	-0.01461243257	-0.01372060352	-0.01116237734	-0.01004787067
	-0.007090686251	-0.005739985021	-0.00234097197	-0.0004529244429	0.003856935005
	0.006851013017	0.01165138296	0.01359811267	0.01561579579	0.01490299222
	0.01548877122	0.01463935583	0.02060934307	0.01883034287	0.02004220337
	0.01791806231	0.01778585209	0.01468178903	0.01287166041	0.008966694977
	0.006190702708	0.002402923378	-0.0003893094407	-0.003517288062	-0.005992025442
	-0.008483618285	-0.01066796755	-0.01266335983	-0.01458672612	-0.01614820009
	-0.01779258312	-0.01893659072	-0.02028128731	-0.02101632051	-0.02205207849
	-0.02238587361	-0.0231136947	-0.02305257881	-0.02348242547	-0.02302989215
	-0.02317845653	-0.02233340656	-0.02222093198	-0.02097605298	-0.02062328445
	-0.01896503642	-0.01839019039	-0.01630193878	-0.01551718545	-0.01298755648
	-0.01200112499	-0.00904431263	-0.00786344874	-0.004491220143	-0.002948024658
	0.001194279535	0.003819458919	0.009017681724	0.01154728863	0.01448256269
	0.01392585736	0.01474442454	0.0137170503	0.01958830837	0.017995202
	0.01901660404	0.01682041378	0.01652586738	0.01317897213	0.01128824874
	0.007179494276	0.004491779085	0.0006153553524	-0.002012811815	-0.005193994982
	-0.007540482515	-0.01009575078	-0.01220807917	-0.01426692213	-0.01615672967
	-0.017769009	-0.01940773181	-0.02059171106	-0.02195443321	-0.02272365765
	-0.02379613531	-0.02415988341	-0.02493452703	-0.024896387	-0.02537132197
	-0.02492951011	-0.02511065277	-0.02425956661	-0.02416218674	-0.02289394251
	-0.02254121849	-0.02084487814	-0.02026258133	-0.01812175613	-0.01733126937
	-0.01472880348	-0.01374717607	-0.01068840421	-0.009543674759	-0.006072792512
	-0.004717170786	-0.000641041654	0.001567466163	0.00689751653	0.009738728033
	0.01361746066	0.01328336851	0.01429081751	0.01296280245	0.0178415071
	0.01660001631	0.01739799794	0.01530019858	0.01484897539	0.01143253291
	0.00951188209	0.005339442542	0.002784142377	-0.001111183609	-0.003551926698
	-0.006764745938	-0.00895810171	-0.0115644422	-0.01356549611	-0.01566733084
	-0.01747123409	-0.01910351726	-0.02067524636	-0.02185528073	-0.02316766547
	-0.02391326266	-0.02494918054	-0.02527660981	-0.02602782521	-0.0259507673
	-0.02641863238	-0.0259479268	-0.02614296134	-0.02528374094	-0.0252233968
	-0.02397100517	-0.02367624306	-0.02201494799	-0.02150781987	-0.01941378751
	-0.01871690939	-0.01616381943	-0.0152991144	-0.01227351017	-0.01127000155
	-0.007805423241	-0.006678834653	-0.002700753574	-0.0009809378771	0.004248907426
	0.007055068536	0.01178547041	0.01177037806	0.0131059579	0.01155479731
	0.01657847074	0.01564747217	0.01612726088	0.01412955514	0.01345176804
	0.0100190856	0.008031050074	0.003840800936	0.001379990221	-0.002530283882
	-0.004825073806	-0.008093241722	-0.01016065469	-0.01285362037	-0.0147589149
	-0.01694877507	-0.01868540249	-0.02039457351	-0.02192950395	-0.02317454229
	-0.02448211645	-0.02528192774	-0.02634218564	-0.02671424761	-0.02751030774
	-0.02746721732	-0.02798687879	-0.02753424961	-0.02777247791	-0.02690963772
	-0.02687195014	-0.0255941054	-0.02530018207	-0.02359926073	-0.02308157607
	-0.02094389666	-0.02023858122	-0.01764142381	-0.01678141625	-0.01370237399
	-0.01272784093	-0.009187750831	-0.008157588888	-0.004165039968	-0.002807085185
	0.002294125533	0.004853490279	0.01027239376	0.01059477417	0.01230848614
	0.01042816444	0.0146275786	0.01412837866	0.01432431042	0.01257871816
	0.01171136938	0.008420792635	0.006394298676	0.002309079577	-5.264998746e-05
	-0.003908088511	-0.006058412081	-0.0093407851	-0.01127008947	-0.01402001022
	-0.01579784812	-0.01805168801	-0.01967301633	-0.02143194411	-0.02286892882
	-0.02414062147	-0.02536902686	-0.02616910937	-0.02716812052	-0.02751517747
	-0.02826721359	-0.02818213708	-0.02867646607	-0.02818044114	-0.02841746463
	-0.02752753944	-0.02751881498	-0.0262425337	-0.02600659778	-0.02433671109
	-0.02389656999	-0.02180998318	-0.02119461531	-0.01865960116	-0.01790470621
	-0.01489146246	-0.01404355497	-0.01055070037	-0.009688529336	-0.005757861252
	-0.004773643746	9.570641315e-05	0.002170787231	0.007962697264	0.008501847545
	0.01065216891	0.008501852767	0.01353136412	0.01336227756	0.01319899062
	0.0116498764	0.01051818485	0.00736690567	0.005229974865	0.001255662706
	-0.001088246663	-0.004894179265	-0.006969853315	-0.01028202986	-0.01211926356
	-0.01494995132	-0.01663038977	-0.01898609601	-0.02051587646	-0.02238108227
	-0.02374751415	-0.02511888095	-0.02630897526	-0.02719646117	-0.02819315935
	-0.02861343013	-0.0293963641	-0.02936810586	-0.02991585336	-0.02945576669
	-0.02974938586	-0.02886786668	-0.02889781634	-0.02759779033	-0.02737175619
	-0.02565271777	-0.0251998162	-0.02305884641	-0.02242637593	-0.0198492698
	-0.01909057318	-0.01604907884	-0.01522004286	-0.01170146308	-0.01089658465
	-0.006948007129	-0.006188897292	-0.001472574177	0.0001236898912	0.006126458262
	0.00681103246	0.009496602598	0.007000481262	0.01172234212	0.01196609351
	0.01154713784	0.01031908256	0.00899414371	0.006108597949	0.003894549984
	0.0001288506505	-0.002199248645	-0.00588149512	-0.007895595252	-0.01117530143
	-0.01292075581	-0.01578391002	-0.01734923282	-0.01976966154	-0.02117289062
	-0.02311206605	-0.0243518756	-0.02578789329	-0.02686171295	-0.02778797344
	-0.02868576263	-0.02910998376	-0.02981362209	-0.02975592581	-0.03024635228
	-0.02973536788	-0.0300003102	-0.02906873764	-0.02910762443	-0.02778391966
	-0.02760917243	-0.02590582534	-0.02553889823	-0.02344649973	-0.02291500449
	-0.02040652236	-0.01975249018	-0.0167930484	-0.01608152894	-0.01265046755
	-0.01198333488	-0.008123452639	-0.007613484718	-0.003126951164	-0.002080699669
	0.003831540237	0.004440511908	0.007553493278	0.004754459627	0.0111167326
	0.01162894688	0.01088504747	0.009859449184	0.008263168363	0.005578606532
	0.003198329575	-0.0003961299126	-0.002801375202	-0.006386263385	-0.008419818681
	-0.01168148961	-0.0134014903	-0.01631102261	-0.01781066165	-0.0203245966
	-0.02163809582	-0.02369904297	-0.02484613815	-0.0264160723	-0.02741258397
	-0.02847098373	-0.02932365381	-0.02986607655	-0.03056738541	-0.03060671268
	-0.03113509069	-0.03069508975	-0.03102191674	-0.03012639773	-0.03022478572
	-0.02889185707	-0.02874722921	-0.02698991005	-0.02661516777	-0.02444416117
	-0.02388681488	-0.02130917925	-0.02063757062	-0.01764306297	-0.01693485532
	-0.0134979608	-0.0128672067	-0.009020608744	-0.008632021273	-0.004279093295
	-0.00365555157	0.002123721255	0.002607894418	0.00621451371	0.003105534984
	0.009658760203	0.01050438724	0.009591081362	0.008881355997	0.007126520641
	0.004741435395	0.002257222603	-0.001083630226	-0.003554325364	-0.006965795765
	-0.009023597384	-0.01219627612	-0.01389450339	-0.01678310801	-0.01821625403
	-0.02076511264	-0.02197119622	-0.02410811772	-0.02511904725	-0.02678188868
	-0.02762976491	-0.02877286876	-0.0294784382	-0.03007525158	-0.03064348218
	-0.03069107005	-0.03111064293	-0.03063253746	-0.0308827656	-0.02992299148
	-0.02998870658	-0.02859884539	-0.02848030427	-0.02670573198	-0.02641628625
	-0.02427957552	-0.02384270464	-0.0213329636	-0.02078725883	-0.01787621623
	-0.01728839624	-0.01395734364	-0.0134514799	-0.009723373962	-0.009505156548
	-0.005369526848	-0.005168228351	0.0002710284334	0.0004787270167	0.004333977895
	0.000971367663	0.009715396894	0.01071235048	0.009558823824	0.00900136774
	0.006999986115	0.004800468787	0.002126472993	-0.001047135693	-0.00366634812
	-0.006958421939	-0.009123739661	-0.01223367596	-0.01398376901	-0.01686975374
	-0.01830040484	-0.02090287433	-0.02206060926	-0.02430391492	-0.02522931343
	-0.02704184388	-0.02778670779	-0.02910276432	-0.02971542721	-0.03048736524
	-0.03099739866	-0.0312052437	-0.0316175189	-0.03126990541	-0.03156379788
	-0.03069153462	-0.03082750489	-0.02946844529	-0.02940676814	-0.02759277612
	-0.02731629302	-0.02507820836	-0.02461095302	-0.02198446049	-0.02139980273
	-0.01840699468	-0.01780705901	-0.01444560668	-0.01395341618	-0.01024639105
	-0.01009096173	-0.00606222837	-0.0061421034	-0.0009730867098	-0.001013496386
	0.003115582162	-0.0004328772295	0.008642626171	0.009870798243	0.008673607114
	0.008383704551	0.006295234984	0.004380644403	0.001609014571	-0.001312391664
	-0.004035479964	-0.007139551837	-0.009391616215	-0.01236432837	-0.01416550464
	-0.01696804537	-0.01839942918	-0.02098145894	-0.02208643598	-0.02436824866
	-0.02518833195	-0.02708894942	-0.02767903196	-0.02911306242	-0.02953731596
	-0.03042265904	-0.03073522928	-0.03101656656	-0.03124360724	-0.03090775063
	-0.03104666371	-0.03012394006	-0.03015513012	-0.02871309019	-0.02861758009
	-0.02674106157	-0.02651841531	-0.02427737775	-0.02394423428	-0.0213718004
	-0.02095041766	-0.01804095813	-0.01758544683	-0.01432081084	-0.01396399547
	-0.01038064457	-0.01035585459	-0.006525765197	-0.006887944659	-0.002115882568
	-0.00247351185	0.001679647851	-0.001985551349	0.009379425585	0.01062356286
	0.009285000654	0.009076147978	0.006812000152	0.005019993452	0.002080239916
	-0.0007102043061	-0.003614253872	-0.006612810948	-0.00902187147	-0.0119180605
	-0.0138347264	-0.01658827552	-0.0180939306	-0.02067196895	-0.0217996947
	-0.02413926662	-0.0249258323	-0.02694814705	-0.02745416406	-0.02906907958
	-0.02937410887	-0.03048366805	-0.03067459472	-0.03119310233	-0.03133731948
	-0.03122036736	-0.03134156456	-0.03059527725	-0.03067217151	-0.0293380199
	-0.02931776995	-0.02745385407	-0.02727682547	-0.02494351308	-0.02458917799
	-0.02184737111	-0.02136723418	-0.01828843558	-0.01778968973	-0.0144303043
	-0.01406268726	-0.01044977809	-0.01045788415	-0.006690065699	-0.007208700382
	-0.002701892471	-0.003297863543	0.0009112036283	-0.002797298834	0.008577343639
	0.009953030175	0.008704931124	0.008728740301	0.006473303983	0.004937322413
	0.00196111177	-0.000606904561	-0.00360483646	-0.006420953245	-0.008946606162
	-0.01168617788	-0.01369445855	-0.01632439436	-0.01788949754	-0.02038259622
	-0.02153386687	-0.02384268203	-0.02459410553	-0.02665452108	-0.02705071974
	-0.0287682206	-0.02888896928	-0.03014385898	-0.03008967477	-0.03075678457
	-0.03062587878	-0.03060838245	-0.03046405055	-0.02973128609	-0.02958521448
	-0.02818340596	-0.02801703292	-0.02605004337	-0.02584507072	-0.02344595626
	-0.02319615593	-0.0204761929	-0.02019170446	-0.01718941943	-0.01689897469
	-0.01361695955	-0.0134104726	-0.009907178833	-0.01004996397	-0.006434006684
	-0.007153630703	-0.002996420895	-0.003869630825	0.000214411449	-0.003484232128
	0.00990242825	0.01116175369	0.009870853017	0.009898312887	0.007573320077
	0.006104619154	0.003015641371	0.0005321232918	-0.002620152315	-0.005378923198
	-0.0080704215	-0.0107455742	-0.012907929	-0.01547162783	-0.01716194204
	-0.01961226365	-0.02085911714	-0.02315962649	-0.02396831574	-0.02607712954
	-0.02646617745	-0.02831536992	-0.02835173175	-0.02982675316	-0.02962776288
	-0.03058534116	-0.03029070138	-0.03059658895	-0.03032818112	-0.02989959062
	-0.02971657447	-0.02855218152	-0.028430406	-0.02659372712	-0.02645603967
	-0.02403263915	-0.02379914586	-0.0208910615	-0.02053517925	-0.01726757509
	-0.01687835331	-0.01337208439	-0.01313362907	-0.009500392052	-0.009638206242
	-0.006010103529	-0.006814115065	-0.002830560777	-0.003893421729	0.0001277585863
	-0.003522583489	0.009136320787	0.01048937707	0.009379320259	0.009638727538
	0.00746011078	0.006221339912	0.003197817992	0.0009310108624	-0.002271895585
	-0.004862376103	-0.007649489515	-0.01018578945	-0.01244293963	-0.01486767571
	-0.01665044085	-0.01897591688	-0.02029797259	-0.02250998738	-0.02336170871
	-0.02542732951	-0.02580426453	-0.0276758213	-0.02760621207	-0.0291879195
	-0.02876646125	-0.02989848926	-0.02927809833	-0.02977345078	-0.0291163217
	-0.02882157726	-0.0282485273	-0.02710173766	-0.02665796241	-0.02472710374
	-0.02439322265	-0.02185015912	-0.02160394803	-0.01864520939	-0.01847965232
	-0.01525931579	-0.01515181043	-0.01173595401	-0.01172536121	-0.008151340438
	-0.008483362715	-0.004955768889	-0.005930461913	-0.002211321137	-0.003525194346
	0.0003303131661	-0.003256193272	0.01097047887	0.01204699277	0.01094864118
	0.01116508633	0.009015169536	0.007811772099	0.004784072906	0.002552379243
	-0.00073247481	-0.003299019063	-0.006239954371	-0.008744307232	-0.0111520057
	-0.01353818075	-0.01546158097	-0.01773506787	-0.01920428373	-0.02136568674
	-0.02235327504	-0.02439727591	-0.02487225341	-0.02677802095	-0.02673705798
	-0.02844908739	-0.02795195458	-0.02934351382	-0.02854547589	-0.02941699484
	-0.02853811049	-0.02868325754	-0.02792646388	-0.02720896948	-0.02668979297
	-0.02508509138	-0.02478807499	-0.02238580794	-0.02218401298	-0.01912858388
	-0.01890390009	-0.01535085736	-0.01510365339	-0.01127626533	-0.01115085301
	-0.007313377529	-0.007611709478	-0.003920246661	-0.004956544769	-0.001287778934
	-0.002742954358	0.001031135656	-0.002505730648	0.009906256326	0.01113934045
	0.01030585822	0.0107542237	0.008898904223	0.007968721421	0.005108180786
	0.003122187927	-0.0001057588234	-0.002522270048	-0.005500692037	-0.007876516968
	-0.01036970676	-0.01262496437	-0.01462936308	-0.01678853791	-0.01833743576
	-0.02039015044	-0.02146961915	-0.02341053507	-0.02396513786	-0.02579718885
	-0.02577883202	-0.02747926349	-0.02689005552	-0.02837123369	-0.02730948654
	-0.0283788933	-0.02706073741	-0.02744409013	-0.02613573491	-0.02559099123
	-0.02449926418	-0.02292432264	-0.02215144773	-0.01963211442	-0.01918184163
	-0.01598773695	-0.01580791856	-0.01225360717	-0.01230876173	-0.008573566709
	-0.008842771745	-0.005041299525	-0.00559861644	-0.001977179781	-0.003248110477
	0.0002823456795	-0.0014549022	0.002164724982	-0.001292116101	0.01227369902
	0.01306601528	0.01216924603	0.01251059143	0.01078683216	0.009850171371
	0.007110787519	0.005170608207	0.001941713954	-0.0004561424353	-0.003519532972
	-0.005917662117	-0.008534078108	-0.01078065303	-0.01294060619	-0.01506246734
	-0.0167733852	-0.01878995267	-0.02003516485	-0.02193487528	-0.02266378753
	-0.02445558594	-0.02459122926	-0.02629426146	-0.02578699267	-0.02737739167
	-0.02626752384	-0.02762395177	-0.02609730416	-0.02696662336	-0.02535362452
	-0.02541484524	-0.02405949933	-0.02308530095	-0.02218078817	-0.02012049011
	-0.01966232442	-0.01661089764	-0.01642390294	-0.01260516725	-0.01248456708
	-0.008213879397	-0.008224609388	-0.00387880075	-0.004396485629	-0.0004319121537
	-0.001708478121	0.001925879444	2.783400485e-05	0.003672158402	0.000169416147
	0.01057331628	0.01162583819	0.01110122861	0.01174163641	0.01038106718
	0.009817086462	0.007398872101	0.005736060304	0.002710182982	0.0005190447901
	-0.002517138781	-0.004778003622	-0.007422701088	-0.009585017079	-0.01178529778
	-0.01381987337	-0.01560422232	-0.01752178951	-0.0188623485	-0.02066145231
	-0.02150112371	-0.02317778625	-0.02343124394	-0.02501376104	-0.02457823774
	-0.02609378817	-0.02492082473	-0.02631388236	-0.0244905811	-0.02555418276
	-0.02335447514	-0.02371538365	-0.02156003173	-0.02081611819	-0.01907912312
	-0.01705329051	-0.01590808301	-0.01274271625	-0.01222916953	-0.008296803107
	-0.008369797848	-0.004149142927	-0.004668112064	-0.0004916922177	-0.001452382734
	0.00254705556	0.0008547569878	0.004417602079	0.002205503475	0.005720232906
	0.002232904669	0.01362821468	0.01406496553	0.01336847116	0.01368528877
	0.01247814221	0.01191207791	0.009667216701	0.008093273349	0.005215176118
	0.00303797907	2.864407101e-05	-0.002242857471	-0.005005123691	-0.007170802149
	-0.009524905575	-0.01157577168	-0.01351721878	-0.01544228026	-0.01696195293
	-0.0187493686	-0.01978470779	-0.02142941765	-0.02189526279	-0.02341697958
	-0.02319995184	-0.02466450035	-0.0236498219	-0.02510334396	-0.02328610361
	-0.02463978861	-0.02222773782	-0.02319271733	-0.0206333792	-0.0207476941
	-0.01861028946	-0.01744770292	-0.01609876164	-0.01354205727	-0.0129385613
	-0.009139707158	-0.009029473133	-0.004283107119	-0.004491353475	0.0005715441779
	-0.0001114935366	0.004421509358	0.002693803197	0.006708110114	0.004246994316
	0.007936189311	0.004326137352	0.01086350199	0.01183815273	0.01155904683
	0.01231155687	0.01156102172	0.01140144734	0.009639571809	0.008483873546
	0.005911458685	0.004060046671	0.001243553652	-0.0008997188198	-0.003575483192
	-0.005677195866	-0.008052692221	-0.01003625585	-0.01204091916	-0.01390754529
	-0.01550852929	-0.01722944516	-0.01837218545	-0.01992679436	-0.02052089738
	-0.02191300993	-0.02184693723	-0.02312688837	-0.02224873796	-0.0235193242
	-0.02169088548	-0.02298260524	-0.02024772394	-0.02135561422	-0.0180465635
	-0.01849890175	-0.0152054398	-0.014386303	-0.01177361194	-0.00928746022
	-0.007738826874	-0.00381383128	-0.003349483596	0.001344384619	0.0007393058835
	0.005581374695	0.00399179022	0.008464134726	0.006236347921	0.01015992858
	0.007171370905	0.01091172562	0.007147482312	0.01514215242	0.01506048792
	0.0144674666	0.01468782459	0.0138507366	0.01362237211	0.01211394675
	0.01099756415	0.008725013888	0.007007837868	0.004275526121	0.002229242282
	-0.000500386494	-0.002638948023	-0.005130885269	-0.007189395787	-0.009369020822
	-0.01129618509	-0.01309560246	-0.01486484093	-0.01621547491	-0.017790603
	-0.01860555675	-0.01997927659	-0.0201513673	-0.02135545734	-0.02075619904
	-0.02189659727	-0.02034470192	-0.02159208396	-0.0189662948	-0.02034438534
	-0.01684684821	-0.01802690481	-0.01425969188	-0.01461868294	-0.01140781048
	-0.01023929803	-0.008283867585	-0.005189881219	-0.004536792357	0.0002076497729
	4.784764204e-05	0.005722578295	0.004741637828	0.01041378799	0.008042542562
	0.01271924073	0.00961344988	0.01376341515	0.009560566354	0.01053095297
	0.01156765361	0.0116760289	0.0123879168	0.01212901152	0.01245917556
	0.01142155996	0.01090576621	0.009172644906	0.007812991142	0.005538072337
	0.0037143897	0.001161834161	-0.000849590666	-0.003324217128	-0.005355240509
	-0.007573951721	-0.009499130611	-0.01138004486	-0.01313126461	-0.01458691861
	-0.01611708522	-0.01705631722	-0.01834016687	-0.01865233426	-0.0197107406
	-0.01926935909	-0.02016719736	-0.01880980979	-0.01970921532	-0.01718673425
	-0.01829914583	-0.01448254224	-0.01570634117	-0.01096892433	-0.01166182088
	-0.006853412776	-0.006130250492	-0.002255366115	0.000550645788	0.002611916469
	0.00735268026	0.007303690557	0.01272451518	0.01084770938	0.0158045804
	0.01243540349	0.017332757	0.01329801775	0.01751461606	0.01332877038
	0.01685633942	0.01635285041	0.01558645409	0.01552202214	0.01500396185
	0.01484306524	0.01401726515	0.01360663764	0.01208106257	0.01107160036
	0.009011263321	0.007339323614	0.004904592941	0.002880379488	0.0003112006626
	-0.001805792393	-0.004226346512	-0.006285027772	-0.008390775385	-0.01027403421
	-0.01196071229	-0.01359127756	-0.01476249652	-0.01609348282	-0.01665189649
	-0.01768869233	-0.01750956723	-0.01832130558	-0.01726875052	-0.01797912873
	-0.01586724361	-0.01674816488	-0.01328353823	-0.01464542297	-0.009818665826
	-0.01142780051	-0.006050995454	-0.006941553258	-0.002312447358	-0.001421044119
	0.001414069105	0.004802854007	0.005387740851	0.01117298306	0.009856829531
	0.01650696677	0.0138649963	0.01982848932	0.01547277386	0.0211147625
	0.01576103323	0.009656610018	0.01066741565	0.01118790714	0.01212030009
	0.01207380069	0.01270708261	0.01256265264	0.01262256421	0.01197872119
	0.01148032311	0.009990614263	0.008778464077	0.006664652378	0.004823667723
	0.002395534383	0.0002929044425	-0.002152155241	-0.004240859139	-0.006445613443
	-0.008364898117	-0.01016649766	-0.01181123519	-0.0130968734	-0.01440296073
	-0.0150808897	-0.0160203662	-0.01598981066	-0.01661044592	-0.01571975682
	-0.01613902488	-0.01421848047	-0.01460393327	-0.01138462156	-0.0120967747
	-0.007141252679	-0.008479938122	-0.001868400957	-0.003162183768	0.003790557227
	0.004081254245	0.009589753133	0.01236817126	0.01499140941	0.0199192221
	0.018563618	0.02444078006	0.01969302975	0.02522980526	0.02035146029
	0.02590342799	0.02021597186	0.01883698002	0.01790153273	0.0171667312
	0.01641133395	0.01591374122	0.01590587282	0.01532246216	0.01558475955
	0.01508339897	0.01484348935	0.01379436234	0.0128158129	0.01089491938
	0.009181765518	0.006708567158	0.004518238439	0.001897264453	-0.0003910658232
	-0.002852354241	-0.004980847594	-0.00705959085	-0.008883334772	-0.01043429202
	-0.01187239537	-0.01279120794	-0.01380553417	-0.01401680277	-0.01461094298
	-0.0140140468	-0.01430072189	-0.01271908456	-0.01289633473	-0.01014863323
	-0.01049010416	-0.006257430524	-0.007355511357	-0.001157126554	-0.003425434009
	0.004183325665	0.00191659838	0.00859867475	0.008542204234	0.01222225648
	0.01537539188	0.01561091582	0.0218394553	0.01868359419	0.02749945262
	0.02206868709	0.02979772098	0.02337979431	0.007647315482	0.009412722085
	0.009957055671	0.01111654533	0.01174282531	0.01223739276	0.0128953041
	0.01373437291	0.014021901	0.01461723572	0.01425736157	0.01379713655
	0.0124343037	0.01097645873	0.008734769885	0.006641774782	0.004032069583
	0.001709474444	-0.0008314743001	-0.003038099641	-0.005232498545	-0.007115053963
	-0.008787209932	-0.01023701437	-0.01127066237	-0.01224740009	-0.01255333883
	-0.01305029689	-0.01256738482	-0.01261834967	-0.01122348457	-0.0110052587
	-0.008450795475	-0.008217193008	-0.004241382521	-0.004321226415	0.001608745147
	0.0004515465494	0.009079853183	0.006585221367	0.01680362672	0.0151419863
	0.02307732815	0.02483444831	0.02737048496	0.03185501587	0.02893182569
	0.03477730806	0.0276754657	0.03707031381	0.02955213293	0.02270188195
	0.02003616346	0.01902090795	0.01813355649	0.01686049314	0.01689645745
	0.01673752515	0.01714187403	0.01761775143	0.01828292617	0.01817413982
	0.01808921579	0.0169150328	0.01560403984	0.01343008821	0.01126236537
	0.008510024091	0.00599535268	0.003188899482	0.0007292359975	-0.001760959884
	-0.003893790681	-0.005850636431	-0.007505469582	-0.008805273268	-0.009914025397
	-0.01046989166	-0.01103641839	-0.01077586376	-0.01082743115	-0.009710574639
	-0.009327547064	-0.007212973569	-0.0066924361	-0.00328645501	-0.00303264074
	0.001912333764	0.001305118184	0.008406537861	0.005579847609	0.01553019524
	0.01021596519	0.02057935536	0.01687715505	0.02228994294	0.02499564207
	0.02414755615	0.03283126001	0.03004356203	0.04318583083	0.03202213387
	0.003537162866	0.006562195849	0.008679741507	0.009171730913	0.01071005212
	0.01178594212	0.01271949974	0.0143815641	0.01570217677	0.01703581079
	0.0178450217	0.01823774963	0.0176068688	0.01667209385	0.01476525864
	0.01274213775	0.0100978965	0.00758697351	0.004757798575	0.002255071258
	-0.0003184080751	-0.002499815943	-0.00454808693	-0.006231927851	-0.007608718327
	-0.008706713077	-0.009339538516	-0.00982645423	-0.00964980867	-0.009571883475
	-0.008519039638	-0.007924325716	-0.005960741208	-0.004961435535	-0.001870809597
	-0.0008739822225	0.003790532696	0.004304310591	0.01096494052	0.01025405179
	0.02010377384	0.01633031676	0.03051334806	0.0240081846	0.03786897227
	0.03543287709	0.04002921319	0.04664464137	0.04183102617	0.05308430446
	0.04820208911	0.02865283777	0.02499329194	0.02166725864	0.02036009826
	0.01921913311	0.01827062261	0.01856731376	0.01928155395	0.02003058228
	0.02136158466	0.02201770971	0.02245976595	0.02198737939	0.02108814984
	0.01920969633	0.01715699341	0.01439241284	0.01170914766	0.008668782633
	0.005916211571	0.003073992464	0.0006353257219	-0.001694977541	-0.003606216303
	-0.005246959487	-0.0065332773	-0.007396275292	-0.008017564746	-0.00807296133
	-0.008042184234	-0.007241020653	-0.006654532917	-0.004947157631	-0.003889841563
	-0.001286727632	3.340839935e-05	0.003774615218	0.004672238434	0.01002731716
	0.009689713958	0.01698924343	0.01403030535	0.02486813343	0.01654548308
	0.03233412717	0.02178223767	0.03582601798	0.03778458802	0.04112972386
	0.06950188624	0.05909965869	0.00201632786	0.0009382690607	0.005756401648
	0.007112910668	0.00873265543	0.01077431178	0.01283335841	0.01469022256
	0.01699294049	0.0189538347	0.02031353614	0.02129736248	0.02121406369
	0.02057650312	0.01899100703	0.01707955623	0.01445951115	0.01187313323
	0.00889347341	0.006187313409	0.00336801709	0.0009545615695	-0.001375774899
	-0.003256261743	-0.004913103996	-0.006147423679	-0.007031804394	-0.007591305138
	-0.007660885034	-0.007541464281	-0.006797564165	-0.006042464875	-0.004433521922
	-0.003181394632	-0.0006526178144	0.001008639157	0.004454475521	0.006265629918
	0.01109459674	0.0121884563	0.0193104161	0.01892508943	0.0293937721
	0.02617895482	0.04351113752	0.03446618837	0.06075404608	0.05356365058
	0.08313941616	0.1006816656	0.08975095178	0.0335369787	0.02993025775
	0.02796786386	0.0223254879	0.02200057967	0.02083023131	0.02062131584
	0.02158334843	0.02267468837	0.02382557637	0.02481098849	0.02538437025
	0.02507112653	0.02434460284	0.02265374887	0.020637078	0.01793375504
	0.01519164829	0.01204838763	0.00914769539	0.006112863055	0.003479158286
	0.0009195500761	-0.00117864532	-0.003057724591	-0.004481827533	-0.005584327586
	-0.006287790695	-0.00656400218	-0.006566088288	-0.00600574034	-0.005329835539
	-0.003964375012	-0.002692905008	-0.0004788829966	0.001175404656	0.004257148716
	0.006141404991	0.01000809228	0.01165731508	0.01688119937	0.01690607388
	0.02461626952	0.02189627774	0.03354387626	0.0271931745	0.05086132255
	0.0455667805	0.101787298	0.1251222716	0.1415151396	-0.03450605346
	-0.004769698386	-0.001855179902	0.001245605609	0.006352926863	0.007744951856
	0.01135447324	0.01411996605	0.01674194873	0.01922110182	0.02103811004
	0.02209899743	0.02227747349	0.02177468902	0.020272727	0.01843811488
	0.01588112771	0.01329046545	0.01030959225	0.007574215816	0.004691028517
	0.002230414142	-0.0001928778722	-0.002126012588	-0.003885297895	-0.005162177148
	-0.006159357204	-0.006725195395	-0.006930037085	-0.006785532622	-0.006176924299
	-0.00537838153	-0.003957532632	-0.002546330951	-0.0003616011841	0.001559937565
	0.00458544344	0.006748491382	0.01071545786	0.01302917619	0.01800793051
	0.02014408317	0.02777616391	0.02837533617	0.0431102983	0.04342196279
	0.07525962533	0.08483627397	0.161958609	0.1971167716	0.3069001617
	-0.01356656706	0.04583062751	0.03168016406	0.03042528168	0.02662552968
	0.02382414398	0.02416689314	0.02354867367	0.02444539179	0.02531187793
	0.02591166475	0.02628967775	0.02603072784	0.02521096393	0.02364223377
	0.02171686006	0.01910455462	0.0164272194	0.01334502855	0.01044584867
	0.007401084671	0.004736877166	0.002113585071	-3.039735818e-05	-0.00200179489
	-0.003471249783	-0.004675121517	-0.005415487433	-0.005806430612	-0.005804615849
	-0.00539708724	-0.004674470587	-0.003470133429	-0.002126896755	-0.000135002393
	0.001764697359	0.004415607815	0.006773239072	0.01012223422	0.01253231469
	0.01668317899	0.01924729126	0.02378208869	0.02723634793	0.03436003065
	0.03884079805	0.05948231139	0.07331890235	0.1363536071	0.1603523236
	0.407354324	
