2601	
	-2.43270509e-34	1.127366893e-37	8.449769396e-37	2.241024556e-36	3.109616526e-36
	3.84517954e-36	4.082396067e-36	4.232705364e-36	4.011170438e-36	3.802442912e-36
	3.223308326e-36	2.592481344e-36	1.42296794e-36	7.136820304e-38	-2.02563845e-36
	-4.411261443e-36	-7.706748467e-36	-1.130579979e-35	-1.586156847e-35	-2.056606219e-35
	-2.608085217e-35	-3.136558702e-35	-3.708558796e-35	-4.197642593e-35	-4.673314364e-35
	-4.992769534e-35	-5.234380931e-35	-5.251452229e-35	-5.140168078e-35	-4.769820229e-35
	-4.263939634e-35	-3.531381487e-35	-2.723079185e-35	-1.801182324e-35	-9.179063429e-36
	-7.98214994e-37	6.155131382e-36	1.134440251e-35	1.493956333e-35	1.618882237e-35
	1.681037515e-35	1.490252239e-35	1.418599715e-35	1.036853549e-35	9.995663236e-36
	5.152894533e-36	6.060318396e-36	3.363006245e-37	3.174760781e-36	-6.135961045e-36
	2.048033574e-34	-4.851589679e-34	0.0003594476195	0.00143761791	0.00263956789
	0.003697898677	0.004374769392	0.004631827517	0.004451745739	0.003866357802
	0.002879426024	0.00144204525	-0.0005107732976	-0.003090905862	-0.00637460202
	-0.01045756735	-0.01535349975	-0.02107649225	-0.02752165752	-0.03457586587
	-0.04198893287	-0.04951909132	-0.05679800349	-0.06350862115	-0.06923878348
	-0.07368211494	-0.07647485693	-0.07741148214	-0.07626583717	-0.07301427199
	-0.06764701325	-0.06038378311	-0.05148188228	-0.041413046	-0.03067862776
	-0.01990475662	-0.00969519427	-0.0006102105274	0.006873241691	0.01251439757
	0.01613789739	0.01794415533	0.01802573605	0.0169385036	0.01478615236
	0.01231811305	0.009336136651	0.006715052529	0.003882121145	0.00192100913
	0.0001459456698	4.057044827e-34	-4.851785934e-34	0.0004142956741	0.002081033283
	0.003702641555	0.005083577326	0.005748341222	0.005606682503	0.004596729792
	0.00272442281	-5.296211053e-05	-0.003833380825	-0.00873494914	-0.01491433884
	-0.02244772999	-0.03139266148	-0.04164923645	-0.05307104369	-0.06531987917
	-0.07803572051	-0.09068880019	-0.1028058708	-0.1138019569	-0.123240435
	-0.1306194031	-0.1356501234	-0.1379919243	-0.1375511881	-0.1341766982
	-0.1279858286	-0.119035889	-0.1076722267	-0.09418702373	-0.07916179389
	-0.06312463796	-0.04683663674	-0.03097485485	-0.01630515902	-0.003455039901
	0.007069245542	0.01491750157	0.02006662289	0.02254084772	0.02283007905
	0.0211825401	0.01841885098	0.01464484411	0.01087581729	0.006732049823
	0.003596521181	0.0007318654725	4.020159314e-34	-4.855040574e-34	0.0004549699998
	0.00226767907	0.00363990124	0.004591490561	0.004422369948	0.003149647946
	0.0005974457205	-0.003282189443	-0.008617954012	-0.01556287479	-0.02425180935
	-0.03479443587	-0.04713990426	-0.0611583252	-0.07648452112	-0.09269746089
	-0.1091693205	-0.1253320004	-0.1405023113	-0.154193734	-0.1658644035
	-0.1752439923	-0.1819887841	-0.1860368487	-0.1871908346	-0.1855292051
	-0.1809411304	-0.1736073559	-0.1635021709	-0.1509370493	-0.1360371148
	-0.119316768	-0.1011336733	-0.08223622628	-0.06321008531	-0.04492172852
	-0.02802351036	-0.01323492443	-0.00103102466	0.008282900683	0.01456798287
	0.01806038294	0.01892343977	0.0178703785	0.01512302444	0.01171032172
	0.007538497455	0.004091892548	0.0007256033504	4.058549101e-34	-4.871258693e-34
	0.0003414474936	0.001808463567	0.002459657585	0.002482846122	0.0009665294834
	-0.00194734582	-0.006617575438	-0.01309098553	-0.02157573589	-0.03220696621
	-0.04504020779	-0.06001196409	-0.07682772146	-0.09507163821	-0.114092289
	-0.1332501518	-0.1517896824	-0.1691549076	-0.1847721254	-0.1983678381
	-0.2096239907	-0.2185163501	-0.224871511	-0.228778438	-0.2300779605
	-0.2288748927	-0.2249671134	-0.2184602903	-0.209138488	-0.197174598
	-0.1824505333	-0.1653435798	-0.14599969	-0.1251384747	-0.1032713402
	-0.08142671759	-0.06034616187	-0.0410500644	-0.02416467956	-0.01030146663
	0.000292459997	0.007594919764	0.01174649916	0.01326641548	0.01249611599
	0.01035200689	0.007074628699	0.003960282318	0.0008481189997	4.010077963e-34
	-4.894659215e-34	0.0001870847944	0.0009506336356	0.0005014108717	-0.0009408068754
	-0.004358723865	-0.009487964239	-0.01683932223	-0.02639396218	-0.03842102308
	-0.05292886662	-0.06979912664	-0.08869288982	-0.1090124986	-0.1300740526
	-0.151047161	-0.1712593788	-0.1900431176	-0.2070522339	-0.221946485
	-0.2347082066	-0.2452015752	-0.253564967	-0.2596912404	-0.2637410685
	-0.2655407016	-0.2652189237	-0.2625039203	-0.2574809244	-0.2497881825
	-0.2395007633	-0.2262480711	-0.2102269451	-0.1912647891	-0.1699235027
	-0.1464934437	-0.1220637321	-0.09741311251	-0.07389996242	-0.05236802148
	-0.03382536713	-0.01868739966	-0.00722849744	0.0006385176632	0.005288615788
	0.00709857452	0.006899614464	0.005094953914	0.002916067237	0.0005504329811
	4.014545579e-34	-4.929517348e-34	-8.221332746e-05	-0.0004127227672	-0.002339695811
	-0.005686274041	-0.01133595386	-0.01899760169	-0.02927725335	-0.04206173872
	-0.05760169342	-0.07564537498	-0.09583016183	-0.1174955527	-0.1398068116
	-0.1619538516	-0.1831280659	-0.2028124115	-0.2205613441	-0.23627576
	-0.2498115765	-0.2613147532	-0.2707396706	-0.2783132748	-0.2839684355
	-0.2879441651	-0.2900964333	-0.2906342446	-0.2892843363	-0.2861742988
	-0.2808510821	-0.2733279782	-0.2629827203	-0.2497900193	-0.2331467362
	-0.2132905057	-0.1900659665	-0.1644164349	-0.1369992637	-0.1095027693
	-0.08307844604	-0.05937259921	-0.0391407232	-0.02310704062	-0.01123313683
	-0.003283978742	0.001252079295	0.00314575833	0.003028165637	0.001993434226
	0.0005062146028	3.95612838e-34	-4.971837234e-34	-0.0004223367518	-0.002185604825
	-0.005855706534	-0.01141754077	-0.01952581964	-0.0299556667	-0.04326953365
	-0.05921781257	-0.07790539052	-0.0987508679	-0.1211497724	-0.144185646
	-0.1669470258	-0.1886655376	-0.2086964406	-0.2267417837	-0.2425566762
	-0.256214066	-0.2676773608	-0.2771937089	-0.2847819587	-0.29076983
	-0.2951597307	-0.2983082061	-0.3001350877	-0.3009665346	-0.3005648979
	-0.2991568183	-0.2962671627	-0.291946533	-0.2854177206	-0.2765278704
	-0.2642671063	-0.248489316	-0.2283843642	-0.2044340341	-0.1767814386
	-0.1471222485	-0.1167495715	-0.08802358324	-0.06228321926	-0.04103614197
	-0.02453125231	-0.0128076406	-0.005251123233	-0.001053372429	0.000589925307
	0.0007610405182	0.0001523265375	3.939788668e-34	-5.022111926e-34	-0.0008441089478
	-0.004357256617	-0.00996952653	-0.01795415989	-0.02857334516	-0.04174274115
	-0.05783773215	-0.07647456189	-0.09751460202	-0.1200714458	-0.1433609397
	-0.166339171	-0.1881727968	-0.2082330156	-0.2260836666	-0.2416129035
	-0.2547218494	-0.2656072591	-0.2743265817	-0.2812397493	-0.2864544619
	-0.2904108346	-0.2931757497	-0.2951957606	-0.2964194332	-0.2972536906
	-0.2974772677	-0.2974218788	-0.2966333232	-0.2952901394	-0.2925916318
	-0.2884354785	-0.2815753762	-0.2716223683	-0.2571064379	-0.2378816061
	-0.2131738672	-0.1841968632	-0.1518889267	-0.1191095179	-0.0878186657
	-0.0606966692	-0.03865228639	-0.02240897184	-0.01132490631	-0.004618703494
	-0.001200654342	0.0001004786025	0.0001482893818	3.883800101e-34	-5.072977789e-34
	-0.001322628451	-0.006805895448	-0.01441138143	-0.0248494007	-0.03783719673
	-0.05352812919	-0.07195798214	-0.09262536938	-0.1150712555	-0.1382017377
	-0.1611437365	-0.1828721774	-0.2027241038	-0.2202402541	-0.2351789362
	-0.2475757481	-0.2574641253	-0.2651720929	-0.2708697927	-0.275037619
	-0.2778525829	-0.2798224157	-0.2810153031	-0.2819007001	-0.2823942004
	-0.2829350007	-0.2832870026	-0.2838774731	-0.2842917728	-0.2848967645
	-0.2849801931	-0.2846778211	-0.2827549247	-0.2788867054	-0.2712044046
	-0.2590757589	-0.2406601233	-0.2162409067	-0.1856901818	-0.1516851664
	-0.1163750206	-0.08366312775	-0.05548442117	-0.0338123693	-0.01835425964
	-0.008603261314	-0.00316126725	-0.0007218983445	-9.785703761e-05	3.853668835e-34
	-5.120582608e-34	-0.001821350645	-0.009387562506	-0.01891705539	-0.03170415175
	-0.04676296471	-0.06456526349	-0.08465494222	-0.1064883924	-0.1292740635
	-0.1518696065	-0.173394408	-0.1929539744	-0.2100752489	-0.224469716
	-0.2360789575	-0.2450891769	-0.2516911205	-0.2563567004	-0.2593615257
	-0.2612646379	-0.2622489966	-0.2628172437	-0.2629713353	-0.2631454295
	-0.2631764478	-0.2634947794	-0.2638142446	-0.2646201818	-0.2655076056
	-0.2670128216	-0.2685276483	-0.2705032925	-0.2718826884	-0.2726993214
	-0.2710685295	-0.2663102909	-0.2557913205	-0.2388565617	-0.2138064605
	-0.1823330379	-0.1458743731	-0.109092329	-0.07493629124	-0.04718157424
	-0.02639036974	-0.01284250656	-0.004916415965	-0.001188184563	-5.127037537e-05
	3.797838525e-34	-5.152452498e-34	-0.002320222256	-0.01193326424	-0.0231761536
	-0.03805000933	-0.05472699479	-0.07408871921	-0.095075664	-0.1172238803
	-0.1394131794	-0.160610151	-0.1799626055	-0.1967859788	-0.2107852996
	-0.221864358	-0.2301533236	-0.2360093796	-0.2397792037	-0.2420447989
	-0.2431255378	-0.2435808877	-0.2435256384	-0.2433991346	-0.2430968502
	-0.2429938614	-0.2428333148	-0.2430229494	-0.2432101595	-0.2439102787
	-0.2446929211	-0.246214198	-0.247925349	-0.2505629248	-0.2532779917
	-0.2565996572	-0.2589216284	-0.2599941338	-0.256951787	-0.2486778318
	-0.2319504036	-0.2069712895	-0.1734335296	-0.1357310915	-0.09721271699
	-0.06360425923	-0.03681679908	-0.01864686257	-0.007521966725	-0.002141959247
	-0.0002698714733	3.746679229e-34	-5.162513204e-34	-0.002752436935	-0.0142308816
	-0.02687927008	-0.04346836292	-0.06122847268	-0.08153405499	-0.1026423991
	-0.1243136317	-0.1451145478	-0.164272724	-0.180969451	-0.1947961542
	-0.2056146349	-0.2135547383	-0.2189246345	-0.2222458798	-0.2239673867
	-0.2247102547	-0.2247577625	-0.2246030791	-0.224249606	-0.2240538658
	-0.2238030516	-0.2238223581	-0.2237726134	-0.2240467473	-0.2242258098
	-0.2248386136	-0.2253977621	-0.2266185751	-0.2279332723	-0.2302590095
	-0.2328601642	-0.2367081819	-0.2405430766	-0.2448231166	-0.2469726719
	-0.2461456923	-0.2382248783	-0.2221263834	-0.1951958248	-0.1604286265
	-0.1203636552	-0.08219000231	-0.049342672	-0.02587998027	-0.01075719016
	-0.003204066235	-0.0003199939283	3.676020154e-34	-5.13544903e-34	-0.003122055009
	-0.01614282204	-0.02980647721	-0.0476431465	-0.06590579159	-0.086526216
	-0.1070514156	-0.1276154506	-0.1464831248	-0.1632637635	-0.1771452237
	-0.1880509639	-0.1959669396	-0.2012740094	-0.204408322	-0.2060139763
	-0.2065512513	-0.2066071371	-0.2063620168	-0.2062106601	-0.206034934
	-0.2061207875	-0.2061674969	-0.2064770435	-0.2066507815	-0.2070870391
	-0.2073125002	-0.2078712311	-0.2082093321	-0.2090682953	-0.209808977
	-0.2114337927	-0.2132020439	-0.216375269	-0.2199271012	-0.2250153892
	-0.2295922531	-0.2336535594	-0.2330228279	-0.2261342777	-0.2081871094
	-0.180107907	-0.1422352667	-0.1020530201	-0.06406736131	-0.03512950055
	-0.0152947767	-0.004994884224	-0.0006467290962	3.590223395e-34	-5.068813019e-34
	-0.003346165366	-0.01747535253	-0.03173656105	-0.05031430484	-0.06852438018
	-0.08888620036	-0.1082567984	-0.1272644246	-0.1438751245	-0.1581722337
	-0.1693134907	-0.1776021654	-0.1830977827	-0.1864299998	-0.1880747568
	-0.1887390782	-0.1888022274	-0.1887731578	-0.1886962141	-0.1888755873
	-0.1890883344	-0.1895826688	-0.1899986795	-0.1906460472	-0.191088114
	-0.19174917	-0.1921134419	-0.1927493476	-0.19303767	-0.19373477
	-0.1941037716	-0.1951694193	-0.1960892932	-0.1982542678	-0.2006818428
	-0.2050310329	-0.2097120126	-0.2157667669	-0.2195817721	-0.2200970365
	-0.2112623606	-0.1921428457	-0.1599646455	-0.1210310743	-0.07976338628
	-0.04577030808	-0.02074335156	-0.007135965392	-0.0008994988816	3.48794074e-34
	-4.949101277e-34	-0.003476535935	-0.01820199711	-0.03262938137	-0.05141805155
	-0.06907196776	-0.08867751635	-0.1064733996	-0.1236572219	-0.1379048202
	-0.1498313675	-0.1585182928	-0.1646709793	-0.1683461391	-0.1703931507
	-0.1712239301	-0.1715588935	-0.1716278876	-0.1718558853	-0.1721465664
	-0.1727460064	-0.1733508851	-0.174208069	-0.1749203302	-0.1758300769
	-0.176474385	-0.1773190311	-0.1778124044	-0.178558869	-0.178880877
	-0.1795569832	-0.1797551441	-0.1805064335	-0.1808305599	-0.1821502882
	-0.1833786006	-0.1864377378	-0.1899605485	-0.1958893218	-0.2013702403
	-0.2065359565	-0.2051766976	-0.1954456363	-0.1714480618	-0.137172326
	-0.09534480429	-0.05756039203	-0.02731763688	-0.009992764883	-0.001388462125
	3.354763778e-34	-4.783912162e-34	-0.003415804981	-0.01819233358	-0.0323925286
	-0.05089572037	-0.06758978434	-0.08605139364	-0.1020183776	-0.117273673
	-0.1292223092	-0.1390263663	-0.1456449775	-0.1501792574	-0.1525973445
	-0.1539279221	-0.1544283335	-0.154808379	-0.155113927	-0.155710813
	-0.1563767075	-0.1573429574	-0.1582487419	-0.1593719748	-0.1602889231
	-0.1613914769	-0.1621904212	-0.1632019771	-0.1638365321	-0.1647439417
	-0.1651918987	-0.1659949462	-0.1662369566	-0.1669649245	-0.1670606559
	-0.1679410559	-0.1683336768	-0.1702415141	-0.1722694213	-0.1769478398
	-0.1820266815	-0.1890429233	-0.1924468805	-0.1906825377	-0.1755911605
	-0.1485397697	-0.1091064369	-0.06946198384	-0.0345138485	-0.01325269882
	-0.001868876169	3.20500218e-34	-4.564151256e-34	-0.003279549016	-0.01755951993
	-0.03116261162	-0.04891177087	-0.06433025709	-0.08135164039	-0.09537048601
	-0.1087096104	-0.1185427048	-0.1265503151	-0.1315309238	-0.1349447651
	-0.1365903702	-0.1376347836	-0.1381177495	-0.1387391292	-0.1393541238
	-0.1403082541	-0.1412729359	-0.1425035517	-0.1435943312	-0.144875972
	-0.1458970773	-0.1471088947	-0.1479884653	-0.1491099714	-0.1498395208
	-0.1508827568	-0.1514522611	-0.152413748	-0.1527772325	-0.1536263784
	-0.1537255621	-0.1544952553	-0.1544689995	-0.1556443675	-0.1564356701
	-0.1596547284	-0.1633358145	-0.1702284604	-0.1757625719	-0.1796188896
	-0.1726197727	-0.1540981865	-0.1197102875	-0.08062988181	-0.0421227854
	-0.0170453938	-0.002529475361	3.012331699e-34	-4.310588187e-34	-0.002940677775
	-0.0162208958	-0.02893038278	-0.04553742078	-0.05947918994	-0.07486887508
	-0.08694433313	-0.09846600167	-0.1064396427	-0.1129897948	-0.1167335361
	-0.1194275222	-0.120645468	-0.121658464	-0.1222625467	-0.1231644483
	-0.1240434801	-0.125264419	-0.1264130834	-0.1277983518	-0.1289755232
	-0.1303418893	-0.1314115737	-0.1327013949	-0.1336423265	-0.1348719402
	-0.1356992054	-0.1368934656	-0.1376033606	-0.138759102	-0.1392989126
	-0.1403655077	-0.1406253654	-0.1415305615	-0.1414441172	-0.1423421096
	-0.1423803892	-0.1444382794	-0.1465271126	-0.1522240326	-0.1578447249
	-0.1647574055	-0.1639184154	-0.1537509128	-0.1261185828	-0.08996563828
	-0.04948857931	-0.02104432091	-0.003207923818	2.8014081e-34	-4.016127711e-34
	-0.002587253628	-0.01441170069	-0.02595221638	-0.04107394715	-0.05340540094
	-0.06703388773	-0.07724007077	-0.08707722722	-0.09346700306	-0.09886736886
	-0.101717664	-0.1039915984	-0.1050165519	-0.1061376592	-0.1069128667
	-0.1080737282	-0.1091498618	-0.110552651	-0.1117995717	-0.1132664322
	-0.1144696748	-0.1158758746	-0.1169547092	-0.1182908699	-0.1192568148
	-0.1205610746	-0.1214440005	-0.1227517314	-0.1235595186	-0.1248785489
	-0.1255701245	-0.1268559892	-0.127312551	-0.1284529428	-0.1285002858
	-0.1294366896	-0.1291669492	-0.1305421816	-0.1313480906	-0.135601749
	-0.1401787005	-0.1481103879	-0.1512166644	-0.1482022104	-0.1279693798
	-0.09669918605	-0.05610317174	-0.02511548307	-0.003970146999	2.54152926e-34
	-3.713914208e-34	-0.002037459041	-0.01204643564	-0.02222581915	-0.03561541207
	-0.04629336306	-0.05810672775	-0.06657940332	-0.07488485669	-0.07996338318
	-0.0844683055	-0.08669414356	-0.08873909813	-0.08969954687	-0.09096344585
	-0.09188393548	-0.09322688996	-0.09440811896	-0.09589697649	-0.09716195413
	-0.09864611461	-0.09983120028	-0.1012498056	-0.1023236032	-0.1037061409
	-0.1047028716	-0.1060998323	-0.1070548882	-0.1085010782	-0.1094223094
	-0.1109237504	-0.1117736049	-0.1132913742	-0.1139595894	-0.1153823101
	-0.1156645679	-0.1168359237	-0.1165870653	-0.1177267901	-0.1177259606
	-0.1207494962	-0.1238695565	-0.1314561366	-0.1364709845	-0.1388090019
	-0.1255842305	-0.100380423	-0.06141544664	-0.02893807336	-0.004716963536
	2.264186664e-34	-3.39232695e-34	-0.001559529929	-0.009452058953	-0.01807296112
	-0.02951606747	-0.03851893841	-0.0484860897	-0.05536439939	-0.06226995397
	-0.06626980417	-0.07006508222	-0.07186135325	-0.07378519893	-0.07474773704
	-0.07614373348	-0.07717355471	-0.07863134481	-0.07986098076	-0.08138084203
	-0.08263351954	-0.08411231803	-0.08527391635	-0.08670082165	-0.08776869358
	-0.08919202694	-0.09020533719	-0.09167534904	-0.0926682595	-0.09421816408
	-0.0952045265	-0.09684825136	-0.09780863059	-0.09952666944	-0.1003756804
	-0.1020759086	-0.1026138548	-0.1041054315	-0.1040625114	-0.105288783
	-0.1049354694	-0.1071564597	-0.1089298172	-0.1155342864	-0.1209912483
	-0.1268713062	-0.119633127	-0.1009218931	-0.06504113115	-0.03226694334
	-0.00542194654	1.940749272e-34	-3.094801299e-34	-0.0008899962561	-0.006487093415
	-0.01343763502	-0.02281142872	-0.03017716101	-0.03831693671	-0.04375623354
	-0.04938363704	-0.05250404719	-0.05571954026	-0.05722145383	-0.05906852591
	-0.06005322404	-0.06153332553	-0.06261991511	-0.06411296715	-0.0653322348
	-0.06681930242	-0.06802305219	-0.06945702845	-0.0705770569	-0.07199056753
	-0.07304586111	-0.07450466832	-0.07554046008	-0.07709898183	-0.07815165393
	-0.07984130878	-0.08092524415	-0.08275409419	-0.08385003893	-0.08579549277
	-0.08682696566	-0.08880959639	-0.0895993555	-0.09144156045	-0.09169082132
	-0.09320125048	-0.0928377119	-0.09469012034	-0.09546238556	-0.1009395274
	-0.105930781	-0.1137809149	-0.1111847858	-0.09870563682	-0.06687320618
	-0.03493280445	-0.006060179808	1.607577581e-34	-2.797291456e-34	-0.000389564569
	-0.003554672269	-0.00868525148	-0.01587032808	-0.02161433507	-0.02793737611
	-0.03205376426	-0.03648259928	-0.038863207	-0.0415689823	-0.04285649278
	-0.04462851961	-0.04563385821	-0.04714593138	-0.04825364189	-0.04972755283
	-0.05091533974	-0.0523410212	-0.0535011924	-0.05488445169	-0.05598293329
	-0.05738646276	-0.05844756208	-0.05994219012	-0.06100291687	-0.0626367794
	-0.06372594336	-0.06552333739	-0.06665662551	-0.06862664014	-0.06980083355
	-0.07193643897	-0.07310625493	-0.07535566713	-0.07637882302	-0.07858636519
	-0.07916421558	-0.08107421365	-0.08092927606	-0.08278046392	-0.08297523691
	-0.08751076138	-0.0916521563	-0.1003479592	-0.1010891293	-0.09417335829
	-0.06688842501	-0.03675005569	-0.006548317712	1.243637186e-34	-2.553175774e-34
	0.0003117115958	-0.0004173752747	-0.003674030382	-0.008632028854	-0.01281025226
	-0.01736403226	-0.02027202042	-0.02357071719	-0.0253184578	-0.02755287554
	-0.02867359439	-0.03035117226	-0.03136391753	-0.03285324069	-0.03394719183
	-0.03534614379	-0.03647572335	-0.03779439363	-0.03889530002	-0.04018718371
	-0.04125187061	-0.04260642803	-0.0436621621	-0.04516224122	-0.04624468246
	-0.04794690112	-0.04908928574	-0.0510236272	-0.05224905821	-0.05442236842
	-0.05573049536	-0.0581241862	-0.0594690533	-0.06202337254	-0.06327655973
	-0.06585375131	-0.06675058871	-0.06910480606	-0.06929522563	-0.07140026706
	-0.07138994934	-0.07530001265	-0.07854328653	-0.08736390648	-0.09031260741
	-0.08807416533	-0.06541501589	-0.03778583147	-0.006946822439	8.8819457e-35
	-2.318577044e-34	0.0007422693839	0.00243802143	0.00117480274	-0.001487440182
	-0.004100196071	-0.006902916191	-0.008659268291	-0.0108504684	-0.012013213
	-0.01377216735	-0.01473489859	-0.01628106908	-0.01728038631	-0.01870033874
	-0.01975962726	-0.02104940968	-0.02211772113	-0.02331059476	-0.02436836876
	-0.0255597836	-0.02662005699	-0.02792214969	-0.02900666249	-0.03051042862
	-0.03164088027	-0.03340295113	-0.03460006141	-0.03664427739	-0.03792554648
	-0.04025234759	-0.04162660482	-0.04422273202	-0.0456748889	-0.0485054261
	-0.04995438363	-0.05291508722	-0.05413660009	-0.05698979875	-0.0575968129
	-0.0601508749	-0.06024622327	-0.06389852313	-0.06642115215	-0.07502006833
	-0.07933781491	-0.08088796134	-0.06265974496	-0.03797700554	-0.007142521673
	5.299678616e-35	-2.159780328e-34	0.001404468378	0.005374474021	0.006102464997
	0.005726448083	0.004642162551	0.003537394591	0.002874892628	0.001768853299
	0.001163230636	-0.0001057359831	-0.0009056937946	-0.002285241252	-0.003250353127
	-0.004565207613	-0.005570811503	-0.006720627305	-0.007713908795	-0.008747262188
	-0.009749898615	-0.01079538514	-0.01183845111	-0.01302997119	-0.01412943769
	-0.01557571157	-0.01674406769	-0.01852115728	-0.0197797552	-0.02193030745
	-0.02330798021	-0.02584307686	-0.02736092506	-0.03025989077	-0.03190440415
	-0.03510710858	-0.03679345466	-0.04018052509	-0.0417080984	-0.04506817237
	-0.04609134792	-0.04919418241	-0.04958905115	-0.05330161909	-0.05535784909
	-0.06363461456	-0.06873771623	-0.07327509616	-0.05911322803	-0.03757988652
	-0.007275534408	2.06625645e-35	-2.006228352e-34	0.001686343626	0.007794618533
	0.01059799034	0.01255879174	0.01304638922	0.01363336379	0.01406884945
	0.01407089683	0.0140494172	0.01332006924	0.01272020874	0.01155670676
	0.01065576561	0.009476726619	0.008541165896	0.007546650659	0.006632754283
	0.005769668879	0.004813876042	0.003925347741	0.002873665148	0.001803232004
	0.0006434620117	-0.0007374291355	-0.001999488882	-0.003783799718	-0.005147494877
	-0.007383992737	-0.008859754631	-0.01155250738	-0.01315539636	-0.01627626706
	-0.0180133422	-0.02151509916	-0.02335791414	-0.02716034266	-0.02897931341
	-0.03290739145	-0.03438942248	-0.03816620989	-0.03902887535	-0.04310967787
	-0.04500406079	-0.05305313486	-0.05860521674	-0.06549226713	-0.05497736297
	-0.03660582118	-0.007217022213	-8.533230724e-36	-1.943974933e-34	0.002261546375
	0.01022307904	0.01501683298	0.01927001913	0.02132789931	0.02355983007
	0.02508267093	0.026203158	0.02679898649	0.0266572324	0.02630127218
	0.02539593277	0.02458657774	0.02356280124	0.02271152192	0.02187979863
	0.02106068225	0.02038337653	0.01949493237	0.01880015346	0.01776144953
	0.01687449327	0.01567325691	0.01444206105	0.01309978452	0.01139822665
	0.00993045002	0.007670828463	0.006067343041	0.003211679726	0.001441359469
	-0.00199623309	-0.003955647037	-0.007908025219	-0.01002425633	-0.01436381625
	-0.01650399519	-0.02103581407	-0.02293377481	-0.02741598723	-0.02879062589
	-0.03344433179	-0.03541504294	-0.04340468044	-0.04921835592	-0.05797277054
	-0.05068110555	-0.03537890174	-0.00715754622	-3.153889738e-35	-1.868165776e-34
	0.002330958297	0.01190783371	0.01871327074	0.02529760803	0.02902389161
	0.03292144005	0.03558557046	0.0378804603	0.03917745761	0.03971129449
	0.03967778941	0.03909688679	0.03842566072	0.03758459833	0.03683815016
	0.03617250841	0.03546307968	0.03496775499	0.03415977684	0.03365742932
	0.03262761959	0.03192836856	0.0306478574	0.02957436184	0.02807729968
	0.02646826031	0.02480304746	0.02253794496	0.02073590116	0.01776319517
	0.01582880759	0.01217203491	0.01009081013	0.005823968425	0.003582595752
	-0.001200361293	-0.003572962815	-0.008741293604	-0.01108291316	-0.01640842372
	-0.01840218812	-0.02387730648	-0.02618639976	-0.03438840954	-0.04042879714
	-0.05074142381	-0.04630355878	-0.03391323749	-0.006957734675	-4.827464215e-35
	-1.895870282e-34	0.002798527453	0.01359777313	0.02219953623	0.03100760456
	0.03642856589	0.04196236363	0.04578912281	0.04928374611	0.05136143981
	0.05264922435	0.05302142038	0.05283057126	0.05234426053	0.05170910028
	0.05108636513	0.05058378831	0.050001612	0.04968427327	0.04898937386
	0.04868960792	0.04771263004	0.04723914435	0.04592013243	0.04508349305
	0.04345897809	0.04206234495	0.04020966414	0.03807306264	0.03605467713
	0.03305631048	0.03088535173	0.02698918729	0.02463249016	0.01989348344
	0.01731845446	0.01187387096	0.009120096943	0.003177447299	0.0004029369194
	-0.00578861165	-0.008346366235	-0.01475093598	-0.0175162515	-0.02615500346
	-0.03240270538	-0.0440675419	-0.04215261913	-0.03251151748	-0.006824764001
	-5.675684929e-35	-1.877570761e-34	0.002604795945	0.01432269979	0.02464246937
	0.035668736	0.04292463253	0.05015997904	0.05524169938	0.06001537683
	0.06299882206	0.06516385089	0.06607087151	0.06637434409	0.06615258342
	0.06577727505	0.06531367388	0.0649838115	0.06455370351	0.06440196901
	0.06385129587	0.06373373691	0.06283903504	0.0625682919	0.06121276108
	0.06059489954	0.05878871413	0.05759933881	0.05544071799	0.05344455666
	0.05105923405	0.04807643385	0.0455601154	0.04152704711	0.03891515636
	0.03389201457	0.03115704845	0.02527305028	0.0223472562	0.01573174298
	0.01258664014	0.005394647831	0.002166225452	-0.005430447097	-0.00886081813
	-0.01827711658	-0.02483318142	-0.0378023513	-0.03816636	-0.03114951895
	-0.006609860333	-5.670476295e-35	-1.978425577e-34	0.002995774935	0.01516542702
	0.02680865591	0.03980905872	0.04890183297	0.05782503018	0.06420887154
	0.07028635172	0.07427663044	0.07742626795	0.0789992348	0.07990390229
	0.08004103661	0.07998579648	0.07971877098	0.0795807097	0.07931769301
	0.07932600018	0.07895265726	0.07900245008	0.07825327531	0.07817894076
	0.07686808592	0.0764977859	0.07458547441	0.07369876512	0.07128194732
	0.0695982195	0.06685305428	0.06409066233	0.06117703146	0.05714298946
	0.05412157832	0.04876537499	0.04558579715	0.03900098656	0.03557306794
	0.02797683546	0.02429122223	0.01597652082	0.01216483416	0.003342343898
	-0.0007241819218	-0.01110578912	-0.01795368608	-0.03217585191	-0.03457828971
	-0.03009436761	-0.006526576576	-4.724372307e-35	-1.986709221e-34	0.002482667504
	0.01481525897	0.02760781909	0.042471875	0.05351756868	0.06424643583
	0.07206621339	0.07954029435	0.08468721919	0.08897329576	0.09139023804
	0.09306168771	0.0937014174	0.09407425677	0.09408927412	0.09418969899
	0.09413267712	0.09431247738	0.09414489536	0.09434589009	0.09378709322
	0.09386218265	0.09264904411	0.09245603551	0.09045740784	0.08980407966
	0.08706219107	0.08565333557	0.08237018115	0.07984447573	0.07629621289
	0.07235311351	0.06876019938	0.06328391282	0.0597150386	0.05278073036
	0.04913145994	0.04089514885	0.03693478139	0.02754553828	0.02310090834
	0.0127362328	0.00781270579	-0.003943055695	-0.01123750941	-0.02686096741
	-0.03117455082	-0.02925523549	-0.006397384498	-2.786552197e-35	-2.143952233e-34
	0.002905181167	0.01490313197	0.02824434492	0.04448705435	0.05734679617
	0.06983374146	0.07914477004	0.08803956823	0.09443942717	0.09996917741
	0.1034078716	0.1060073513	0.1073090233	0.1082509533	0.1086400459
	0.1090551891	0.1092457592	0.1096208657	0.1096842365	0.110033862
	0.1097129104	0.1099147149	0.1088966942	0.108848594	0.1069062106
	0.1064877727	0.1035699856	0.1025386963	0.09881969081	0.0967725321
	0.09259837183	0.08906074786	0.08477105755	0.07936993485	0.07509170998
	0.06768537274	0.06328112599	0.05397490014	0.04921694207	0.03834569533
	0.03314856991	0.02120432413	0.01561175551	0.002408018863	-0.005208287934
	-0.02222006186	-0.02820839943	-0.02890216022	-0.006476405117	1.266863472e-36
	-2.142912418e-34	0.002013646913	0.01350125627	0.02721284113	0.04460733769
	0.05925716799	0.07360268477	0.08458415307	0.09502165177	0.1028188529
	0.1097614816	0.114433114	0.1181708604	0.1203778078	0.122072568
	0.1230134516	0.1238747592	0.1244021054	0.1250472651	0.1253794531
	0.1259068603	0.1258530309	0.1261645277	0.1253965518	0.1254103446
	0.1236091614	0.1232754692	0.120242512	0.1194164856	0.1152003424
	0.1135124423	0.108461071	0.1053352961	0.09997388962	0.09483524817
	0.08959471799	0.08213371518	0.07709937599	0.06735034813	0.06222419132
	0.05037735656	0.04468597394	0.03100450047	0.02447697319	0.009279978283
	0.001115392035	-0.01759450151	-0.02521539787	-0.02882227845	-0.006504712127
	4.135974678e-35	-2.348990017e-34	0.002640686115	0.01316050905	0.02647862653
	0.04422924588	0.0602100925	0.07619383037	0.08884325846	0.1008187255
	0.1101040054	0.1185409275	0.1246038003	0.1297028243	0.1330245781
	0.135706092	0.1374006175	0.1388681187	0.1398653821	0.1408722548
	0.1415321802	0.1422880293	0.1425261601	0.1429717876	0.1425022287
	0.1425634047	0.1410380431	0.1407247377	0.1378204356	0.1371423577
	0.1327222662	0.1314710988	0.1257657169	0.12335965	0.1169508721
	0.1125296119	0.1060383692	0.09878959056	0.09245460731	0.08197562413
	0.07551340644	0.06199339487	0.05502718058	0.03923584129	0.03191798261
	0.01487351032	0.006544780937	-0.01374797735	-0.02265139591	-0.02936326484
	-0.006840334421	9.112801333e-35	-2.29977155e-34	0.001256938771	0.01083964543
	0.02374199525	0.04161608907	0.0587182461	0.07628811803	0.09071185013
	0.1044012163	0.1153329734	0.1253930142	0.1330987037	0.1397560966
	0.1444991885	0.1484527115	0.1511685765	0.1535032179	0.1551685623
	0.1567099566	0.1578186195	0.1589030979	0.1594881576	0.1601257879
	0.1599736301	0.1600902924	0.1588786108	0.1584793758	0.1558140952
	0.1550085928	0.1505208227	0.1493238522	0.1429449902	0.1409393618
	0.1331458671	0.1293729023	0.1210560441	0.1143679939	0.106336048
	0.09597286418	0.08843758597	0.07436094705	0.06681925559	0.04960382856
	0.04151939507	0.02205268908	0.01310047918	-0.009330347141	-0.019508226
	-0.03000402629	-0.007039884173	1.534085577e-34	-2.568014521e-34	0.002462962108
	0.01063860861	0.02223106912	0.03917007952	0.05651048847	0.07501018502
	0.09098452934	0.1062831502	0.1188553304	0.1306570631	0.1400683786
	0.1484889211	0.1549042584	0.1603816566	0.1644345158	0.1678993903
	0.1704823123	0.1727712007	0.1744862779	0.1760358432	0.1770521039
	0.177966571	0.1781669264	0.1784077215	0.1775405665	0.1770931295
	0.1748054147	0.1738024549	0.1696192184	0.1683059351	0.1618116914
	0.1601618394	0.1514597716	0.1486654984	0.1386088615	0.1330865595
	0.1227873555	0.1128727412	0.1028928073	0.08772634496	0.07789755551
	0.05821267029	0.04856821273	0.02684399567	0.01799790275	-0.006003738933
	-0.01677315335	-0.0313494047	-0.007753039404	2.258626758e-34	-2.417914376e-34
	0.0001484852531	0.007367488145	0.01808704793	0.03413803647	0.05142018774
	0.07064525659	0.08806581614	0.1049820505	0.119470942	0.1330728287
	0.1444297361	0.1548301624	0.1631522253	0.1704948543	0.1762056241
	0.1811435708	0.1849719865	0.1882988535	0.1908677476	0.1930989034
	0.1947000153	0.1960328428	0.1966631392	0.1971176353	0.1966015137
	0.1961577817	0.1942127037	0.1929320268	0.1891049678	0.1872542486
	0.1808649453	0.1787812377	0.1692970254	0.1667049704	0.1545204823
	0.1499147605	0.1365378836	0.127719741	0.1148283141	0.1003286165
	0.08879290779	0.06883961922	0.05873666857	0.03524190243	0.02583916688
	-0.0007608648856	-0.01235197926	-0.03213634884	-0.007940936028	3.149859331e-34
	-2.798837822e-34	0.002639245814	0.008169766038	0.01674099498	0.03049373245
	0.04652351467	0.06531737664	0.08332349775	0.101611266	0.1177106646
	0.1331677879	0.1465611751	0.1589838326	0.1694566018	0.1788633268
	0.1865265823	0.1932537935	0.1986417983	0.2033127257	0.2070091106
	0.2101649591	0.2125388451	0.2144654963	0.2156332473	0.2164215075
	0.2163075727	0.2159735573	0.2143753405	0.2129484164	0.2095338832
	0.2071854439	0.2013312937	0.1985491431	0.189292634	0.1865489302
	0.1733424053	0.1698783911	0.1537341313	0.1468400356	0.1300031559
	0.1165095184	0.100753013	0.0796819172	0.06615372626	0.0400576484
	0.03022269292	0.002398174056	-0.008510202799	-0.03342271962	-0.009101028676
	4.160239955e-34	-2.471486669e-34	-0.001266287129	0.003425427897	0.01102549072
	0.02333858774	0.0382027673	0.05622606665	0.07485589012	0.09411344204
	0.1119700878	0.129455119	0.1449505068	0.1596779635	0.1724637915
	0.1841735496	0.1940863628	0.202903705	0.2101933656	0.216548479
	0.2216978999	0.2260819382	0.2294912423	0.232250417	0.2341264205
	0.2354217453	0.2357935466	0.2356754207	0.2344190793	0.2329137499
	0.2297669308	0.2269295927	0.2214184564	0.2175176385	0.2086426699
	0.2044071534	0.1906823344	0.1865826851	0.1675850337	0.1619692863
	0.1402046463	0.129288523	0.1091639199	0.09063465165	0.07535359042
	0.05073320821	0.04082552458	0.01086205148	-0.000486358023	-0.03247092817
	-0.008945036148	5.474097301e-34	-3.060510286e-34	0.003151937494	0.005896828808
	0.0105659207	0.01938594683	0.03117647999	0.04740856686	0.06500570906
	0.08450059307	0.1036709109	0.1227245339	0.140428208	0.1574064541
	0.1725905934	0.1867437638	0.199054048	0.210169263	0.2196064198
	0.2279056667	0.2347790094	0.2406573656	0.2453437603	0.2491584301
	0.2519214983	0.2538993586	0.2548570692	0.2550969486	0.2542316849
	0.2527745185	0.2499112941	0.246806347	0.2416010012	0.2369509634
	0.228738065	0.2230474909	0.2103225697	0.2048709014	0.1856527552
	0.180984393	0.1556951953	0.1486133358	0.1221884919	0.1069648448
	0.08537611839	0.06049394328	0.04622583431	0.01560881826	0.005475695436
	-0.03139223411	-0.01017237257	6.994125405e-34	-2.431459981e-34	-0.003731401056
	-0.002010766104	0.001642768966	0.008470829564	0.01914969837	0.03349742498
	0.05051478967	0.07038269374	0.09044932598	0.1113425993	0.1312183315
	0.1505456298	0.1683104779	0.1850027432	0.199868039	0.2134490856
	0.2252269236	0.2356885321	0.2445289135	0.2521491721	0.2583588435
	0.2634698296	0.2673361323	0.2702013669	0.2719006993	0.2726720783
	0.2722620812	0.2709832387	0.2683817653	0.2650606377	0.2599738516
	0.2546363324	0.2465439467	0.239300963	0.2271770795	0.2189211136
	0.2004429305	0.1934091772	0.1662532405	0.161213075	0.1285340888
	0.1207254554	0.09289329147	0.07573334783	0.06030964869	0.03269138889
	0.02105123836	-0.02318544061	-0.008168218554	9.116194278e-34	-3.458743371e-34
	0.005227285038	0.002816601437	0.0008437540559	0.00349649193	0.009447612015
	0.0206254626	0.03606283469	0.05461666932	0.07521308653	0.09717925466
	0.1188059916	0.1403505569	0.1605251815	0.1797043801	0.1971147802
	0.2131574596	0.2273152568	0.2400107544	0.2509167807	0.2604040812
	0.2682797166	0.2748392052	0.2799543117	0.2838498161	0.2864119321
	0.2878295422	0.2879396332	0.2869646193	0.2846293912	0.28126246
	0.2763554434	0.2706436938	0.2628239757	0.2549486899	0.2437269773
	0.2342030385	0.2184411439	0.209451211	0.1860488979	0.1817056503
	0.1482052466	0.1480161109	0.1105545727	0.1032322961	0.07495031181
	0.04871873948	0.03109017486	-0.01343849043	-0.01034694497	1.185939962e-33
	-2.20162091e-34	-0.01093905864	-0.01573173328	-0.01677436066	-0.01632511141
	-0.01088693009	0.0001860563407	0.01461190245	0.03357182519	0.05489483526
	0.07793012344	0.1014551143	0.1250374963	0.1475596969	0.1691797427
	0.1890815159	0.2075524234	0.2240929033	0.2390254058	0.2520304243
	0.2634309249	0.2730288865	0.281101203	0.2875256157	0.2925232342
	0.296007401	0.2981514006	0.2988683005	0.2983296044	0.2963794009
	0.2932603309	0.2887028172	0.2830721957	0.2758438107	0.2679382659
	0.2577346382	0.24799602	0.2343570021	0.2237486832	0.2048614275
	0.1971600821	0.1677958967	0.1691866926	0.1271979106	0.1348058801
	0.09331796819	0.08647271998	0.06064303369	0.01464363281	-0.0008038492233
	1.626149669e-33	-4.088630124e-34	0.008962327077	-0.003470282462	-0.01870580305
	-0.0264806299	-0.02505157312	-0.01882508071	-0.00558941691	0.01247895658
	0.033534593	0.0573181819	0.08200358642	0.1070820417	0.1315097684
	0.1551094051	0.1770986981	0.1976391394	0.2162115059	0.2330638133
	0.2478981054	0.2609831379	0.2721513321	0.2816592217	0.2894201411
	0.2956554984	0.3003210153	0.3036011792	0.305470894	0.3060841188
	0.3054036603	0.3036127157	0.3005853259	0.2966004062	0.2914413891
	0.2854956838	0.2782768512	0.2709253193	0.2614502994	0.2534954791
	0.2413835799	0.2345447487	0.2165691813	0.2170431088	0.183397309
	0.1971554272	0.1417904976	0.1517381866	0.08566401452	0.05131335299
	-0.0003168259421	2.176212624e-33	-1.767784547e-34	-0.01975210064	-0.04453796527
	-0.05494626833	-0.05619406246	-0.05434156923	-0.04579932799	-0.03122638662
	-0.01321756323	0.008741210432	0.03306278018	0.05859942333	0.08481343581
	0.1106727522	0.1358507937	0.1597070545	0.1822176636	0.202933787
	0.222030371	0.2392328036	0.2547721524	0.268503442	0.2806614103
	0.2911769826	0.3002608654	0.3078861349	0.3142318628	0.3192868732
	0.3231997522	0.3259694512	0.3277181766	0.3284242657	0.3282558378
	0.3270911265	0.3251691688	0.3223402688	0.3188375482	0.3142408096
	0.3096239525	0.3026356401	0.2972055221	0.2863951983	0.2815265333
	0.2593469269	0.2633136008	0.2121436612	0.2305422272	0.143684869
	0.134715409	0.02115596072	3.144979995e-33	-4.701635294e-34	-0.0001465430504
	-0.02724264915	-0.03051917187	-0.03162828845	-0.0234719702	-0.01145905695
	0.003548657621	0.02162422508	0.0425078632	0.06521470008	0.08954847241
	0.1148980164	0.1405547212	0.1662351295	0.1913329479	0.2156820416
	0.2388725466	0.260885328	0.2814477468	0.3006373262	0.3182970899
	0.3345418635	0.349295789	0.3626814494	0.3746733061	0.3853851583
	0.3948186191	0.4030786007	0.4101762336	0.4162039683	0.4211890032
	0.4252084134	0.4282750985	0.4305216231	0.4318869249	0.4325114426
	0.4324475521	0.4316384516	0.4300355415	0.4282761358	0.424418599
	0.4217057134	0.4131273468	0.4106995214	0.382177568	0.3853578539
	0.2916086577	0.2637795743	0.01050885399	4.616508161e-33	2.993200831e-34
	0.02066794877	0.09571637727	0.1503626897	0.1919259289	0.2276127699
	0.2556645878	0.2807647503	0.3033319517	0.3247033568	0.3454423914
	0.3661337626	0.3867891153	0.4074746263	0.4280885238	0.44837456
	0.4682225963	0.4873448395	0.5056610526	0.5229476222	0.5391901652
	0.5542428111	0.5681453037	0.5808226352	0.592344867	0.6026882485
	0.6119343155	0.62009304	0.62724467	0.6334179382	0.6386901459
	0.6430971187	0.646706133	0.6495669878	0.6517232665	0.6532160558
	0.6540943586	0.6543397306	0.6538910949	0.6528402753	0.6505764445
	0.647236414	0.6416484435	0.6325531989	0.6184171437	0.5924803871
	0.558597523	0.4754392326	0.412424358	0.1640433052	7.531185817e-33
	2.113873255e-34	-5.913347705e-34	-7.097486116e-35	-8.539323175e-35	5.270930174e-36
	2.838555749e-35	4.520798166e-35	7.776548714e-35	9.145425594e-35	1.126823983e-34
	1.310474544e-34	1.499835661e-34	1.685631362e-34	1.872867402e-34	2.056837656e-34
	2.228132412e-34	2.399575742e-34	2.548942027e-34	2.696226622e-34	2.819957838e-34
	2.939296294e-34	3.036298793e-34	3.128185332e-34	3.200601692e-34	3.267600361e-34
	3.318791375e-34	3.364464845e-34	3.397953682e-34	3.425738599e-34	3.445046192e-34
	3.457900165e-34	3.466087661e-34	3.466775667e-34	3.466745337e-34	3.456105634e-34
	3.452411771e-34	3.428245438e-34	3.422603224e-34	3.382393852e-34	3.370689122e-34
	3.288263795e-34	3.279617964e-34	3.058660774e-34	3.034105067e-34	2.484461872e-34
	2.353354298e-34	8.450385572e-35	1.00718894e-34	-2.577844436e-34	-3.75763103e-34
	3.942048499e-33	
