2601	
	-2.526168084e-34	1.094695015e-37	9.806597183e-37	2.376540886e-36	3.313539847e-36
	4.012400495e-36	4.270678634e-36	4.30561696e-36	3.985868168e-36	3.51406418e-36
	2.690732682e-36	1.655637704e-36	1.347024823e-37	-1.719101317e-36	-4.224070913e-36
	-7.153616449e-36	-1.084437494e-35	-1.494993213e-35	-1.980191532e-35	-2.488776585e-35
	-3.051855789e-35	-3.598777706e-35	-4.159420669e-35	-4.644484626e-35	-5.086784088e-35
	-5.383804492e-35	-5.578842005e-35	-5.567138456e-35	-5.412394352e-35	-5.023845775e-35
	-4.494270746e-35	-3.76413187e-35	-2.953903003e-35	-2.043736208e-35	-1.1590055e-35
	-3.125419983e-36	4.11132602e-36	9.769392307e-36	1.393862191e-35	1.588435467e-35
	1.709030564e-35	1.575846034e-35	1.53328457e-35	1.174430403e-35	1.128581687e-35
	6.314064502e-36	6.891899957e-36	8.009020357e-37	3.41008616e-36	-6.268103108e-36
	2.113030341e-34	-5.038551516e-34	0.0003032749506	0.001203780423	0.00217759436
	0.003004677574	0.003495701095	0.003609131715	0.003317412816	0.002634949677
	0.001557617526	5.515002646e-05	-0.001916220805	-0.004424256812	-0.007517701621
	-0.01124780753	-0.01561427722	-0.0206039237	-0.02612776826	-0.03207826591
	-0.03826050348	-0.0444724834	-0.05043135874	-0.05587785955	-0.06049366338
	-0.06402680473	-0.06619500578	-0.06682787212	-0.06575360132	-0.06295251589
	-0.05842764496	-0.05235813153	-0.04495650825	-0.03660042934	-0.02768527263
	-0.01870613808	-0.0101305023	-0.002406878982	0.004090560057	0.009143582993
	0.01259459444	0.01455393705	0.01505946602	0.01451415346	0.01296911799
	0.01102825343	0.008517523791	0.006209295207	0.003634640885	0.001808052283
	0.0001464014558	4.186371313e-34	-5.039244987e-34	0.0003365225833	0.001676426841
	0.002919107659	0.003912501782	0.004268739693	0.003902926143	0.002747352683
	0.0007937819406	-0.001994555153	-0.005675965158	-0.01032394072	-0.01602566054
	-0.02282045936	-0.0307210803	-0.0396404997	-0.04944351924	-0.05987240963
	-0.07063457847	-0.08132724553	-0.09156139412	-0.1008757688	-0.1088879074
	-0.115181388	-0.119475744	-0.1214774833	-0.1210693531	-0.1181257051
	-0.1127255861	-0.1049374516	-0.09505405684	-0.0833515766	-0.07032960267
	-0.05645265309	-0.0423632177	-0.02862758209	-0.01588408135	-0.004641621737
	0.004668628132	0.01176387367	0.01658767525	0.01914796969	0.01979385919
	0.01870432161	0.01652579366	0.01333172002	0.0100054251	0.006246870275
	0.003344237861	0.0006820441728	4.151951577e-34	-5.044857143e-34	0.0003407790918
	0.001695478739	0.002607386234	0.003104823788	0.002617357987	0.00114354553
	-0.001476634857	-0.005284640388	-0.01037135804	-0.016823215	-0.02471727558
	-0.03410024651	-0.04492191142	-0.05706362274	-0.07025912595	-0.0841810296
	-0.098366324	-0.1123558674	-0.1256109552	-0.137687058	-0.1481108779
	-0.1565700586	-0.162732403	-0.1664545467	-0.1675460865	-0.1660152965
	-0.1617887219	-0.1550094585	-0.1457188627	-0.1342094695	-0.1206697003
	-0.1055741886	-0.0892916143	-0.07247390839	-0.05564114961	-0.03951906055
	-0.02465061792	-0.01163603832	-0.000860153702	0.007407393361	0.01306014425
	0.01626674608	0.01716276535	0.01632167822	0.01391724981	0.0108439293
	0.007018652791	0.003817262022	0.0006843131238	4.188257697e-34	-5.063931213e-34
	0.0002113439815	0.001134461322	0.00129829536	0.0008543688397	-0.0009212071539
	-0.003933858586	-0.008481628406	-0.01459172867	-0.02240516127	-0.03198827288
	-0.04336373784	-0.05646350686	-0.07107838277	-0.08689843865	-0.1034596745
	-0.1202664357	-0.1367355998	-0.152367855	-0.1666518117	-0.1792456081
	-0.1898080708	-0.1981884482	-0.2041874796	-0.2077841368	-0.2088433313
	-0.2074077223	-0.2033590502	-0.1967893499	-0.1876133177	-0.1760219487
	-0.1620399392	-0.1460500984	-0.128287045	-0.1093950885	-0.08985436124
	-0.07051232471	-0.05197753078	-0.03507112746	-0.02029251171	-0.00815623997
	0.001141467641	0.007549768623	0.01119831831	0.01249697658	0.01174393528
	0.009727543882	0.006652449658	0.003724333369	0.0007907496164	4.140483235e-34
	-5.090941542e-34	4.067685189e-05	0.0002105237536	-0.0007008318439	-0.00254339303
	-0.006058495498	-0.01106794189	-0.01797356148	-0.02674255703	-0.03755866982
	-0.05040075803	-0.06518644718	-0.08167228581	-0.09945173849	-0.1180243207
	-0.1367786305	-0.1551502815	-0.1725663662	-0.1886252156	-0.2029546863
	-0.2153877898	-0.225734201	-0.2339844783	-0.2400202306	-0.2438865227
	-0.2454485874	-0.2447502294	-0.2416072851	-0.2360601937	-0.2278953155
	-0.2172018218	-0.2038191463	-0.188002389	-0.1697910002	-0.1497553145
	-0.1282675954	-0.1062552544	-0.08437407315	-0.06368666053	-0.04483929904
	-0.0286275678	-0.01537564533	-0.005344227823	0.001544564397	0.005564574969
	0.007059036456	0.006731327154	0.004947502748	0.002831361944	0.000541789306
	4.138176413e-34	-5.128272498e-34	-0.0002234137179	-0.00113081927	-0.00342031521
	-0.007018944828	-0.01253179944	-0.01978428425	-0.02922521545	-0.04075496764
	-0.05455199391	-0.07042962812	-0.08816008819	-0.1072878028	-0.1272354029
	-0.1473816144	-0.167081393	-0.1858260945	-0.2031641177	-0.2188571123
	-0.2326903748	-0.2446425443	-0.2546233578	-0.2627071051	-0.268816811
	-0.2730442021	-0.2752638769	-0.275546153	-0.2736802046	-0.2696927046
	-0.2632715704	-0.2544137918	-0.2427542381	-0.2283671983	-0.2110051252
	-0.1910493619	-0.1686346898	-0.1446701888	-0.1197965045	-0.09534659529
	-0.07217378648	-0.05149789599	-0.03384901906	-0.01981020855	-0.00934634942
	-0.00233485204	0.001664373712	0.003264822539	0.003041495075	0.001974432174
	0.0004860298387	4.077338362e-34	-5.17186893e-34	-0.000540468803	-0.002788309039
	-0.006658849608	-0.01225781521	-0.01993532312	-0.0296038326	-0.04164667282
	-0.05589117958	-0.07242626018	-0.0908621742	-0.1108173025	-0.1316470501
	-0.1526864467	-0.1732904994	-0.1928821137	-0.2110775882	-0.2275687396
	-0.2422584971	-0.255039181	-0.2659821949	-0.2750589598	-0.2824168088
	-0.2880330971	-0.2920810156	-0.2944884719	-0.2954050398	-0.2946450506
	-0.2922784486	-0.2879461893	-0.2816041707	-0.2727117719	-0.2611667187
	-0.2463830742	-0.2284467824	-0.2070814294	-0.182973919	-0.1565478297
	-0.1292756657	-0.1021848993	-0.07700563974	-0.05462362679	-0.03612204429
	-0.02163175627	-0.01124724969	-0.004466108167	-0.0007083837077	0.0007520870507
	0.0008288467524	0.0001806709415	4.050204579e-34	-5.220194723e-34	-0.0009168438168
	-0.004733039398	-0.01032526917	-0.01807464586	-0.02794258372	-0.03999896191
	-0.05445382654	-0.0710867997	-0.08982282953	-0.1100849039	-0.131353425
	-0.1528606976	-0.173944573	-0.1940094637	-0.2125989087	-0.2294567155
	-0.2443922337	-0.257409056	-0.2684766748	-0.2777487942	-0.2852695993
	-0.2912806099	-0.2958369955	-0.299210299	-0.3013931377	-0.3026230174
	-0.3027532983	-0.3019243552	-0.2997738102	-0.2962820585	-0.2908065046
	-0.283144874	-0.2724115609	-0.2583844078	-0.2402603461	-0.218305944
	-0.1924410358	-0.1640140311	-0.1340165573	-0.1046742637	-0.0773239321
	-0.05381674096	-0.03465106085	-0.02036608301	-0.01042486995	-0.004323135468
	-0.00112654091	7.923907461e-05	0.0001306888635	3.988325615e-34	-5.266456937e-34
	-0.001326511487	-0.006853560758	-0.01419170611	-0.0241002949	-0.03603717604
	-0.0503124654	-0.06685315626	-0.08541896908	-0.1057005944	-0.1269892345
	-0.1486584037	-0.1699070341	-0.1901389316	-0.2088457243	-0.2256959766
	-0.2405356818	-0.2532686818	-0.2639872862	-0.2727449388	-0.2797945768
	-0.2852664097	-0.2894979928	-0.2926079983	-0.2949417051	-0.2965272032
	-0.2976673061	-0.2982444852	-0.2984830106	-0.2980568664	-0.2970475124
	-0.2948181152	-0.2912094109	-0.2851820765	-0.2763342467	-0.2633756284
	-0.2460704667	-0.2235823094	-0.1967647892	-0.1661574377	-0.1341837413
	-0.1025204284	-0.0739393545	-0.04956854731	-0.03072902377	-0.01704664199
	-0.008230133426	-0.003119932388	-0.0007787557316	-9.088111045e-05	3.945095694e-34
	-5.305291016e-34	-0.001746143028	-0.009036744242	-0.01805047625	-0.03001790171
	-0.04378603179	-0.059970097	-0.07810703626	-0.09799126518	-0.1190453277
	-0.1405226843	-0.1617238286	-0.1818956846	-0.200527639	-0.2172106104
	-0.2317264371	-0.2440158838	-0.254087254	-0.2621395391	-0.2683306162
	-0.2730176508	-0.2764021778	-0.2788840199	-0.2805995263	-0.2819180074
	-0.2828563596	-0.2837431525	-0.2844612649	-0.2853043871	-0.2859882455
	-0.2867309738	-0.2869749945	-0.286732472	-0.2849849791	-0.2813728333
	-0.2743200148	-0.2632264169	-0.2464480603	-0.2240957586	-0.1957842046
	-0.1636346356	-0.1292476216	-0.09623146074	-0.0664778256	-0.04249523137
	-0.02436607724	-0.01230478992	-0.004961314821	-0.001379061305	-0.0001085231685
	3.880689142e-34	-5.326437153e-34	-0.002151804801	-0.0111438088	-0.02165585453
	-0.03545964809	-0.05070602777	-0.06837919157	-0.08754643339	-0.1081117086
	-0.1292076714	-0.1501470611	-0.1701717431	-0.18864122	-0.2051246809
	-0.2193303113	-0.2311520333	-0.2406464898	-0.2479465957	-0.2533704745
	-0.2571736968	-0.2597876246	-0.2614386758	-0.2625356981	-0.2631798216
	-0.2637184401	-0.2641176669	-0.2646986488	-0.2653159559	-0.2663079067
	-0.2674147805	-0.268987603	-0.2705712668	-0.2724180311	-0.2736626625
	-0.2742036558	-0.2724604311	-0.267780475	-0.2579323046	-0.2423101069
	-0.2193079533	-0.1901962894	-0.1558302372	-0.1201880565	-0.08576807157
	-0.05653223047	-0.03336762052	-0.01744697488	-0.007363927225	-0.00229309405
	-0.0002962804879	3.81614647e-34	-5.322895033e-34	-0.002504695218	-0.01302584416
	-0.024781629	-0.04011117101	-0.0564178932	-0.075101595	-0.09470265558
	-0.115315624	-0.1357772235	-0.1555581621	-0.1738452004	-0.1901661201
	-0.204157179	-0.2156751847	-0.2247312636	-0.2315244758	-0.2363126774
	-0.239519138	-0.2414585431	-0.2425862452	-0.2431011797	-0.2433757042
	-0.2434396972	-0.2435928516	-0.243729979	-0.244146643	-0.2446485066
	-0.2455918726	-0.2467091818	-0.2484457828	-0.2504153053	-0.2530944583
	-0.2558014324	-0.2588049954	-0.2607386997	-0.2612423078	-0.2578926549
	-0.2497152192	-0.2339567945	-0.2107519958	-0.1795331107	-0.1439127963
	-0.1064419097	-0.07249856877	-0.04402852015	-0.02367748184	-0.01025540299
	-0.003313634252	-0.0003837742881	3.734777749e-34	-5.283256464e-34	-0.002793830054
	-0.01456609976	-0.02724510717	-0.04371411146	-0.06062197651	-0.07981030367
	-0.09927191258	-0.1193748245	-0.1386617462	-0.1568439599	-0.1730417341
	-0.1869998748	-0.1984085898	-0.2073118594	-0.2138335117	-0.2183253488
	-0.2211365299	-0.2227567009	-0.2235017259	-0.2238013975	-0.2237850911
	-0.2237632732	-0.223680109	-0.2237840716	-0.22389774	-0.2242913733
	-0.2247163083	-0.2255329411	-0.2264405812	-0.2279373381	-0.2296532543
	-0.2322261331	-0.2351087079	-0.2389290346	-0.2426167788	-0.2463261968
	-0.2478264267	-0.2462753672	-0.2382036992	-0.2227533701	-0.197564452
	-0.1651215869	-0.1271446819	-0.08995482539	-0.05652411257	-0.03144846791
	-0.01410847632	-0.004854432437	-0.0006492423244	3.635827447e-34	-5.203569992e-34
	-0.00297616589	-0.01563846789	-0.02889029988	-0.04607370514	-0.06312860914
	-0.08233446931	-0.1011524997	-0.1202876638	-0.1379966453	-0.1542969377
	-0.1682313275	-0.1798079816	-0.1887575784	-0.195340434	-0.199765167
	-0.2025210403	-0.2039891213	-0.2046793157	-0.2048536397	-0.2048857345
	-0.204814266	-0.204886569	-0.2049662282	-0.2052646467	-0.2055445706
	-0.2060639031	-0.2065247577	-0.2072898535	-0.2080105212	-0.2092058682
	-0.2104715551	-0.21252949	-0.2148753236	-0.2183977374	-0.2222655778
	-0.2271860041	-0.2313349485	-0.2344374093	-0.2328933548	-0.2253916648
	-0.2079197502	-0.181405841	-0.1458151785	-0.1075473488	-0.07016092079
	-0.04044192211	-0.01873644525	-0.006718926815	-0.0008954585126	3.520384603e-34
	-5.075009374e-34	-0.003066771543	-0.01619837495	-0.02965558228	-0.0471067489
	-0.06388091327	-0.08265689775	-0.1004175974	-0.1182434321	-0.134124953
	-0.1484313347	-0.1601168688	-0.1694860029	-0.1762856472	-0.1810000219
	-0.1838711276	-0.1854933026	-0.1862129286	-0.1865236116	-0.1865936698
	-0.1867326507	-0.1868849375	-0.1872505276	-0.1876272067	-0.1882118644
	-0.1887237234	-0.1894265678	-0.1899829028	-0.1907654238	-0.1913745653
	-0.1923376051	-0.1931867035	-0.1946729709	-0.1962550635	-0.1989653685
	-0.2020882706	-0.2067777799	-0.2116266549	-0.2171356522	-0.2200571234
	-0.2193038347	-0.2097893769	-0.1909926374	-0.1605140586	-0.1238322246
	-0.0842184389	-0.05049981514	-0.02425718768	-0.009113341865	-0.001293952109
	3.374221798e-34	-4.901433656e-34	-0.003021859289	-0.01617404469	-0.02948547682
	-0.04677087679	-0.06289474442	-0.0808590581	-0.09725780709	-0.1135502041
	-0.1274940415	-0.1398285452	-0.1494131258	-0.1568621177	-0.1619059465
	-0.1652386656	-0.1670739896	-0.1680749766	-0.1684971071	-0.168799466
	-0.1690374492	-0.1694685188	-0.1699522403	-0.1706666838	-0.1713607169
	-0.1722400272	-0.1729928467	-0.1739054321	-0.1746075394	-0.1754926685
	-0.1761125018	-0.1770042844	-0.1776260891	-0.178731925	-0.1796917013
	-0.1815875217	-0.1836897366	-0.1874304511	-0.1916834297	-0.197697157
	-0.2028097354	-0.206705083	-0.203983757	-0.1932641165	-0.1697406888
	-0.137194628	-0.09752335825	-0.06097155932	-0.03036935206	-0.01186441663
	-0.001717908607	3.209532507e-34	-4.67861674e-34	-0.002891158495	-0.01561248138
	-0.02844215076	-0.04514879794	-0.06031282488	-0.07715036017	-0.09198394208
	-0.1066203924	-0.1186334635	-0.1291237529	-0.1368543382	-0.1427383749
	-0.1464503151	-0.1488626457	-0.1501016786	-0.1508687882	-0.1512912126
	-0.1517928423	-0.1523136399	-0.1530813802	-0.1538845615	-0.154904945
	-0.1558548839	-0.1569680446	-0.1579078764	-0.158996822	-0.1598348922
	-0.1608485016	-0.1615439425	-0.162479231	-0.1630400948	-0.1639823729
	-0.1645687006	-0.1658821399	-0.1670913669	-0.1697547582	-0.1728460854
	-0.1781815667	-0.1836647483	-0.1900112162	-0.1921515992	-0.188648345
	-0.1727884259	-0.1463827319	-0.1089715539	-0.07124432037	-0.03690242693
	-0.01501965263	-0.002255326794	3.004936776e-34	-4.420509891e-34	-0.002622706909
	-0.01448909966	-0.02654575838	-0.04231008843	-0.05628155521	-0.07175368754
	-0.08491761549	-0.09786185881	-0.1080408375	-0.1168765012	-0.1230415563
	-0.1277113702	-0.1304696795	-0.1323270046	-0.1332798502	-0.1340478959
	-0.1346152962	-0.1353822397	-0.1361837992	-0.1372435593	-0.1382940738
	-0.1395426737	-0.1406726594	-0.1419592212	-0.1430403786	-0.1442835278
	-0.1452550925	-0.1464236754	-0.1472489133	-0.1483230549	-0.1489642472
	-0.1499446779	-0.1504219854	-0.1514703489	-0.1521145784	-0.1539384365
	-0.1558579069	-0.1600304032	-0.1647453322	-0.1717277483	-0.176605477
	-0.1786106669	-0.1699432733	-0.1507196292	-0.1175572544	-0.080517473
	-0.04344160824	-0.01840188239	-0.002833925019	2.77893059e-34	-4.125791359e-34
	-0.002305314853	-0.01293302074	-0.02394868969	-0.0384472165	-0.05105080736
	-0.06497957037	-0.07644077257	-0.08771376072	-0.0962086404	-0.1036035492
	-0.1084953357	-0.1122659911	-0.1143852876	-0.1159581975	-0.1168296371
	-0.1177254706	-0.118490202	-0.1195150869	-0.1205472317	-0.1218260644
	-0.1230404892	-0.1244364845	-0.1256702479	-0.1270655236	-0.1282302002
	-0.1295832689	-0.1306517126	-0.1319567237	-0.1329082926	-0.1341485686
	-0.1349308987	-0.1360640853	-0.1366093528	-0.1376464464	-0.1380497316
	-0.1393870573	-0.140418994	-0.1434546531	-0.146941954	-0.1534110169
	-0.1592562852	-0.1648363397	-0.1621032393	-0.1501446105	-0.122622834
	-0.08809764699	-0.04960150453	-0.02189614945	-0.003468825242	2.509288354e-34
	-3.817867265e-34	-0.001863940127	-0.01093471767	-0.02069774207	-0.03367180868
	-0.04479984175	-0.05707152595	-0.06685961406	-0.07652363562	-0.08351371506
	-0.08967694349	-0.09356050969	-0.09668224434	-0.09839285474	-0.09984730721
	-0.1007401893	-0.1017949702	-0.1027357267	-0.103956574	-0.1051389449
	-0.1065500435	-0.1078479749	-0.1093229116	-0.1106061021	-0.11207234
	-0.1132943945	-0.1147465087	-0.115907265	-0.1173573902	-0.1184475447
	-0.1198820682	-0.1208448196	-0.1222023033	-0.122926281	-0.1241304534
	-0.1245506115	-0.1257418467	-0.1262673749	-0.1284659982	-0.1307460434
	-0.1361712755	-0.1417638846	-0.1491560803	-0.150704649	-0.1452687822
	-0.1239991663	-0.09346626469	-0.05496468117	-0.02530038747	-0.004118410705
	2.218695127e-34	-3.493395894e-34	-0.001430612703	-0.008685539287	-0.0169980639
	-0.02822675155	-0.037804242	-0.04834375719	-0.05651625234	-0.06464664841
	-0.07030840843	-0.07542102069	-0.07851671813	-0.08117344165	-0.08263530439
	-0.0840646427	-0.08502515843	-0.0862283702	-0.08730683292	-0.08866075747
	-0.08993052021	-0.09141085418	-0.09274196871	-0.09425275144	-0.09555216477
	-0.09706096937	-0.09831318421	-0.09983882048	-0.1010612108	-0.1026290168
	-0.1038257336	-0.1054339015	-0.1065613238	-0.1081546451	-0.1090951976
	-0.110560099	-0.1111563616	-0.1124535838	-0.1128127728	-0.1145529573
	-0.1159100779	-0.1202370551	-0.1249462093	-0.1328473771	-0.1370702197
	-0.136956976	-0.1218669259	-0.09632357626	-0.05917135672	-0.02841159492
	-0.004743700893	1.889107513e-34	-3.183446233e-34	-0.0008891664736	-0.006153372387
	-0.01287863147	-0.02220528723	-0.03020490528	-0.03898242058	-0.04562365978
	-0.05230403543	-0.0568031223	-0.06101205063	-0.06349229197	-0.0658047101
	-0.0671152781	-0.06855138649	-0.06957918892	-0.07088402294	-0.072042822
	-0.07345500208	-0.07474852971	-0.07623442347	-0.07755378884	-0.07906051828
	-0.08035240116	-0.0818861651	-0.08316165636	-0.08476176079	-0.08605158202
	-0.08775171209	-0.08906731757	-0.09086903365	-0.09217257227	-0.09402237263
	-0.09519802734	-0.09697086408	-0.09782448251	-0.09938600256	-0.09982730032
	-0.1014522578	-0.1022547122	-0.1057010788	-0.10934696	-0.116944056
	-0.1225010997	-0.1263408053	-0.1168261435	-0.09671881947	-0.06203228875
	-0.03108445266	-0.005333043045	1.546303485e-34	-2.876335848e-34	-0.0004226849609
	-0.003578860585	-0.008577040035	-0.01586642232	-0.02226324866	-0.0292635209
	-0.03445002117	-0.03974968327	-0.04321805597	-0.04662682562	-0.04861227822
	-0.05064869892	-0.05186075818	-0.05330260752	-0.05438244795	-0.05574141196
	-0.05693893947	-0.05835735513	-0.05964318205	-0.06110128949	-0.06239760135
	-0.0638856074	-0.06516994364	-0.06672156019	-0.06801723843	-0.06968006442
	-0.07101977011	-0.07282858406	-0.07422851991	-0.07619127075	-0.0776299258
	-0.07971064668	-0.08109737373	-0.08318710795	-0.08432997539	-0.08625153825
	-0.086939615	-0.08871978041	-0.08931819796	-0.09222292978	-0.09492836104
	-0.1018553767	-0.107805393	-0.1143364157	-0.1095199543	-0.09483832691
	-0.06342882058	-0.03315405806	-0.005822900639	1.179563066e-34	-2.610143026e-34
	0.000144966707	-0.000875401871	-0.004076092218	-0.009250939595	-0.01405089355
	-0.01928843353	-0.02310233323	-0.02708486388	-0.02962947346	-0.0323080432
	-0.03387920665	-0.03566930134	-0.03680336122	-0.03822676715	-0.03933021515
	-0.04068913714	-0.04188234288	-0.04325173107	-0.04449556124	-0.04588194977
	-0.04713391161	-0.04857057207	-0.0498353337	-0.05138310004	-0.05269525624
	-0.05441450991	-0.05581231901	-0.05774427022	-0.05925028188	-0.06140612853
	-0.06300614836	-0.06535124119	-0.06696315804	-0.06939129829	-0.07083117676
	-0.07315477607	-0.07416692659	-0.07627587203	-0.0769371978	-0.07964011118
	-0.08167031546	-0.08787397523	-0.09364791224	-0.1018360412	-0.1007504639
	-0.09114033539	-0.06348225826	-0.03461116026	-0.006239402899	8.167280231e-35
	-2.358552595e-34	0.0005661898631	0.001665535526	0.0003525582298	-0.002631133188
	-0.005816095405	-0.009300115783	-0.01179514974	-0.014498642	-0.01618325566
	-0.01816211505	-0.01935598774	-0.02089742472	-0.02194949885	-0.02332112488
	-0.02442035531	-0.02573740627	-0.02690128214	-0.02818948917	-0.0293833347
	-0.03067988214	-0.03189608351	-0.0332736505	-0.03453615599	-0.0360767502
	-0.03742050353	-0.03918965227	-0.04064586957	-0.04268236488	-0.04426998493
	-0.04658429581	-0.04829861371	-0.0508676411	-0.05265589506	-0.05540141537
	-0.0571193031	-0.0598740037	-0.06126196376	-0.06383350898	-0.06476449421
	-0.06757842451	-0.0692557602	-0.07489328035	-0.08024308198	-0.08934993437
	-0.0911020385	-0.08602445024	-0.06230811092	-0.03539657977	-0.006517101438
	4.551505407e-35	-2.168666319e-34	0.001098255371	0.004211233695	0.004788280957
	0.004015704501	0.00243993305	0.000679289665	-0.0005507247732	-0.002007389951
	-0.002873677495	-0.004160538357	-0.004987869214	-0.006260009337	-0.007211733742
	-0.008494302992	-0.009559613738	-0.01079624324	-0.01190480504	-0.01307708732
	-0.01420265703	-0.01537447205	-0.01654165493	-0.01782145923	-0.01907064693
	-0.02056457874	-0.02193240627	-0.0237218647	-0.0252398141	-0.02737647529
	-0.02906971164	-0.03157379217	-0.03344792387	-0.03629917368	-0.03831066019
	-0.04142706398	-0.0434415168	-0.04665518328	-0.04842314785	-0.05151730686
	-0.05282365806	-0.05597522941	-0.05758284094	-0.06289918765	-0.06778783613
	-0.07734120108	-0.08117569196	-0.08002186693	-0.06021428349	-0.03563720529
	-0.006720139545	1.22383283e-35	-1.99344752e-34	0.001406926615	0.006403521899
	0.00890747744	0.01038286925	0.01045458122	0.01040878226	0.01042745181
	0.01021279134	0.01016539487	0.009595571458	0.009159786549	0.008200008953
	0.007384962509	0.006232359714	0.005231623435	0.004102899186	0.003066232803
	0.002025856134	0.0009706819412	-6.553124569e-05	-0.001195332014	-0.00236818928
	-0.003628630953	-0.005068356461	-0.006492411295	-0.008294847501	-0.00990080015
	-0.01212282117	-0.01392263847	-0.01658243602	-0.01857824785	-0.02165691504
	-0.02382461362	-0.02726142881	-0.0295173999	-0.03318642431	-0.03533696732
	-0.03903081509	-0.04081376651	-0.04451497849	-0.04631983633	-0.05162087076
	-0.05616801102	-0.06593771391	-0.07128162152	-0.073471972	-0.05740111861
	-0.03536365538	-0.006791057787	-1.782143428e-35	-1.894511538e-34	0.001860697306
	0.008520284442	0.0128676642	0.0165583732	0.01828599046	0.01992799599
	0.0211740023	0.02219586038	0.02297963008	0.02316404454	0.02316088355
	0.02256627489	0.02193198013	0.02095115267	0.02004659675	0.0190492864
	0.0181048831	0.01721305155	0.01624465873	0.01536864252	0.01429244774
	0.01326707452	0.01201093848	0.01068101049	0.009213006852	0.007457589546
	0.005766781965	0.003502524239	0.001578075094	-0.001238055917	-0.003408516675
	-0.006773639854	-0.009181033369	-0.01303402374	-0.01560437685	-0.0198052103
	-0.02235578152	-0.02668636366	-0.02895674399	-0.03331986574	-0.03548445641
	-0.04103623964	-0.04540491599	-0.05531766145	-0.06175031614	-0.06677824382
	-0.05419315447	-0.03477603753	-0.006820555866	-4.228772831e-35	-1.797207047e-34
	0.002003302237	0.01010689214	0.01626650825	0.02216818276	0.02561695229
	0.02895607126	0.03145167695	0.03373075526	0.03539534992	0.0364003367
	0.03690380423	0.03675033143	0.0363627736	0.03560666793	0.03483897794
	0.0339956645	0.03316428926	0.03242498704	0.03155372614	0.03083813011
	0.02981479216	0.0289410041	0.02766967891	0.0264575662	0.02490343859
	0.0232047547	0.02137299098	0.01908086735	0.01698690956	0.01404660341
	0.01170238307	0.008116703687	0.005534576421	0.001357048734	-0.001430302084
	-0.006102437279	-0.009000697691	-0.01400909628	-0.0168197089	-0.02200994792
	-0.02471739208	-0.03082213766	-0.03524401097	-0.04538169443	-0.05264171411
	-0.06011433886	-0.05074691781	-0.03394003779	-0.006758374374	-6.055540562e-35
	-1.787308852e-34	0.002360050198	0.01159863083	0.01937297319	0.02737702276
	0.03255703117	0.03757948713	0.04133214076	0.04487821273	0.04747257292
	0.04936698086	0.05045966098	0.05083313399	0.0507663057	0.05029498276
	0.04970963604	0.04904579148	0.04835250228	0.04777228339	0.04702088834
	0.04647346028	0.0455314533	0.04483455527	0.04357780244	0.04253670273
	0.04092001856	0.03935885505	0.03739817326	0.03516915795	0.03289744527
	0.02989676428	0.02733115978	0.0235145716	0.02065230301	0.01604500155
	0.01289597505	0.007603257818	0.004253033371	-0.001531157916	-0.004886675364
	-0.01096143766	-0.01425243609	-0.02110356652	-0.02573920641	-0.03621860077
	-0.04411640112	-0.05373181045	-0.04731426387	-0.03306457672	-0.006706250338
	-7.09047084e-35	-1.752988417e-34	0.002296063793	0.01239688896	0.02167255981
	0.03170805963	0.03869131791	0.04543215014	0.05050073478	0.05535254739
	0.05895784923	0.06183486479	0.06363382538	0.06464738693	0.06500585359
	0.06490534198	0.06456933103	0.0641258192	0.06360750101	0.06319314153
	0.06258581512	0.06219722841	0.06135532038	0.06082203441	0.05958360732
	0.05870411729	0.05699562154	0.05557139707	0.05341095599	0.0512557372
	0.04871095769	0.045679503	0.04281965305	0.0388420842	0.03570835664
	0.03079931503	0.02739968543	0.02163599	0.01796784545	0.01146369741
	0.007579446241	0.0004800874895	-0.003539092565	-0.01142966148	-0.01651504088
	-0.02757877312	-0.03605113861	-0.04763876459	-0.04395009865	-0.03220328658
	-0.006614794038	-7.269155005e-35	-1.819497947e-34	0.002575377039	0.01317355948
	0.02361423924	0.03544802731	0.04419549922	0.05264297282	0.05905890999
	0.06523369113	0.06991330036	0.07385941309	0.07648085158	0.07825544123
	0.07915661638	0.07952853815	0.07951980638	0.07935556945	0.07905398673
	0.07882553087	0.07839430402	0.07816384158	0.07746400352	0.07709397589
	0.07592799572	0.07523210666	0.07348646548	0.07226488636	0.06994422515
	0.06797947722	0.0651734067	0.06225119471	0.05906476722	0.05502029473
	0.0515063783	0.04626110453	0.04240253755	0.03598082388	0.03174771461
	0.0242976004	0.01975244975	0.01152608671	0.006803003304	-0.002228844151
	-0.007824974594	-0.01963650707	-0.02858016701	-0.04200222209	-0.04083030547
	-0.03154843255	-0.006591683709	-6.49250376e-35	-1.821657978e-34	0.002264410346
	0.01309377515	0.02452070459	0.03798187573	0.04851564276	0.05871473624
	0.06657095425	0.07412192039	0.07997440882	0.08509385203	0.08868413928
	0.09137151982	0.09297182505	0.09395269446	0.09439270407	0.09459733826
	0.09458374374	0.09458482811	0.09436948399	0.09430342119	0.0937800098
	0.09355009187	0.09249158644	0.09193767578	0.09017020725	0.08910824894
	0.08658869187	0.08478955547	0.0816091987	0.07880515562	0.07513251635
	0.07108053648	0.06706780685	0.06162822196	0.05733530916	0.0504967158
	0.04587871688	0.03771744276	0.03267561128	0.02332151091	0.01780298587
	0.007321443803	0.0009705449585	-0.01193153148	-0.02138671019	-0.03666124972
	-0.03787861519	-0.03110568688	-0.006571463379	-4.690813964e-35	-1.949855745e-34
	0.00254211752	0.01321739696	0.02514521295	0.03981989923	0.05196191997
	0.06384752139	0.07317246416	0.08212474761	0.08921208315	0.0955854764
	0.1002781182	0.1040288015	0.1064891696	0.1082425102	0.1092659222
	0.1099604329	0.1103241351	0.1106216332	0.1106751747	0.1108004285
	0.1104992978	0.1104093896	0.1095261906	0.10910209	0.1074094738
	0.1065146002	0.1039009004	0.1023392532	0.09886127505	0.09633757838
	0.09219057252	0.08834238678	0.08374081698	0.07823742703	0.07327022669
	0.06591707613	0.06050739127	0.05131010547	0.04536058343	0.03457309483
	0.02815646853	0.01617101777	0.009153007955	-0.004933200601	-0.01475620371
	-0.0318161422	-0.03524018351	-0.03106161266	-0.006687233858	-1.829813825e-35
	-1.955189482e-34	0.001937694584	0.0122697459	0.02452958552	0.04015593232
	0.05380701316	0.06736423646	0.07826167189	0.08868694992	0.09711304026
	0.1048453506	0.1107968406	0.1157757107	0.1193087154	0.1220235676
	0.1238254929	0.1251776982	0.1260543596	0.1267650324	0.1271669888
	0.1275463492	0.1275151194	0.1275783578	0.1269160502	0.1265806171
	0.1250196878	0.1241988844	0.1215306228	0.1200907016	0.1162730864
	0.1139404375	0.1091456136	0.1054889566	0.1000306465	0.09457598265
	0.08873584682	0.08115308745	0.07501726428	0.06523295531	0.05866989844
	0.04681616446	0.03964485096	0.02598249525	0.01802363284	0.00229157536
	-0.008028148039	-0.02703663657	-0.03262981005	-0.03132142485	-0.006820266616
	2.207369103e-35	-2.137058801e-34	0.002343543361	0.01197238287	0.02395037349
	0.03990586508	0.05463839844	0.06964104066	0.08205964817	0.09395909341
	0.1037829684	0.1129416689	0.1202584881	0.1266348662	0.131417769
	0.1353070354	0.1380960364	0.1402954918	0.1418594547	0.143124533
	0.1439864022	0.1447125069	0.1450145917	0.1452838889	0.1448974821
	0.1446642193	0.1433314076	0.1425575669	0.1399991825	0.1386505208
	0.1346935553	0.1326039993	0.1273165381	0.1240542451	0.1177567625
	0.1126528879	0.1057285852	0.09809180519	0.09071825417	0.08012324409
	0.07219206769	0.05873426827	0.05020047281	0.03460936505	0.02581958814
	0.008552587826	-0.001928275367	-0.02274826357	-0.03027033368	-0.03210055597
	-0.007168818174	7.397732318e-35	-2.107146008e-34	0.001352278672	0.01023070389
	0.02188889226	0.03790956071	0.05349962436	0.06978641822	0.08373977472
	0.09718575657	0.1085272313	0.1191915828	0.1280490293	0.13596036
	0.1422200955	0.1475172397	0.1515346941	0.1548344078	0.1573049234
	0.1593298259	0.1608166576	0.1620320637	0.1627679201	0.1633325357
	0.1632728165	0.1631768212	0.1621113214	0.1613307396	0.1589516969
	0.1575149087	0.1534984579	0.151381399	0.1455742364	0.1424617842
	0.1350744684	0.1302409295	0.121809514	0.114335853	0.1054209638
	0.09462969488	0.08550906265	0.07131965672	0.06195570433	0.04495766978
	0.03527933805	0.0159849308	0.00499395551	-0.01797904725	-0.02744337739
	-0.0330524618	-0.007487326187	1.399981755e-34	-2.353522508e-34	0.002169067255
	0.009920242842	0.02050796377	0.03578981164	0.05150568575	0.06853743141
	0.08376450678	0.09865997474	0.1114943849	0.1237625672	0.1342084687
	0.1437964759	0.1517122907	0.1586085599	0.164110824	0.1687464311
	0.1723697371	0.1753802222	0.1776865209	0.1795652074	0.1808670778
	0.1818479414	0.1821917185	0.1823201271	0.1815732974	0.1808370947
	0.1787399605	0.1771880396	0.1733600806	0.171111756	0.1651664059
	0.1621715384	0.1540331815	0.1496947044	0.1398238401	0.1329374726
	0.1220745345	0.1113163149	0.09997804286	0.08466064178	0.07312270161
	0.05395765179	0.04282500312	0.02172147297	0.0108447411	-0.01375365347
	-0.02467094786	-0.03452280413	-0.008159323239	2.196355345e-34	-2.23469376e-34
	0.0004358688594	0.007305327467	0.01714097992	0.03161416251	0.04720652487
	0.06470850718	0.08107019381	0.09731822279	0.1118202069	0.1257216975
	0.1379266508	0.1493423293	0.1590697293	0.1678057507	0.1750259518
	0.1812711875	0.186323419	0.1905873134	0.19396074	0.1967297908
	0.1987824335	0.2003461779	0.2012087986	0.2016724959	0.2012886974
	0.2006593463	0.1988367825	0.1971278373	0.1935130187	0.1908516112
	0.184892056	0.1814580246	0.172637106	0.1682142354	0.1566187864
	0.1501096451	0.1367039946	0.1264485691	0.1125804563	0.0975100219
	0.08432137801	0.0648318154	0.05308373759	0.03051021934	0.01913776313
	-0.007782399434	-0.02036038492	-0.03553949081	-0.00851737512	3.188957779e-34
	-2.594130703e-34	0.002234141539	0.007610753176	0.01556166818	0.02813934838
	0.04262319933	0.05974612944	0.07651741522	0.09390625726	0.1098107006
	0.1253776689	0.1394200033	0.1526936163	0.1644091653	0.1751084025
	0.1842525597	0.1923294073	0.1990516853	0.2048192858	0.2095013983
	0.2133901408	0.2163912721	0.2187225103	0.2202423353	0.2211771692
	0.2212398087	0.2208281674	0.21931622	0.2175654048	0.2142233053
	0.2112041099	0.2055334329	0.2015176959	0.1927289086	0.188004026
	0.1755137162	0.1695610898	0.1539044146	0.1448132445	0.1277154759
	0.11322084	0.09653529195	0.07608772187	0.0613968694	0.03685214804
	0.02514746152	-0.002838972209	-0.01588941401	-0.03670960618	-0.009533243413
	4.365595923e-34	-2.305427745e-34	-0.000849751877	0.00355311464	0.0105515536
	0.02173531148	0.03520962716	0.05159459332	0.06881129121	0.08696622782
	0.1043299676	0.1216628738	0.1375654451	0.1529117015	0.1667125313
	0.1795399247	0.1907939055	0.2008997989	0.2095271912	0.2170441567
	0.2232866847	0.2285435501	0.2327225838	0.2360376374	0.2383886481
	0.2399620504	0.2405790204	0.2404970544	0.2393278274	0.2376086813
	0.2344616786	0.2311026853	0.2255912455	0.2207120085	0.2120363041
	0.206081239	0.1930392341	0.1863698666	0.1684675106	0.1600927766
	0.1391555824	0.126560803	0.1063978735	0.08802135796	0.07188441019
	0.04867708686	0.03670271631	0.007001714373	-0.007487128396	-0.03575390108
	-0.009575602587	5.896888478e-34	-2.877203209e-34	0.00249872738	0.004931847291
	0.009101283969	0.01726850068	0.02810722042	0.04307262369	0.05947734808
	0.07787183435	0.09638266833	0.1151023821	0.1329659369	0.1503225797
	0.1662861574	0.181326057	0.1947772494	0.2070341725	0.2177117612
	0.2271401905	0.23512326	0.2419354496	0.2474757487	0.251954596
	0.2552945014	0.257664543	0.2589502621	0.2593330674	0.2585861734
	0.2570235324	0.2541212302	0.2506141826	0.2452800052	0.2398428987
	0.2315377904	0.2244813104	0.2120575338	0.2043358531	0.1862863687
	0.1785779838	0.1551523211	0.1456000122	0.1207114412	0.1052020716
	0.08402027872	0.06068710806	0.0449742424	0.01488939984	0.0003861340091
	-0.03401335567	-0.01050353322	7.745052992e-34	-2.279012958e-34	-0.003235990585
	-0.00227030501	0.0007630403456	0.006856954944	0.01673120721	0.03012902322
	0.04612330756	0.06493506601	0.08423840884	0.1045913459	0.1243278283
	0.1437693998	0.1619993956	0.1792992895	0.1950361397	0.2095271211
	0.2223556021	0.2338156919	0.2436828769	0.252207941	0.2592787833
	0.2650961896	0.2695924961	0.2729242079	0.2750131215	0.276003585
	0.2757542315	0.2744538775	0.2718102973	0.2682159903	0.2629620476
	0.2570621341	0.2488204743	0.2406935939	0.2287321892	0.2191094671
	0.2017835995	0.1925617913	0.1681511764	0.1604350202	0.1311556762
	0.1217595111	0.09562464297	0.07882104983	0.06189977713	0.03430806574
	0.0174679087	-0.02542671994	-0.008809014767	1.029028302e-33	-3.315014314e-34
	0.004069894747	0.0007237970798	-0.001840298475	0.000461084909	0.006272807455
	0.01714497579	0.03212659502	0.05004518269	0.07005157051	0.09143430059
	0.1127831751	0.1341957235	0.1545523488	0.1740648017	0.1920569665
	0.2087547238	0.2237317983	0.2372362796	0.249017167	0.259302526
	0.267964252	0.2751899922	0.2809141206	0.2852823741	0.2882440955
	0.2899220938	0.2902340898	0.2893216206	0.2870250142	0.2835677993
	0.2786095932	0.2726876017	0.264892296	0.2566933918	0.245806318
	0.2358237776	0.2211070152	0.211148354	0.1903142041	0.1837863664
	0.1546607327	0.1516466904	0.118271262	0.1095809166	0.08146110213
	0.05458829112	0.03184583175	-0.0144390743	-0.01028872881	1.362792721e-33
	-2.011219009e-34	-0.01040040183	-0.01662246975	-0.01846885211	-0.01849774209
	-0.01319529339	-0.002201303707	0.01207051337	0.03071708879	0.05155283236
	0.0740852117	0.09718300608	0.120419116	0.1428389823	0.1644722504
	0.1846162532	0.2034215055	0.2204620222	0.2359225102	0.2495513996
	0.2615465412	0.271772156	0.2804084873	0.2873922383	0.2928740817
	0.2968254671	0.2993708802	0.3004828169	0.3002879536	0.2987138834
	0.2959353442	0.2917963383	0.2865813621	0.2799121083	0.2725206884
	0.2632060234	0.2540272212	0.2418130774	0.2316345741	0.2151218769
	0.2068725146	0.1817121713	0.1802606851	0.1436461141	0.1465286621
	0.1071141277	0.09600243878	0.06506610349	0.01424819766	-0.001278405284
	1.873186526e-33	-4.010346511e-34	0.007347048429	-0.007038850057	-0.02257081977
	-0.03004729129	-0.02784373073	-0.02105332797	-0.007330927207	0.01073803503
	0.03164650661	0.05503483854	0.0792596829	0.1038978888	0.1280091969
	0.1513945179	0.173386035	0.1940465722	0.2129393977	0.2302102094
	0.2456192458	0.2593383969	0.2712517204	0.2815334814	0.2901428529
	0.2972380745	0.3028180387	0.307019125	0.3098558982	0.3114484244
	0.3117982991	0.3110479806	0.309137191	0.3062740644	0.3023174912
	0.2975940986	0.2916862364	0.2855484669	0.2775849777	0.2705821737
	0.2602194921	0.2535342638	0.2379234752	0.2361638784	0.2065365634
	0.2141159888	0.1632414664	0.164223765	0.09684318516	0.05145902336
	-9.916945727e-05	2.505383925e-33	-1.405165022e-34	-0.01891338508	-0.04523598616
	-0.05508909707	-0.05490627531	-0.05155803559	-0.04142501817	-0.02588464713
	-0.007292731491	0.01482060242	0.0389183654	0.06411625959	0.08992513031
	0.1154699078	0.1404713206	0.164371819	0.1871074814	0.2082960588
	0.2280262672	0.2460668577	0.2625593056	0.2773890484	0.2907088775
	0.3024760466	0.3128343358	0.3217805106	0.3294411984	0.335830042
	0.3410547377	0.3451352384	0.3481673992	0.3501492041	0.3512117016
	0.3512798815	0.3505352928	0.3488472821	0.3464582278	0.3428954918
	0.3391490308	0.3331496287	0.3280186488	0.3181623271	0.3122365358
	0.2915143639	0.2904815777	0.2416779378	0.2474260578	0.1596434438
	0.1333547203	0.01990041123	3.563749392e-33	-4.590004515e-34	-0.001518801937
	-0.02640162967	-0.02408671685	-0.02087454685	-0.008016992049	0.007843942763
	0.02612220987	0.04678277201	0.06951198837	0.09349917522	0.1186348981
	0.1444159034	0.1703095095	0.1960983927	0.2212897183	0.2457468179
	0.2691242955	0.2913805038	0.3122842321	0.3318654979	0.3499916114
	0.3667274727	0.3820137485	0.3959294992	0.4084625896	0.4196943834
	0.4296388326	0.4383763897	0.4459329569	0.4523833456	0.4577634033
	0.462145156	0.4655448287	0.4680766733	0.4696972606	0.4705250443
	0.4705412699	0.4697997566	0.4679782704	0.4658245989	0.4612491136
	0.4569605174	0.4466228656	0.4396223435	0.4080445977	0.4001858532
	0.3036237365	0.2593932554	0.008374862985	5.148898684e-33	4.857070721e-34
	0.02505080966	0.1110127966	0.1710412477	0.2173572408	0.2566326779
	0.2873232753	0.3148324823	0.3393218143	0.3623174715	0.3843067002
	0.4058942669	0.427097679	0.4480363582	0.468635872	0.4887205091
	0.5082128251	0.5268926266	0.5447004024	0.5614624161	0.5771644402
	0.5916958809	0.6050840411	0.6172775189	0.6283298106	0.6382336764
	0.6470550703	0.6548153146	0.6615833043	0.6673951255	0.6723190969
	0.676396302	0.6796867308	0.6822353936	0.6840848486	0.6852562011
	0.6857862	0.6856246097	0.6846971675	0.6829457609	0.67989137
	0.6751999	0.6680790254	0.6564958291	0.6394923396	0.609804543
	0.571605618	0.4857431992	0.4187231597	0.1655853837	8.258706922e-33
	3.333545128e-34	-7.426637601e-34	-6.103110684e-35	-7.307915903e-35	4.600548406e-35
	7.248768974e-35	9.705838256e-35	1.387157378e-34	1.5737757e-34	1.852749833e-34
	2.086213151e-34	2.327434396e-34	2.557060221e-34	2.786994076e-34	3.007837577e-34
	3.215256583e-34	3.417494617e-34	3.597445841e-34	3.770562233e-34	3.919942581e-34
	4.060434164e-34	4.178448845e-34	4.287007303e-34	4.375819937e-34	4.455340174e-34
	4.518508241e-34	4.572947629e-34	4.614399392e-34	4.647745362e-34	4.671367317e-34
	4.687228693e-34	4.696423229e-34	4.697894145e-34	4.695761631e-34	4.683898717e-34
	4.673789402e-34	4.646596742e-34	4.627761402e-34	4.5795321e-34	4.544879552e-34
	4.44239474e-34	4.388611077e-34	4.131793069e-34	4.012332628e-34	3.408923499e-34
	3.116545323e-34	1.545764833e-34	1.469677863e-34	-2.195094194e-34	-4.047023403e-34
	4.259173125e-33	
