2601	
	-2.341045134e-34	1.302081628e-37	7.208408844e-37	2.094746222e-36	2.852456589e-36
	3.595744977e-36	3.762044508e-36	3.988781475e-36	3.792761266e-36	3.778775429e-36
	3.335977204e-36	3.011579955e-36	2.065135303e-36	1.110870062e-36	-7.003441858e-37
	-2.627303695e-36	-5.61577973e-36	-8.747274829e-36	-1.303669503e-35	-1.733647342e-35
	-2.269899599e-35	-2.77174989e-35	-3.346052526e-35	-3.827439145e-35	-4.325059279e-35
	-4.65571807e-35	-4.934643477e-35	-4.974369672e-35	-4.903599159e-35	-4.552995109e-35
	-4.075058649e-35	-3.347379356e-35	-2.549002679e-35	-1.622990186e-35	-7.475920818e-36
	7.980680259e-37	7.464496549e-36	1.225414404e-35	1.535507212e-35	1.607329534e-35
	1.624363244e-35	1.396872358e-35	1.305910943e-35	9.184942086e-36	8.878683006e-36
	4.254620626e-36	5.351459925e-36	2.854786722e-38	2.928546115e-36	-5.881647203e-36
	1.98462523e-34	-4.668568275e-34	0.0003982593014	0.001598186716	0.0029596012
	0.004177176277	0.004977634756	0.005329300293	0.005232202533	0.004735035217
	0.003852263934	0.002513681765	0.0006362826063	-0.001937213012	-0.005306323128
	-0.009614228381	-0.01488724975	-0.02117262631	-0.02835001977	-0.03630735302
	-0.04474079901	-0.05337654235	-0.06176561012	-0.06954394194	-0.07621537614
	-0.08143215635	-0.08476111303	-0.08597151194	-0.08479084493	-0.08119206093
	-0.07515130593	-0.0669179134	-0.05678320082	-0.04529463738	-0.0330444678
	-0.02077190437	-0.009203784517	0.001000303268	0.009269145274	0.01534615271
	0.01904205818	0.02064737416	0.02030904692	0.01872401497	0.01604677474
	0.0131463522	0.00980763777	0.006972991722	0.00398845421	0.001965505
	0.0001418535816	3.932068475e-34	-4.668529046e-34	0.0004693972095	0.002368401696
	0.004263120516	0.00592046204	0.006803170305	0.006823498949	0.005937027312
	0.004164055608	0.001459787047	-0.002318631627	-0.007331506075	-0.01380960625
	-0.02186313959	-0.03160115572	-0.04290993469	-0.05563896705	-0.06936720066
	-0.08367430171	-0.09790555906	-0.1115195633	-0.1238219046	-0.1343480447
	-0.1425317048	-0.1481009826	-0.1506839191	-0.1502231592	-0.1465455006
	-0.1398023759	-0.1300304403	-0.1176078186	-0.1028232657	-0.08631085563
	-0.06863911059	-0.05065785142	-0.03313459045	-0.01694010795	-0.00280743665
	0.008692061105	0.01714234798	0.02254803786	0.02494076116	0.02493382946
	0.02283570633	0.01961664702	0.01541631582	0.01134825594	0.006973254876
	0.003717555809	0.0007535823111	3.894203874e-34	-4.670172372e-34	0.0005405582846
	0.002695041721	0.004414242725	0.005701816904	0.005770388777	0.004659995135
	0.002196592616	-0.001676943596	-0.007125297936	-0.01437848989	-0.02362905888
	-0.03505792417	-0.04860932152	-0.06414650306	-0.08119646496	-0.09924820829
	-0.1175063893	-0.1353136703	-0.151860453	-0.1666566087	-0.1791191504
	-0.1890552683	-0.1961251378	-0.2003654126	-0.2015704574	-0.1998898043
	-0.1951648634	-0.1876048886	-0.1771030718	-0.1639718574	-0.1482557238
	-0.1304831058	-0.1109825843	-0.0905731948	-0.06989241718	-0.04992754196
	-0.03142791617	-0.01521605937	-0.001844966051	0.008349956105	0.01519575848
	0.01898065667	0.01988129659	0.01872431988	0.01577328521	0.0121627848
	0.007798937673	0.004228239863	0.0007442877959	3.933397361e-34	-4.684032655e-34
	0.0004475988247	0.002348657228	0.003389233854	0.003776253037	0.00247074724
	-0.000339258568	-0.005048793024	-0.01173593225	-0.02067722693	-0.03209130765
	-0.04606464581	-0.0625428326	-0.08113345415	-0.1013132689	-0.1222331872
	-0.1431256858	-0.1630806314	-0.1815308916	-0.1978741967	-0.2119479582
	-0.2234705921	-0.2325597777	-0.2390570546	-0.2431616837	-0.2446762985
	-0.2437718986	-0.2401586305	-0.2339655198	-0.2248474091	-0.212960045
	-0.1980338492	-0.1804177039	-0.1601441773	-0.1379695835	-0.1144145876
	-0.09066273506	-0.06758383641	-0.046386609	-0.02781615626	-0.01256555682
	-0.0009186692266	0.007135185616	0.011740076	0.0135040652	0.01279304114
	0.01062291182	0.007263867545	0.004068234879	0.0008765194425	3.885260967e-34
	-4.704137907e-34	0.0003150699177	0.001588798025	0.00153471325	0.0004260706094
	-0.00289002711	-0.008071429729	-0.01571115111	-0.02582968895	-0.0387815
	-0.05461770808	-0.07317011523	-0.09399923096	-0.1162973353	-0.1392041757
	-0.1616805882	-0.1829922935	-0.2024158193	-0.2197121983	-0.2345894422
	-0.2471951713	-0.257429645	-0.265574795	-0.271512004	-0.2755222854
	-0.2773862804	-0.2773394957	-0.2750325305	-0.2706271873	-0.2636310738
	-0.2541296188	-0.2415465939	-0.2260090967	-0.2070996332	-0.1853117315
	-0.1607975388	-0.1347463287	-0.1080386181	-0.08231890058	-0.05864426854
	-0.03824137872	-0.02161061411	-0.009027362877	-0.0003829950061	0.004793434232
	0.006896035747	0.006856190948	0.005095976399	0.002922111168	0.0005459765517
	3.89454129e-34	-4.736285361e-34	5.411828566e-05	0.0002633497419	-0.001324217808
	-0.004432734106	-0.0101532828	-0.01808987964	-0.0289824174	-0.04273900521
	-0.05967237354	-0.07946995735	-0.1016050866	-0.1252069092	-0.1491772103
	-0.172553434	-0.1944024511	-0.2142618045	-0.2317230572	-0.2468553066
	-0.2595723828	-0.2701856112	-0.27866722	-0.2853965889	-0.2902963653
	-0.2937605022	-0.2956125812	-0.2962155364	-0.2952323559	-0.2929238636
	-0.2887188705	-0.28269876	-0.2740222691	-0.2626021995	-0.2474829852
	-0.2287178651	-0.2057841611	-0.1795427292	-0.1505791065	-0.1208706851
	-0.09187625929	-0.06569822296	-0.04335731363	-0.02573246144	-0.0127697937
	-0.00410984544	0.0008310152243	0.002964175694	0.002950880338	0.001970496777
	0.0005133888382	3.83848748e-34	-4.776407859e-34	-0.0002956403222	-0.001552570966
	-0.004996492152	-0.01047356348	-0.01888484699	-0.02987734845	-0.04417815299
	-0.06149226428	-0.08191353435	-0.1046628607	-0.1288808513	-0.1533953514
	-0.1770721235	-0.1990869264	-0.218777542	-0.2359874824	-0.2505454926
	-0.2627092188	-0.272494745	-0.2803281756	-0.2862495804	-0.2907615376
	-0.293850891	-0.2960392997	-0.2971910903	-0.2977960482	-0.2975361538
	-0.2968142338	-0.2950568269	-0.2924812243	-0.288148601	-0.2819655118
	-0.2725855302	-0.259685631	-0.2419025718	-0.2193988532	-0.1918746166
	-0.1610603667	-0.1284155778	-0.09690284881	-0.0683785128	-0.04484346644
	-0.02670183328	-0.01394292302	-0.005826550093	-0.001317931913	0.0004477344241
	0.0006952174716	0.000125545197	3.830044546e-34	-4.827093323e-34	-0.0007445326244
	-0.003866008153	-0.009421977791	-0.01752893339	-0.02871583574	-0.04274212612
	-0.06014385846	-0.08038868767	-0.1032345105	-0.1274791926	-0.1520601301
	-0.1757095498	-0.1974759103	-0.2167810681	-0.2332542989	-0.2469748718
	-0.2579402484	-0.2665588378	-0.2729577591	-0.2776978894	-0.2808991858
	-0.2831630972	-0.2844912811	-0.2854581799	-0.2858954879	-0.2863491261
	-0.2864756637	-0.2868001645	-0.2867721602	-0.2868257059	-0.2860723899
	-0.2846515497	-0.2811137461	-0.2750866822	-0.2645629378	-0.249007475
	-0.2268370046	-0.198871177	-0.1657300993	-0.1306951518	-0.09631747419
	-0.06617056898	-0.04168145594	-0.02382613898	-0.01186594284	-0.004740513952
	-0.001207814593	0.0001386674526	0.00016565841	3.778286543e-34	-4.880376812e-34
	-0.00127731419	-0.006560825917	-0.01430985486	-0.02510209877	-0.03891321191
	-0.05571382207	-0.07565418122	-0.0979605058	-0.1219879998	-0.1462667315
	-0.1697001383	-0.1911265071	-0.2098873027	-0.2256605658	-0.2383345861
	-0.248181551	-0.2553663974	-0.2604608369	-0.263704265	-0.2657605722
	-0.2667608165	-0.2673170795	-0.2673544736	-0.2674202859	-0.2672505898
	-0.2673987319	-0.2674608369	-0.2680565586	-0.268647239	-0.2698977172
	-0.2710349417	-0.2725856112	-0.2732616721	-0.2730556455	-0.2697892676
	-0.2626822247	-0.2489990369	-0.2283272226	-0.1995552442	-0.165189426
	-0.1275746045	-0.0916478834	-0.06025416062	-0.03615567027	-0.01921938147
	-0.008752196241	-0.003113450905	-0.0006420990867	-0.0001010208968	3.757630444e-34
	-4.934451362e-34	-0.001838141493	-0.009461028116	-0.01933906068	-0.03271452655
	-0.04880191917	-0.06787003212	-0.08948858234	-0.1127409134	-0.1366115955
	-0.1595972421	-0.1807013568	-0.1989979275	-0.2141318999	-0.2260233623
	-0.2348087248	-0.2409554019	-0.2448084011	-0.2470751539	-0.2480479269
	-0.2484022822	-0.2481883178	-0.247950137	-0.2474837194	-0.2472742329
	-0.2469430992	-0.2470279289	-0.2470396873	-0.2476464991	-0.248268534
	-0.2497294428	-0.2513136947	-0.2539097473	-0.2564577001	-0.2595452604
	-0.2612496786	-0.2611998637	-0.2561605805	-0.2449288004	-0.2244067593
	-0.1954192747	-0.1587157563	-0.1195902956	-0.08197048078	-0.05101128268
	-0.02791645139	-0.01313210655	-0.004779105645	-0.0009816856164	6.023622378e-06
	3.707519842e-34	-4.974656567e-34	-0.002420909409	-0.01238294127	-0.02415238329
	-0.03981818647	-0.05763885268	-0.07829388245	-0.1006366055	-0.1237840684
	-0.1464000465	-0.1671652943	-0.1852382382	-0.2000074947	-0.2113975175
	-0.2195837136	-0.2249436398	-0.2281265689	-0.2296033649	-0.2301227011
	-0.229924758	-0.2296019024	-0.2290604525	-0.2287472047	-0.2283249021
	-0.2282275321	-0.2279775112	-0.2281066248	-0.22804431	-0.2284898425
	-0.2287912816	-0.2298641464	-0.2309667566	-0.2332341404	-0.2357419327
	-0.2396440377	-0.2434212446	-0.2475406759	-0.2489969408	-0.2467102482
	-0.2362135605	-0.2165495912	-0.1857425381	-0.1478730406	-0.1066940571
	-0.06959342282	-0.03968462339	-0.01957260398	-0.007585915714	-0.001982563597
	-0.0002462607704	3.66618734e-34	-4.996563691e-34	-0.002920539992	-0.01504231527
	-0.02834690765	-0.04588159692	-0.06479050672	-0.08628718812	-0.1084134149
	-0.1305400468	-0.1510566003	-0.1690250406	-0.183755601	-0.1950114878
	-0.2029544761	-0.2080266123	-0.2107921252	-0.2120169417	-0.2121879589
	-0.2119898377	-0.2115300015	-0.2112754129	-0.210985001	-0.2110291524
	-0.2109708564	-0.2112289186	-0.2112588311	-0.2116096612	-0.2116442057
	-0.2120887886	-0.2122023522	-0.2129389555	-0.2134525718	-0.2149883308
	-0.2165919706	-0.2197852634	-0.2233162619	-0.2285301938	-0.2330317783
	-0.2367093896	-0.2348263752	-0.2255628524	-0.2041226789	-0.1721719914
	-0.1314263566	-0.09035192358	-0.05389064736	-0.02773200387	-0.01113094952
	-0.003075014712	-0.0002571233586	3.603031297e-34	-4.980792229e-34	-0.003369933002
	-0.01729765341	-0.03168411897	-0.05054900498	-0.06985140923	-0.09145051651
	-0.1125498439	-0.1329989442	-0.1509321052	-0.1659373381	-0.1774218759
	-0.1855672337	-0.1907019512	-0.1935189061	-0.1946589723	-0.1949143819
	-0.1946716093	-0.1944870039	-0.1943015478	-0.194467923	-0.1946275706
	-0.1951166569	-0.1954370406	-0.1960283473	-0.1963053002	-0.1968561046
	-0.1969924805	-0.1974774343	-0.1974878322	-0.1980060135	-0.1980609624
	-0.1989378753	-0.1995451885	-0.2015742528	-0.2038055889	-0.2082128026
	-0.2129452474	-0.219178513	-0.2227909386	-0.2224094076	-0.2114310928
	-0.1890217665	-0.1533073296	-0.1119256718	-0.07053383557	-0.03833004561
	-0.01629405363	-0.005096781869	-0.0006460459257	3.527409516e-34	-4.926983239e-34
	-0.00362936514	-0.01886959081	-0.03385975034	-0.05348082074	-0.07253111857
	-0.09359519271	-0.1130614065	-0.1314416608	-0.1466011589	-0.1587592028
	-0.1673408184	-0.1729757087	-0.1760541364	-0.1774742203	-0.1778166104
	-0.1778271485	-0.177712438	-0.1778971545	-0.1781675377	-0.1788100379
	-0.1793906712	-0.1802568262	-0.1808784932	-0.1817420863	-0.1822342677
	-0.18299582	-0.1832945581	-0.1839400472	-0.1840367023	-0.1846008211
	-0.1845404263	-0.1851571557	-0.1851740275	-0.1863226676	-0.1872167549
	-0.1901439396	-0.1934819385	-0.1995244615	-0.2050670256	-0.2101863172
	-0.2079438679	-0.196129904	-0.1689244806	-0.1313565993	-0.08780583319
	-0.05040754546	-0.02246745415	-0.00747407839	-0.0008946650056	3.435159715e-34
	-4.816527936e-34	-0.003808189682	-0.01977162094	-0.03487751181	-0.05465115733
	-0.07288097513	-0.09288598656	-0.1103246055	-0.126482786	-0.1389366781
	-0.1485937969	-0.154798965	-0.1586281148	-0.1603993123	-0.1611598372
	-0.1613061654	-0.1615110058	-0.1617682057	-0.1624125183	-0.1631054154
	-0.1641226865	-0.1649847016	-0.1660832726	-0.1668667829	-0.1678819834
	-0.1684863499	-0.1693799672	-0.1697857976	-0.1705685964	-0.1707683528
	-0.171450186	-0.171423037	-0.1720210847	-0.1718002155	-0.1725007532
	-0.1724920712	-0.1741567294	-0.1757823989	-0.1803621299	-0.185385098
	-0.1926721731	-0.1960650991	-0.1935990359	-0.1764623102	-0.1463649778
	-0.1042687289	-0.0636438815	-0.02999826507	-0.01076790631	-0.001475770422
	3.312578107e-34	-4.661082027e-34	-0.003729809419	-0.01978955515	-0.0345863981
	-0.05396838533	-0.07095511434	-0.08953451688	-0.1047681983	-0.1187439634
	-0.1287337866	-0.1363374446	-0.1407198816	-0.1433757548	-0.1444205976
	-0.1450108508	-0.1452761131	-0.1458357332	-0.146474351	-0.1475001424
	-0.148480908	-0.1497318739	-0.1507419083	-0.1519694707	-0.1528367721
	-0.1539573939	-0.1546480188	-0.1556712319	-0.1561959072	-0.1571484362
	-0.157504193	-0.1583905241	-0.1585325284	-0.1593188714	-0.159169133
	-0.159845152	-0.1594719181	-0.160427729	-0.1607113514	-0.1636187707
	-0.1668951974	-0.1738369685	-0.1794931133	-0.1834625669	-0.1756121381
	-0.1549601115	-0.1177312941	-0.07657432319	-0.03814636456	-0.01449410971
	-0.002001216788	3.175185418e-34	-4.446110625e-34	-0.003605707705	-0.01912945007
	-0.03322143936	-0.05169566588	-0.0671292131	-0.08402445867	-0.09703251351
	-0.108977826	-0.1168413312	-0.1228630759	-0.1259465052	-0.1279533665
	-0.1286931678	-0.1294122719	-0.1299342577	-0.1308706676	-0.1318174136
	-0.1331156138	-0.1342583956	-0.1356330547	-0.1366938122	-0.1379758249
	-0.1388605703	-0.1400326519	-0.1407535073	-0.1418552439	-0.1424423977
	-0.1435130941	-0.1439733591	-0.1450250389	-0.1453155285	-0.1463074552
	-0.1463137664	-0.1471511301	-0.1467505745	-0.147486953	-0.1470229807
	-0.1487130726	-0.1501657237	-0.1556238624	-0.1611478738	-0.1684814212
	-0.1677003886	-0.1566552035	-0.1268012246	-0.08815223744	-0.04666342606
	-0.0188785289	-0.002785880775	2.993060556e-34	-4.199223159e-34	-0.003198322207
	-0.01762018487	-0.03071855417	-0.04788477735	-0.06160803587	-0.07668973725
	-0.0875899073	-0.09772704285	-0.1038398476	-0.1087027137	-0.1109109005
	-0.1126240808	-0.1132911648	-0.1142466453	-0.1150103145	-0.1162379868
	-0.1173645204	-0.1188095906	-0.120001827	-0.121420008	-0.1224749047
	-0.1237850447	-0.1246757124	-0.1259085643	-0.126673378	-0.1278798202
	-0.128551429	-0.12976739	-0.1303499821	-0.131586665	-0.1320415102
	-0.1332671148	-0.1334836057	-0.1345908272	-0.1343718105	-0.1352325597
	-0.1345352352	-0.1355956455	-0.1356595154	-0.1394118945	-0.1434536941
	-0.1515790855	-0.1550159366	-0.1520978067	-0.1305994618	-0.09702776085
	-0.05461651486	-0.02340284295	-0.00354367005	2.795834118e-34	-3.907031991e-34
	-0.002834034553	-0.0156317496	-0.02746075873	-0.04295947726	-0.05488514475
	-0.06807521465	-0.07704071266	-0.08558947176	-0.09030483063	-0.09434531587
	-0.09599891052	-0.09764105919	-0.09835828014	-0.09957190439	-0.1005297669
	-0.1019677729	-0.1031884579	-0.1047108701	-0.1059035936	-0.1073379653
	-0.1083708727	-0.1097017577	-0.1105854761	-0.1118649843	-0.1126443126
	-0.1139231636	-0.1146307027	-0.115945037	-0.1165915823	-0.1179615747
	-0.1185236278	-0.1199353702	-0.1203211822	-0.1216836028	-0.1216865405
	-0.1228099823	-0.1221864072	-0.1231037516	-0.1223871292	-0.1248277701
	-0.1270834255	-0.1345032617	-0.1397118075	-0.1427332739	-0.1292432711
	-0.1024799817	-0.06140802778	-0.02794393845	-0.004421771804	2.54497703e-34
	-3.61211464e-34	-0.002179972675	-0.01296872572	-0.02336728946	-0.03697070395
	-0.04712337092	-0.05842662722	-0.06568526864	-0.07285895411	-0.07649575535
	-0.07995863238	-0.08127880802	-0.08295204023	-0.08374874515	-0.08516456066
	-0.08622990303	-0.08777359905	-0.08899966407	-0.09052567428	-0.09167021925
	-0.0930875956	-0.09408122075	-0.09542672449	-0.09630560414	-0.09764676165
	-0.0984597462	-0.09984577476	-0.1006223845	-0.1020808671	-0.1028257281
	-0.1043673579	-0.1050546617	-0.106667728	-0.1072204896	-0.1088391668
	-0.1090777041	-0.1105239541	-0.1101376945	-0.1112245642	-0.1102325053
	-0.1118944387	-0.1125927566	-0.1186295412	-0.1238165082	-0.1304347088
	-0.1235900327	-0.1042313141	-0.06637979084	-0.03205162314	-0.005238888065
	2.279724856e-34	-3.294358343e-34	-0.001687003028	-0.01012176025	-0.01889774005
	-0.03039669309	-0.03880265679	-0.04822185706	-0.05397521211	-0.05993029909
	-0.06273695255	-0.06577211446	-0.06689974004	-0.06863120228	-0.0695052435
	-0.07105855305	-0.07217618566	-0.07376251674	-0.07496543386	-0.07647353787
	-0.07757718192	-0.0789840798	-0.07995700413	-0.08132693842	-0.08220777989
	-0.08360626232	-0.08443439545	-0.08590107229	-0.08670085441	-0.08825832849
	-0.08904004149	-0.09070437621	-0.09145914447	-0.09323489509	-0.09391032939
	-0.0957564406	-0.09620079056	-0.09796385347	-0.09786039891	-0.09927025243
	-0.09834458733	-0.0997324715	-0.09938368019	-0.1040448531	-0.1082810067
	-0.1166306055	-0.1147305373	-0.1024937627	-0.06918853487	-0.03547040793
	-0.006006506247	1.961053e-34	-3.00889775e-34	-0.0008935438815	-0.006804866183
	-0.01387956766	-0.02318831053	-0.02994543176	-0.03753815981	-0.04199441354
	-0.04686427772	-0.04904356475	-0.05173879013	-0.05276121269	-0.05452998961
	-0.05545603597	-0.05706516035	-0.0581779642	-0.05973325105	-0.06087469654
	-0.06231657659	-0.06335923889	-0.06472107257	-0.06565891737	-0.0670276423
	-0.06790163822	-0.06934961788	-0.07020054445	-0.07177044505	-0.07262676855
	-0.07433861664	-0.07521070886	-0.07706832861	-0.07794067389	-0.07993348561
	-0.08075227223	-0.08284325491	-0.0834822594	-0.08555679751	-0.0857408452
	-0.08753699325	-0.08686753816	-0.0883381531	-0.08744398348	-0.09102780201
	-0.09396895307	-0.1027076882	-0.1040446211	-0.09799245269	-0.06985871255
	-0.03801210567	-0.006672005274	1.635834891e-34	-2.719739253e-34	-0.000388933958
	-0.003610374417	-0.008827006679	-0.01583882557	-0.02099111619	-0.02677900426
	-0.03007618927	-0.03392911696	-0.03560885387	-0.03798800826	-0.03894688835
	-0.04070594274	-0.04166005735	-0.04325798252	-0.04434280501	-0.04582652464
	-0.0469135244	-0.04827839818	-0.04928872323	-0.05060937935	-0.05154624366
	-0.05292034143	-0.05381265332	-0.05530954296	-0.05618480771	-0.0578385706
	-0.05871790436	-0.06053957265	-0.06143608648	-0.06342826174	-0.06434363084
	-0.06650776211	-0.0674179253	-0.06973885677	-0.07055004902	-0.07293907807
	-0.07340510674	-0.07561637692	-0.07529834314	-0.07708820563	-0.07607313273
	-0.07902010733	-0.08077382055	-0.0891759571	-0.09239871146	-0.09137201903
	-0.06849499427	-0.03948827098	-0.007140496022	1.272698853e-34	-2.494421563e-34
	0.0004438671886	-0.0001164672073	-0.003442216427	-0.008160579968	-0.01180540841
	-0.01585754779	-0.01812948117	-0.02102614488	-0.02230313563	-0.02437139186
	-0.02529035785	-0.02699083386	-0.02795149441	-0.02947784451	-0.03051129372
	-0.03187372205	-0.03289356101	-0.03413527232	-0.03510247686	-0.03633019916
	-0.03725051134	-0.03857527549	-0.03946904991	-0.04097201097	-0.04186626893
	-0.04359493028	-0.0445207878	-0.04649467781	-0.04747702375	-0.04969332998
	-0.05073470811	-0.05317205228	-0.05423744745	-0.05685548714	-0.05785244212
	-0.06057081858	-0.06129588888	-0.0639222146	-0.06397668159	-0.06620812028
	-0.06535589492	-0.0680678671	-0.06892479638	-0.07667115895	-0.08078577054
	-0.08359253897	-0.06564347691	-0.04005962099	-0.007510795711	9.227790471e-35
	-2.272917243e-34	0.0008578173149	0.002969914852	0.001682981329	-0.0006801282747
	-0.002825027076	-0.005154337741	-0.006450153233	-0.008390062402	-0.009294455132
	-0.01101732432	-0.01188952074	-0.01347639451	-0.01442449128	-0.01583277249
	-0.01680907732	-0.01802297818	-0.01898956309	-0.02009314955	-0.02104883577
	-0.02217499812	-0.023123775	-0.02439641013	-0.02534123355	-0.02684983806
	-0.02780029543	-0.02959340567	-0.03056687951	-0.03265550356	-0.03367140081
	-0.03604203907	-0.03711476287	-0.03974810626	-0.04087720518	-0.04375429473
	-0.04489471801	-0.04796167742	-0.04894958691	-0.05203333707	-0.05248809934
	-0.05525898618	-0.05477145085	-0.05760571942	-0.05794942226	-0.06505175579
	-0.06947067154	-0.07510650151	-0.06156986762	-0.03965641807	-0.00761116944
	5.657953328e-35	-2.138773083e-34	0.001651383689	0.006236552635	0.006981364593
	0.006929173447	0.006221481115	0.005548092898	0.005173643907	0.004177443537
	0.003627981433	0.002276854261	0.001459286138	2.140425211e-05	-0.0009009310326
	-0.00216266296	-0.003072537891	-0.004109454723	-0.005013708721	-0.005938224405
	-0.006870525423	-0.007834141044	-0.008797059757	-0.009938673404	-0.01091835027
	-0.01235029296	-0.01334478273	-0.01514309274	-0.01617380898	-0.01837418249
	-0.01947825817	-0.02207899824	-0.02328791603	-0.0262549459	-0.02756643964
	-0.03083792585	-0.032189318	-0.03567424057	-0.03691334323	-0.04046102058
	-0.04128090716	-0.04461979622	-0.04458028674	-0.04778263451	-0.04795161359
	-0.05457227632	-0.0589767716	-0.06664160012	-0.05692390695	-0.03867869634
	-0.007680780325	2.497745388e-35	-2.000734913e-34	0.001886861478	0.008824770088
	0.01173488292	0.01405543201	0.01483756647	0.0158281027	0.016404729
	0.01640076654	0.01625076834	0.01533366606	0.01460696212	0.01336436827
	0.01248634217	0.01139372975	0.01055825727	0.009710384855	0.008867731437
	0.0081342299	0.00720836551	0.006419616976	0.005400174703	0.004399814377
	0.003316066629	0.00196719322	0.0008476187973	-0.0009487109603	-0.002096916814
	-0.004382689864	-0.005574250858	-0.008335354792	-0.009596148949	-0.01278496584
	-0.01413985651	-0.01770378747	-0.01915514564	-0.02303850674	-0.02450658207
	-0.02858842562	-0.02980772469	-0.03381060108	-0.03431010903	-0.03811161063
	-0.03842706056	-0.04484604573	-0.04915465767	-0.05829853067	-0.05185026681
	-0.03709409198	-0.00749047011	-3.601544322e-36	-1.966049813e-34	0.002587902499
	0.01152840484	0.01652305133	0.02115333528	0.02341160775	0.0260042048
	0.02753641516	0.02854343227	0.02883592978	0.02839516752	0.02779421693
	0.02676872753	0.02594641485	0.02502521171	0.02427237367	0.02361561409
	0.02285463605	0.0223319418	0.02143866103	0.02087356955	0.01982115477
	0.01904447942	0.01787519439	0.01672123477	0.01548945497	0.01381443042
	0.01254786127	0.01025884904	0.008940786579	0.006010297731	0.004589988285
	0.001051948003	-0.0005165105468	-0.004575443237	-0.006283660802	-0.01073111866
	-0.01247775139	-0.01714671035	-0.01870907794	-0.02338167158	-0.02439258266
	-0.02891060065	-0.02956636038	-0.03605365363	-0.04027900529	-0.05053582772
	-0.0468663475	-0.03535688084	-0.007364915413	-2.544151574e-35	-1.904392983e-34
	0.002571999555	0.01327955165	0.02043905912	0.02745888413	0.03131755181
	0.03555065492	0.03812774861	0.04023240041	0.04107073591	0.04120060553
	0.04079367742	0.04003501474	0.03929662587	0.03855768505	0.03790122165
	0.03743326578	0.03677354954	0.03645613229	0.03561245922	0.03526655242
	0.03416904035	0.0336171432	0.032301131	0.03134840503	0.02989473656
	0.02835074886	0.02683528086	0.02456435999	0.02302562268	0.01998569489
	0.01841570633	0.01465846831	0.01301652325	0.0086447577	0.006882278447
	0.001999777021	9.962548058e-05	-0.00518431586	-0.007110982602	-0.0125979794
	-0.01419650408	-0.01962774648	-0.02083859158	-0.0277288867	-0.03200273948
	-0.04319801566	-0.04192609795	-0.03339750715	-0.007035352416	-4.098187033e-35
	-1.958823655e-34	0.003156131556	0.01515495172	0.02425878528	0.03355927818
	0.03905132571	0.0448761961	0.04853774922	0.05177384294	0.05325584853
	0.05402382697	0.05388095034	0.05342410099	0.05279119603	0.05222844316
	0.05167721602	0.05138104359	0.05084757828	0.05072899257	0.04998169048
	0.04986737824	0.04878094259	0.04850195816	0.04708600148	0.0464383868
	0.04479031355	0.04353641158	0.04177841151	0.03970250201	0.03791630417
	0.03488493576	0.03307086114	0.0290637194	0.02715132914	0.02225859671
	0.02017520863	0.01457361333	0.01232873986	0.006248394063	0.003966112234
	-0.00235421763	-0.004437450778	-0.01082964988	-0.01263310861	-0.02015681092
	-0.0245605415	-0.03660285656	-0.03740305753	-0.03161769649	-0.006852750026
	-4.799674027e-35	-1.949450385e-34	0.002827822979	0.01580020897	0.02681364361
	0.03846039989	0.04578136394	0.05328966362	0.0581625746	0.06265112999
	0.06493140354	0.06647388022	0.06671727042	0.06664636507	0.06617038862
	0.06581329681	0.06538523084	0.06525623345	0.06487905356	0.06493881455
	0.06433437751	0.06442166613	0.06338577439	0.06334410971	0.06182405105
	0.06145327453	0.05952755522	0.05855500269	0.05638662191	0.05452060412
	0.05228172015	0.04931211288	0.04711130684	0.04298643647	0.04083758305
	0.03566635216	0.03349814623	0.02746740646	0.02516003844	0.01842710533
	0.01589246615	0.008600248559	0.005935343476	-0.001670712085	-0.004230223271
	-0.01274055748	-0.01746800836	-0.03043155877	-0.0330867424	-0.0298879068
	-0.006525583688	-4.650078232e-35	-2.073024684e-34	0.003336093963	0.0167137123
	0.02919991633	0.04294655185	0.05213141774	0.0612919974	0.06743962824
	0.07321040723	0.07642112088	0.0788466014	0.07960385582	0.07999383853
	0.07974025668	0.07960809344	0.0793130181	0.07934645609	0.07913372479
	0.07935639395	0.07894291944	0.07920919891	0.07831278382	0.07849567817
	0.07697802667	0.07691815693	0.07480676624	0.07424075361	0.07171283416
	0.07028390165	0.06759070152	0.06494990999	0.06228863899	0.0582194096
	0.05563553909	0.05011855208	0.04751119649	0.04071618327	0.03794120674
	0.03016971176	0.02717477523	0.01875645259	0.01562958554	0.006811637121
	0.003606155276	-0.006046592833	-0.01110854886	-0.0250151046	-0.02929650723
	-0.02855958258	-0.006412812418	-3.573683206e-35	-2.082115253e-34	0.002622403237
	0.01610573141	0.02989957953	0.04571136894	0.05696348584	0.06795616281
	0.07554358937	0.08273502541	0.08707236201	0.09056783741	0.09202612762
	0.09303778623	0.0931211843	0.09328910326	0.09318135255	0.09339363163
	0.09337143239	0.09375397813	0.0935674556	0.0939848524	0.09329367735
	0.09363242699	0.09219091738	0.09234178156	0.09006734516	0.0898126579
	0.08682621024	0.08578694717	0.08239224562	0.08010540388	0.07666693614
	0.07277435193	0.06954909114	0.06396151464	0.06099924791	0.0538876224
	0.05102343661	0.04264763081	0.03955326772	0.03010045831	0.02649518405
	0.01613145842	0.0120800698	0.0008643456315	-0.004739311611	-0.01984773958
	-0.02565649525	-0.02742540517	-0.00618196648	-1.525430686e-35	-2.256876341e-34
	0.003193472419	0.01617275012	0.03057094001	0.04790859283	0.06113631908
	0.073913613	0.08301186959	0.09164387735	0.09724133406	0.1019300588
	0.1042952429	0.1060748112	0.1066336203	0.1072053867	0.1073304865
	0.1077599193	0.1079369312	0.1084794752	0.1085387331	0.1090922894
	0.108671989	0.1091290827	0.1078989087	0.1082085278	0.1059605479
	0.106010603	0.1027542648	0.1022359617	0.09825690854	0.09664237475
	0.0924208149	0.08911519962	0.08508250009	0.07967580989	0.07596217699
	0.06838478943	0.06478629205	0.0552768308	0.05146836415	0.04047915701
	0.03625461068	0.02430248051	0.01966657072	0.006853838984	0.0008498165233
	-0.015482737	-0.02256262277	-0.02685037913	-0.00624792822	1.431384199e-35
	-2.247334043e-34	0.002024536401	0.01434382255	0.02915426638	0.04784082136
	0.06310220087	0.0778785334	0.08872360104	0.09896662144	0.1060115198
	0.112130285	0.115652284	0.1184349726	0.1197158139	0.1208460541
	0.1213494184	0.1220852089	0.1225105764	0.1232590416	0.1235801771
	0.1242838673	0.1241657493	0.1247058398	0.1237652719	0.1241119998
	0.1220100623	0.1221567273	0.1187127526	0.1184860521	0.1138378921
	0.1127489918	0.1074080675	0.1047176455	0.09939138487	0.09442317291
	0.08965233463	0.08214541564	0.07799554279	0.0681384749	0.06417581122
	0.0522751747	0.04779934078	0.03411421903	0.02863818364	0.01363962491
	0.006968296693	-0.01101735192	-0.01934579383	-0.02649080171	-0.006171350967
	5.440405637e-35	-2.466621961e-34	0.00286970844	0.01397804357	0.02829738813
	0.04737682994	0.06420348699	0.08076723619	0.09339261685	0.1052216811
	0.113839827	0.1214852572	0.1263726477	0.1304162227	0.1326336415
	0.134548732	0.1355982079	0.136754802	0.1375131746	0.1385152306
	0.1391168295	0.1399978598	0.1401878427	0.1408239429	0.1402321662
	0.1405807625	0.1388088839	0.1389491211	0.1356430403	0.1356183429
	0.1306801667	0.1302128332	0.1240293635	0.1223613308	0.1157566274
	0.1118307302	0.1056350357	0.09855309732	0.09304328111	0.08249635429
	0.07723507355	0.06359055036	0.05795241104	0.04204651793	0.03589099957
	0.01887423967	0.01197464264	-0.007558719319	-0.01672478713	-0.02683546468
	-0.006506950334	1.027906425e-34	-2.400326324e-34	0.001117152924	0.01111980966
	0.02492990355	0.04420130783	0.06240625022	0.08083046502	0.09543024179
	0.1091162217	0.1194971815	0.1288602326	0.1354442977	0.1409985378
	0.1445181682	0.1475217589	0.1493786116	0.1511928418	0.1524406015
	0.1538244704	0.1547838163	0.1559077218	0.1564285792	0.1572025486
	0.1569620141	0.1573045573	0.1559125568	0.1558890915	0.1528824421
	0.1526862642	0.1476554621	0.1473174985	0.1402809172	0.139250577
	0.1309451734	0.1280188599	0.1196741604	0.1135032005	0.1061527837
	0.09597394907	0.08976825709	0.0757118979	0.06976656185	0.05245831563
	0.04572964425	0.02606385602	0.01843567295	-0.00337207174	-0.01337607836
	-0.02718431406	-0.006578064444	1.627955926e-34	-2.679516885e-34	0.002686864962
	0.01103543942	0.02331523349	0.04147669064	0.06004238414	0.07957763374
	0.09597588358	0.1113957783	0.1235463189	0.1347646767	0.1431317551
	0.15046955	0.1555993486	0.1599815865	0.1629829968	0.1657107247
	0.1676651824	0.1696076959	0.1710299376	0.1724916169	0.1733829308
	0.1743526801	0.1744679723	0.174867116	0.1738762748	0.1737198855
	0.1711976453	0.1707132399	0.1660935564	0.1656413104	0.158483403
	0.1580312717	0.1486286297	0.1471376152	0.1367394533	0.1322717021
	0.1223544258	0.1129967937	0.1041861801	0.08907919521	0.08083347514
	0.06084404541	0.05255755461	0.03032048804	0.02277008635	-0.0007165423207
	-0.01075884328	-0.0283982711	-0.007332318885	2.305124458e-34	-2.50584892e-34
	-0.0001503471054	0.007168178412	0.01845239556	0.03564790653	0.05422906165
	0.07475105819	0.09289378336	0.1101731395	0.1244607897	0.1376222888
	0.1480933242	0.1575047569	0.1645663086	0.170752791	0.1752837145
	0.1792975006	0.1822991414	0.1850754212	0.1871762235	0.1891608291
	0.1905315724	0.1918095438	0.1923211615	0.1928505888	0.1922359099
	0.191996841	0.1899048635	0.1890196709	0.1849061175	0.1837827976
	0.1768424504	0.175961836	0.1656641074	0.1646659115	0.1517407517
	0.1487179379	0.1352275983	0.1275373732	0.1155170636	0.1014782253
	0.09157624213	0.07138193149	0.06285578318	0.03864403008	0.03053572934
	0.004090074837	-0.006261931219	-0.02894476638	-0.007337212926	3.131991484e-34
	-2.89596717e-34	0.002948214999	0.008424090102	0.01732725022	0.03186262942
	0.04906625819	0.06913566694	0.08805683437	0.1069284773	0.1230116821
	0.1381943138	0.1508653947	0.162422803	0.1717298662	0.180000849
	0.1864277118	0.1921128903	0.1965125652	0.2004453735	0.2034936527
	0.2062272252	0.2082307376	0.2099693483	0.2109438292	0.2117064322
	0.2114881192	0.2112733427	0.2095899107	0.2084623232	0.204916993
	0.2031521045	0.1970018805	0.1953008846	0.1854190066	0.1844229988
	0.1703391135	0.1690436407	0.1523142643	0.1473115961	0.1307637385
	0.1182010258	0.103550976	0.08213933403	0.06988902859	0.04254086813
	0.03392937974	0.005968370412	-0.00299429783	-0.03029604659	-0.008621324235
	4.03140804e-34	-2.54340585e-34	-0.001654834608	0.003084308705	0.01099070979
	0.02402210368	0.03991207255	0.05920143748	0.0789394062	0.09899838132
	0.1171332633	0.1345751439	0.1495690871	0.1636201631	0.1754209172
	0.1860997666	0.1948371849	0.2025906719	0.2088162248	0.2143103563
	0.218670047	0.2224745567	0.2253740006	0.2278070878	0.2293897089
	0.2305533999	0.2307814151	0.2306920155	0.2293785539	0.2280797743
	0.2248993793	0.2225086091	0.2169091038	0.2138433175	0.204638918
	0.2019186496	0.1873857296	0.1856078894	0.1655094219	0.1624303086
	0.140052816	0.1307858983	0.1110635408	0.09262795011	0.078409944
	0.05258051734	0.04414023403	0.0135660139	0.004763521427	-0.02933302395
	-0.008262865087	5.201844219e-34	-3.134726784e-34	0.003650639831	0.006519461428
	0.01143061859	0.02057294972	0.03300351685	0.05017018968	0.06869848509
	0.08903705567	0.1086538681	0.1278525468	0.1452713403	0.1617822194
	0.1761724342	0.1894664366	0.2007325015	0.2108496195	0.2192401271
	0.2266366474	0.2326439707	0.2378374566	0.2419053935	0.2452744121
	0.247646674	0.2493914945	0.2501411839	0.2503253546	0.2493955404
	0.248055224	0.2452214594	0.2424581565	0.2373160665	0.2333292367
	0.225116401	0.2206288953	0.2075469072	0.2042151942	0.1839310351
	0.1822156588	0.155463046	0.1508873691	0.1235378671	0.1088175472
	0.08721098644	0.06093484105	0.04764167807	0.01603199387	0.009172865146
	-0.0288502359	-0.009758138308	6.497540004e-34	-2.49167271e-34	-0.004114113998
	-0.001925529896	0.002071758269	0.009280283028	0.02044755451	0.03543544066
	0.05324670975	0.07392246126	0.09457669582	0.115819783	0.1356995661
	0.1547984652	0.1720442567	0.1881105907	0.2021462702	0.2148974842
	0.225754117	0.2353777849	0.24337774	0.250292957	0.2558400898
	0.2604360797	0.2638429049	0.2663902327	0.2678165538	0.268457474
	0.2679427982	0.266708407	0.2641568549	0.2610758953	0.2561410787
	0.2513103414	0.2433763159	0.2369873916	0.2248153508	0.217976424
	0.1986602542	0.1939573251	0.1646465088	0.1624151882	0.1271181636
	0.1209238971	0.09190350109	0.07424504373	0.05984101955	0.03151740694
	0.02362203852	-0.02112584487	-0.007496442855	8.325047813e-34	-3.493811786e-34
	0.006053952122	0.004411091626	0.002856802415	0.005642258989	0.01154352735
	0.02282768203	0.03852726263	0.05754322164	0.07858083754	0.1009661193
	0.1227494417	0.1443008616	0.1642197155	0.1830142557	0.1998420794
	0.2152587215	0.2286679024	0.2406490606	0.2507999124	0.2596204227
	0.2668459922	0.2728741072	0.2775047028	0.2810417075	0.2833036679
	0.2845485452	0.2845334499	0.2835678996	0.2812706505	0.2780694219
	0.2733309858	0.2679387526	0.2602957114	0.252925292	0.2416950139
	0.2328934832	0.2165695267	0.2088414046	0.1835205031	0.1815254025
	0.1444545748	0.1469272745	0.1060534073	0.0995503345	0.0708185513
	0.04432219803	0.03012340689	-0.012688775	-0.01030015811	1.063706736e-33
	-2.285693635e-34	-0.01119971862	-0.01494346885	-0.01550315681	-0.01483929042
	-0.009420306449	0.001526470039	0.01596117925	0.03506847255	0.05673086362
	0.08013149063	0.1039605272	0.1277621558	0.1502912358	0.1718069802
	0.19141511	0.2095193717	0.2255658958	0.240001571	0.2524465766
	0.2633397548	0.2724224961	0.2800634083	0.2860791218	0.2907621949
	0.2939648289	0.2959120965	0.2964593308	0.2958238073	0.2937713217
	0.2906116056	0.2859750487	0.2802820358	0.2729193631	0.2648989697
	0.2543168921	0.2444421555	0.2299554852	0.2192943099	0.1986537197
	0.1916638049	0.158754868	0.1626306922	0.1158698879	0.1270991481
	0.08347603758	0.07918574962	0.05662023154	0.01429203429	-0.0004734336353
	1.450577881e-33	-4.064079998e-34	0.01002525258	-0.0007474691505	-0.0156562246
	-0.02360894924	-0.02287565782	-0.01718632099	-0.004474537502	0.01343447647
	0.03449547925	0.05849153642	0.0834810257	0.1088573963	0.1334998567
	0.1572408989	0.1792121584	0.1996554317	0.2179908885	0.2345528395
	0.2489949568	0.2616714812	0.2723644663	0.2814041005	0.2886555608
	0.2943974986	0.2985375612	0.3013062264	0.3026335109	0.3027038973
	0.3014417524	0.2990626877	0.2953783685	0.2907265575	0.284828343
	0.2780864458	0.2700168846	0.2618050759	0.2512480999	0.2425644517
	0.229059339	0.2220456759	0.2019861883	0.2041623155	0.1667889251
	0.1852453694	0.1253952761	0.1415783764	0.07552978337	0.04983755683
	-0.0006556906421	1.936378233e-33	-1.965390862e-34	-0.02025136921	-0.04400270227
	-0.05459645695	-0.05675298852	-0.05582609462	-0.04832897411	-0.03439181038
	-0.01669974474	0.005268169605	0.02989997945	0.0558475528	0.08250905835
	0.108738019	0.1341558926	0.1580639037	0.1804695301	0.2008759199
	0.2195298649	0.2361241574	0.2509652548	0.2638801996	0.2751748566
	0.2847514994	0.2928795512	0.2995052822	0.3048547541	0.3088877986
	0.3117921621	0.313542402	0.3142831358	0.3139764471	0.3128180069
	0.3106450659	0.3077424584	0.3039554745	0.2994613448	0.2939719938
	0.288484441	0.2805843735	0.2746648549	0.2628569773	0.2584674581
	0.2346155277	0.2419827289	0.1879054663	0.2156108811	0.129032242
	0.1336980385	0.02164543627	2.832359346e-33	-4.657288327e-34	0.0006792730018
	-0.02762970932	-0.03468754234	-0.03877750641	-0.0339067504	-0.02471714443
	-0.0121093023	0.004053529014	0.02358844421	0.04539815121	0.06921140983
	0.09432093353	0.119875465	0.145521249	0.1705653648	0.1948114924
	0.2178051555	0.2395481711	0.2597408894	0.2785047899	0.2956673821
	0.3113897126	0.3255829385	0.3384107193	0.3498349148	0.359999614
	0.3688948012	0.3766482704	0.3832558847	0.3888280506	0.3933825184
	0.3969983194	0.3996888087	0.4015952486	0.4026403325	0.4029765802
	0.4027227406	0.4016738997	0.4000930088	0.3983494593	0.3948131762
	0.3928848762	0.385271613	0.3858277509	0.3592827084	0.3708280247
	0.279924794	0.2650393286	0.01185839154	4.218771706e-33	1.875494691e-34
	0.01765661603	0.08458401053	0.1350973392	0.1731472599	0.2060606773
	0.2320313938	0.2551657275	0.2760688586	0.295971764	0.3155091846
	0.335267793	0.3552754676	0.3755620581	0.3960070295	0.4162920646
	0.4362762069	0.4556181137	0.4742170273	0.4918095891	0.5083799556
	0.5237538836	0.5379811995	0.550967368	0.5627965636	0.5734302069
	0.5829635226	0.5913955671	0.5988158425	0.6052462491	0.61077034
	0.6154183526	0.6192620053	0.6223540038	0.6247328112	0.6264578821
	0.6275778796	0.6280988589	0.6279610645	0.6273800165	0.6256041073
	0.623214336	0.6186259871	0.6114172035	0.5993972178	0.5766942692
	0.5464501089	0.4664768306	0.4067127387	0.1624735051	6.992487718e-33
	1.387551924e-34	-4.928842177e-34	-7.411398732e-35	-8.928424371e-35	-1.637791505e-35
	4.824815561e-36	1.711907773e-35	4.382622512e-35	5.445124636e-35	7.133508974e-35
	8.635178981e-35	1.017548484e-34	1.173149304e-34	1.330465826e-34	1.488633857e-34
	1.634623141e-34	1.784503534e-34	1.912548316e-34	2.041901586e-34	2.147843417e-34
	2.25267609e-34	2.335163982e-34	2.415773644e-34	2.47692367e-34	2.535546637e-34
	2.578571316e-34	2.618429882e-34	2.646535811e-34	2.670623594e-34	2.687100685e-34
	2.697788176e-34	2.70549952e-34	2.705244505e-34	2.706802306e-34	2.696228423e-34
	2.696930533e-34	2.673196462e-34	2.676445737e-34	2.638932426e-34	2.64154613e-34
	2.569876536e-34	2.588002994e-34	2.389986488e-34	2.424858811e-34	1.915708496e-34
	1.890656058e-34	4.385186764e-35	7.442825385e-35	-2.765572513e-34	-3.552954003e-34
	3.702538538e-33	
