2601	
	-2.537422678e-34	-5.087565878e-34	-5.086320987e-34	-5.079977834e-34	-5.061283855e-34
	-5.037347218e-34	-5.006863914e-34	-4.973046192e-34	-4.934225118e-34	-4.891515684e-34
	-4.842620543e-34	-4.788270794e-34	-4.726518979e-34	-4.659052617e-34	-4.584766764e-34
	-4.50701691e-34	-4.425846714e-34	-4.346783999e-34	-4.271133496e-34	-4.206651399e-34
	-4.155293827e-34	-4.126139396e-34	-4.120102828e-34	-4.145589748e-34	-4.199908969e-34
	-4.288252896e-34	-4.401861846e-34	-4.540871787e-34	-4.689683285e-34	-4.843799326e-34
	-4.983268116e-34	-5.102604714e-34	-5.183475473e-34	-5.225087813e-34	-5.217610834e-34
	-5.168611508e-34	-5.079980896e-34	-4.964984506e-34	-4.83466213e-34	-4.699158673e-34
	-4.57430349e-34	-4.456973765e-34	-4.368677422e-34	-4.284820516e-34	-4.241884868e-34
	-4.186646183e-34	-4.184530487e-34	-4.146865325e-34	-4.182262219e-34	-4.151765557e-34
	-2.125465681e-34	-1.92529955e-38	-0.0002776802011	-0.0003178902084	-0.0003057259384
	-0.000191990848	-7.773994933e-05	6.20041421e-05	0.0001899433995	0.0003222385772
	0.000456961189	0.0006066924802	0.0007735482105	0.0009590951676	0.001159695434
	0.001366063379	0.001568849511	0.001751645014	0.001901352	0.001998588714
	0.002030858849	0.001981758286	0.001844940709	0.001612745531	0.001288915484
	0.0008780488238	0.0003950672565	-0.000141870823	-0.0007083219891	-0.00127295925
	-0.001806945313	-0.002268852099	-0.002636269448	-0.002865137029	-0.002956669134
	-0.002874247277	-0.002660838212	-0.002290612726	-0.001856945202	-0.001328766882
	-0.0008451273284	-0.0003307877535	3.198380122e-05	0.0004157461986	0.000568324015
	0.0008056835558	0.0007639137446	0.0008825590806	0.0006835495264	0.0006750996138
	0.0001707074314	7.909032651e-37	-1.033725247e-36	-0.001156075811	-0.00156491272
	-0.001530633913	-0.001023487068	-0.0003664686233	0.0004013577506	0.001163333853
	0.001939988362	0.002739873118	0.003607890806	0.004561355138	0.005604460381
	0.006711709353	0.007836158974	0.008914133665	0.009866073137	0.01060941426
	0.01105724904	0.01113577302	0.01078160053	0.009958240037	0.008650288149
	0.006874662067	0.00467340896	0.002118204179	-0.0006933073261	-0.003642487412
	-0.006584183364	-0.00936962772	-0.01182490853	-0.01380673031	-0.0151521351
	-0.01578436034	-0.0156093499	-0.01468492059	-0.01302854875	-0.0108603952
	-0.008285821298	-0.005638817765	-0.003004745455	-0.0007377963445	0.001240362232
	0.002598345172	0.003671913596	0.004078629405	0.004356566046	0.003937565549
	0.003333490242	0.00174210325	3.499002203e-36	-2.445206552e-36	-0.002078142546
	-0.002718697251	-0.002338751232	-0.001193695099	0.0002462498655	0.001886331055
	0.003548846728	0.005276794929	0.007082959589	0.009032426442	0.01112870917
	0.01334465505	0.01559046747	0.017744003	0.01965098676	0.02114970926
	0.02208160828	0.02231238971	0.02174180392	0.02031753007	0.01803332747
	0.01493457185	0.01110384217	0.006666552728	0.001768681278	-0.00340739235
	-0.008673242272	-0.01380295162	-0.01858158173	-0.02275542596	-0.02611683943
	-0.02842818622	-0.02956268681	-0.02937880156	-0.02792811847	-0.0252406724
	-0.02159979502	-0.01720233492	-0.01250494252	-0.007748114043	-0.003409222494
	0.0004165924519	0.003358451884	0.005606461001	0.006847595926	0.007521655898
	0.007112278247	0.006051299556	0.00350465569	1.081907058e-36	-3.550063737e-36
	-0.00285913382	-0.003597985787	-0.002680328608	-0.0007175118362	0.001802580589
	0.004673408434	0.007665663624	0.01082224475	0.01413433722	0.01765999965
	0.02135096968	0.02510898412	0.02874257961	0.03202343882	0.03469328681
	0.03651247368	0.03727483729	0.03684014007	0.03513469059	0.03216222906
	0.02798357076	0.02271740449	0.01650998782	0.009545271018	0.002013596317
	-0.005857742283	-0.01384119001	-0.02165665084	-0.02902978725	-0.03562026799
	-0.04112619184	-0.0451899283	-0.04757436997	-0.04802361648	-0.04652287111
	-0.04306104073	-0.03796546041	-0.03150806615	-0.02430956296	-0.01677626717
	-0.009602818472	-0.003069064227	0.002285270844	0.006507025991	0.009237315972
	0.01082303674	0.01076440586	0.009430365254	0.005785005481	7.331088507e-36
	-4.372589833e-36	-0.00321860276	-0.003686430416	-0.00185397689	0.001248562971
	0.005174708996	0.009546728227	0.01415945006	0.01903093508	0.02412336378
	0.0294453517	0.03484261836	0.04009951406	0.04489047823	0.04887934363
	0.05173213431	0.05318922836	0.05307026049	0.05130637982	0.04791382657
	0.04299570965	0.03669672339	0.02920535193	0.020710276	0.01142478933
	0.001547975698	-0.008683983481	-0.01904304425	-0.02923295401	-0.03895900667
	-0.04782991352	-0.05547838598	-0.0614436014	-0.065375202	-0.06688238876
	-0.06583975636	-0.06214554327	-0.05611106443	-0.0480407489	-0.03867836784
	-0.02858135082	-0.01864415982	-0.009341161732	-0.001385581835	0.005093063781
	0.009657824088	0.01250824987	0.01317024442	0.0118513132	0.007460005217
	6.08425174e-36	-4.591864231e-36	-0.002978649602	-0.002727594773	0.0003206460946
	0.00478782159	0.01035365932	0.01647881454	0.02302731036	0.0299197628
	0.03706477472	0.04434700945	0.0514636789	0.05805852299	0.0636838819
	0.0679423578	0.0704946576	0.07113815143	0.06978512891	0.06647812041
	0.06133414925	0.05453763623	0.04628345272	0.03678670396	0.02623875223
	0.0148448336	0.002783789561	-0.009727176962	-0.02248276652	-0.03519596157
	-0.04757367406	-0.05919332885	-0.06963064099	-0.07831256532	-0.08474109678
	-0.08832415052	-0.08873464325	-0.08566923969	-0.0793275356	-0.06996870746
	-0.05845242792	-0.04549709282	-0.03229317792	-0.0195554433	-0.008290895716
	0.00117675156	0.008234489433	0.01295061136	0.01479960085	0.01384773735
	0.009016127146	1.045594851e-35	-4.095424607e-36	-0.001927949916	-0.0004234617976
	0.004198297425	0.01032110343	0.01779517053	0.02591178474	0.03460323764
	0.04363290623	0.05284141438	0.06192811403	0.07043894371	0.07788554473
	0.08374976086	0.08764509466	0.08930152779	0.08863396828	0.08567892438
	0.08059493027	0.07358458318	0.06489296949	0.05474770805	0.04338240251
	0.03099022698	0.01777103103	0.003883722933	-0.01048105583	-0.02515941502
	-0.03990740337	-0.05448130436	-0.06848989013	-0.08152052634	-0.09295600008
	-0.1021971753	-0.1084637159	-0.11118205	-0.1097538406	-0.1041222863
	-0.09436260331	-0.081328515	-0.06585757154	-0.04944996652	-0.03312523795
	-0.01827333146	-0.005463449175	0.004453930749	0.01140939567	0.01479914058
	0.01460210517	0.009761462135	9.023362047e-36	-2.551875313e-36	8.71232315e-05
	0.003412696449	0.009911948055	0.01788525525	0.02740998705	0.03763676743
	0.04855668655	0.05972285251	0.07087660042	0.08148526623	0.09097133323
	0.09875039203	0.1043156312	0.1073620996	0.1077445383	0.1055183259
	0.1008394623	0.09396244323	0.08515396597	0.07470464761	0.06286844288
	0.04989492415	0.03597717867	0.02130292088	0.006000331981	-0.00978433851
	-0.0259503157	-0.04232681919	-0.05875626529	-0.07492831932	-0.09050160071
	-0.1048831964	-0.1174367258	-0.1272320732	-0.1334365016	-0.1350661519
	-0.1316405384	-0.1228266843	-0.1092598952	-0.09174979606	-0.07209193861
	-0.05169119473	-0.03250751229	-0.01548994683	-0.001897575484	0.008041866478
	0.01359018025	0.01465583795	0.0102518762	1.137567718e-35	9.426600041e-38
	0.003194975966	0.008922351621	0.01756139512	0.02754851313	0.03923878319
	0.05164771102	0.06477394055	0.07790888833	0.09067682109	0.1023152965
	0.1121875774	0.1196732489	0.1243581321	0.1260590092	0.1247768734
	0.1206995296	0.1140876886	0.1052812866	0.09460979312	0.08241628565
	0.06898926139	0.05460006725	0.03944298017	0.02369191358	0.007442009243
	-0.009207366492	-0.02622061133	-0.04350774747	-0.06101318706	-0.07854414407
	-0.09589068587	-0.1125800665	-0.1280598633	-0.1413889133	-0.1515857048
	-0.1573269321	-0.1576263796	-0.1515390299	-0.1391660596	-0.1209868479
	-0.0988745563	-0.07458565321	-0.0507717653	-0.02895376306	-0.01102015154
	0.002566389312	0.01081588007	0.01367126104	0.01014911989	1.015476951e-35
	4.126639437e-36	0.007464363004	0.01614012458	0.02709792511	0.03917342272
	0.05302419343	0.06754024877	0.08268234623	0.09746224357	0.1113924042
	0.1235123787	0.1331961704	0.1398413913	0.1431826458	0.143168956
	0.139954291	0.133847469	0.125214064	0.1144820819	0.1020488239
	0.08830875532	0.07357495075	0.05812342045	0.04213006057	0.02573794287
	0.008998712406	-0.008038174115	-0.02539728512	-0.04306071334	-0.06106479013
	-0.07933369834	-0.09780503745	-0.1161766674	-0.1340726823	-0.1506827721
	-0.1650469983	-0.1756570063	-0.1810828667	-0.179667113	-0.1706804319
	-0.1538526897	-0.1307176637	-0.1031466411	-0.07449589393	-0.04707461651
	-0.02372682254	-0.005389345267	0.006519027741	0.01194743606	0.009852711609
	1.121710126e-35	9.399742596e-36	0.0128870011	0.02500407889	0.03838628694
	0.05255944994	0.06849193471	0.08496271768	0.1018386651	0.1178487537
	0.1324110241	0.1444210442	0.1533330498	0.1586080255	0.1601645469
	0.158082887	0.1526774367	0.1443743345	0.133654022	0.1210321135
	0.1069678165	0.09188842152	0.07610719914	0.0598811372	0.04335019275
	0.02661950117	0.009700655558	-0.007392911258	-0.02472331713	-0.04231584141
	-0.06026529285	-0.07858283539	-0.09733263289	-0.1163923718	-0.1356156528
	-0.1544511655	-0.172163416	-0.18732993	-0.1983320837	-0.2029427852
	-0.1994917745	-0.1865845623	-0.16483301	-0.1357023803	-0.1029600022
	-0.0697642767	-0.04024027953	-0.01612651848	0.0003936875852	0.009217990566
	0.009113312209	1.056204698e-35	1.608654236e-35	0.0193913539	0.03536355501
	0.05119248915	0.06739276898	0.08522918126	0.1033906198	0.1216017518
	0.1383413373	0.1529701792	0.1643051288	0.1719343212	0.1754102518
	0.1748545237	0.1704777712	0.1627692763	0.1522736426	0.1395925115
	0.1253114365	0.1099273849	0.09386371495	0.07740044792	0.06074801246
	0.04399311533	0.02719616822	0.01033012819	-0.006617712668	-0.02373063114
	-0.04105210256	-0.0587020254	-0.07673611053	-0.09529637353	-0.1143959922
	-0.1340948662	-0.1541328127	-0.17411881	-0.1929558699	-0.2091724245
	-0.2203205745	-0.2239716527	-0.2174711389	-0.1999754831	-0.1718248156
	-0.1365485738	-0.09793744114	-0.06158258065	-0.03047328475	-0.008024682645
	0.005348424522	0.008038190367	1.080242098e-35	2.370280681e-35	0.0268079504
	0.04696070048	0.06519871906	0.08330079416	0.102799166	0.122331793
	0.1414426516	0.1584132694	0.172579836	0.1827409269	0.1886545134
	0.1899877172	0.1870827532	0.1802880417	0.17028266	0.1577217809
	0.1433152512	0.1276789273	0.1113094704	0.09458384912	0.07772122701
	0.0608678565	0.04405274819	0.02729626358	0.0105431849	-0.00622915928
	-0.02310625451	-0.04012439886	-0.05739720828	-0.07498257429	-0.09304602931
	-0.111671509	-0.131057822	-0.1511939941	-0.1720536645	-0.1930118817
	-0.213051077	-0.2299648922	-0.2410365314	-0.2426087214	-0.2321577031
	-0.2082041483	-0.1730917049	-0.1305782899	-0.0875685487	-0.04866314322
	-0.01909899922	2.428980233e-06	0.006359592546	1.036791854e-35	3.23567169e-35
	0.03493208037	0.05949811803	0.08005802244	0.09988340158	0.1207430097
	0.1412789023	0.1608254357	0.1775368178	0.1907556128	0.1993227218
	0.2031909971	0.2021645867	0.1968205798	0.1876506196	0.1755247564
	0.1611826099	0.1454103064	0.1288034863	0.1118211615	0.09475942297
	0.07776270228	0.06090656811	0.04416685389	0.02753107816	0.01092399389
	-0.005678530162	-0.0223578484	-0.03913338361	-0.05610049585	-0.07329519609
	-0.09086890001	-0.1089150016	-0.1276873291	-0.1473245292	-0.1680786366
	-0.1897841451	-0.2120172115	-0.2331811037	-0.2508387278	-0.2609227997
	-0.2594789157	-0.2428602542	-0.2112396362	-0.1672952752	-0.1185811055
	-0.07144121507	-0.03351740881	-0.007252230811	0.003949805641	9.537832878e-36
	4.118756817e-35	0.04346634912	0.07258800536	0.09536144085	0.1167077235
	0.138607746	0.1597785301	0.1793270502	0.1953597176	0.2072447844
	0.213919636	0.2155432673	0.2120793022	0.204346588	0.1929782477
	0.1790179635	0.1632487116	0.1464899297	0.1292675394	0.1119743926
	0.09480425654	0.07782674551	0.06105033156	0.04441039199	0.0278727263
	0.01135303951	-0.005165403337	-0.02175434374	-0.03840989283	-0.05520412333
	-0.0721384392	-0.08932968275	-0.1068389517	-0.1249077522	-0.1437222866
	-0.1636853475	-0.184974018	-0.2077279777	-0.2311360142	-0.2535120077
	-0.2711125491	-0.2792491376	-0.272320466	-0.2476854207	-0.2057260493
	-0.1534396268	-0.09854313489	-0.05147383633	-0.01671567801	0.0005703050671
	8.486573834e-36	5.041743421e-35	0.05213748461	0.08587444411	0.1107458458
	0.1333942514	0.1560065782	0.1774552585	0.1966136818	0.2116192959
	0.2218758915	0.2264688567	0.2257669811	0.2199148993	0.2099666418
	0.196681683	0.1812411284	0.1644223872	0.1470352418	0.12949833
	0.112125427	0.09500265683	0.07813794261	0.06148407887	0.04495327735
	0.02850000594	0.01203935075	-0.004435516746	-0.02098917638	-0.0375987608
	-0.05432183737	-0.07112941544	-0.08810606518	-0.1052651122	-0.1227995929
	-0.1408649909	-0.1598903071	-0.1802258954	-0.2024087193	-0.2263574215
	-0.2513473833	-0.2745607593	-0.2914616353	-0.2952525267	-0.2804590705
	-0.2441970121	-0.1913520241	-0.1300466467	-0.07345855645	-0.02886704867
	-0.004014482016	6.039626177e-36	5.88334156e-35	0.0605914318	0.09892396479
	0.1257957362	0.1495413154	0.1725663319	0.1939847272	0.212440223
	0.2261755507	0.2346304714	0.237084792	0.2341074776	0.2260388569
	0.2141431079	0.1992810645	0.1827243049	0.165200731	0.1474765635
	0.1298423581	0.1125335092	0.09553411475	0.07880902126	0.06226747626
	0.04581460561	0.02940015125	0.01294510862	-0.003547002035	-0.02013494553
	-0.03677979497	-0.05353115172	-0.07033413179	-0.08724918501	-0.1042407295
	-0.1214444831	-0.1389440502	-0.1571115334	-0.1763204244	-0.1973007809
	-0.2205006621	-0.2461119411	-0.2725583881	-0.2962542816	-0.3102704164
	-0.3069678862	-0.2798266622	-0.2301164805	-0.1648402742	-0.09920847742
	-0.04383712094	-0.009977313716	3.450940894e-36	6.704278581e-35	0.06857422323
	0.1114140705	0.1402123257	0.1648678836	0.1880403763	0.2091686221
	0.2266842902	0.238997111	0.2455769123	0.2459352637	0.2408209634
	0.2307767204	0.2172375247	0.2011362404	0.1837855198	0.1658309944
	0.1479733761	0.1303700158	0.1131893696	0.0963266733	0.07972584506
	0.06326483387	0.04685769771	0.03045377813	0.01398612915	-0.002533392765
	-0.01916017217	-0.03584570947	-0.0526421362	-0.06947974322	-0.08641256978
	-0.1033688053	-0.1204409627	-0.1376320726	-0.1552208077	-0.1734999482
	-0.1932107057	-0.2150715602	-0.2399539597	-0.2675124335	-0.2955901579
	-0.31815868	-0.326552957	-0.3110077372	-0.2681492912	-0.2020902319
	-0.1286640214	-0.06193501954	-0.01756996545	-1.247629525e-36	7.346639331e-35
	0.07574507864	0.1229306427	0.1536211882	0.1790458626	0.2021630337
	0.2228156583	0.2392515441	0.2500954633	0.2548352657	0.2532417562
	0.2462111416	0.2344871721	0.2196248194	0.2026026463	0.1847292688
	0.1665520097	0.1486965416	0.1311955513	0.1141677007	0.09743456889
	0.0809389199	0.06453409781	0.04815406041	0.03174516623	0.01525542794
	-0.001300995254	-0.0179774521	-0.03472087459	-0.05159011268	-0.06850490482
	-0.08552272301	-0.1025437197	-0.1196352981	-0.1367279446	-0.1540089411
	-0.1716421997	-0.1902646882	-0.2106368387	-0.2340094765	-0.2610250832
	-0.2910738099	-0.3197742638	-0.3387188171	-0.3359391709	-0.3031611275
	-0.2399964507	-0.1609407567	-0.08298421042	-0.02686158438	-6.28249091e-36
	7.939089475e-35	0.08194552866	0.1332528306	0.1658342076	0.1919273768
	0.2148410557	0.2348895109	0.2501810966	0.2595846343	0.2625927419
	0.2592476594	0.2505535954	0.2374462964	0.2215474048	0.2038621909
	0.1856590381	0.1673858536	0.1495925068	0.1322031734	0.1153047868
	0.09865930154	0.08222555596	0.06583546909	0.04945374374	0.03301985997
	0.01650335243	-8.445200482e-05	-0.01679148967	-0.03356484231	-0.05047233702
	-0.06743005357	-0.08451116359	-0.1016011163	-0.1187673156	-0.1358873482
	-0.1530833309	-0.170383097	-0.1882694413	-0.2073824179	-0.2290723273
	-0.2546088805	-0.284738959	-0.31706285	-0.3445290646	-0.3543617103
	-0.3339321842	-0.2772754231	-0.1953753674	-0.1069453325	-0.03801328768
	-1.387719389e-35	8.273317641e-35	0.08688887271	0.1420153672	0.1765231458
	0.2032498702	0.2258882035	0.2452811063	0.259451672	0.2675265269
	0.2689865502	0.2641450868	0.2540698999	0.2398764933	0.2232016445
	0.2050689744	0.1866797929	0.1683956744	0.1506956148	0.1334173906
	0.1166327974	0.1000562735	0.08367577293	0.06729968909	0.05093092026
	0.03449170918	0.01797746305	0.001384857053	-0.01532592727	-0.0321109093
	-0.04904549883	-0.06604598427	-0.08320282081	-0.1003890358	-0.1176840528
	-0.1349238963	-0.1521958816	-0.1694075809	-0.1868934402	-0.2050888837
	-0.2252462727	-0.2489026121	-0.2778029727	-0.3114869822	-0.3449935006
	-0.3661614867	-0.3591892751	-0.312205134	-0.2306744774	-0.1332680152
	-0.05092505978	-2.205901374e-35	8.575569137e-35	0.09056055098	0.1491406926
	0.1856289148	0.2130005694	0.235346708	0.2540768088	0.2672008415
	0.2740984755	0.2742267782	0.2681532996	0.2569673782	0.2419475496
	0.2247021598	0.2062732012	0.1877777996	0.1695128951	0.1518931219
	0.1346930547	0.1179807894	0.1014318552	0.08507188391	0.06868053003
	0.05230708415	0.03584574059	0.0193285684	0.002727764341	-0.01397597673
	-0.03075416188	-0.047680326	-0.06467613677	-0.08184921734	-0.09906873124
	-0.116441766	-0.1337803778	-0.1511728396	-0.1684333418	-0.1857838917
	-0.2034289366	-0.2224146195	-0.2442484122	-0.2712625968	-0.3046158431
	-0.3417472575	-0.3722860121	-0.3787785666	-0.3438511365	-0.2659343207
	-0.1615589032	-0.06558817524	-3.291508514e-35	8.557443402e-35	0.09273238613
	0.1543099531	0.1928433473	0.220939524	0.2430521687	0.2611799581
	0.2733973726	0.2793242198	0.2783806829	0.271361448	0.2593382915
	0.2437358503	0.2260991883	0.20749747	0.1889537065	0.1707292194
	0.1531804278	0.1360443922	0.1193922183	0.1028695636	0.08654462321
	0.07016235793	0.05382549657	0.03738560004	0.02092155231	0.004362810379
	-0.0122787767	-0.02900810946	-0.04588810097	-0.06285849842	-0.08003747467
	-0.09729431673	-0.1147616461	-0.1322286785	-0.1498008836	-0.1672163748
	-0.1846313665	-0.2020338483	-0.2202394986	-0.2405269365	-0.2654539235
	-0.2973405436	-0.3359779636	-0.3735820304	-0.3926251384	-0.3712340177
	-0.2999470378	-0.191029575	-0.081724466	-4.447518249e-35	8.576584203e-35
	0.09355771873	0.1576162176	0.1982453139	0.2271799749	0.2491617697
	0.2667697776	0.2782385167	0.2834035171	0.2816447473	0.2739435658
	0.2613248631	0.2453379341	0.2274420222	0.2087442984	0.1901704545
	0.1719769199	0.1544653651	0.137360434	0.1207355005	0.1042145583
	0.08790677894	0.07151637185	0.05520480965	0.03876674167	0.02234311973
	0.005803719854	-0.0107855923	-0.02747813966	-0.04430149823	-0.06122480884
	-0.07835877878	-0.09558315851	-0.113054559	-0.1305546025	-0.1482284909
	-0.1657646597	-0.1833043656	-0.2006493627	-0.2184106525	-0.2375259027
	-0.2605071675	-0.2903440034	-0.3288760421	-0.3712827141	-0.4013716564
	-0.3941296996	-0.3320294995	-0.221135909	-0.09917269942	-5.848620603e-35
	8.218094341e-35	0.09284199005	0.1587635162	0.2015056802	0.2314455179
	0.2534661513	0.270695265	0.2816173238	0.2862635004	0.2839712141
	0.2758631027	0.2628931326	0.2467139382	0.2286851047	0.2099648551
	0.191383284	0.1732239971	0.1557351498	0.138656958	0.1220586414
	0.1055564717	0.08929425908	0.0729357753	0.0567040735	0.04032520505
	0.02401629871	0.007564837528	-0.008888412389	-0.02547566564	-0.04216801251
	-0.05899547864	-0.07604319032	-0.09322360001	-0.1107015356	-0.1282568669
	-0.146066153	-0.1637705104	-0.1815213493	-0.1989637064	-0.2165636038
	-0.2348836333	-0.2562304558	-0.2838256292	-0.3211244686	-0.3662875681
	-0.405572468	-0.4123423587	-0.3614237671	-0.2511196202	-0.1175550312
	-7.312691268e-35	8.017253986e-35	0.09091844577	0.1580438755	0.2028617911
	0.2339762479	0.2562329239	0.2732259281	0.2837900512	0.2881315903
	0.2855575037	0.277277201	0.2641629529	0.2479422474	0.2298728681
	0.2111722499	0.1925818433	0.1744400575	0.1569414353	0.1398683085
	0.1232724594	0.1067794774	0.09055149348	0.07421719356	0.05805508603
	0.04171484061	0.02550094804	0.009098436102	-0.007248158327	-0.02377716724
	-0.04036162036	-0.05711915255	-0.07406516722	-0.09116779917	-0.1085687077
	-0.1260695206	-0.1438758757	-0.161611962	-0.1794747338	-0.1969946254
	-0.2145578819	-0.2323563002	-0.25242133	-0.2778543214	-0.3132543877
	-0.3594958222	-0.4060579243	-0.4261590848	-0.3878582129	-0.2805335934
	-0.1366521747	-8.973250269e-35	7.365679001e-35	0.08758026436	0.1551485713
	0.2019196856	0.2343968069	0.2571401327	0.2740952792	0.2845229488
	0.2887995645	0.2862141393	0.2780131271	0.2649775585	0.2488806015
	0.2308823913	0.2122632865	0.193687194	0.1755715778	0.1580576285
	0.1409976937	0.1244101674	0.1079552996	0.09179093093	0.0755302303
	0.05949258777	0.04325781415	0.02722158934	0.01095233659	-0.005178082052
	-0.02155112637	-0.03790585742	-0.05450141154	-0.07124566542	-0.08821870785
	-0.1055038326	-0.1229631855	-0.1407970298	-0.1586229258	-0.1766649065
	-0.1943494623	-0.2120277337	-0.2295607847	-0.2487172342	-0.2722372411
	-0.3054330868	-0.3514539838	-0.403441398	-0.4358121851	-0.4110470536
	-0.3088557535	-0.1561063784	-1.067466349e-34	7.046496289e-35	0.08335471575
	0.1506077024	0.1991225865	0.2331037003	0.2565859464	0.2736892502
	0.2841672202	0.2885635794	0.2861851968	0.2782616531	0.2654845266
	0.2496377426	0.2317952131	0.2132938845	0.1947382529	0.1766376982
	0.1590848872	0.1420244119	0.1254241615	0.1090059076	0.09289158875
	0.07670596994	0.06077812788	0.0446356882	0.02875096337	0.01257263654
	-0.003385640312	-0.01967627152	-0.03585699796	-0.05237306273	-0.06895217338
	-0.0858341794	-0.1029666014	-0.1203176232	-0.1380299692	-0.1557663938
	-0.1737770771	-0.1914474678	-0.2091507868	-0.2264734167	-0.2449590955
	-0.2668327022	-0.2977612498	-0.3426245747	-0.3983725103	-0.4417458951
	-0.4310319411	-0.3358611254	-0.1757475487	-1.251195241e-34	6.161024555e-35
	0.07795581681	0.1440502592	0.19397173	0.2295631247	0.2540651626
	0.2715625619	0.2823108793	0.2870409829	0.2851092274	0.2776889702
	0.2653828801	0.2499504133	0.2323898403	0.214084793	0.1955989804
	0.1775393765	0.1599615295	0.1429183262	0.1263164438	0.1099688519
	0.09392822901	0.07787323707	0.06209992801	0.04612661764	0.03047025738
	0.01448323671	-0.001182216527	-0.0172637013	-0.03310581395	-0.04939879744
	-0.06563261437	-0.08230047721	-0.09914754076	-0.1163469874	-0.1339166508
	-0.151629156	-0.1696914831	-0.1874688781	-0.2053243018	-0.2226075648
	-0.2407020171	-0.2612728425	-0.2900830781	-0.3331877629	-0.3912638848
	-0.4442784257	-0.447809667	-0.3613069404	-0.1953355914	-1.436602487e-34
	5.84935747e-35	0.07213146314	0.1363024555	0.1871968503	0.224399936
	0.2501631169	0.2682690463	0.2794637791	0.2846679861	0.2833453975
	0.2765835607	0.2649038777	0.2500022144	0.2328180327	0.2147592165
	0.1963722119	0.1783554893	0.1607459139	0.1437080101	0.127088307
	0.1108081897	0.09482366715	0.07890652897	0.06326482439	0.04746283776
	0.03199856852	0.01617592857	0.0007447838345	-0.01520471971	-0.03079356554
	-0.04699077885	-0.06297484878	-0.07956164914	-0.09616943112	-0.1132600776
	-0.1305924632	-0.1481391171	-0.1659830483	-0.1835779197	-0.2012877073
	-0.218351418	-0.2360582676	-0.2555065543	-0.2823630272	-0.3233249223
	-0.3825213409	-0.4437933264	-0.4615454986	-0.385174422	-0.2148195594
	-1.630200588e-34	4.774449527e-35	0.06542352987	0.1268472584	0.1781467462
	0.2168740218	0.244115639	0.2631050502	0.2749705239	0.2808305809
	0.2803114598	0.2744041258	0.2635507668	0.2493567171	0.2327052234
	0.2150074557	0.1968127875	0.178897028	0.1613022253	0.1443004924
	0.1276896975	0.1115100948	0.09560702891	0.07988210404	0.06440643895
	0.04886053369	0.03364647708	0.01810748363	0.003016945871	-0.01264263609
	-0.02779915238	-0.04370270337	-0.05918572948	-0.07547569732	-0.09157643562
	-0.1083970066	-0.1253232149	-0.1426992316	-0.1603551429	-0.1779389798
	-0.1956863891	-0.212765723	-0.2303303665	-0.2489850038	-0.2742228154
	-0.3129413919	-0.3723166509	-0.4405128731	-0.4723109893	-0.4074230562
	-0.2341195128	-1.8243885e-34	4.619572076e-35	0.05884938953	0.1168861109
	0.1679617269	0.2079620882	0.2368011539	0.2568823713	0.2695850076
	0.2762007918	0.2765814967	0.271621929	0.2617128752	0.2483323391
	0.2323151792	0.2150525818	0.1971096929	0.1793198219	0.1617601119
	0.1447873877	0.1281834506	0.1120922555	0.09625855666	0.0807257523
	0.06539268835	0.05011380119	0.03510482814	0.01985022067	0.005022300763
	-0.01039465572	-0.0252375815	-0.0409787415	-0.05611751767	-0.07232101429
	-0.08806905366	-0.1048194941	-0.121377577	-0.1386007935	-0.1558427088
	-0.1731258825	-0.190440068	-0.2071104494	-0.2242065859	-0.2420195642
	-0.2657683548	-0.3021620486	-0.3609120928	-0.4347149679	-0.4802548766
	-0.4281549667	-0.2533306205	-2.023807214e-34	3.350018203e-35	0.05163602436
	0.1056206521	0.1557428502	0.1966648748	0.2271333432	0.2485372908
	0.2623087979	0.269851308	0.2712722299	0.2674144589	0.2586241793
	0.2462354097	0.2310371256	0.2143719122	0.1968245781	0.1792740672
	0.16184262	0.1449615617	0.1284249996	0.1124590165	0.09674196743
	0.08144451988	0.06629772758	0.05136241386	0.03660648181	0.02176461203
	0.007274467394	-0.007708450328	-0.02209000626	-0.03740863368	-0.05193362621
	-0.06772883744	-0.08273364553	-0.09908275633	-0.1148749631	-0.1317460348
	-0.1483862948	-0.1654778618	-0.1825240333	-0.1991818113	-0.2161922029
	-0.2336110215	-0.2562960463	-0.2906164174	-0.3482524267	-0.4264630265
	-0.4853659341	-0.4474107591	-0.2725268245	-2.225150553e-34	3.533867132e-35
	0.04519167442	0.09472315584	0.1431949607	0.1845107652	0.2164554783
	0.2392841947	0.2542716383	0.2628060287	0.2653029483	0.2625668402
	0.2549410658	0.2436158933	0.2293275242	0.2133436541	0.1962812149
	0.1790268834	0.1617752906	0.1450042403	0.1285534976	0.1127026872
	0.09710778768	0.0820279321	0.06706440057	0.05246637279	0.037934097
	0.02351373006	0.009279672673	-0.005272490831	-0.01934555125	-0.03431683729
	-0.04845652176	-0.06405323107	-0.07859471032	-0.09487614774	-0.1101397222
	-0.1269417144	-0.1429657921	-0.1597911291	-0.176087356	-0.192191941
	-0.208378539	-0.2249506376	-0.2464120287	-0.2786767586	-0.3346529209
	-0.4160025453	-0.4877214882	-0.465318569	-0.2919523128	-2.432363781e-34
	1.983100486e-35	0.03817288897	0.08288324732	0.1290105104	0.1701238615
	0.2032871725	0.2276142684	0.2439877323	0.2536903613	0.2573777426
	0.2558576773	0.2495264271	0.2394223352	0.2262241355	0.2111260048
	0.1947374464	0.1779587574	0.1610430263	0.1445046609	0.1282506155
	0.112588033	0.09719942331	0.08238301479	0.067681705	0.05347169198
	0.0392407686	0.02534142372	0.01143897705	-0.002489358039	-0.01614975187
	-0.03045743138	-0.04399909409	-0.05894995741	-0.07261569793	-0.08828474481
	-0.1024111648	-0.1186356976	-0.1334694615	-0.1498394188	-0.1652679673
	-0.1812322313	-0.19711664	-0.2137097982	-0.234658075	-0.2654838647
	-0.3197264833	-0.4032091482	-0.4871097448	-0.481846608	-0.3117967537
	-2.64661216e-34	2.749055839e-35	0.03264046752	0.07245967278	0.1156121178
	0.1558230887	0.1897319075	0.2153656359	0.2331598104	0.2440633473
	0.2489103206	0.2485613021	0.2434837902	0.2345817812	0.222525947
	0.2083685426	0.1927467078	0.1765276998	0.1600251956	0.1437797136
	0.1277666046	0.1123130477	0.09715325155	0.08258948803	0.0681714913
	0.05431909302	0.0404085776	0.0270002333	0.01340480794	9.101426556e-05
	-0.0132877879	-0.02694424606	-0.0401661304	-0.05458315173	-0.06779717529
	-0.08317805487	-0.09666988329	-0.1128335144	-0.1268432838	-0.1431424713
	-0.1575366505	-0.1730814975	-0.1877384579	-0.2034647691	-0.2229989966
	-0.252158319	-0.3042143661	-0.3885241282	-0.483554636	-0.4970660074
	-0.3324450496	-2.870936131e-34	6.570412595e-36	0.02629427427	0.06116315373
	0.1009558995	0.1396689025	0.1737407628	0.2004799475	0.2197014606
	0.2318922468	0.2380109832	0.2389040981	0.2351300238	0.2275626473
	0.2167830121	0.2037721889	0.189138173	0.1737048102	0.157841658
	0.1420866417	0.1264947839	0.1113974827	0.09659983831	0.08238882925
	0.06836775347	0.05493720982	0.04147341621	0.0286095106	0.01546808075
	0.002882532638	-0.01006780883	-0.02278939832	-0.03552462422	-0.04887604643
	-0.06132039315	-0.07563249936	-0.08785551735	-0.1030285326	-0.115292346
	-0.1307621391	-0.1433769795	-0.1585273223	-0.1721809008	-0.1882559457
	-0.2076969795	-0.2366869082	-0.2870259126	-0.3714564249	-0.4765281343
	-0.5106629477	-0.3541015113	-3.112267536e-34	2.4750324e-35	0.02230791794
	0.0525130233	0.0885583554	0.1249773893	0.1585184466	0.1858326627
	0.2061579989	0.2195440233	0.22684454	0.2288251692	0.2262726878
	0.2198988407	0.2103541803	0.1984847668	0.1848742032	0.1703050847
	0.1551611585	0.1399834882	0.124886954	0.1102056938	0.09581736862
	0.08198769901	0.0683927837	0.05538301478	0.04240249322	0.03004145318
	0.01741081831	0.005472020399	-0.007033327579	-0.01889511242	-0.03131781774
	-0.04365359156	-0.05581829829	-0.06923239002	-0.08097580126	-0.09567519027
	-0.1071091951	-0.122560777	-0.1339955309	-0.1492407747	-0.1613999836
	-0.1771601661	-0.1947887848	-0.2223953461	-0.269982659	-0.3532003359
	-0.4662417059	-0.5225184353	-0.3772840171	-3.375058234e-34	-8.053429039e-36
	0.0167035661	0.04260809904	0.07489300992	0.1087900527	0.1412202712
	0.1685114412	0.1896890837	0.2041817838	0.2125996914	0.215787648
	0.214435693	0.2093448138	0.2011428717	0.1905653816	0.178203835
	0.164739233	0.1505849469	0.1362501169	0.1219036832	0.107871914
	0.09410305195	0.08083885828	0.06783651901	0.05538972225	0.04304024821
	0.03128682952	0.01934869095	0.008123394684	-0.003671286494	-0.01457018541
	-0.02636040602	-0.03731240915	-0.04888173025	-0.06052420381	-0.0713203225
	-0.08417786897	-0.09382958161	-0.107716479	-0.1166346902	-0.1309674335
	-0.140939869	-0.1571514432	-0.1742271147	-0.2033757605	-0.2501792904
	-0.3324395392	-0.4514859703	-0.5317391749	-0.4019406083	-3.666292611e-34
	2.916001224e-35	0.01500954374	0.03681851363	0.06527180291	0.09603010401
	0.1263544016	0.152882203	0.1742421732	0.1892531411	0.1986335569
	0.2026984431	0.202382057	0.1983932572	0.1913550472	0.1819892429
	0.1708140074	0.1584650529	0.1453391872	0.1319152152	0.1183938575
	0.1050900436	0.09200979904	0.07937279218	0.06701411678	0.0551712466
	0.04348946481	0.03236457892	0.02115986741	0.01061567609	-0.0003829654561
	-0.01047361605	-0.02153091143	-0.03136010797	-0.0424947557	-0.05259535099
	-0.06327377957	-0.07458503235	-0.08399461416	-0.09716625603	-0.105309613
	-0.1201108933	-0.1288637468	-0.1460231159	-0.1612708509	-0.1901332684
	-0.232943093	-0.3120235819	-0.4334946825	-0.5379989437	-0.4286177331
	-3.999549254e-34	-2.61520834e-35	0.009734618187	0.02856517985	0.05399853143
	0.0815509835	0.1096645309	0.1348768076	0.1556001571	0.1709790897
	0.1809162778	0.1858394289	0.1865780437	0.1836954327	0.177954397
	0.1699178346	0.1601333988	0.1491389826	0.1373219345	0.1251110227
	0.1127240102	0.100454359	0.08835130084	0.07661505063	0.06514689052
	0.05413716013	0.04333120406	0.03302863492	0.02274296107	0.01305144546
	0.003069348156	-0.006087987684	-0.01601988284	-0.02464785507	-0.03470609129
	-0.04291397488	-0.05277547656	-0.06125387875	-0.06974935764	-0.0798042785
	-0.08596380384	-0.09867072088	-0.1043910276	-0.1214609233	-0.1346369095
	-0.1657485365	-0.2082183884	-0.288140678	-0.4098374891	-0.5388853335
	-0.45646892	-4.398201035e-34	4.486527373e-35	0.01134471528	0.02742741636
	0.04884973388	0.07286241213	0.09788234427	0.1202959952	0.1398410775
	0.1544235072	0.1643609182	0.1697345546	0.1710999691	0.1691314533
	0.1644234034	0.157551702	0.1490135817	0.1392856938	0.1287306765
	0.1177282803	0.1064976624	0.09530600066	0.084231715	0.07345589715
	0.06293100658	0.05281185392	0.04292699728	0.03349374814	0.02416455694
	0.01536197416	0.006420084594	-0.001808078149	-0.01057246283	-0.01820634218
	-0.02705895682	-0.03399564765	-0.0431128974	-0.04963343757	-0.05850102466
	-0.06623071801	-0.07355222412	-0.08542167474	-0.09167521855	-0.1106671215
	-0.1228080213	-0.1559046139	-0.1940717046	-0.2695923664	-0.3840122625
	-0.5346360025	-0.4857491647	-4.846240765e-34	-5.94414947e-35	0.006438840519
	0.02048393258	0.04055159476	0.06193789398	0.08322860528	0.1033509682
	0.1206103168	0.1339242609	0.1435270219	0.1489119211	0.1509307474
	0.1498318397	0.1462859788	0.140737714	0.1336607256	0.125455959
	0.1164568997	0.1069869534	0.09725315511	0.08749123153	0.07779223673
	0.06831777391	0.05905641168	0.05013762759	0.04145286598	0.03316201712
	0.02503299697	0.01735918257	0.009679095851	0.002612571681	-0.004760211969
	-0.01117263322	-0.01841803679	-0.02398598182	-0.03140659143	-0.03586755688
	-0.04363894755	-0.04765412437	-0.05491038181	-0.06178532437	-0.06737962048
	-0.08308887339	-0.09210319022	-0.1260049537	-0.1607854384	-0.2391966176
	-0.3500652558	-0.5201504228	-0.5130014925	-5.393469781e-34	9.614917252e-35
	0.01383002226	0.02698321737	0.04358112922	0.05889903777	0.07649867623
	0.09204776378	0.1059502836	0.1171808457	0.1252473093	0.1301757073
	0.1322256349	0.1316456315	0.1289504713	0.1244810103	0.1186551296
	0.1118012449	0.1042170705	0.09617231356	0.08785902499	0.07947901613
	0.07112857206	0.06294942987	0.05495492357	0.04725415474	0.03978355399
	0.03266473371	0.02574462301	0.01922336732	0.0127976856	0.006880188842
	0.0008351276111	-0.004437951555	-0.01026918641	-0.01480807948	-0.02076851241
	-0.02436421081	-0.03126313383	-0.03395931487	-0.04270651651	-0.04697065308
	-0.05732028356	-0.07085269862	-0.08417990891	-0.1192473715	-0.1515671375
	-0.2283460963	-0.3231257386	-0.4959870137	-0.5387946678	-6.226366221e-34
	-1.287776342e-34	0.008733640217	0.02410777251	0.03775425146	0.05164351243
	0.06477715888	0.07596882788	0.08687958328	0.09509418425	0.1016645565
	0.1057102857	0.1077088088	0.107634388	0.1058962072	0.1026983865
	0.09837923232	0.09318300913	0.08735111587	0.08110103965	0.0745911015
	0.06798926288	0.06138179018	0.05488877549	0.04853426911	0.04240738755
	0.03647572441	0.03082963746	0.02537097762	0.02023863833	0.01523547596
	0.01062629114	0.006007934984	0.001965091086	-0.002406804302	-0.0057979056
	-0.01016856536	-0.01276214164	-0.01778982555	-0.01921804451	-0.02644992725
	-0.0269851211	-0.03799149417	-0.04274150762	-0.05823973713	-0.08248306844
	-0.1122439862	-0.1837769679	-0.2704373209	-0.4518176563	-0.552087023
	-7.030285921e-34	1.950334677e-34	0.0331362882	0.04297871636	0.0528351713
	0.05736749132	0.06268383001	0.0684238738	0.07384302385	0.07857306196
	0.08259586806	0.08515412293	0.08655556589	0.08653729315	0.08537870601
	0.08312079943	0.08001452484	0.07619932664	0.07186613698	0.06717071375
	0.06223995256	0.05720690665	0.05214273338	0.04714777078	0.04224575462
	0.03751125326	0.03292776066	0.02856274949	0.02435544055	0.02040048915
	0.01656823924	0.01302973725	0.009531689675	0.006419631477	0.003139455063
	0.000495582291	-0.002820551955	-0.004985299539	-0.008904855724	-0.01058208818
	-0.01678698235	-0.01787991984	-0.03013387773	-0.03282089069	-0.05598758293
	-0.07198233009	-0.1127429397	-0.170236155	-0.2537192293	-0.4069119574
	-0.5510612159	-7.958021844e-34	-1.921502038e-34	0.02383965386	0.04624256776
	0.05234248217	0.04958930909	0.05175124711	0.05148224406	0.05313260384
	0.05449514496	0.05627766295	0.05741670774	0.05827096903	0.05837958662
	0.05789161284	0.05674301281	0.0550491835	0.05286966494	0.05031049845
	0.04746747593	0.04441730515	0.04125254042	0.03802061496	0.03479486133
	0.03159550041	0.02847857446	0.02543942188	0.02252605961	0.01970846931
	0.01704524321	0.01446525711	0.01207215288	0.009719192999	0.007602736158
	0.005427826868	0.003611117708	0.001459735271	-2.318961926e-05	-0.002484012309
	-0.003673608764	-0.007328732988	-0.0081022192	-0.01574549953	-0.01577614412
	-0.03351070372	-0.03619506214	-0.07440013332	-0.09893855175	-0.1801144276
	-0.2894281763	-0.5087871732	-9.632494246e-34	6.687624198e-34	0.08065740428
	0.08898222262	0.06750947633	0.05545028918	0.04927752664	0.04298316972
	0.04007380509	0.03807595873	0.03727624918	0.03666117508	0.036516302
	0.03614857457	0.03570575044	0.03496906717	0.0339809064	0.03271645788
	0.03122572256	0.02954466562	0.02771650853	0.025798523	0.02381790472
	0.02182812018	0.01984202575	0.01790200785	0.01600697614	0.0141913573
	0.01244059174	0.01078828626	0.009201875442	0.00773041792	0.006304106805
	0.005013665982	0.003720436976	0.002592508235	0.001340383273	0.0003354522755
	-0.001122548997	-0.002171888356	-0.004404105629	-0.005963473358	-0.01072042226
	-0.01343220304	-0.02606148854	-0.03124362954	-0.06494487012	-0.07714745452
	-0.1620996401	-0.1936255744	-0.4527265931	-1.453669572e-33	1.974300215e-35
	0.02708228024	0.03161089338	0.01895677963	0.0153155571	0.01331663582
	0.01023729455	0.009334899516	0.008410590984	0.007889031846	0.007572523534
	0.007431966655	0.007259195561	0.007149577937	0.006981742017	0.006783902116
	0.00653344391	0.006243516341	0.00590941103	0.005549182492	0.005164691417
	0.004768718668	0.004367062073	0.003966992503	0.003574217146	0.003191520297
	0.002824524744	0.002471405579	0.002139084525	0.001820383306	0.001526952715
	0.001241104826	0.0009872359325	0.0007274996651	0.0005077993798	0.0002541849543
	5.897716012e-05	-0.0002461545335	-0.0004570470827	-0.000917185508	-0.001308275776
	-0.002188489072	-0.003026099959	-0.005359614158	-0.006757703817	-0.01394986588
	-0.01378881334	-0.04033035523	-0.01505133465	-0.141444814	-1.518406321e-33
	-3.683531001e-34	1.061246066e-34	2.45113273e-34	3.59041871e-34	3.628966613e-34
	3.874407738e-34	4.437000576e-34	4.744576483e-34	5.15996696e-34	5.429654871e-34
	5.598187e-34	5.613081412e-34	5.488217039e-34	5.214362689e-34	4.80738759e-34
	4.295004167e-34	3.687083955e-34	3.025414335e-34	2.32008135e-34	1.610368857e-34
	9.053340488e-35	2.370065916e-35	-3.884984443e-35	-9.478170676e-35	-1.437670991e-34
	-1.842877227e-34	-2.162359829e-34	-2.387629919e-34	-2.518929826e-34	-2.553091725e-34
	-2.490661721e-34	-2.332690069e-34	-2.078757929e-34	-1.733878277e-34	-1.292945359e-34
	-7.666026776e-35	-1.372813108e-35	5.787218409e-35	1.42599051e-34	2.379441132e-34
	3.565844793e-34	4.917584335e-34	6.784968287e-34	9.028409876e-34	1.244834184e-33
	1.681532432e-33	2.386341775e-33	3.303766024e-33	4.644149093e-33	6.889254119e-33
	4.297374728e-33	
