2601	
	-2.132124008e-34	-4.276816715e-34	-4.273910699e-34	-4.27439857e-34	-4.260295439e-34
	-4.248746296e-34	-4.228773508e-34	-4.213383363e-34	-4.190334071e-34	-4.16979376e-34
	-4.138093678e-34	-4.1056639e-34	-4.058353293e-34	-4.008297338e-34	-3.94046802e-34
	-3.869481546e-34	-3.779899841e-34	-3.690297302e-34	-3.586124628e-34	-3.491496084e-34
	-3.39375904e-34	-3.322510463e-34	-3.265836316e-34	-3.255570113e-34	-3.276677036e-34
	-3.357464239e-34	-3.474875732e-34	-3.647820355e-34	-3.841965335e-34	-4.06399881e-34
	-4.270269287e-34	-4.459463788e-34	-4.589453036e-34	-4.663631033e-34	-4.658131934e-34
	-4.59284626e-34	-4.469910107e-34	-4.320221699e-34	-4.160528119e-34	-4.01140751e-34
	-3.889092067e-34	-3.788610568e-34	-3.727041344e-34	-3.672865664e-34	-3.658815193e-34
	-3.627799422e-34	-3.641854773e-34	-3.615568901e-34	-3.648175274e-34	-3.61986007e-34
	-1.849258099e-34	3.143766308e-38	-0.000430746381	-0.0005168670693	-0.0005516607651
	-0.0003697976865	-0.0002243862293	-4.734762486e-05	6.487279336e-05	0.000172499344
	0.0002917656002	0.0004600043168	0.000701183272	0.001005322645	0.001389141714
	0.001813445338	0.002281669496	0.002731117327	0.003145228778	0.003454157648
	0.003635857557	0.003643160766	0.003466392945	0.00309939711	0.002544129451
	0.001833763262	0.0009705932477	2.167744124e-05	-0.001015778526	-0.002038583821
	-0.003053192706	-0.003914570241	-0.004642327882	-0.00505565609	-0.005231215519
	-0.004978107476	-0.004503946051	-0.003622936765	-0.002719275051	-0.001570565589
	-0.0006938892252	0.0002590756935	0.0007168804203	0.001251261356	0.001203664368
	0.001424551547	0.001069150457	0.001177301802	0.0007339246282	0.0007977923178
	0.0001498088712	6.06651728e-37	-4.861127699e-37	-0.001844917095	-0.002660890143
	-0.002868519014	-0.002156343138	-0.001261986841	-0.0002791067954	0.0005076657022
	0.001239455888	0.002032746713	0.003087476018	0.00449710322	0.006284185008
	0.008418687231	0.0107843895	0.01324422106	0.01557056464	0.01755126886
	0.01894170475	0.01956981292	0.01930251452	0.0180923468	0.01596062134
	0.01296339188	0.009233629497	0.00486903427	7.576970293e-05	-0.005029784215
	-0.0101576418	-0.01515172706	-0.01960997075	-0.02333904419	-0.02586131367
	-0.02706972692	-0.02657155355	-0.02459233866	-0.02100493273	-0.01652244878
	-0.01124884664	-0.006212364835	-0.00144620079	0.002096430407	0.00481674905
	0.006023342773	0.006707797533	0.006197259562	0.005864147768	0.00468309526
	0.003877999317	0.001876374508	2.77275805e-36	-1.571211145e-36	-0.003581574569
	-0.005069188637	-0.004959170829	-0.003349409075	-0.001393678136	0.0006948811501
	0.002534350018	0.004437607352	0.006638781698	0.009473539226	0.01300421687
	0.01717740007	0.02174972509	0.02638373176	0.03063740384	0.03405208274
	0.03621626671	0.03685952905	0.03586213323	0.03328490353	0.0292722511
	0.0240780389	0.01791111646	0.01105036965	0.00364496599	-0.004039555643
	-0.01190394356	-0.01962530194	-0.02707069512	-0.03376318277	-0.03947782692
	-0.04357918155	-0.04586108302	-0.04574179677	-0.04337763452	-0.0385694497
	-0.03211698063	-0.0242344465	-0.01617729552	-0.008204081817	-0.001536730675
	0.003923208189	0.007354337342	0.009489920617	0.009851715515	0.00974241797
	0.008390186646	0.006985220095	0.00388390888	-4.628324651e-37	-2.471934184e-36
	-0.0055141533	-0.007639763737	-0.006948442814	-0.00419399394	-0.0007569051832
	0.002973864037	0.006583369715	0.01056408279	0.0152221223	0.02092681806
	0.02756962666	0.03483808433	0.04211078207	0.04870115619	0.05388420968
	0.05712744027	0.05811477526	0.05683513654	0.05344926677	0.0482801234
	0.04162677694	0.03382517318	0.02507241288	0.01561063876	0.005510144129
	-0.005017907966	-0.01594457096	-0.02695703713	-0.03793625227	-0.04831291834
	-0.05775454289	-0.06536084783	-0.070648961	-0.07263112325	-0.07116402699
	-0.06579442682	-0.05735984337	-0.04625075188	-0.0341628319	-0.02172230133
	-0.01062988192	-0.001039061273	0.005909390627	0.01076560092	0.0130130493
	0.01387032981	0.01277229408	0.01092128111	0.006500668972	4.836652158e-36
	-3.707807312e-36	-0.007318675906	-0.009684731113	-0.007754953526	-0.003270814833
	0.002233993478	0.008118425942	0.01416222368	0.02102116225	0.0289779347
	0.03820842404	0.04816096063	0.05806109552	0.06684509757	0.07362520268
	0.07770803176	0.07886467154	0.07715478149	0.0729496646	0.06665292189
	0.05874092459	0.04954777527	0.03942147784	0.0285231082	0.01707720752
	0.005104172999	-0.007217985521	-0.01993951102	-0.03281286597	-0.04583982795
	-0.05852664028	-0.07064324582	-0.08124869709	-0.0897603408	-0.09483529607
	-0.09590513842	-0.0919568185	-0.08348305415	-0.07074423738	-0.05574498178
	-0.03954299101	-0.02442553856	-0.01085361661	-0.0002806990201	0.007717298625
	0.01250738783	0.01510132809	0.01506749196	0.01334969268	0.008237993821
	2.111193996e-36	-4.621669667e-36	-0.008752568404	-0.01081482719	-0.007088505263
	-0.0004617064567	0.007555273694	0.01615035978	0.02543194431	0.03598688466
	0.04783598414	0.06062913447	0.07321113667	0.08439282409	0.09294888174
	0.09819667229	0.09984929344	0.09816556036	0.09357063321	0.08667315068
	0.0779627103	0.06794206817	0.05691600557	0.04520202545	0.0329076621
	0.02020777744	0.00705277874	-0.006450031989	-0.02044560191	-0.03478707817
	-0.0496131428	-0.06456503668	-0.07957998449	-0.09380528735	-0.1066877817
	-0.1166341915	-0.1226120991	-0.122765397	-0.1167362185	-0.1040378764
	-0.08660492886	-0.06590801653	-0.04529014493	-0.02600347224	-0.01033008957
	0.002028687426	0.01020964564	0.01525557748	0.01672950594	0.01542086352
	0.009876025539	6.218081186e-36	-5.70395946e-36	-0.009448654667	-0.01047067146
	-0.004251195665	0.005088843446	0.01623394218	0.02817816372	0.0413171562
	0.05585662579	0.07133467325	0.08668174558	0.1002618608	0.1107774958
	0.1172538582	0.1195288236	0.1178230669	0.1128014973	0.1051009162
	0.09544451169	0.08434553971	0.07231979158	0.0596481244	0.04662893278
	0.03332988075	0.0198936608	0.006229666092	-0.007592351382	-0.02176781777
	-0.03621926384	-0.05119655298	-0.06650676566	-0.08233619571	-0.0981356671
	-0.1137030664	-0.1276641942	-0.1389729712	-0.1452134031	-0.1449879249
	-0.136366614	-0.1201466198	-0.09736394033	-0.07209212019	-0.04676774518
	-0.02516995181	-0.007592514875	0.004614290267	0.01266032875	0.01610496218
	0.0157759425	0.01039415768	3.330639053e-36	-5.931340564e-36	-0.008990326113
	-0.008155660003	0.001119697715	0.0135498885	0.02820790834	0.0438646516
	0.06105734366	0.07925670183	0.09736598225	0.1136446093	0.1263563752
	0.1344959434	0.1376599157	0.136286486	0.1310181827	0.1227917851
	0.1123574425	0.1004984067	0.08771551438	0.07449052547	0.06102571471
	0.04753751981	0.03400266454	0.02048830523	0.006844859488	-0.006902324528
	-0.0209740099	-0.03532488568	-0.05023893266	-0.06560686794	-0.08175534113
	-0.09838451256	-0.1156620573	-0.1326602953	-0.1487571186	-0.1615996195
	-0.1692476248	-0.1682981905	-0.1575911068	-0.1363498634	-0.1081886377
	-0.07642850612	-0.04703087074	-0.02188966394	-0.003774034689	0.008618367159
	0.01479674499	0.01590581643	0.01097001477	6.232233294e-36	-5.94855402e-36
	-0.007019931962	-0.003472190254	0.009320224109	0.0251689381	0.0436769308
	0.06320458865	0.08416430414	0.1050157401	0.1241458171	0.1394574846
	0.1495914061	0.1541040849	0.1532668051	0.1480065686	0.1392637959
	0.1281422529	0.1154373981	0.1019257303	0.08801903292	0.07409180599
	0.06021469852	0.04650290599	0.03285389286	0.01929844209	0.005679624404
	-0.007962933358	-0.0218158522	-0.03580596894	-0.05018174586	-0.06484121877
	-0.08014902346	-0.09596320677	-0.1127442646	-0.1300859562	-0.148085148
	-0.165157287	-0.1797973008	-0.1880977473	-0.1871067059	-0.1732369894
	-0.1476387949	-0.1128179844	-0.07631716163	-0.04245713833	-0.01670611212
	0.001611890847	0.01149306197	0.01484656073	0.01087036735	3.967411069e-36
	-4.314655134e-36	-0.003142537749	0.003892802217	0.02041036357	0.0397898017
	0.0621313324	0.08515834086	0.1089462093	0.1309213176	0.1492903459
	0.1619915165	0.168390556	0.1686767551	0.1637545754	0.1549018744
	0.1432760969	0.1300544707	0.1159871715	0.1017370865	0.08753642231
	0.07359962059	0.05985182618	0.04632220086	0.03285189815	0.0194540176
	0.005967911042	-0.007559165291	-0.02129356776	-0.03514383709	-0.04931648855
	-0.06368034661	-0.07854929755	-0.09378479062	-0.1099037618	-0.1267494709
	-0.1449278751	-0.163711922	-0.1826640497	-0.1986297806	-0.2082683517
	-0.2057305418	-0.1885040227	-0.1558467884	-0.1147170619	-0.07157321898
	-0.03577230199	-0.008832440009	0.00673631289	0.01358841102	0.01108786589
	6.176232006e-36	-2.14823204e-36	0.002750268127	0.01389754064	0.03414648415
	0.05701123073	0.08290959857	0.1087189425	0.1340888806	0.1555727499
	0.1716394438	0.1805711605	0.1826612559	0.1786566628	0.1700228977
	0.1582358486	0.1445763253	0.1301356814	0.1154982021	0.1011055627
	0.08697644158	0.07317957295	0.05954012034	0.046056857	0.03255962415
	0.01908278159	0.005487105072	-0.008148673635	-0.02195624046	-0.03581282455
	-0.04987509529	-0.06397467467	-0.07835074	-0.09281803114	-0.107825833
	-0.1232682523	-0.1399599337	-0.1577852661	-0.1774023845	-0.1971543874
	-0.2149034864	-0.2244594564	-0.2203665518	-0.1970741095	-0.1576497797
	-0.1083029357	-0.06210804955	-0.02442445128	-0.001069361427	0.01091180377
	0.01073401701	5.026899082e-36	2.322879762e-36	0.01078669178	0.02648804448
	0.05021387889	0.07628108849	0.1050788403	0.1325867418	0.1580594356
	0.1775287218	0.1901277262	0.1946685299	0.1924132148	0.1845218881
	0.1729209123	0.1591065513	0.1443584133	0.1295161708	0.1149313773
	0.1007946908	0.08696281036	0.07341811871	0.05994898152	0.04656635981
	0.03310896111	0.01963799425	0.006022942219	-0.007644779651	-0.02149327561
	-0.03540006412	-0.04950896889	-0.06364723254	-0.07800381287	-0.09234931963
	-0.1070121475	-0.1217898976	-0.1373938506	-0.1538414658	-0.1723394491
	-0.1925096624	-0.2141162963	-0.2325988672	-0.2420309842	-0.2329666439
	-0.2023083771	-0.1521977912	-0.09691680427	-0.04662982982	-0.01262008333
	0.00688522726	0.01030871525	6.551954642e-36	7.049508433e-36	0.02063641536
	0.04110541609	0.06790004125	0.09673740966	0.1275926387	0.1556432232
	0.1799056679	0.1962648152	0.2048037425	0.2048862759	0.1987106721
	0.1876597466	0.1740155645	0.1590788256	0.1440174539	0.1292891169
	0.1150298736	0.1012035241	0.08759441887	0.07415030227	0.06067501074
	0.04721104903	0.03361746095	0.01998615173	0.006195838882	-0.007643023127
	-0.02165066579	-0.03569581474	-0.0499067728	-0.06411044365	-0.07845982728
	-0.09271446426	-0.1071072635	-0.1213574931	-0.1359816704	-0.150895868
	-0.1673467814	-0.1856249826	-0.2070785212	-0.2296137734	-0.2492828676
	-0.2556625752	-0.2400633791	-0.1972779468	-0.1381027716	-0.07597276437
	-0.02930001991	0.0002143646054	0.008826703693	6.207609081e-36	1.416096082e-35
	0.03211771816	0.05742254862	0.08671104768	0.1177237905	0.1496184156
	0.177077689	0.1990144417	0.2115555478	0.2158387216	0.2117464887
	0.2023064072	0.1889243386	0.1741003644	0.1587364882	0.1438319628
	0.1294176456	0.1155099295	0.1019054907	0.08841699378	0.07498963856
	0.06147949924	0.04795648956	0.0342996616	0.0206191603	0.006789534698
	-0.007072115047	-0.02109874275	-0.03516528324	-0.04941047688	-0.06368092613
	-0.07812484565	-0.09252341116	-0.10705604	-0.1214103669	-0.1359131319
	-0.1502952503	-0.1654940069	-0.1818138179	-0.2012708749	-0.2237901564
	-0.2484706104	-0.2670422046	-0.2684609994	-0.2399283592	-0.1839597541
	-0.1129601631	-0.05210766908	-0.009607388505	0.00640090186	6.576878161e-36
	2.039052772e-35	0.04448599269	0.07453274205	0.105740522	0.1382987437
	0.1702910011	0.1962631639	0.2151637396	0.2236561079	0.2239165351
	0.2162457596	0.2043581658	0.189469991	0.1741815162	0.1588455029
	0.1443230416	0.1302343086	0.1166021924	0.1030950799	0.08962741842
	0.07612919766	0.06252486549	0.04888412105	0.03510594583	0.02130402341
	0.007350231182	-0.006629054817	-0.02077266345	-0.03494587973	-0.04928776299
	-0.06364684675	-0.0781631084	-0.0926415071	-0.1072330917	-0.1216499333
	-0.1361031385	-0.1502286461	-0.1646139468	-0.1793048447	-0.1962224591
	-0.2163243688	-0.2413445296	-0.266795234	-0.2831551867	-0.2730215006
	-0.2285208127	-0.1551415597	-0.08123127613	-0.02360487117	0.002121672327
	6.375426702e-36	2.862713473e-35	0.05744121036	0.09210233969	0.1246094073
	0.1580611095	0.1892744336	0.2131027216	0.2285456661	0.2330651132
	0.2297067679	0.2191176051	0.2055013404	0.1897298065	0.1744023226
	0.1592622487	0.1451121962	0.1312111407	0.117705742	0.104152044
	0.09062039637	0.0769980635	0.06329799188	0.04956215377	0.03572078529
	0.02187674822	0.007902753559	-0.006072386782	-0.02020146673	-0.0343460075
	-0.04866414976	-0.06301157506	-0.07754258831	-0.09209016766	-0.1068023261
	-0.1214385935	-0.1361494738	-0.1505605415	-0.1649756635	-0.1791470256
	-0.1944433152	-0.2119104136	-0.2346484819	-0.2618468452	-0.2880622574
	-0.2958447836	-0.268626743	-0.2005508562	-0.1167355196	-0.04246161905
	-0.004183702919	5.037356529e-36	3.431727724e-35	0.07001081455	0.1091156029
	0.1424550249	0.1762374436	0.2060614957	0.2274091739	0.2393339765
	0.240246224	0.2338447916	0.2210525306	0.206356077	0.1901845363
	0.1750776278	0.1601874092	0.1463597526	0.132544929	0.1191043257
	0.1054637475	0.0918839376	0.07815833124	0.06440517959	0.0505952196
	0.03670501752	0.0228002587	0.008766464949	-0.005273893846	-0.01947824397
	-0.0336955736	-0.04809336482	-0.06251192135	-0.07711154532	-0.0917278328
	-0.1065079564	-0.1212523788	-0.1360888188	-0.150699519	-0.1652308881
	-0.1792868978	-0.1936442963	-0.2089576013	-0.2284829326	-0.2539040838
	-0.2844428422	-0.3064274395	-0.2990270654	-0.244103474	-0.1565664476
	-0.0664017079	-0.01316645095	4.223541478e-36	4.177469759e-35	0.08204552448
	0.1254635378	0.1592121048	0.1928398021	0.2208242375	0.239573577
	0.2480935161	0.2458684282	0.2369580311	0.222555429	0.2071965689
	0.1908755231	0.1760271523	0.1612990393	0.1476548128	0.1337841881
	0.1203121873	0.1065048989	0.092839587	0.07896881147	0.06514735149
	0.05124144717	0.03730736772	0.02335392295	0.009303999156	-0.004737946705
	-0.01892589753	-0.03310412851	-0.04746024525	-0.06182447729	-0.07638627781
	-0.09098223888	-0.1057819162	-0.1206156778	-0.1356125907	-0.1505233861
	-0.1654155388	-0.1798732067	-0.1941946578	-0.2085332771	-0.2254619816
	-0.2477165535	-0.2782053604	-0.309028032	-0.3200090188	-0.283467493
	-0.1992214581	-0.09553377498	-0.02501143713	8.068198952e-37	4.50321959e-35
	0.09252428355	0.1401501492	0.1741191647	0.2072569462	0.233248495
	0.2495237635	0.2549763629	0.2501866358	0.2393149914	0.2238359299
	0.208129339	0.1918373663	0.1772505026	0.1626368255	0.1491158685
	0.1351586329	0.1216743405	0.1077368334	0.09406198137	0.08010961754
	0.06630656965	0.05236377424	0.03845250871	0.02448094049	0.01043499259
	-0.003629701438	-0.01784674083	-0.03206685173	-0.04648501011	-0.06090904073
	-0.07554788263	-0.090208798	-0.1050818575	-0.1199931898	-0.1350871782
	-0.1501664111	-0.1652823903	-0.1800836157	-0.1945910463	-0.208608212
	-0.2237503345	-0.2427162461	-0.2704893652	-0.305037261	-0.3305887505
	-0.314749422	-0.2409979775	-0.128648422	-0.03986677036	-1.164834283e-36
	5.045741301e-35	0.1016364645	0.1533955524	0.1874778736	0.2198854713
	0.2438505334	0.2578763054	0.2606318439	0.253802038	0.2413831139
	0.2251934283	0.2092644497	0.1930387264	0.178604133	0.164005477
	0.1504975356	0.1363834769	0.1228385581	0.1087246296	0.09500703671
	0.08091498443	0.06708659765	0.0530370378	0.03910413351	0.02505913522
	0.01099943088	-0.00309468052	-0.01730299492	-0.03150051866	-0.04587914304
	-0.06023805829	-0.07481965978	-0.08940907921	-0.1042455989	-0.1191411172
	-0.1342822781	-0.1494961864	-0.1648498406	-0.1800678076	-0.1950359487
	-0.2093873706	-0.2238292119	-0.240413351	-0.2645936076	-0.2990464837
	-0.3343105185	-0.3383491972	-0.2803233484	-0.1649335827	-0.05774772961
	-6.902899867e-36	5.02766064e-35	0.1083831858	0.1642134329	0.1985371319
	0.230129736	0.2522680803	0.2644094968	0.2649622785	0.2566301493
	0.2430605869	0.2264791689	0.2104235505	0.1943160854	0.1799771264
	0.1653861518	0.1518750838	0.1376419241	0.1240873592	0.1098612976
	0.0961869447	0.08202974668	0.06828189384	0.05420881201	0.04036786361
	0.02632861495	0.01234835728	-0.001730274683	-0.01589688176	-0.03009496944
	-0.04448864583	-0.05888232898	-0.07353318187	-0.08818623987	-0.103118564
	-0.1180886176	-0.1333330384	-0.1486585404	-0.1641819875	-0.1796814709
	-0.1950224041	-0.2098106282	-0.2241122444	-0.2391845876	-0.2598432463
	-0.291814648	-0.3321807689	-0.3533573155	-0.3142350239	-0.2020789958
	-0.07814926662	-1.062862274e-35	5.34175039e-35	0.1133646187	0.1731643686
	0.2079410065	0.2387022624	0.259239364	0.2698567976	0.268644576
	0.2592289356	0.2447718041	0.2279725946	0.2117666227	0.195749219
	0.1813848114	0.1667533256	0.1531630785	0.1387905657	0.1251842035
	0.1108144065	0.09713874046	0.08284978195	0.06912120464	0.05492589905
	0.04110046821	0.02695598511	0.01298328731	-0.001166411223	-0.01532080031
	-0.02953483693	-0.04389289453	-0.05823680233	-0.07282225463	-0.0873784782
	-0.1022389347	-0.1171193587	-0.1323398563	-0.1476662966	-0.1632987065
	-0.17902	-0.1947396499	-0.2100850227	-0.2247479523	-0.2392716715
	-0.2572469539	-0.2857860554	-0.3276175331	-0.3621915611	-0.3428214618
	-0.2391074502	-0.1008501163	-1.893563486e-35	4.970055496e-35	0.1155752342
	0.1791873783	0.2148073678	0.2448560271	0.2641746368	0.2737136561
	0.2712532893	0.2611859735	0.2461269156	0.2292855744	0.212953245
	0.197054686	0.1826261017	0.1679970341	0.1543367826	0.1398973116
	0.1262861995	0.1118491027	0.09824597391	0.08390682807	0.070307291
	0.0560880678	0.04242541147	0.02829226892	0.01449024352	0.0003818262777
	-0.01362783892	-0.02779737724	-0.04207591008	-0.05640868435	-0.07100694211
	-0.08560475376	-0.1005594551	-0.1155183807	-0.1308704329	-0.1462933129
	-0.1620882123	-0.1779922166	-0.1940233151	-0.209822371	-0.2249480354
	-0.2394318136	-0.2555390453	-0.2804826986	-0.3211855793	-0.3653107402
	-0.3649298692	-0.2738820515	-0.1247730206	-2.485606387e-35	5.106877011e-35
	0.1160291421	0.1831837943	0.2200884532	0.2495940225	0.2680250078
	0.2768526073	0.2735662813	0.2631466483	0.2476539953	0.2308302582
	0.2143114422	0.1984850684	0.1838945869	0.1692521892	0.1554551074
	0.1409543743	0.1272839255	0.1127639794	0.09917489168	0.08473077174
	0.07118849561	0.05684359574	0.04325126465	0.02898293573	0.01524171327
	0.001010667541	-0.01295355366	-0.0272016304	-0.041433278	-0.05576808114
	-0.07029227816	-0.08480309105	-0.09965460806	-0.1144716448	-0.1297353515
	-0.1450485337	-0.1608529174	-0.1768029243	-0.1930640429	-0.2092320893
	-0.2249029603	-0.2397438135	-0.2548814493	-0.2767171146	-0.3148400226
	-0.3650655619	-0.3819110473	-0.306152662	-0.1496707605	-3.548521017e-35
	4.427241256e-35	0.1136528121	0.1839148911	0.2226331207	0.2518872219
	0.2698532782	0.2784130352	0.2748035799	0.2643765335	0.2487026622
	0.2320091573	0.2153381551	0.1996141338	0.1848621483	0.1702681821
	0.1563572527	0.1418839542	0.1281856257	0.1136747191	0.1001507788
	0.0856958116	0.07230572431	0.05794597089	0.04457803314	0.03031527462
	0.0168457399	0.002657103631	-0.01102817794	-0.0252040369	-0.0392068548
	-0.05347722486	-0.06788357471	-0.08238711676	-0.09726249608	-0.1121445393
	-0.1275440083	-0.1429597512	-0.1589523064	-0.1750396723	-0.1915710262
	-0.2080532604	-0.2242369411	-0.2395356635	-0.2542765066	-0.2735984848
	-0.3083731263	-0.3618477836	-0.393635445	-0.3346993252	-0.1743189486
	-4.34891458e-35	4.480604438e-35	0.1098594986	0.1826599894	0.2237115229
	0.2530458834	0.2708904864	0.2795081454	0.2759504072	0.2657421988
	0.2500289839	0.2334661921	0.2165975786	0.2009122837	0.1859182682
	0.1713540601	0.157263158	0.1428257192	0.1290308596	0.114533613
	0.1009955408	0.08650710918	0.07318152774	0.05873041483	0.04548365972
	0.03107795513	0.01774784242	0.003386736422	-0.01017501789	-0.0245151027
	-0.03841834305	-0.0527899992	-0.06709591057	-0.0815831788	-0.09632245056
	-0.1110599386	-0.1262966895	-0.14151019	-0.1574008934	-0.1733700967
	-0.1899918684	-0.2066132715	-0.223212379	-0.2389661977	-0.2537743166
	-0.271275201	-0.3026129948	-0.3571578526	-0.4015963144	-0.3599780075
	-0.1987346534	-5.558416588e-35	3.556857151e-35	0.1034475273	0.1779379316
	0.2217724511	0.2516419645	0.2697765354	0.2788374085	0.2758179275
	0.2661488073	0.2506655597	0.2343444317	0.2173663831	0.2017424881
	0.1865524911	0.1720723219	0.1578401518	0.1435292651	0.129665197
	0.1152863732	0.1017622485	0.08735781908	0.07415337009	0.05974715805
	0.04674402124	0.03235876188	0.0193843506	0.005052153101	-0.008082741246
	-0.02235759235	-0.03583125807	-0.05011070907	-0.06407672734	-0.07849808063
	-0.09307950063	-0.1078370467	-0.1231272196	-0.1384498444	-0.1545372848
	-0.1706503691	-0.1875456115	-0.2043752117	-0.2214126579	-0.2376031683
	-0.2527158104	-0.2689580049	-0.2970052692	-0.3510172443	-0.4058576984
	-0.3815163339	-0.2219327381	-6.504852901e-35	3.638842339e-35	0.09624771205
	0.1714775173	0.2184592343	0.2493622575	0.2681085327	0.2778801985
	0.2757293824	0.2667918914	0.251697127	0.2356174967	0.2185038792
	0.2028591619	0.1874050973	0.1729476663	0.1585134732	0.1443138492
	0.1303043607	0.1160572099	0.1024496308	0.08814124695	0.07494538802
	0.06056087131	0.04767119419	0.03320700141	0.0204306365	0.005917136829
	-0.006985868386	-0.02150872616	-0.0347702859	-0.04929243468	-0.06307773376
	-0.07764065333	-0.09203084065	-0.1067421649	-0.1217912709	-0.1368808428
	-0.1527240578	-0.1685659005	-0.185366525	-0.2021050183	-0.2193677013
	-0.235783518	-0.251274259	-0.2666843185	-0.291850059	-0.3442121753
	-0.4075453319	-0.4000293032	-0.2442449091	-7.74996177e-35	2.530810149e-35
	0.08684521632	0.1615324009	0.2117564559	0.2442293505	0.2640196433
	0.2748201098	0.2739733089	0.2661122482	0.2517395657	0.2360488708
	0.2189651399	0.2033329418	0.1876968749	0.1732965303	0.158731487
	0.1447061163	0.1306068888	0.1165908956	0.1029230282	0.0888511379
	0.07567726218	0.0614893871	0.04876856331	0.03443250408	0.02200915358
	0.007562217694	-0.004810003264	-0.01928592708	-0.03190099364	-0.04634944781
	-0.05949219462	-0.07396065479	-0.08786563399	-0.102540642	-0.1173938477
	-0.1325754792	-0.1485301719	-0.1645546863	-0.1816419914	-0.1985735521
	-0.2162079186	-0.2328980414	-0.2488700309	-0.2638042407	-0.2865239166
	-0.3365260411	-0.4066192007	-0.4153851141	-0.2650293889	-8.760710434e-35
	2.757808636e-35	0.07753281231	0.1504467648	0.2037618319	0.2383873268
	0.2596010862	0.2716164885	0.2723430061	0.2657678906	0.2522875119
	0.2370437952	0.2199991127	0.2042844312	0.1884041021	0.1739488248
	0.1591840738	0.1452670907	0.1310147814	0.1172044309	0.1033944053
	0.08957132162	0.07629320713	0.06233453273	0.04961033162	0.03539719511
	0.02311701758	0.008617329612	-0.003476504605	-0.01819553911	-0.03046290146
	-0.04528737538	-0.0580910114	-0.0729337412	-0.08653085579	-0.1014031635
	-0.1159174601	-0.1309978417	-0.1465426354	-0.1622150897	-0.1789546416
	-0.195535923	-0.2131203757	-0.2297354473	-0.2459771629	-0.2605056341
	-0.2812201576	-0.3283756703	-0.4038148361	-0.4282629738	-0.2848139528
	-9.953898769e-35	1.49177273e-35	0.06657036852	0.1361317165	0.1919989534
	0.2292110563	0.2523232988	0.2658374638	0.2685085775	0.2635546883
	0.2513887079	0.2368388344	0.2200732444	0.2043719673	0.1883733525
	0.1738761651	0.1590231752	0.1452391376	0.130933924	0.1173980308
	0.1035129423	0.09005750457	0.07669874831	0.06315635971	0.05042536827
	0.03659910284	0.02450114589	0.01027706098	-0.001353271891	-0.01592720298
	-0.02744007871	-0.04219413502	-0.05404662082	-0.06882464189	-0.08147690623
	-0.09629109036	-0.1101375455	-0.1252682109	-0.1406094149	-0.1565134691
	-0.1734531532	-0.1903111623	-0.2082568119	-0.225031427	-0.2416726778
	-0.2560650562	-0.2752583734	-0.3193878816	-0.3989530489	-0.4386097405
	-0.3032185552	-1.096349007e-34	2.001196731e-35	0.05674248237	0.1217763623
	0.1792834482	0.2193671232	0.2448705836	0.2601055712	0.2648426374
	0.2617375897	0.2510860959	0.237352531	0.2209412909	0.2052081659
	0.1890083194	0.1743434332	0.1593042002	0.1455157918	0.1311125137
	0.117743099	0.1037492436	0.09060748679	0.07709080882	0.06397622362
	0.05107683723	0.03770014076	0.0255196243	0.01160723045	8.931876602e-05
	-0.01446728449	-0.02564121246	-0.04072116993	-0.05209264682	-0.06743983629
	-0.07958236979	-0.09497576289	-0.1083129849	-0.1237210038	-0.1384845688
	-0.1541718706	-0.1704477228	-0.1867598918	-0.2041959478	-0.2205120466
	-0.237107585	-0.2510976414	-0.2689906342	-0.3099313575	-0.3925496287
	-0.4469624057	-0.3208719642	-1.206869584e-34	5.248084791e-36	0.04574195047
	0.1048350564	0.1626483054	0.205542106	0.233949302	0.2511768232
	0.25829453	0.2573364045	0.2486301431	0.2360946166	0.2204018742
	0.2048198431	0.1886328786	0.1738477043	0.1587403168	0.1449794052
	0.1305980371	0.1174296506	0.1034705051	0.09069123005	0.07713713366
	0.06456179271	0.0515468214	0.03885113013	0.02657385981	0.01336144752
	0.001959054583	-0.01204889273	-0.02268533335	-0.0374658361	-0.04780634305
	-0.06304212721	-0.07381962118	-0.08917698836	-0.101167076	-0.1166276549
	-0.1305027255	-0.1464356132	-0.1625388394	-0.1792503777	-0.196978315
	-0.2135676439	-0.2304297042	-0.2443284805	-0.2614853652	-0.2994431125
	-0.3842168056	-0.4532264209	-0.3375329594	-1.304615442e-34	1.48618998e-35
	0.03704432063	0.08942328317	0.146013913	0.191280161	0.2228477401
	0.2424829729	0.2520443762	0.253342368	0.2467819392	0.2356600286
	0.2207949197	0.2054528297	0.1892205272	0.1741977697	0.1589104132
	0.1449909733	0.1305481202	0.1174152389	0.1034681224	0.09090224468
	0.07732488789	0.06517424319	0.05201172612	0.03996985056	0.02742114945
	0.01498436329	0.003316293168	-0.0100509987	-0.02073447323	-0.03532355498
	-0.04534359982	-0.06100068898	-0.07115877293	-0.08738406466	-0.09864742499
	-0.1149767082	-0.1280399596	-0.1443147933	-0.1593948342	-0.1756302723
	-0.1922518916	-0.207912473	-0.2240661779	-0.237345468	-0.2536426997
	-0.288489314	-0.3745066231	-0.4578305325	-0.353909116	-1.406049716e-34
	-3.35859616e-36	0.02721466546	0.07219849944	0.1259831064	0.1725274032
	0.2074544959	0.2298553946	0.2421000798	0.2458905902	0.2418664223
	0.2325331165	0.2190300195	0.2042536037	0.1882927166	0.173224223
	0.1578985152	0.1439077575	0.1295245216	0.1164791557	0.1027040462
	0.09038127357	0.07699067162	0.06526794039	0.05218118565	0.04084601957
	0.02817070496	0.01674885682	0.004829044235	-0.007369251258	-0.01812966077
	-0.0316937514	-0.04120990693	-0.05624910843	-0.06507954876	-0.08111399353
	-0.09044387258	-0.1068160483	-0.1180000431	-0.134502955	-0.1484392908
	-0.1652042727	-0.1816373666	-0.1978600907	-0.2142949605	-0.2276212121
	-0.2436710024	-0.276142516	-0.3627162179	-0.4604635802	-0.3698015232
	-1.502448889e-34	1.290323317e-35	0.02087624387	0.05847855613	0.1076890398
	0.1542833734	0.1920870077	0.2175138116	0.2326379052	0.2390085515
	0.2374854011	0.2302272604	0.2182180285	0.2041795609	0.1885748687
	0.1733992099	0.1579530777	0.1437223155	0.1292557051	0.1161177474
	0.1024196019	0.09016955106	0.07695825154	0.0654677117	0.05254312859
	0.0416867755	0.02897111199	0.01841006374	0.006115560905	-0.004885379743
	-0.01622770192	-0.02863932186	-0.0385731771	-0.05307444654	-0.0618031367
	-0.07831552154	-0.08695126292	-0.1046284812	-0.1147423442	-0.1324748784
	-0.1450466567	-0.1619818404	-0.1765883635	-0.1917755349	-0.2063606379
	-0.2184863928	-0.2338007052	-0.2636921805	-0.3496443983	-0.4616033539
	-0.3860604642	-1.596859929e-34	-1.166226812e-35	0.0128445086	0.04304148765
	0.08696266921	0.1319757844	0.1717473176	0.20029872	0.2186569924
	0.2276472928	0.2289948587	0.2240604956	0.2140366213	0.2012663
	0.1864389545	0.1715454474	0.1562591656	0.1419858895	0.1276118955
	0.114502729	0.101032539	0.08895451488	0.07610052579	0.064900615
	0.05239324916	0.04197568256	0.02958737927	0.01979643729	0.00748852587
	-0.002180909197	-0.01396309282	-0.02456328775	-0.03495298472	-0.04766545084
	-0.05611225346	-0.07140054828	-0.07846006763	-0.09568108392	-0.1030843525
	-0.1209482046	-0.1307840068	-0.148208731	-0.161346466	-0.1773663702
	-0.1918589608	-0.2049477041	-0.2205153842	-0.2490842179	-0.3340733013
	-0.4605443459	-0.4023335636	-1.693507569e-34	1.537654126e-35	0.00946269687
	0.03316018963	0.07057551149	0.1122163158	0.1525273449	0.1838249564
	0.2052214756	0.2171726321	0.2211978598	0.2186227336	0.2107461964
	0.1993660614	0.1855059325	0.1709840126	0.155854182	0.1414710302
	0.1270649056	0.1138206097	0.1004364298	0.08835698809	0.07575882577
	0.06469209869	0.05257040503	0.04239757355	0.03044616631	0.02108216311
	0.009025403173	0.0002518004484	-0.01187234744	-0.02086482164	-0.03229123049
	-0.04309821862	-0.05267749537	-0.06681124572	-0.07429593489	-0.09190396486
	-0.09867436369	-0.1182385761	-0.1264081479	-0.1453917707	-0.1559595926
	-0.1716702385	-0.183144436	-0.1945356272	-0.2083068859	-0.2354156292
	-0.3177857125	-0.4577764713	-0.4198588013	-1.792827349e-34	-2.133446863e-35
	0.002852782016	0.02068800576	0.05196445989	0.08947557109	0.1289891308
	0.1617518197	0.1864087245	0.201263787	0.2080953085	0.2081361495
	0.2026026718	0.1931141128	0.180743675	0.1671155337	0.1526247203
	0.1385391042	0.1244158578	0.111318231	0.09823543735	0.08635596475
	0.07420452936	0.06342379491	0.05188564854	0.0420704741	0.03079901053
	0.02185846918	0.01049531554	0.002375183623	-0.009383256356	-0.01697107009
	-0.02886451053	-0.0371315417	-0.04777201401	-0.05885064727	-0.06657685463
	-0.08180890232	-0.08670436452	-0.1050936626	-0.1094719227	-0.1284421553
	-0.1350403444	-0.1518999233	-0.1615766171	-0.1752300721	-0.1902290276
	-0.2186558647	-0.2979268331	-0.4520373098	-0.4377538987	-1.893421544e-34
	2.276649401e-35	0.002808597044	0.01547004155	0.04035624307	0.07268242397
	0.108934999	0.1421696374	0.1689471823	0.1864654004	0.19617179
	0.198558891	0.1953374392	0.1877589005	0.1769538587	0.1643738556
	0.150633538	0.1368911328	0.1230474371	0.1100241739	0.09712828666
	0.08532494238	0.07347066833	0.06283917576	0.05176785247	0.04216814322
	0.03151027193	0.02284005865	0.01220213283	0.0044034243	-0.006648980105
	-0.01359750949	-0.02541075208	-0.03198858629	-0.04397957399	-0.05216720281
	-0.06222406996	-0.07501892064	-0.08136615209	-0.09971853024	-0.103538378
	-0.1244666362	-0.1285257088	-0.1470128752	-0.1524401506	-0.1659788853
	-0.1770867565	-0.2045708258	-0.2789449825	-0.4442983945	-0.4577675965
	-2.002617159e-34	-3.355860072e-35	-0.003758448127	0.005277337625	0.02590313027
	0.05291962582	0.08608329711	0.1180049332	0.1456559228	0.1656199662
	0.1778084333	0.1826589664	0.181835631	0.1763591126	0.1675191346
	0.1565197075	0.1440826446	0.1312884525	0.1182449631	0.1057872426
	0.09348453165	0.08213176741	0.07086845731	0.06068945546	0.05031091544
	0.04116348087	0.03133794543	0.02310798138	0.01342056625	0.006056106166
	-0.003927053274	-0.01041090313	-0.02119205648	-0.02670911378	-0.03855822275
	-0.04378504808	-0.05531571561	-0.0630378058	-0.07071014359	-0.08419276386
	-0.08587927581	-0.1042917689	-0.1028285354	-0.1213642987	-0.1221403103
	-0.1392580353	-0.150440574	-0.1849698055	-0.2555714749	-0.4311227798
	-0.4780652439	-2.150062922e-34	3.609167741e-35	-0.0006913046004	0.00553050748
	0.02033155747	0.04264961346	0.07073390509	0.09923138464	0.1264195032
	0.1471488106	0.1612754467	0.1682866523	0.1695522322	0.1660323897
	0.1590652235	0.1496148934	0.1385585171	0.1267852732	0.1146097521
	0.1027525487	0.09102913239	0.08007811735	0.06931721254	0.05950162867
	0.04967182956	0.04089566066	0.03175178063	0.02386786559	0.01503972189
	0.007995367054	-0.0009708533348	-0.007160204935	-0.01674687463	-0.02196256035
	-0.0328014851	-0.03686395638	-0.04914850506	-0.05330933261	-0.06464431181
	-0.07325873055	-0.07885293177	-0.09562257416	-0.09426671203	-0.1156313434
	-0.1130180773	-0.1330793743	-0.1398769086	-0.1748291275	-0.235691242
	-0.4156913546	-0.501063695	-2.297177354e-34	-5.551357922e-35	-0.008249711382
	-0.004831001894	0.009525423468	0.02865268007	0.05221758137	0.07773222367
	0.1024842781	0.1227654308	0.1379170019	0.1464714364	0.1496810767
	0.1481705436	0.1432051702	0.1356895964	0.126467536	0.1163152755
	0.1056221477	0.09501785766	0.08446386377	0.07449465191	0.0647340855
	0.05575190988	0.04686632259	0.03885929883	0.03067992175	0.0235034273
	0.01575963065	0.009312564458	0.0016117852	-0.004058309566	-0.01218476
	-0.01694210238	-0.02599003669	-0.02944751083	-0.04010244	-0.04171531141
	-0.05359707242	-0.05502076222	-0.06348391322	-0.07029884254	-0.06863499197
	-0.08462683205	-0.07587689216	-0.09898617901	-0.1027321005	-0.1468236218
	-0.2089044005	-0.3918728756	-0.5215570264	-2.487664866e-34	6.384548386e-35
	-0.001707617047	0.001877894472	0.0127474675	0.0262581439	0.04532627321
	0.0652216945	0.08582352209	0.1039274319	0.1183293476	0.1274435745
	0.1320160868	0.1320854897	0.1289318894	0.1231636715	0.1156817876
	0.1070887519	0.09786319327	0.08850359728	0.07911074901	0.07011173193
	0.06130095731	0.05310884616	0.04508234174	0.03777058737	0.03043899361
	0.02392266212	0.01709169024	0.01124429445	0.004658279595	-0.0005287628634
	-0.007267191628	-0.01160551574	-0.01895518322	-0.02213298532	-0.03067013411
	-0.03191183818	-0.04266075567	-0.04126709718	-0.05368106415	-0.05327183174
	-0.06144729542	-0.0715588032	-0.06999657629	-0.09566327084	-0.09834446793
	-0.1443560034	-0.1996793282	-0.3633125565	-0.5442481675	-2.939572058e-34
	-9.58930723e-35	-0.01123839521	-0.006803584201	0.003869988376	0.01743929629
	0.03291279696	0.04842273525	0.06513655872	0.07975398808	0.0922284682
	0.1008663245	0.1059398939	0.1073052263	0.1058581334	0.1020384438
	0.09661176289	0.0900792833	0.08287693595	0.07541724514	0.06784389757
	0.06049539544	0.05327188229	0.04650093115	0.03988730987	0.03381590311
	0.02780558665	0.02240971522	0.01686764042	0.01207427936	0.006846246671
	0.002598218182	-0.002523570695	-0.006087399516	-0.01146879486	-0.01396911567
	-0.02001293157	-0.02081769135	-0.02827959077	-0.02579046383	-0.03621613084
	-0.02906317863	-0.04133916355	-0.03487346793	-0.04193189033	-0.05143865786
	-0.05825794376	-0.101313332	-0.1627648244	-0.3205460397	-0.5552002815
	-3.415110327e-34	1.028246188e-34	0.00738994136	0.01048783801	0.01977189359
	0.02542902535	0.03363928777	0.04294485529	0.05356418389	0.06334573781
	0.07271130066	0.07949883007	0.08421837178	0.08615042467	0.0859889163
	0.08377546692	0.08018862516	0.07550388231	0.0701490379	0.06442318684
	0.05851190431	0.0526739054	0.04689858538	0.04143199049	0.03609872224
	0.03118071197	0.02636335842	0.02201354372	0.01765328146	0.01385191498
	0.009835692209	0.006551604701	0.002783225752	3.644308195e-05	-0.003668046328
	-0.005616994978	-0.009633204252	-0.01033034918	-0.01521867433	-0.01380625137
	-0.02144276815	-0.01567593671	-0.03040759116	-0.0198037338	-0.04477134563
	-0.03967024691	-0.07477939575	-0.09374118142	-0.1769650048	-0.2892808606
	-0.5559080151	-4.18743935e-34	-1.349290864e-34	-0.003939096582	0.0080091914
	0.01835582441	0.01963811379	0.02501473529	0.02889116596	0.03435158572
	0.03985726793	0.0457374352	0.05028885716	0.05398955259	0.05604554818
	0.05676661982	0.05610602501	0.05445376341	0.0519494797	0.04889949136
	0.04550246809	0.04190022212	0.0382768704	0.03464870412	0.03117760422
	0.0277749278	0.02462051464	0.02152617493	0.01872468192	0.01593333979
	0.01347826058	0.01092687465	0.008823269991	0.006440501145	0.004688767341
	0.002422748805	0.001097704157	-0.001221671609	-0.001849330621	-0.00452348581
	-0.004081842205	-0.007806047938	-0.004969448137	-0.012842445	-0.003474245138
	-0.02253740448	-0.002416020554	-0.04403767866	-0.02645037636	-0.1339130111
	-0.1980071769	-0.5123419969	-5.778346028e-34	3.05925001e-34	0.04672895203
	0.05171470296	0.04287050512	0.03359367493	0.03198096142	0.02762195514
	0.02676506603	0.02670345196	0.02813640892	0.02957401022	0.0316258209
	0.03308870223	0.03418967084	0.03459170392	0.03441249612	0.03361811102
	0.03238821282	0.03079195824	0.02894099035	0.02695751691	0.02486989656
	0.02279812561	0.02071146401	0.01872757318	0.01675787307	0.01494244752
	0.01313453213	0.01151274976	0.009868842906	0.008457855697	0.006948469761
	0.005771517239	0.00437316698	0.003448281371	0.002126086576	0.001522029394
	0.0001633826109	-8.537776068e-05	-0.001642283796	-0.001637325113	-0.004535680961
	-0.003543209897	-0.01365490954	-0.009221897114	-0.04571138849	-0.03821735025
	-0.1492489921	-0.1435506822	-0.4485568304	-9.969289771e-34	-1.762344452e-35
	0.01366564324	0.02053813978	0.01361326029	0.01049215071	0.009578589948
	0.007300410997	0.006589918379	0.006030042557	0.005805198237	0.00584446908
	0.006122697409	0.006334055555	0.006598972413	0.006741019013	0.006788431884
	0.00671035443	0.006548204779	0.00628135506	0.005966311832	0.005597272008
	0.00520580616	0.004799284876	0.00439042264	0.003989489744	0.0035935376
	0.003222385835	0.002852996989	0.002520347798	0.002182431022	0.001893100138
	0.001581096985	0.001343146949	0.001050426404	0.0008662373321	0.000585080673
	0.0004703163784	0.0001665502285	0.0001062332615	-0.0001648210407	-0.0004527508748
	-0.0004849292724	-0.001534553552	-0.001723210863	-0.003798639528	-0.008006298855
	-0.008010228465	-0.03618971771	-0.00730765991	-0.1335823433	-1.225044186e-33
	-4.539891366e-35	2.435578346e-34	2.838786141e-34	3.243451336e-34	3.286930466e-34
	3.36645936e-34	3.7305564e-34	4.016405709e-34	4.388694864e-34	4.7097547e-34
	4.947617662e-34	5.065192919e-34	5.040972714e-34	4.873757144e-34	4.560268336e-34
	4.143692871e-34	3.621575538e-34	3.053364558e-34	2.437822457e-34	1.830030093e-34
	1.224384303e-34	6.669484808e-35	1.46688667e-35	-3.016236779e-35	-6.906064321e-35
	-9.967344235e-35	-1.231234917e-34	-1.380360951e-34	-1.451339584e-34	-1.440443997e-34
	-1.347676253e-34	-1.180545192e-34	-9.298758978e-35	-6.161671712e-35	-2.159489317e-35
	2.278020144e-35	7.663596128e-35	1.322075611e-34	1.988566096e-34	2.634226998e-34
	3.461214081e-34	4.180420348e-34	5.319319364e-34	6.25898985e-34	8.215484832e-34
	1.020703516e-33	1.471656867e-33	2.085514495e-33	3.094782486e-33	4.987793035e-33
	3.090288652e-33	
