2601	
	-2.171748067e-34	-4.356165095e-34	-4.353554351e-34	-4.353508655e-34	-4.339166995e-34
	-4.326533304e-34	-4.305866446e-34	-4.288919139e-34	-4.264792369e-34	-4.242336878e-34
	-4.209317803e-34	-4.174722888e-34	-4.125960989e-34	-4.073643143e-34	-4.004524834e-34
	-3.931651284e-34	-3.841610848e-34	-3.751318617e-34	-3.648375652e-34	-3.554982921e-34
	-3.460531337e-34	-3.392319512e-34	-3.340233426e-34	-3.333512554e-34	-3.358729808e-34
	-3.441590534e-34	-3.560612227e-34	-3.732457927e-34	-3.924555918e-34	-4.14207267e-34
	-4.34351834e-34	-4.526894123e-34	-4.652424692e-34	-4.72303282e-34	-4.716505733e-34
	-4.651465108e-34	-4.530454517e-34	-4.382395369e-34	-4.224115395e-34	-4.074763651e-34
	-3.951382684e-34	-3.848532922e-34	-3.784597717e-34	-3.727676714e-34	-3.711804601e-34
	-3.678808389e-34	-3.692312641e-34	-3.664859162e-34	-3.698289337e-34	-3.669218112e-34
	-1.875275477e-34	2.934204033e-38	-0.000425099837	-0.000508314849	-0.0005400116691
	-0.0003625941088	-0.0002186217541	-4.178183742e-05	7.469374167e-05	0.0001886071584
	0.0003121963536	0.0004824994053	0.000719390996	0.001016117859	0.001385025976
	0.001791444202	0.00223548083	0.002660374422	0.003048898626	0.003337376769
	0.003504531035	0.003506070258	0.003332592774	0.002976179786	0.00243979712
	0.001751660014	0.0009178238967	-1.626655492e-06	-0.001002737958	-0.001991558432
	-0.00296646114	-0.003794991051	-0.004488975299	-0.004883884222	-0.00504708875
	-0.004806006034	-0.004350609155	-0.003514495885	-0.002649507062	-0.001557423667
	-0.0007117755644	0.0002025445533	0.0006574406278	0.00118167882	0.001156000653
	0.001381902329	0.001054224308	0.001165739468	0.0007399935152	0.0007987892225
	0.0001534349813	6.365572773e-37	-5.278359613e-37	-0.001817135951	-0.002611740952
	-0.00280282514	-0.002103390968	-0.001220601279	-0.0002414232434	0.0005615889021
	0.001318557944	0.002132130105	0.003188813546	0.004572929299	0.006306804247
	0.008357568594	0.01061617058	0.01295087301	0.01515039576	0.01701546113
	0.018318368	0.0188961962	0.01862063671	0.01744291923	0.01537649394
	0.0124730596	0.00885393204	0.004618584383	-3.76647546e-05	-0.00498930404
	-0.009959551885	-0.01478225835	-0.01907807989	-0.0226505501	-0.02505717926
	-0.02619195828	-0.02569886179	-0.02378821655	-0.02035412341	-0.0160595946
	-0.0110160522	-0.00617771108	-0.001591182132	0.001855248483	0.004525069671
	0.005762582673	0.006495968199	0.006074558324	0.005801082344	0.004681466595
	0.00388565877	0.001892602151	2.847999835e-36	-1.657926843e-36	-0.003512243241
	-0.004952269919	-0.00482250464	-0.003240631203	-0.001306998627	0.000777104313
	0.002641974947	0.004572420745	0.006775685956	0.009561662489	0.01298601073
	0.0169982588	0.02136738625	0.02577819184	0.02981967794	0.03306686875
	0.03513422455	0.03576105143	0.03482226605	0.03235828787	0.02849291748
	0.02345531619	0.01744464427	0.01072673203	0.003459539575	-0.004095490618
	-0.01181783522	-0.01939054452	-0.0266582898	-0.03316505546	-0.03867572043
	-0.04259975604	-0.04473554052	-0.04455758792	-0.04221437668	-0.03754019698
	-0.03128264156	-0.02366259152	-0.01585424007	-0.008129220487	-0.001633045413
	0.003702211277	0.007107173042	0.009261791741	0.009706971953	0.009669267494
	0.008391104143	0.006999164754	0.003905328471	-3.780449178e-37	-2.604517161e-36
	-0.005374079813	-0.007417953475	-0.006710011273	-0.004003753689	-0.0006032782665
	0.003115510713	0.006741666656	0.01071673055	0.01530712754	0.02085262305
	0.02725202214	0.03421782999	0.04117461427	0.04748723244	0.05247997513
	0.05564508975	0.05666549893	0.05550186606	0.05228060526	0.04728748853
	0.04080101139	0.03314043725	0.02450702304	0.01514201182	0.005136149766
	-0.005295632445	-0.01609463583	-0.02694823226	-0.03770599544	-0.04781579419
	-0.05692914463	-0.06419956895	-0.06916069202	-0.0709143151	-0.06933910066
	-0.06404772813	-0.05583065907	-0.04507267367	-0.03335380656	-0.02128923856
	-0.0104785355	-0.00111143152	0.005735958165	0.01055569039	0.01285879868
	0.0137833728	0.01276735169	0.01093701195	0.006526394661	5.03309769e-36
	-3.843768661e-36	-0.007070227377	-0.009319484569	-0.007399451074	-0.003003329442
	0.002435004855	0.008283151479	0.0142996171	0.02106386644	0.02881825402
	0.03772928853	0.04729429025	0.05680616186	0.0652814621	0.07188643101
	0.07595087876	0.0772218935	0.07571665304	0.07175250065	0.06569623321
	0.05799391795	0.04897116723	0.0389663532	0.02814940429	0.01674382984
	0.004790727445	-0.007528299424	-0.02022996118	-0.03306040068	-0.04597585154
	-0.05848207016	-0.07030593092	-0.08053887401	-0.08859487307	-0.09323201289
	-0.09393466189	-0.08982227175	-0.08139863267	-0.0689558519	-0.05436739611
	-0.0386375758	-0.02389893542	-0.01063528701	-0.0002246706749	0.007677783844
	0.01247361945	0.01509414731	0.01511108855	0.01339512976	0.008277961681
	2.362716177e-36	-4.75501396e-36	-0.008360457553	-0.01027598899	-0.006610900609
	-0.0001267913653	0.007778915433	0.01628355909	0.02543989425	0.03575179101
	0.04723057812	0.0595693129	0.07171576605	0.08257453386	0.09099159706
	0.09629126319	0.0981535536	0.09676896578	0.09250465631	0.08591708347
	0.07747031717	0.06764559051	0.0567465837	0.04508567282	0.03278393422
	0.02001927853	0.00676625061	-0.006861487763	-0.02097425046	-0.03541631326
	-0.05027662513	-0.06518437427	-0.08001259368	-0.09390927473	-0.10627676
	-0.1155938553	-0.1208755021	-0.1204536754	-0.1140772887	-0.1014105856
	-0.08432042703	-0.06421231396	-0.04418161879	-0.02541709667	-0.0100539926
	0.002110256427	0.01024689004	0.01528533206	0.01679273386	0.01548185918
	0.009925914238	6.514510013e-36	-5.753854438e-36	-0.008881891119	-0.009742866367
	-0.003669678433	0.005451025067	0.01640878491	0.02816326568	0.04102843896
	0.05515512039	0.07013311788	0.08500005174	0.09825207536	0.1086642863
	0.115276911	0.1178692326	0.1165866365	0.1120106065	0.1047251537
	0.09541022189	0.0845639901	0.07268956264	0.0600767982	0.04702797377
	0.03363144141	0.02003670591	0.006176330396	-0.007877744034	-0.0222949713
	-0.03699783668	-0.05219658927	-0.06768930679	-0.08359223054	-0.09932958605
	-0.1146024909	-0.1280322591	-0.1385373327	-0.1438493495	-0.1427181951
	-0.1335142833	-0.1171572588	-0.09475596062	-0.07013570699	-0.04555770325
	-0.02449993369	-0.007291248034	0.004784461049	0.01277069473	0.01622412809
	0.01587445414	0.01046650352	3.681264042e-36	-5.892748201e-36	-0.008243780336
	-0.007255667272	0.001761264203	0.01387973573	0.02824506806	0.04357677454
	0.06033064318	0.07799159673	0.09558750263	0.1115213324	0.1241644338
	0.132515825	0.1361148376	0.1352904754	0.1305940326	0.1228802764
	0.1128578247	0.1012792936	0.08864769944	0.07545002616	0.06191509373
	0.04827666818	0.03454012027	0.02078274663	0.006875763128	-0.007157878892
	-0.02152278807	-0.03618439921	-0.05140402291	-0.06707966098	-0.08348712092
	-0.1003069437	-0.1175987091	-0.1343772132	-0.149885238	-0.1617869521
	-0.1681870377	-0.1660028548	-0.1543781331	-0.1328919573	-0.1051209032
	-0.07422373665	-0.04568581689	-0.02124917292	-0.003472986873	0.008746685636
	0.01490396183	0.01598898445	0.01103432131	6.557927191e-36	-5.718479623e-36
	-0.006105780853	-0.002437189976	0.009961795389	0.02538971941	0.04346960874
	0.06252267926	0.08291269698	0.1032074619	0.121960835	0.1372036571
	0.1476082025	0.1526529303	0.1524928917	0.1479227024	0.1397934512
	0.1291399278	0.1167377431	0.1033590419	0.08944629745	0.07540272872
	0.06134118206	0.04740048433	0.03350551546	0.01969158435	0.005814070045
	-0.008097877059	-0.02222449827	-0.03651261524	-0.05120216594	-0.06621518221
	-0.08189138458	-0.09809644548	-0.1152099278	-0.1327682967	-0.1506840902
	-0.16725825	-0.1808302901	-0.1876259395	-0.184971219	-0.1698665639
	-0.1438259439	-0.1094940004	-0.07395614322	-0.04115681911	-0.0160750855
	0.001846089912	0.01162670181	0.01492435602	0.01093052378	4.343448063e-36
	-3.922502842e-36	-0.002112314695	0.004989610773	0.02097154179	0.03981347
	0.06158514069	0.08402021165	0.1072005844	0.1287429748	0.1470080015
	0.1599957306	0.1670054441	0.1680783039	0.1639687542	0.1558208747
	0.1447206234	0.1318054147	0.11784382	0.103530622	0.08915707024
	0.07497982806	0.06096795704	0.04716733458	0.0334370396	0.01978622938
	0.0060604053	-0.007706067451	-0.02167506816	-0.03577487375	-0.0502071871
	-0.06487087979	-0.08007226784	-0.09570813736	-0.1122602094	-0.129566604
	-0.1480891074	-0.1669643348	-0.1854610545	-0.2002913538	-0.2080993852
	-0.2035345349	-0.1847384301	-0.1516353621	-0.1111234521	-0.06924929745
	-0.03455226481	-0.008397176452	0.006887089546	0.01360982309	0.01109936904
	6.488383248e-36	-1.497317803e-36	0.003833182221	0.01498332963	0.03455972624
	0.05677138998	0.08197440878	0.1071431948	0.1319820305	0.1532825736
	0.1695910154	0.179162849	0.182127073	0.1790429253	0.1712149114
	0.1600097445	0.1466742198	0.1323098565	0.1175645603	0.1029427758
	0.08853360351	0.07444291885	0.06052712798	0.04678705662	0.03305913179
	0.01936621887	0.005570973146	-0.008261713323	-0.02225958393	-0.03631683202
	-0.05058476907	-0.06492207943	-0.07956504312	-0.09437358128	-0.1097926321
	-0.1257622028	-0.1430302129	-0.1614168556	-0.1812930459	-0.2007192158
	-0.2171914446	-0.22460896	-0.2180343507	-0.192970826	-0.1531377726
	-0.1047521647	-0.05995148883	-0.02352628059	-0.0007613228506	0.01092760918
	0.01071527737	5.386771518e-36	3.140438046e-36	0.01182668526	0.02746722066
	0.05040690584	0.0757232028	0.103753082	0.1306686612	0.1558025923
	0.1754218278	0.1886173355	0.1940872315	0.1928521411	0.1858784911
	0.1749461016	0.1614936649	0.1468213138	0.1318346082	0.1169806264
	0.102521758	0.0883740503	0.07453769386	0.06081394515	0.0472017701
	0.03353887222	0.01987165278	0.006071302442	-0.00778188023	-0.02180938683
	-0.03589944345	-0.05018650128	-0.06451570429	-0.07906906142	-0.09365563005
	-0.1086083133	-0.1237948277	-0.1399254527	-0.1570573206	-0.1762334632
	-0.1968468192	-0.2181344961	-0.2351826293	-0.2420330437	-0.2301411221
	-0.197633455	-0.1475157378	-0.09354714754	-0.04497600874	-0.01201205047
	0.006912267778	0.01023446139	6.843069043e-36	8.122392396e-36	0.02155390173
	0.04191858566	0.06784574947	0.09586296801	0.1259435312	0.1535433543
	0.1777362374	0.1946000009	0.2040322924	0.2052239538	0.2000773544
	0.1898151918	0.1766078872	0.1617751733	0.1465590189	0.1315276615
	0.1169168521	0.1027502113	0.08884571368	0.07514769523	0.06145741119
	0.04779789575	0.03402497816	0.02021649153	0.006254456824	-0.007759349986
	-0.02193794475	-0.03615753289	-0.05053687479	-0.06491380637	-0.07943120241
	-0.09387328812	-0.1084720057	-0.1230083959	-0.1380227064	-0.1535320692
	-0.1707533325	-0.1899132949	-0.2119188216	-0.2341324489	-0.2519850173
	-0.2552921077	-0.2365232114	-0.1921670129	-0.133522205	-0.0732520877
	-0.02813358897	0.000375167469	0.008747910302	6.527801597e-36	1.534311962e-35
	0.03281600089	0.05799684464	0.08638498558	0.116549083	0.1477419043
	0.1749672819	0.1971438292	0.2105162505	0.2159012701	0.212981843
	0.2044640716	0.1916616825	0.1770134803	0.1615256393	0.1463058647
	0.1315165124	0.1172500305	0.103339333	0.08960097301	0.07596201146
	0.06226698637	0.04856602909	0.03473660785	0.02087781568	0.006869851622
	-0.00717660718	-0.02138645231	-0.03563940062	-0.05006457073	-0.06451374682
	-0.07912331532	-0.09368596487	-0.1083721045	-0.1229083726	-0.1376401489
	-0.1524063215	-0.1681968127	-0.1854130227	-0.2058602512	-0.22903658
	-0.2531391093	-0.269372172	-0.2670973368	-0.2353996001	-0.1785128999
	-0.1089736255	-0.05013018627	-0.009200525997	0.006335342851	6.839551536e-36
	2.179909987e-35	0.04491894494	0.07485777268	0.1051750035	0.1368968184
	0.1683223933	0.1943180341	0.2137587677	0.2233419906	0.2248056562
	0.2182639446	0.2071065593	0.1925558293	0.1771992284	0.1615732017
	0.1466490618	0.1321791219	0.1182200974	0.1044559395	0.09077925619
	0.07709941786	0.06332596633	0.049514793	0.03556571512	0.02158541886
	0.007452562849	-0.006711689516	-0.02103898151	-0.03539918557	-0.04992433392
	-0.06446653815	-0.07915681128	-0.09380394799	-0.1085473549	-0.1231151962
	-0.137721261	-0.1520769648	-0.1668379538	-0.1822222238	-0.2001585664
	-0.22145401	-0.2470439843	-0.2714736573	-0.2846226903	-0.2703127788
	-0.2230789587	-0.1500038404	-0.07820171908	-0.02274417537	0.002171503869
	6.633187948e-36	3.008463205e-35	0.05754777294	0.09214632002	0.1238260543
	0.1564918522	0.1873258312	0.2114434152	0.22769438	0.2334833482
	0.2313385984	0.221760012	0.2086466947	0.1929867568	0.177403109
	0.1618836495	0.147312178	0.1330693683	0.1192865397	0.1055254369
	0.09181465015	0.07802873444	0.06416362483	0.05025648724	0.03623869157
	0.02220993658	0.008049295219	-0.006118895356	-0.020440913	-0.03478258618
	-0.04929611508	-0.06383940976	-0.07855997902	-0.09329000833	-0.1081671071
	-0.1229512456	-0.1377848225	-0.1523283295	-0.1669328751	-0.1815143231
	-0.19757755	-0.216283312	-0.2402819706	-0.267807213	-0.2920718816
	-0.2956752949	-0.2641839341	-0.1946760767	-0.112521015	-0.04094156962
	-0.003944053177	5.257749745e-36	3.600011559e-35	0.06980431402	0.1089159173
	0.1415260629	0.1746012866	0.2042526595	0.2261347346	0.2390789653
	0.2413563532	0.236104248	0.2241587472	0.2097349284	0.1934878807
	0.1779952451	0.1626944086	0.1484600939	0.1343548172	0.1206755753
	0.1068596212	0.09310935035	0.0792229288	0.06529722948	0.05131053029
	0.03723709933	0.0231448503	0.00892294751	-0.005309029674	-0.01970367629
	-0.03411438695	-0.04870464442	-0.06331753638	-0.07811012735	-0.09291648983
	-0.1078781688	-0.1227884471	-0.1377649552	-0.1524923988	-0.1671355324
	-0.1814035778	-0.196234812	-0.2125448807	-0.2335226317	-0.2602345396
	-0.2903301003	-0.3090595176	-0.2966071925	-0.2383103274	-0.1512682411
	-0.06400657938	-0.01260734074	4.35553276e-36	4.347059797e-35	0.08150750542
	0.1250154258	0.1581729435	0.1911902516	0.2192153076	0.2387070789
	0.2484043968	0.2475717471	0.2397060425	0.225974612	0.2106882165
	0.1941580355	0.1788526555	0.1637267663	0.1497105801	0.1356035965
	0.121922315	0.1079633176	0.09412889422	0.08009963339	0.06609918547
	0.05201538764	0.03789389197	0.02375231648	0.009511733145	-0.004723590907
	-0.01910522954	-0.03348108399	-0.04803544116	-0.06260108245	-0.07736531269
	-0.09216249575	-0.1071600139	-0.1221775489	-0.1373374267	-0.1523738714
	-0.1673555001	-0.1819065373	-0.1964535778	-0.2114282758	-0.2296184742
	-0.2535898706	-0.2849328194	-0.3139758318	-0.3200992819	-0.2785924483
	-0.193139355	-0.09210963035	-0.02403879649	8.636357898e-37	4.697770548e-35
	0.09172153111	0.1395163422	0.1730502226	0.2056814849	0.2319056901
	0.2490843042	0.2558163391	0.2523932305	0.2424409046	0.2274632644
	0.2116666624	0.1950759635	0.179998496	0.1650174722	0.1511563562
	0.1370034633	0.1233198229	0.1092395077	0.09538331118	0.08126792944
	0.0672722729	0.05314765999	0.03904097675	0.02488037424	0.01064123164
	-0.003614831082	-0.0180233976	-0.03243627932	-0.04704704987	-0.06166623255
	-0.07650228635	-0.09136173395	-0.1064361357	-0.1215414181	-0.1368208654
	-0.1520524139	-0.1672832114	-0.182152075	-0.196757023	-0.2111089529
	-0.2271668497	-0.2478316682	-0.2773007341	-0.3116288672	-0.3333149342
	-0.3116248049	-0.2347233151	-0.1241776886	-0.03836547263	-1.346269879e-36
	5.23813724e-35	0.1005774005	0.1525747642	0.1863970043	0.218402887
	0.2427681068	0.257812702	0.2619107127	0.2563901656	0.2447711093
	0.2289360001	0.2128012179	0.1962259877	0.181297293	0.1663704824
	0.152551973	0.1382756359	0.1245349452	0.1102869763	0.09637825615
	0.08212655947	0.06809885265	0.05387309534	0.03974297002	0.02551484233
	0.01126206291	-0.003019956227	-0.01742038675	-0.0318108378	-0.04638466619
	-0.06094222277	-0.07572579464	-0.09051999781	-0.105566321	-0.1206673168
	-0.1360124525	-0.1514016964	-0.1668999452	-0.1821935061	-0.1972062186
	-0.2116791926	-0.2266692051	-0.2446428469	-0.2708623345	-0.3063983756
	-0.3392538218	-0.33738782	-0.2744585156	-0.1595140177	-0.05563289066
	-7.205120859e-36	5.246583933e-35	0.1071676914	0.1632744697	0.1975130298
	0.2288028962	0.251468023	0.2647003063	0.2666228042	0.259524417
	0.2466486837	0.2302986178	0.2139585792	0.1974721863	0.1826473591
	0.1677603975	0.153956753	0.1395803601	0.1258220862	0.1114635438
	0.09758091261	0.08326355812	0.06930216804	0.05505382602	0.04100542869
	0.02678421439	0.01260427463	-0.001660800287	-0.01602166904	-0.03040942187
	-0.04499517515	-0.05958122316	-0.07442665717	-0.08927684656	-0.104412371
	-0.1195857887	-0.1350395204	-0.1505556947	-0.1662530988	-0.1818591236
	-0.1972546535	-0.212065339	-0.2266399593	-0.2426989101	-0.2653575713
	-0.299296725	-0.3388203603	-0.3547417343	-0.3094322282	-0.1960038405
	-0.0753727791	-1.129048311e-35	5.552572471e-35	0.1120082455	0.1720961678
	0.2069590975	0.2375123721	0.2586687039	0.2704147305	0.270580866
	0.2623227182	0.2484798605	0.2318183102	0.2152863829	0.1988767296
	0.1840456761	0.1691446216	0.1552770399	0.1407753544	0.12695937
	0.1124626805	0.09856826642	0.08412776048	0.07017910402	0.05582032833
	0.04178492071	0.0274702188	0.01329760992	-0.001029383621	-0.01537785203
	-0.02977681965	-0.04432797352	-0.05886444981	-0.07364737215	-0.08840459291
	-0.1034729767	-0.1185638879	-0.1340033229	-0.1495361436	-0.1653665738
	-0.1812245534	-0.1970259873	-0.2123588958	-0.2271122041	-0.2422277489
	-0.2619126359	-0.2928626516	-0.3352676452	-0.365715633	-0.3394771637
	-0.2327001098	-0.09739440098	-1.97335403e-35	5.206039241e-35	0.1141932902
	0.1780600076	0.2139197396	0.2438494094	0.2638375347	0.2745115421
	0.273420528	0.2644378422	0.2499362051	0.2331620641	0.2164851043
	0.2001843507	0.1853078181	0.1704214917	0.1564911917	0.1419259496
	0.1280949292	0.1135315626	0.09969487024	0.08520820569	0.07137401689
	0.05699691566	0.0431103443	0.02881129253	0.01479711246	0.0005138838716
	-0.01369849135	-0.02805060767	-0.04252505678	-0.05704576132	-0.07183710612
	-0.08662784339	-0.101780893	-0.1169418359	-0.1325062304	-0.1481369211
	-0.1641405721	-0.1802055951	-0.1963520546	-0.2121501056	-0.2272803689
	-0.2420525882	-0.259484199	-0.2869259834	-0.329329454	-0.3706905269
	-0.3633389392	-0.2675577729	-0.120710342	-2.609806374e-35	5.326416025e-35
	0.1146317696	0.1819761019	0.2192481233	0.248722455	0.2678431473
	0.2777910845	0.2758588591	0.2664655008	0.2515026772	0.2347018026
	0.217843701	0.2016102912	0.1865945411	0.1716992197	0.1576416896
	0.143015324	0.1291219661	0.1144795728	0.1006503208	0.0860694867
	0.07228592775	0.05779874956	0.04397702813	0.02956024882	0.01560356849
	0.001214030013	-0.0129539663	-0.02737235538	-0.04180042602	-0.0563170368
	-0.07103624533	-0.08574036004	-0.1007938641	-0.1158182644	-0.1313003665
	-0.1468324171	-0.162860163	-0.1789956247	-0.1954029933	-0.2115973688
	-0.2272418488	-0.2421593269	-0.2582224523	-0.2823860011	-0.3229924029
	-0.3718630113	-0.3821014227	-0.3002223747	-0.1450712819	-3.689527858e-35
	4.667881182e-35	0.1123591901	0.1827061124	0.2218816228	0.2511907672
	0.2698360909	0.2794782578	0.2771972004	0.2677503501	0.2525972778
	0.2359015049	0.2189081731	0.2027694813	0.1876099925	0.1727545315
	0.1585879848	0.1439800027	0.130055497	0.1154195591	0.1016471389
	0.08705999541	0.07341549888	0.05892182097	0.04530771505	0.03090519079
	0.01720193203	0.002861635786	-0.01104413806	-0.02538570823	-0.03959641922
	-0.05404424537	-0.06864868517	-0.08333819745	-0.09840926581	-0.1134881175
	-0.1290946346	-0.1447221791	-0.1609345707	-0.177216713	-0.1939134816
	-0.2104511389	-0.2266124219	-0.2418664684	-0.2571937045	-0.2785327088
	-0.3162625513	-0.3697021627	-0.3955859058	-0.3294665138	-0.1693422724
	-4.540153181e-35	4.695643094e-35	0.1086682486	0.181427434	0.222977198
	0.2524542546	0.2709495226	0.2805967005	0.2783395128	0.2690823203
	0.2539047987	0.2373390939	0.2201811476	0.2040781164	0.1886976947
	0.1738576384	0.1595208299	0.1449370302	0.1309221416	0.1162976049
	0.1025131486	0.08789962489	0.07431607357	0.05974652675	0.04624609239
	0.03172228071	0.01815057582	0.003662184081	-0.01012562742	-0.02460843131
	-0.03872242575	-0.05325453683	-0.06776043213	-0.08242587346	-0.09736432318
	-0.1122998209	-0.1277497338	-0.1431841129	-0.1593051421	-0.1754886343
	-0.1922980374	-0.2090071973	-0.2256033784	-0.2412547095	-0.2563794138
	-0.2755246908	-0.3100151661	-0.3656883721	-0.4051334464	-0.3556077918
	-0.1934849438	-5.77310134e-35	3.787663781e-35	0.1024730764	0.1767802645
	0.2211006424	0.251195778	0.269938312	0.2799587809	0.2781983304
	0.2694613921	0.2545405387	0.2382326348	0.2210036622	0.204959977
	0.1893974821	0.1746179512	0.1601447863	0.1456667362	0.1315892318
	0.1170727375	0.1033052003	0.0887738599	0.07530593176	0.0607870025
	0.04751527805	0.0330234263	0.01978523462	0.005339055237	-0.008047065876
	-0.02245327125	-0.03616081098	-0.05059197796	-0.06477346755	-0.07936464664
	-0.09414829427	-0.1090927941	-0.1245876621	-0.1401188591	-0.1564262302
	-0.1727508875	-0.1898363196	-0.2067716113	-0.2238234912	-0.2398901749
	-0.255129345	-0.2726449186	-0.3038482023	-0.359960649	-0.4108403693
	-0.3781525714	-0.2165769582	-6.773593535e-35	3.835759974e-35	0.09546915506
	0.1703810938	0.2177707634	0.248970322	0.2682822978	0.2789308287
	0.2779902872	0.2699786516	0.2554887542	0.2394616254	0.2221511629
	0.2060943452	0.1902862294	0.175505964	0.1608391758	0.1464500159
	0.1322429665	0.1178456853	0.104010157	0.08957151616	0.07611938852
	0.06162951372	0.04846890681	0.03391766093	0.02086794522	0.006270442186
	-0.006895753788	-0.02151516623	-0.03502008439	-0.04966151212	-0.06366832336
	-0.0783776522	-0.09297521778	-0.1078641718	-0.1231249779	-0.1384280009
	-0.1545022912	-0.1705714509	-0.1875799838	-0.2044518689	-0.2217514002
	-0.2380518704	-0.2535441386	-0.269894894	-0.2980727372	-0.3533184425
	-0.4137628948	-0.3977131237	-0.238866495	-8.051559119e-35	2.737905743e-35
	0.08636242393	0.1606202846	0.2111182567	0.2439392787	0.2642525685
	0.2758377136	0.2761331786	0.2691914702	0.2554678793	0.239885664
	0.2226620511	0.2066338834	0.1906564315	0.1759058401	0.1611081714
	0.1468641219	0.1325793989	0.1183925863	0.1045141631	0.0902969991
	0.0768777526	0.06257796111	0.04958418636	0.03516603614	0.02245262109
	0.00793697406	-0.004727779193	-0.01927992806	-0.03217378039	-0.04672280416
	-0.06011918549	-0.07471926743	-0.08885217512	-0.103690624	-0.1187593661
	-0.1341390431	-0.1503147399	-0.1665545018	-0.1838409356	-0.2009068312
	-0.2185836673	-0.235164659	-0.2510582941	-0.266651082	-0.2921567727
	-0.3456423937	-0.4139274186	-0.4141604953	-0.2597584616	-9.119300586e-35
	2.92511883e-35	0.07729414404	0.149709532	0.2031149933	0.2380945877
	0.2597967568	0.2725032247	0.2742881289	0.2686239241	0.255845417
	0.2407833919	0.223673582	0.2075978286	0.1913971033	0.1765718344
	0.1615769838	0.147413224	0.132992489	0.1189905975	0.1049975696
	0.09101181315	0.07751456261	0.06343291916	0.05045203721	0.03616042525
	0.02359220471	0.009046631523	-0.00335042187	-0.01810562568	-0.03066903685
	-0.04554498944	-0.05861827575	-0.07354753746	-0.08738383341	-0.1023900904
	-0.1171307892	-0.1324002399	-0.1481800633	-0.1640777749	-0.1810318625
	-0.1977703668	-0.2154163003	-0.2319442691	-0.248070129	-0.2630453498
	-0.2862703622	-0.3373541635	-0.4120340394	-0.428111367	-0.2796985049
	-1.035468596e-34	1.664758694e-35	0.06664810664	0.1357079579	0.1914534254
	0.2289801493	0.2525477772	0.2666635045	0.2702856041	0.2662228024
	0.2547973659	0.2405126496	0.2237610265	0.2077476197	0.1914489232
	0.1765672507	0.1614747558	0.1474134007	0.1329459736	0.119191963
	0.1051481112	0.09150309157	0.07795528171	0.06426300852	0.05129987746
	0.03737728189	0.02499897916	0.01072897407	-0.001220327671	-0.01581252003
	-0.02765845219	-0.04243571237	-0.05460668058	-0.06944248604	-0.08237932958
	-0.09730473511	-0.1114042089	-0.1267038021	-0.1422828996	-0.1583895852
	-0.1755305052	-0.1925305846	-0.2105252097	-0.2272122017	-0.2437104695
	-0.2583822583	-0.2797959027	-0.3281547562	-0.4079701117	-0.4395352883
	-0.2983527337	-1.142347507e-34	2.130733562e-35	0.05704532776	0.1216340056
	0.1788155487	0.2191091523	0.2450212489	0.2607759172	0.2663486169
	0.2640914745	0.2542130403	0.2408351566	0.2245324721	0.2085593779
	0.1920991118	0.1770502798	0.1617685587	0.1476795717	0.1331187415
	0.1195106979	0.1053839635	0.09202944637	0.07836320807	0.06506960881
	0.05198130196	0.03848173974	0.02605565911	0.0120892116	0.0002664039201
	-0.01428630381	-0.02580219656	-0.04085487306	-0.05256736399	-0.06790713411
	-0.08035945279	-0.09580392558	-0.1094152704	-0.1249568243	-0.1399749559
	-0.1558579657	-0.1723518504	-0.1888170929	-0.2063192678	-0.2225715672
	-0.2390224776	-0.253196039	-0.2730362792	-0.3183956167	-0.4022183213
	-0.4489335586	-0.3162797533	-1.257812721e-34	6.590891243e-36	0.04631492056
	0.1050909627	0.1624170371	0.2053682628	0.2341072408	0.2517921619
	0.2596143369	0.2594399193	0.2515102514	0.2394129998	0.2239216348
	0.208189488	0.1917864103	0.1766329769	0.1612744723	0.1471910354
	0.1326425573	0.1192130092	0.1051328065	0.09211582595	0.07844447823
	0.06565387556	0.05249583319	0.03963262064	0.02715676616	0.01385144137
	0.002172764654	-0.01184612226	-0.0228323492	-0.03756921358	-0.04829589055
	-0.06348878858	-0.07464151522	-0.09001164879	-0.1023377243	-0.1178964858
	-0.1320575557	-0.1481522695	-0.1644641405	-0.1812961366	-0.1990670172
	-0.2155711198	-0.2322713588	-0.2462846791	-0.2651281467	-0.3075807992
	-0.3944568029	-0.4562407816	-0.3332914417	-1.361674921e-34	1.575173014e-35
	0.03775012892	0.08998821143	0.1460108733	0.1911467442	0.2229304309
	0.2429469293	0.2530908076	0.2550827046	0.2492744796	0.2386571163
	0.2240939251	0.2087058639	0.192329891	0.176979082	0.1614480648
	0.1472001046	0.1325811771	0.1191753926	0.1051130932	0.09229766158
	0.07863029007	0.06623979481	0.05298353123	0.04073161332	0.0280495976
	0.01547054737	0.00359036612	-0.009819874192	-0.02081407761	-0.03534848782
	-0.04575575896	-0.06131080762	-0.0718740151	-0.08802884242	-0.09966280787
	-0.1160131648	-0.1293908045	-0.1457782808	-0.1610862321	-0.1774333466
	-0.1941093312	-0.209705472	-0.2257176458	-0.2391023055	-0.2568812712
	-0.2962369082	-0.3851835709	-0.4618583851	-0.3500367041	-1.468818199e-34
	-2.396521357e-36	0.02809843293	0.07313812814	0.1263599766	0.1726170379
	0.2075852991	0.2302862597	0.2429969481	0.2473768754	0.2440402998
	0.2352524006	0.2221267789	0.2074175205	0.1913920826	0.1760544352
	0.1605008044	0.1461833242	0.131608457	0.1182775622	0.1043771548
	0.0917943686	0.07832099569	0.06634066349	0.0531915456	0.04160614428
	0.02885696278	0.0172286917	0.005172167755	-0.007138504563	-0.01814811567
	-0.03170236924	-0.04159334866	-0.05652783064	-0.065815044	-0.08173576107
	-0.091522761	-0.1078610692	-0.1194290711	-0.1359869929	-0.1501734888
	-0.1669896749	-0.1834547755	-0.1995798807	-0.2158462749	-0.2292686858
	-0.2466290973	-0.2835193411	-0.3737687041	-0.465513027	-0.3663771475
	-1.571626485e-34	1.342848094e-35	0.02176236475	0.05961709727	0.1083968433
	0.1545880895	0.1922401888	0.2178391759	0.2333102697	0.2401522753
	0.2392294315	0.2325083025	0.2209385919	0.2070742513	0.1915021812
	0.1761439085	0.1605117862	0.1459823113	0.1313219546	0.1179014408
	0.1040683785	0.09156092287	0.07826643651	0.06652023911	0.05355000441
	0.04242834791	0.02968670834	0.01887007137	0.006524027828	-0.004665995996
	-0.01615646923	-0.02862682372	-0.03885836186	-0.05327111158	-0.06243556003
	-0.07877274366	-0.08789721196	-0.1054248244	-0.1159628633	-0.1336434101
	-0.146487891	-0.1634169078	-0.1780778088	-0.193167548	-0.2076206419
	-0.2199135546	-0.2364343677	-0.2706302645	-0.3609291417	-0.4676403454
	-0.3831065441	-1.672811346e-34	-1.104954389e-35	0.01380731025	0.04443069684
	0.08807974116	0.1326800406	0.1721198008	0.2006790662	0.2192469962
	0.2286042675	0.2304296561	0.2259949808	0.2164261014	0.2039159881
	0.1892136548	0.1742331616	0.1588176911	0.1442881919	0.1297262411
	0.1163414908	0.1027216113	0.09038655451	0.07743549789	0.06598336873
	0.05342470852	0.04274131733	0.03034174881	0.02026723423	0.007965760679
	-0.00196967191	-0.01379671631	-0.02456444592	-0.03514649554	-0.04785949814
	-0.05669350879	-0.07183060913	-0.0794179524	-0.09643608592	-0.1043627669
	-0.1220795873	-0.1322624075	-0.1495949064	-0.1627883064	-0.1786583163
	-0.1930221998	-0.2062944726	-0.2229916488	-0.2556746149	-0.3455427365
	-0.467578382	-0.3999487962	-1.777005773e-34	1.565053963e-35	0.01030949769
	0.03455261575	0.07194804852	0.1132728445	0.1531391207	0.1842482058
	0.2056966856	0.217871794	0.222254577	0.2200950464	0.2126489655
	0.2015820479	0.1879279043	0.173423686	0.158243087	0.14367508
	0.1291120648	0.1156239198	0.1020895491	0.08976948426	0.07706464876
	0.065761527	0.05358025682	0.04315912239	0.03119445895	0.02155484206
	0.009529564243	0.0004550504009	-0.01162695681	-0.02088609707	-0.03236110151
	-0.04328620006	-0.053117846	-0.06715139654	-0.07509561794	-0.09243792432
	-0.09973557158	-0.1189983667	-0.1275594764	-0.1463055129	-0.1569704428
	-0.1725117946	-0.183917211	-0.1956024479	-0.2105426943	-0.2415714869
	-0.3292365978	-0.4657607371	-0.4180616839	-1.884522865e-34	-2.108559435e-35
	0.003714650036	0.02217881976	0.05363022991	0.09097530511	0.1300150576
	0.1624459688	0.1869443043	0.2018852825	0.2089377237	0.2092961774
	0.2041319811	0.1949658107	0.182851917	0.1693289781	0.1548677761
	0.1406745775	0.1264405496	0.1131386019	0.09991410863	0.08781166089
	0.07554197811	0.06453871754	0.05292328958	0.04287612447	0.03157384255
	0.02237643538	0.01103357696	0.002616370271	-0.009070982763	-0.01698577981
	-0.02881230593	-0.03734098649	-0.04806219391	-0.05918681939	-0.06725675725
	-0.08227463874	-0.08770248574	-0.1057357354	-0.1105998049	-0.1292100228
	-0.1360068206	-0.1526055317	-0.1622841412	-0.1762966178	-0.1924722404
	-0.2245358646	-0.3093584755	-0.4609645351	-0.4366618121	-1.99487618e-34
	2.297690426e-35	0.003478562539	0.01680473248	0.04208102518	0.07444954954
	0.1103476801	0.1431402033	0.1695798386	0.1869912682	0.1967607123
	0.1993451707	0.196398778	0.1891100564	0.1785716976	0.1661629065
	0.1525237421	0.1387635119	0.1248723875	0.1117091352	0.09870380847
	0.08671524333	0.07475042123	0.06392413906	0.05276834105	0.04296538533
	0.03226306894	0.02336742286	0.01273386327	0.004672160188	-0.006317466196
	-0.01358257723	-0.02527415949	-0.03219356452	-0.04408702809	-0.05248718894
	-0.06265368234	-0.0753403764	-0.08207594528	-0.1000079375	-0.1042846568
	-0.1246908983	-0.1290069749	-0.1471438807	-0.1527465018	-0.1667358555
	-0.1791321964	-0.2100916746	-0.2900589779	-0.4540481617	-0.4573770522
	-2.115670766e-34	-3.3783348e-35	-0.003059365178	0.006644084133	0.0277529936
	0.05499384918	0.0879135686	0.1194110688	0.1465780202	0.1662490922
	0.1783320016	0.1832507467	0.1826037159	0.1773562313	0.1687647556
	0.1579609309	0.1456757248	0.1329336867	0.119904376	0.1073706694
	0.09499748833	0.08350073011	0.07214158952	0.06179362087	0.05132732089
	0.04200137735	0.03211452286	0.02368968066	0.01398377832	0.00639299324
	-0.003553029586	-0.01030953381	-0.02098100175	-0.02683246443	-0.03849993149
	-0.04406377707	-0.05546749734	-0.06330561858	-0.07113093993	-0.08431514532
	-0.0864313096	-0.1042829229	-0.103223323	-0.1213652983	-0.122515018
	-0.1400984837	-0.1527247424	-0.1903935092	-0.2663830314	-0.4416818498
	-0.4784784351	-2.276441519e-34	3.659539657e-35	-0.000146270259	0.006705935112
	0.02209616793	0.04475550312	0.07281493291	0.10097504	0.1276307241
	0.1479148082	0.1617478058	0.1686748413	0.1699862607	0.166616418
	0.1598388617	0.1505790914	0.1396908825	0.1280223542	0.1159147866
	0.10404968	0.09230628734	0.08126883891	0.07044481737	0.06050270114
	0.05060227641	0.04168258163	0.0324799691	0.02444147767	0.01558330401
	0.00836180068	-0.0005855141402	-0.006989624658	-0.01649132935	-0.02197393866
	-0.03263377355	-0.03702652981	-0.04904180208	-0.05348357417	-0.06463864819
	-0.07317719673	-0.07892733527	-0.09515345628	-0.0942201479	-0.1151082327
	-0.1130711028	-0.133686445	-0.1420389056	-0.1799215498	-0.2458490553
	-0.4268150901	-0.5021702381	-2.439891117e-34	-5.670724123e-35	-0.007553143059
	-0.003503682566	0.0113595863	0.03086534626	0.0544892554	0.07976888122
	0.1040233951	0.1237822842	0.1385116662	0.1468336422	0.1499806959
	0.1485302357	0.1437001913	0.136345776	0.1272874056	0.1172612364
	0.1066679014	0.0961020749	0.08556853035	0.075560558	0.06576756762
	0.05669891454	0.04776064101	0.03964210904	0.03141218303	0.02411262711
	0.01633359373	0.009753145082	0.002051609724	-0.00377584735	-0.01184306692
	-0.01679294269	-0.02569665019	-0.02939483528	-0.03977682299	-0.04168431988
	-0.05319171853	-0.05480901991	-0.063091052	-0.06972378531	-0.06843418307
	-0.08408333236	-0.07623322229	-0.09985014635	-0.105238692	-0.1520517908
	-0.2185067809	-0.4034144276	-0.5233984937	-2.65199591e-34	6.588903114e-35
	-0.0009147451377	0.003189084576	0.01450319383	0.02831341591	0.04753398662
	0.06732220517	0.08752997225	0.1051449119	0.119043757	0.127823082
	0.1321974797	0.1322278937	0.1291224986	0.123464367	0.1161119597
	0.1076426878	0.0985260115	0.08923704524	0.079897213	0.0709050018
	0.06209811772	0.0538656325	0.04581545206	0.03843501344	0.031074101
	0.02447360971	0.01762251225	0.01168550357	0.005100115898	-0.0001821519462
	-0.006875236403	-0.01132754745	-0.0185581116	-0.02187774529	-0.03019338574
	-0.03163291256	-0.04201638481	-0.04090570987	-0.05291251333	-0.05271789658
	-0.06088641736	-0.07098580956	-0.07023440152	-0.09638369404	-0.1007279529
	-0.1493949566	-0.2080937978	-0.3749350064	-0.5464705401	-3.130134152e-34
	-9.905365274e-35	-0.01014843051	-0.005104578121	0.005773595998	0.01952087391
	0.03506382328	0.05045186949	0.06687068514	0.0810488561	0.09306989247
	0.1013325104	0.1061571178	0.1074125228	0.1059564127	0.102199644
	0.09687125756	0.09044566188	0.08334595607	0.07596516485	0.06845616289
	0.0611377324	0.05393774547	0.04715562093	0.04053875997	0.03443112977
	0.02840821767	0.02296322715	0.01741572864	0.01256846645	0.007352237151
	0.003053796299	-0.00202939747	-0.005643694248	-0.01093725154	-0.01350501533
	-0.01939270479	-0.02030349972	-0.02752445539	-0.02525589939	-0.03533759894
	-0.02862218709	-0.04064672224	-0.03479823773	-0.04228518961	-0.05270181315
	-0.06090886154	-0.1065107385	-0.1703317403	-0.3318080083	-0.5576058528
	-3.632174046e-34	1.083919735e-34	0.009074840767	0.01239846845	0.0216000464
	0.0273030252	0.03550675629	0.04474928081	0.05512960368	0.06461231082
	0.07359643503	0.08005572396	0.08450188034	0.08627220805	0.08602618193
	0.08380900657	0.08025918133	0.07564054067	0.07036026993	0.06470526407
	0.05885897403	0.05306803627	0.04733449498	0.04188704009	0.03657619891
	0.03165653198	0.02685087722	0.02248754743	0.01813824679	0.01431570875
	0.01031963209	0.007009779512	0.003274082846	0.0005006850872	-0.003154737153
	-0.005142070518	-0.00908140565	-0.00985352844	-0.01463810344	-0.01338524094
	-0.02087884511	-0.01550862746	-0.03000616075	-0.0202410178	-0.04497028826
	-0.04127478846	-0.07660970214	-0.09904436418	-0.1827716816	-0.2993668079
	-0.5579435884	-4.423652159e-34	-1.403203561e-34	-0.002287648392	0.01036936892
	0.02036029661	0.02143268284	0.02670989695	0.03039684576	0.03567081766
	0.04091865186	0.04652370141	0.05082340391	0.05431278043	0.05622551492
	0.05686608099	0.05618545292	0.05454921694	0.05208903721	0.04909300686
	0.04575079911	0.04219959368	0.0386154395	0.03501993997	0.03156573152
	0.02817790758	0.0250211367	0.02192998702	0.01911354621	0.01631975477
	0.01384253156	0.0112900566	0.009157970728	0.006781583366	0.004996786127
	0.002744180773	0.001383163462	-0.0009158457121	-0.00159137796	-0.004241281556
	-0.003872856671	-0.007586631557	-0.004907507907	-0.01275589738	-0.003893501168
	-0.02282287994	-0.004257359474	-0.04568623706	-0.03193385239	-0.1378949894
	-0.2056780897	-0.5138234581	-6.027245661e-34	3.250547417e-34	0.04890703356
	0.05423647971	0.04445398968	0.0350353831	0.03315588285	0.02872520715
	0.02778150074	0.02763855038	0.0289472554	0.03025150995	0.03214417798
	0.03346444844	0.03444061618	0.03474937022	0.03450259243	0.03366925241
	0.03241632773	0.03081118366	0.02895881321	0.02697619211	0.02489214253
	0.02282052751	0.0207359647	0.01874799434	0.01677856702	0.01495505979
	0.01314688143	0.01151494015	0.00987176815	0.008449156026	0.006944375296
	0.005752905952	0.004364164413	0.003421155363	0.002110316098	0.001481326286
	0.0001258750307	-0.0001592082611	-0.001756781317	-0.001809064982	-0.004855991896
	-0.00403954087	-0.01442647123	-0.01065793716	-0.0472518683	-0.04141508158
	-0.1510123843	-0.1475755054	-0.4498809488	-1.025494856e-33	-1.708282163e-35
	0.0144488128	0.0213504567	0.01397733999	0.01082962614	0.009847594158
	0.007514979221	0.006802771698	0.006230850912	0.005995243899	0.006014565568
	0.006266576481	0.006447149232	0.006681852642	0.00679670324	0.006822229756
	0.006727965037	0.006553612589	0.006279500758	0.005959103378	0.005587031696
	0.005193504645	0.004785513376	0.004375621722	0.003973460412	0.003576983787
	0.00320425169	0.002834865106	0.002500463106	0.002162961696	0.001871905543
	0.001561144275	0.001321025484	0.001030541042	0.0008438636192	0.0005649065741
	0.0004463481281	0.0001437210002	7.758027873e-05	-0.0002066065631	-0.0004876026676
	-0.0005924063102	-0.00159266923	-0.001986516736	-0.00395945906	-0.008527524023
	-0.008449909388	-0.03679157242	-0.007850412117	-0.1343460154	-1.244151773e-33
	-5.922339022e-35	2.404457804e-34	2.845898425e-34	3.289622274e-34	3.332881216e-34
	3.424231884e-34	3.804382753e-34	4.095324925e-34	4.472946089e-34	4.792138352e-34
	5.025433882e-34	5.134900321e-34	5.102107267e-34	4.925368455e-34	4.60299199e-34
	4.177455632e-34	3.646928912e-34	3.070011864e-34	2.445997702e-34	1.829177696e-34
	1.214798308e-34	6.481670273e-35	1.19360653e-35	-3.375175603e-35	-7.340407612e-35
	-1.047182831e-34	-1.287404809e-34	-1.441244349e-34	-1.515608815e-34	-1.506622458e-34
	-1.414712584e-34	-1.246507382e-34	-9.941423477e-35	-6.763938192e-35	-2.720926685e-35
	1.788842187e-35	7.239263266e-35	1.290750061e-34	1.967497121e-34	2.63089932e-34
	3.475823723e-34	4.229010416e-34	5.404644165e-34	6.418598235e-34	8.461430589e-34
	1.061053545e-33	1.530654086e-33	2.168722886e-33	3.204120735e-33	5.124166327e-33
	3.173901008e-33	
