2601	
	-2.0365602e-34	-4.085451225e-34	-4.081777048e-34	-4.083537448e-34	-4.069890507e-34
	-4.060904647e-34	-4.042356954e-34	-4.030551308e-34	-4.009728684e-34	-3.993605494e-34
	-3.964742749e-34	-3.937463251e-34	-3.893505067e-34	-3.849125303e-34	-3.784611686e-34
	-3.718800262e-34	-3.630911163e-34	-3.543899973e-34	-3.437516686e-34	-3.340822073e-34
	-3.235708156e-34	-3.157641788e-34	-3.089897996e-34	-3.070906698e-34	-3.081374886e-34
	-3.156237104e-34	-3.268406188e-34	-3.442607073e-34	-3.640217685e-34	-3.872027375e-34
	-4.089207353e-34	-4.292399707e-34	-4.433638793e-34	-4.517515449e-34	-4.515749732e-34
	-4.451348185e-34	-4.324975342e-34	-4.172622668e-34	-4.010298565e-34	-3.862567134e-34
	-3.743027967e-34	-3.64851362e-34	-3.592278367e-34	-3.544532715e-34	-3.5342195e-34
	-3.507729278e-34	-3.522559633e-34	-3.499082239e-34	-3.529470696e-34	-3.503196397e-34
	-1.787621e-34	3.629866243e-38	-0.0004379785954	-0.0005311472541	-0.0005724343855
	-0.0003823756342	-0.000233995333	-5.872886702e-05	4.286543461e-05	0.0001331212336
	0.0002412843749	0.0004020256156	0.000652444416	0.000971522766	0.001389697779
	0.001854532921	0.002380599379	0.002889193132	0.003366363605	0.003725412546
	0.003942467623	0.003963524064	0.003778495753	0.003387086252	0.002788126657
	0.002028703709	0.001099754834	8.71836551e-05	-0.001031785441	-0.002129492884
	-0.003236189591	-0.004174092446	-0.004984935274	-0.005446022901	-0.005657430994
	-0.005381797953	-0.004868895508	-0.003884309106	-0.002891942175	-0.001607331857
	-0.0006587156107	0.0003888322253	0.00085148899	0.001410812695	0.001309647454
	0.001518134899	0.00109785883	0.001197272511	0.000714732995	0.000789557188
	0.0001406526141	5.304843679e-37	-3.936331647e-37	-0.001885816928	-0.002743610649
	-0.002988667047	-0.002253637448	-0.001338972905	-0.0003569138127	0.0003831237799
	0.001044346926	0.001779875531	0.002818524143	0.004279382243	0.006183214352
	0.008510896003	0.01112753092	0.01388614815	0.01651782208	0.01877881116
	0.02038058624	0.02112850414	0.02087966095	0.01959209285	0.0173103008
	0.01410133124	0.01012894848	0.005482822324	0.0003960622456	-0.005044610992
	-0.01051731132	-0.01590007611	-0.02073480257	-0.0248435019	-0.02765873184
	-0.02907190613	-0.02859393836	-0.02648346635	-0.02255689063	-0.01764736233
	-0.01183665478	-0.006336646218	-0.001141705339	0.002628265822	0.00547146424
	0.006603082677	0.007171560291	0.006450639806	0.00597718869	0.004655655588
	0.003832682804	0.001824660447	2.595453851e-36	-1.369219237e-36	-0.003698155955
	-0.005281367863	-0.005218454135	-0.003557303243	-0.001566370958	0.0005108293035
	0.00226842861	0.004083423654	0.006258489489	0.009188889425	0.01295682065
	0.01750242936	0.02255721359	0.02772739006	0.03249215196	0.03630453999
	0.03868857951	0.0393533946	0.03819951565	0.03534504898	0.03098839731
	0.02544559479	0.0189458459	0.0117983036	0.00412429109	-0.003802031585
	-0.01194158807	-0.01995795681	-0.02778429128	-0.03489312427	-0.04109641966
	-0.04564434241	-0.04832346495	-0.04840112707	-0.04604784419	-0.04097238986
	-0.03410123709	-0.02563019217	-0.01701490618	-0.008471687387	-0.00141178177
	0.004348283418	0.007847290075	0.009950217737	0.01012307447	0.009851545059
	0.008331882909	0.006905068769	0.003806265885	-6.34765308e-37	-2.153195669e-36
	-0.005772552487	-0.008065454945	-0.007416432844	-0.00457072364	-0.001079716869
	0.002637342404	0.006165219261	0.01011929948	0.01490772158	0.02096911903
	0.02817994747	0.03616545838	0.04418977099	0.05143216601	0.05704367438
	0.06043528337	0.0613052415	0.05972345918	0.05594080679	0.05037142617
	0.04335963318	0.0352778625	0.02630747234	0.01669218085	0.006449120898
	-0.004217608379	-0.01535660016	-0.02665443215	-0.03808087321	-0.04902990463
	-0.05922813494	-0.0676482188	-0.07377975158	-0.0764011688	-0.07530386071
	-0.06984459427	-0.0609650411	-0.04906485633	-0.03613419371	-0.02282702159
	-0.01109693536	-0.0009882880332	0.006191130175	0.01114423874	0.01326861126
	0.01397879184	0.01269702115	0.01081142359	0.006395856392	4.393848503e-36
	-3.364034386e-36	-0.007814427531	-0.01042398252	-0.008478406924	-0.003820217473
	0.001787191638	0.00769130432	0.01373831731	0.02077350999	0.02918412697
	0.03916227154	0.05003202298	0.06084387714	0.07033162059	0.07747498892
	0.08153714156	0.08236472208	0.08013354398	0.07534828601	0.06849719205
	0.06012358484	0.05057638712	0.04022475236	0.02920634664	0.01775020236
	0.005825901855	-0.006393218489	-0.01904060196	-0.03188092775	-0.04503525551
	-0.05801578813	-0.0707216127	-0.08215005015	-0.09176107691	-0.09797183252
	-0.1000869243	-0.0967263322	-0.08831390071	-0.07498914474	-0.05907370911
	-0.04177063796	-0.02577448719	-0.01148555532	-0.0005504634616	0.007675130864
	0.01245382587	0.014999719	0.0148577027	0.01315595805	0.008090259307
	1.575516941e-36	-4.253619602e-36	-0.009576699482	-0.01194856083	-0.008088248159
	-0.001172541873	0.00702668769	0.01574769459	0.02525530054	0.03634391887
	0.0490549887	0.06291552541	0.07650534014	0.08839667042	0.09719737573
	0.1022270137	0.1033022191	0.1008605092	0.09546849721	0.08785488007
	0.07856366015	0.0681429114	0.05689387453	0.04514146308	0.03295584265
	0.02050362853	0.007676411544	-0.005428157119	-0.01903489996	-0.03300800127
	-0.04760371672	-0.06248645226	-0.07776219295	-0.09259298981	-0.1065806449
	-0.1179974827	-0.125745613	-0.1275045549	-0.1226159754	-0.1101304736
	-0.09207733683	-0.07005753225	-0.0480532857	-0.02750873625	-0.01110525458
	0.001715302784	0.009989154157	0.01506015658	0.01646163824	0.01518076099
	0.009697417801	5.564912142e-36	-5.500889821e-36	-0.01069173613	-0.0120534165
	-0.005501019573	0.004290856108	0.01577203538	0.02806532764	0.04178792604
	0.05727628021	0.07392185682	0.09036614735	0.104642749	0.1152862421
	0.1213146479	0.1227362755	0.1199721743	0.113889787	0.1052467486
	0.09485879773	0.08326315511	0.07099151245	0.05829100725	0.04544106908
	0.03245526316	0.01946039075	0.006313755244	-0.006911190068	-0.0204639578
	-0.03425171421	-0.04860821611	-0.06334304899	-0.07880468117	-0.09450292676
	-0.1104988825	-0.1254770655	-0.1385702506	-0.1470809412	-0.1492982866
	-0.1424945659	-0.1270375995	-0.1036432005	-0.0769394004	-0.04982858453
	-0.02691290664	-0.008426495809	0.00408385676	0.01227863133	0.01570396265
	0.01544821417	0.01016293702	2.587861427e-36	-5.895556822e-36	-0.01067993839
	-0.01016159477	-0.0002884556231	0.01279264601	0.02801904553	0.04434937168
	0.06252832253	0.08197125664	0.1012417092	0.1182317863	0.1309580895
	0.1384399168	0.1404527916	0.1377222187	0.1311157452	0.1217567601
	0.1104779223	0.09811242273	0.08513332787	0.07198935452	0.0588080471
	0.04575874473	0.03275195696	0.0198354609	0.006816933921	-0.006264025636
	-0.01965989195	-0.03328706562	-0.04747351787	-0.06206984177	-0.07750561551
	-0.09349688709	-0.1104604539	-0.1276108292	-0.1447208913	-0.1595092932
	-0.1700856574	-0.172354947	-0.1643723786	-0.1442924492	-0.115605013
	-0.08193538392	-0.05046769603	-0.02356938954	-0.004618263506	0.008206423354
	0.01443085538	0.01561856811	0.01075861571	5.529417497e-36	-6.33691138e-36
	-0.009147903975	-0.005831449812	0.007880514627	0.02462015659	0.0440126775
	0.06458059823	0.08683773351	0.1089422585	0.1288430986	0.1441438137
	0.153453116	0.156566923	0.1540733085	0.1472245711	0.137163021
	0.1251277891	0.111928004	0.09831402117	0.08459983597	0.07107620629
	0.05771352729	0.04457583483	0.03150722496	0.01853694883	0.005487644197
	-0.007570501479	-0.0208365952	-0.03418479247	-0.04788178689	-0.06175385387
	-0.07621083095	-0.09105425898	-0.1069018247	-0.1234331843	-0.141180941
	-0.1588828078	-0.1755771997	-0.1872586748	-0.1904871072	-0.1802018274
	-0.1563888474	-0.1209010708	-0.08226458015	-0.04581736289	-0.01839223298
	0.0009365626858	0.01106179667	0.01457365399	0.0106693201	3.171472959e-36
	-5.05623088e-36	-0.005599282296	0.001345748172	0.01912629967	0.03966091837
	0.06322739358	0.08757864762	0.112726816	0.1355981273	0.1540190939
	0.1658299148	0.1706208279	0.1689884726	0.1622129432	0.1518739857
	0.1392605197	0.1255925376	0.1115302279	0.0976257963	0.08396074056
	0.07065246849	0.05753959757	0.04462760687	0.03173234426	0.01888439824
	0.005914882093	-0.007098714994	-0.02033506593	-0.03365886256	-0.04729341411
	-0.06103432025	-0.07521317481	-0.08958361306	-0.104716392	-0.1203958812
	-0.1375048128	-0.1555750222	-0.1749192994	-0.1928855369	-0.2065143953
	-0.209027489	-0.1962978513	-0.1655759055	-0.123520972	-0.07748010161
	-0.03895892458	-0.01002604269	0.006250986637	0.01344695656	0.01099982826
	5.503705662e-36	-3.493164878e-36	0.0001025774098	0.01132357611	0.03316949732
	0.05745596494	0.08488453036	0.1121197178	0.1386169293	0.1603346261
	0.1755911027	0.1828157648	0.182763996	0.1766617607	0.1663415647
	0.1534863079	0.1393915856	0.1250595082	0.1108853101	0.09714857375
	0.08371741381	0.07059543353	0.05756236545	0.04462875997	0.0316229911
	0.01860848665	0.00544453993	-0.007762165394	-0.02115458163	-0.03457648452
	-0.04820349851	-0.06181000142	-0.07565167949	-0.08943404284	-0.1036113216
	-0.1179213624	-0.1332680983	-0.1495602995	-0.1680471066	-0.1877370934
	-0.207624017	-0.2217495959	-0.2238197237	-0.2056654636	-0.168206035
	-0.117114161	-0.06764497247	-0.02681613005	-0.001977523784	0.01076645303
	0.01070866358	4.249638864e-36	5.946650733e-37	0.008175149007	0.02411754306
	0.04972174724	0.0774362725	0.1079330109	0.136715273	0.1627940318
	0.1816550948	0.1926109971	0.1948439781	0.1902398988	0.1804134206
	0.1675785282	0.1532831381	0.1386783478	0.1243948428	0.1105495059
	0.09718244899	0.08404902891	0.07112057715	0.05818170642	0.0452804438
	0.03226494481	0.01922648079	0.00603112033	-0.0072112047	-0.02064437748
	-0.03412847289	-0.04783210911	-0.06154990061	-0.07549734786	-0.08936618418
	-0.1034887052	-0.1174889384	-0.1320523493	-0.1469959181	-0.1637668556
	-0.1823441694	-0.2037409179	-0.2245264622	-0.2394978755	-0.2375346354
	-0.2124012359	-0.1633751326	-0.105385625	-0.05094850761	-0.01431110233
	0.006692858333	0.01040542385	5.909301477e-36	4.713217802e-36	0.01824801924
	0.03907069611	0.06795178026	0.09859222044	0.1311470394	0.1600824171
	0.1842579235	0.1991551194	0.2054144508	0.2028937955	0.1945068215
	0.1819590436	0.1676978481	0.152876293	0.1384208816	0.1245093913
	0.1110724257	0.09797643455	0.08497317045	0.07204309064	0.05901229987
	0.04596638552	0.03277230473	0.01954510315	0.006156173421	-0.007272001081
	-0.02087307756	-0.03450509366	-0.0483153228	-0.06211343644	-0.07607944701
	-0.08993020187	-0.1039191473	-0.1176407931	-0.131570996	-0.1453500748
	-0.1601918967	-0.176307676	-0.1958682123	-0.2180089473	-0.2407245402
	-0.2538334487	-0.2464199429	-0.2087302581	-0.1492810485	-0.08295640761
	-0.03242574931	-0.0003394525174	0.008909570958	5.486299338e-36	1.157190081e-35
	0.03019539039	0.05590569727	0.08736948539	0.1202390055	0.1536290985
	0.1814028041	0.2024893459	0.212828202	0.2144498461	0.2077537425
	0.1964938766	0.1821869569	0.1673558065	0.1525626879	0.1385214553
	0.1249776211	0.1118279064	0.09883517953	0.08584174914	0.07284527753
	0.05973247973	0.04660801154	0.03335200693	0.02008936646	0.006683887641
	-0.006740006829	-0.02032772843	-0.03394981613	-0.04775995282	-0.06160042891
	-0.07564265725	-0.08965405481	-0.1038445371	-0.1178389721	-0.1319535088
	-0.1456899198	-0.1598417338	-0.1743342433	-0.191405987	-0.2116510047
	-0.2363299929	-0.259053366	-0.2689116272	-0.2489668916	-0.1966680281
	-0.1229614128	-0.05727449548	-0.01080550498	0.006419046911	5.955836278e-36
	1.726481064e-35	0.04314041784	0.07354845795	0.1069217836	0.1412881975
	0.1744180068	0.20004816	0.2173929996	0.2231416494	0.2206381906
	0.2106064762	0.197450175	0.1822213989	0.1674341412	0.1529441061
	0.1393727224	0.1260875765	0.1131042424	0.1000960095	0.08705142747
	0.07394213636	0.06072274621	0.04747926663	0.03410719365	0.02072612487
	0.007197328881	-0.006348134823	-0.02005717863	-0.0337917263	-0.04769657998
	-0.06161994351	-0.07571174262	-0.08977873616	-0.1039956098	-0.1180611182
	-0.1322053596	-0.1459407201	-0.1597373159	-0.1732103605	-0.1880799948
	-0.2052532633	-0.2279888773	-0.2541971661	-0.2768466332	-0.276793088
	-0.2403253752	-0.1676284365	-0.08899304289	-0.02598169784	0.001807649361
	5.734254643e-36	2.539762792e-35	0.05683712169	0.09173365473	0.1262638072
	0.1613829284	0.1932489213	0.2160799748	0.2293701572	0.2308223113
	0.2248132179	0.2122507919	0.1979454272	0.18232143	0.1678365766
	0.1536357127	0.1403967666	0.1271663317	0.1141957811	0.1010489344
	0.08790078928	0.07464945752	0.06134061754	0.04801125035	0.03459081662
	0.02118078932	0.007646772585	-0.005879335052	-0.01955554598	-0.03324191862
	-0.04709862196	-0.0609858798	-0.07505972534	-0.08916581044	-0.1034629926
	-0.1177278596	-0.1321353754	-0.1462811465	-0.1604158799	-0.1739764316
	-0.1879699249	-0.2028903361	-0.2223815611	-0.2474779681	-0.2764469452
	-0.2931632174	-0.2770405268	-0.2142029755	-0.1273091221	-0.04652175654
	-0.004998755227	4.462386583e-36	3.056269146e-35	0.07011503816	0.1092640058
	0.1444035871	0.1796466919	0.2096000476	0.2293662122	0.2387002853
	0.2364266764	0.2276476669	0.2133351699	0.1984893482	0.1828265492
	0.1687618056	0.1547905896	0.1417930181	0.1285239696	0.1155528876
	0.102275513	0.08908639369	0.07574126261	0.06240464231	0.04901443789
	0.03555925201	0.02209120069	0.008497316703	-0.005101619058	-0.01886337817
	-0.03263693507	-0.0465862192	-0.06055671939	-0.07470002556	-0.08886749504
	-0.103199784	-0.1175290143	-0.1319935133	-0.146308168	-0.1606138232
	-0.1743732562	-0.1880488552	-0.201602971	-0.2180146714	-0.2397372893
	-0.2695379108	-0.2973674016	-0.3018398493	-0.2566850435	-0.1695194128
	-0.07266408561	-0.01479467432	3.856683423e-36	3.800733464e-35	0.08292300722
	0.1261475665	0.1613747947	0.1962204383	0.2238022351	0.2404948456
	0.2461235787	0.2407509545	0.2298021986	0.2143204899	0.1992457828
	0.1836548288	0.1699246885	0.1560213426	0.1431112035	0.1296742653
	0.116634052	0.1031594825	0.08989876144	0.07640815172	0.06301841893
	0.04953097779	0.03603816211	0.02251917172	0.008912986113	-0.004685337956
	-0.01842361055	-0.03214936546	-0.04604455049	-0.05994713335	-0.07403457176
	-0.08816341986	-0.1024859292	-0.1168727567	-0.1314441117	-0.1460165091
	-0.1606603051	-0.1749627851	-0.1890203644	-0.2024284236	-0.21702699
	-0.2352902126	-0.2625195993	-0.2953348748	-0.316580991	-0.2929274788
	-0.2135903414	-0.1043165471	-0.02766208753	6.218173593e-37	4.069145638e-35
	0.09401272193	0.1412161332	0.1763002781	0.2104056561	0.235523983
	0.2493923313	0.2517871107	0.2439984735	0.2314465125	0.2152849396
	0.2001898695	0.184750443	0.171293701	0.1573980128	0.1445452539
	0.1309495352	0.1179039171	0.1042954794	0.09106427976	0.07750240271
	0.06416171199	0.05064221502	0.03718887203	0.02365117679	0.01005410984
	-0.003573094788	-0.01734601579	-0.03112662594	-0.04509871676	-0.05907934196
	-0.07326076199	-0.08746896146	-0.1018665846	-0.1163207423	-0.1309475925
	-0.1456290142	-0.1604066477	-0.1750232134	-0.1893968115	-0.2030309896
	-0.2167196821	-0.2322578344	-0.2555256487	-0.2885765753	-0.3211931439
	-0.3193007504	-0.2551422674	-0.1398830304	-0.04382294766	-7.834009918e-37
	4.618812768e-35	0.1037371433	0.1548571959	0.1896435459	0.2227771409
	0.2454646952	0.2568485124	0.2564631514	0.2468389578	0.2330548541
	0.2165058916	0.2014006374	0.1860726355	0.1727320421	0.1587441457
	0.1458534849	0.1320438747	0.1189517526	0.1051535362	0.09190584942
	0.07819108301	0.0648376036	0.05119269606	0.03772011476	0.02409257692
	0.01048138335	-0.003183951138	-0.01694589116	-0.0307031653	-0.0446283778
	-0.05853537343	-0.07264839241	-0.08677305314	-0.1011192569	-0.1155406013
	-0.1301836554	-0.1449599414	-0.1599059717	-0.1748850862	-0.1897274628
	-0.2040108723	-0.2177462935	-0.2318884795	-0.2514440373	-0.2819012769
	-0.3203921267	-0.3374000116	-0.2927182693	-0.1782334105	-0.0632024982
	-6.269377408e-36	4.540659984e-35	0.1108553876	0.1659106617	0.2005217878
	0.2326249457	0.2531854938	0.2625521411	0.2599529054	0.2490537392
	0.2343806623	0.2176996	0.2025976042	0.1874018333	0.1741133583
	0.1600560244	0.1471422913	0.1331861641	0.120120119	0.1062079963
	0.09304612231	0.07926187715	0.06602176738	0.05234733079	0.03899157311
	0.02536550094	0.01185064148	-0.001803227087	-0.01551742017	-0.02928324859
	-0.04323037531	-0.05718761921	-0.07138797629	-0.08559706272	-0.1000592102
	-0.1145687291	-0.129314378	-0.1441820715	-0.1592409748	-0.1744238323
	-0.1895530709	-0.2043519344	-0.2183944295	-0.2319915495	-0.2486111682
	-0.2752393851	-0.3151950393	-0.3468950436	-0.3233909797	-0.2165796622
	-0.08519830201	-9.161307027e-36	4.875674381e-35	0.1161921677	0.1751383563
	0.209790102	0.2408658103	0.2596113876	0.2673979366	0.2630508945
	0.2512793154	0.235902132	0.2191930185	0.2039920506	0.1888808197
	0.1755098869	0.161354752	0.1483449945	0.1342273498	0.1211334446
	0.1070615657	0.09392294789	0.07997967083	0.06677361174	0.05294446683
	0.03961085318	0.02584942255	0.01234383179	-0.001403814007	-0.01510495116
	-0.02889796826	-0.04280554066	-0.05671160043	-0.07083789776	-0.08494044248
	-0.0993198172	-0.1137267404	-0.1284333327	-0.1432778947	-0.1584042248
	-0.173749293	-0.189174294	-0.2045176904	-0.2191577843	-0.233004639
	-0.2478857021	-0.2707506514	-0.3092257964	-0.3510582229	-0.3479969017
	-0.2539297435	-0.1094967712	-1.720756188e-35	4.448182162e-35	0.1184813949
	0.1812827436	0.2163964065	0.2465859269	0.2640034583	0.2707204658
	0.2651678881	0.2529323156	0.2370735383	0.2204624983	0.2051449817
	0.1901559535	0.1766737849	0.1625005393	0.1494185629	0.1352327257
	0.1221651866	0.1080208213	0.09499115777	0.08098279799	0.06794249359
	0.05407281118	0.04093810166	0.02717594126	0.01387260317	0.0001591424893
	-0.01337518604	-0.02713016772	-0.04095047917	-0.05485663537	-0.0690052696
	-0.08316859653	-0.09766527479	-0.1121738749	-0.127033608	-0.1419820913
	-0.1572600532	-0.1727455542	-0.1884045782	-0.2041267498	-0.2192799602
	-0.2336024761	-0.2475754765	-0.2672120787	-0.3024867092	-0.3503992093
	-0.3656694265	-0.2879958187	-0.1347858846	-2.209399172e-35	4.62452972e-35
	0.1190075885	0.1854687422	0.2215400536	0.2510189902	0.2675167605
	0.2735710402	0.2672358038	0.2547886384	0.2385419429	0.2220350244
	0.206495066	0.1915831639	0.1778861797	0.1636983488	0.150464821
	0.1362205393	0.1231028135	0.1088620239	0.09586250634	0.08171806826
	0.0687526194	0.05471589883	0.04166713438	0.02772494435	0.01449260117
	0.000615389511	-0.01286924584	-0.0267331518	-0.04050377155	-0.054426532
	-0.06849449295	-0.0825687189	-0.09695185882	-0.1113060395	-0.1260654074
	-0.1408850444	-0.1561490842	-0.1716373297	-0.1874650869	-0.2034769755
	-0.2191534365	-0.234135136	-0.2479921916	-0.2653100785	-0.2968102608
	-0.3475224342	-0.3783924699	-0.3188516812	-0.1608364611	-3.239294628e-35
	3.899803288e-35	0.1164173028	0.1862171735	0.2238511802	0.2529150533
	0.2689929051	0.2748730794	0.2682679944	0.2559134899	0.2394849309
	0.223157235	0.2074130294	0.1926267736	0.1787297899	0.1646198347
	0.1512641019	0.1370701266	0.1239322344	0.1097037265	0.09679073808
	0.08262112475	0.069842937	0.05576812456	0.04298814417	0.02902777026
	0.01611453089	0.002260712291	-0.01090247279	-0.02470719653	-0.03822016605
	-0.05208997679	-0.06603136759	-0.08011577333	-0.09453633044	-0.1089807367
	-0.1239043606	-0.138848482	-0.1543178722	-0.1699344529	-0.1860000345
	-0.2022582371	-0.218385704	-0.2339480486	-0.2480409744	-0.2637848427
	-0.2914397799	-0.3425284166	-0.3860927524	-0.3453407271	-0.1862092037
	-3.923971674e-35	4.012234109e-35	0.1124246804	0.1850513072	0.2248790544
	0.2538485976	0.2699021672	0.275962166	0.2694556277	0.2573716733
	0.240844811	0.224646256	0.2086240304	0.1938984371	0.1797137869
	0.1656769108	0.1521148021	0.1379844778	0.12473136	0.110520085
	0.09758782592	0.08336534466	0.07066281068	0.05645575703	0.04381867339
	0.02965914615	0.01690790113	0.002819357526	-0.01020364292	-0.02423042015
	-0.03763427763	-0.0516471336	-0.06548130877	-0.0795676157	-0.09384138638
	-0.1081378391	-0.1228839422	-0.1376070656	-0.1529560259	-0.1684179994
	-0.1845333544	-0.2008617079	-0.217337569	-0.2333746289	-0.2479851316
	-0.2628443986	-0.2871305328	-0.3369195454	-0.390583338	-0.3682699737
	-0.2110880866	-5.085118716e-35	3.057181797e-35	0.1055370936	0.1802012739
	0.2227912404	0.2521219127	0.2686017746	0.2752618819	0.2693614226
	0.2578330241	0.2414467788	0.2254529938	0.2092368518	0.1945998476
	0.1801938706	0.1663064128	0.1525845091	0.1386298976	0.1252854
	0.111217622	0.09829183432	0.08415778475	0.07159253243	0.05741446924
	0.04506136932	0.03089061052	0.01855338948	0.004457409521	-0.008074031483
	-0.0220668115	-0.03498251393	-0.04892709867	-0.06238220592	-0.07642360167
	-0.0905305879	-0.1048732708	-0.1196920434	-0.1345554767	-0.150129468
	-0.1657490174	-0.1821415369	-0.1986447159	-0.2155109545	-0.231961759
	-0.2471469413	-0.2615752473	-0.2829787692	-0.3303929992	-0.3917791566
	-0.3872157935	-0.2343405203	-5.908522234e-35	3.214930378e-35	0.09791525121
	0.1736564017	0.2195339108	0.2497351379	0.2669680451	0.2745290549
	0.269574438	0.2587568568	0.2426301948	0.2267887398	0.2103221583
	0.1956760866	0.1809728433	0.1671751134	0.1532208155	0.1394298608
	0.125891119	0.1119866869	0.09893682844	0.0849090546	0.07233566006
	0.05816054158	0.04592949495	0.03162861191	0.01951737892	0.005162476357
	-0.007102710482	-0.02143173351	-0.03410756259	-0.04837547271	-0.06163121842
	-0.07587129193	-0.08977190872	-0.104090253	-0.1186505979	-0.1332703712
	-0.1485763552	-0.1638928316	-0.1801568735	-0.196510498	-0.2135513924
	-0.2301652793	-0.245878893	-0.2601459476	-0.2793136629	-0.3237052507
	-0.3909523938	-0.4031307724	-0.2565272872	-7.083122664e-35	2.090103004e-35
	0.08784838017	0.163347513	0.2127482464	0.2443826802	0.2628026708
	0.2716087186	0.268074537	0.2583020236	0.2427582794	0.2271735361
	0.2106203893	0.1959829776	0.1810844062	0.167422515	0.1533269991
	0.1397782993	0.1261075731	0.1124869601	0.09932928019	0.0855797215
	0.07300092029	0.05904055524	0.04698499313	0.03279840259	0.02108488373
	0.006754724321	-0.004902863239	-0.01924007025	-0.03117863594	-0.04542297348
	-0.05795556545	-0.0721400898	-0.08550409195	-0.09982159735	-0.1141757487
	-0.1289241214	-0.1443662761	-0.1598960842	-0.1764711426	-0.1930221334
	-0.2104239279	-0.227277655	-0.2435499892	-0.257863774	-0.2753131026
	-0.3164002893	-0.3878560723	-0.4158542837	-0.2768865046	-7.96516102e-35
	2.403316228e-35	0.07799313044	0.1519188516	0.2048262914	0.2385703074
	0.2585308674	0.2687828569	0.2669779329	0.258457738	0.2436410032
	0.2283267064	0.211655714	0.1968925308	0.1817235638	0.1680718702
	0.1537616342	0.1403870291	0.1265053789	0.1131433298	0.09976718782
	0.08631657921	0.07356483044	0.05986624129	0.04776607656	0.0336943891
	0.02212128884	0.007679834513	-0.003667817803	-0.01835024886	-0.02989171151
	-0.04463517584	-0.056783426	-0.07145272906	-0.08447813654	-0.09906407757
	-0.1130518036	-0.12772051	-0.1427206618	-0.1578750879	-0.1740711601
	-0.1902219697	-0.2075334402	-0.2242517323	-0.2408094405	-0.2550654429
	-0.2712691284	-0.3089003304	-0.3833134766	-0.4262062419	-0.2961636004
	-9.067119538e-35	1.132437007e-35	0.06631445429	0.1369348757	0.192900707
	0.2292848702	0.2512425939	0.2632224782	0.2635788194	0.2566636767
	0.2430202024	0.2281863467	0.2116246756	0.1967981512	0.1814939133
	0.1678576521	0.1534784704	0.1403083568	0.1263414827	0.1133196505
	0.09979742885	0.08678953214	0.07387570846	0.06066953566	0.04849696867
	0.03486180315	0.02345070758	0.009285227093	-0.001557563034	-0.01614248684
	-0.0268341659	-0.04158239257	-0.05265618544	-0.06733687074	-0.07930611812
	-0.09389187016	-0.1071480697	-0.1219147139	-0.136702769	-0.1521401079
	-0.1685672855	-0.1850301618	-0.2027346841	-0.2196123866	-0.236586717
	-0.2509638131	-0.2663632822	-0.300658315	-0.3769581015	-0.4340598639
	-0.3138488136	-9.944604853e-35	1.732968747e-35	0.05598537484	0.12197241
	0.1800809214	0.2195495362	0.2440113701	0.2579294666	0.260601685
	0.2555765003	0.2433129856	0.2290557369	0.2126361974	0.1976452067
	0.1820838744	0.1683091636	0.1537559248	0.1406382594	0.1265458549
	0.1137394359	0.1000309467	0.08740193357	0.07422270242	0.06152843935
	0.04907173936	0.03596233165	0.02437689775	0.01054870661	-0.0002161591131
	-0.01483798969	-0.02516364344	-0.04036353212	-0.05089427171	-0.06630542595
	-0.07769777475	-0.09300883161	-0.1057027185	-0.1208280136	-0.1349989751
	-0.1502317939	-0.165957121	-0.1818488099	-0.1990104858	-0.2153729404
	-0.2322862663	-0.2463695062	-0.2610928339	-0.2921005399	-0.369399234
	-0.4400328295	-0.3307571065	-1.094397278e-34	2.550081572e-36	0.04437970302
	0.1041468894	0.1629802117	0.2055996192	0.2331309251	0.249205339
	0.2545611075	0.2517749343	0.2413825215	0.2280847119	0.2121619952
	0.1971381129	0.1815256575	0.1676282069	0.1530434432	0.1400101069
	0.1259517452	0.1133968712	0.09968015698	0.08747983046	0.07417222945
	0.06211917242	0.04942235133	0.03711877021	0.02530973421	0.0122891048
	0.001562796785	-0.01246949642	-0.02223844799	-0.03718218436	-0.04656925842
	-0.06196224763	-0.07182979338	-0.08720394655	-0.09840098419	-0.1136635155
	-0.1268694476	-0.1424194931	-0.1579931789	-0.1743552002	-0.1918639136
	-0.2085502801	-0.2257656837	-0.2398289018	-0.2543681817	-0.2825086861
	-0.3600693604	-0.4439505654	-0.3464972815	-1.178774847e-34	1.308300515e-35
	0.03540333927	0.08804570339	0.1458787419	0.1913162784	0.2222579556
	0.2409274818	0.2490209307	0.2486620132	0.2404085197	0.2283135963
	0.2129656838	0.1979538942	0.1821647554	0.1679748057	0.1532199067
	0.1400545495	0.1259541182	0.1134580111	0.09972838919	0.0877696557
	0.07436213675	0.06280293911	0.04982588243	0.03829548344	0.02604102583
	0.01393342592	0.002771798921	-0.01052928723	-0.02044585538	-0.03522170971
	-0.04428203036	-0.06024225712	-0.06941146344	-0.08585397201	-0.09623514926
	-0.1125450757	-0.124866121	-0.1408652248	-0.1553724894	-0.171271733
	-0.18765971	-0.2033730206	-0.2198432017	-0.2332459063	-0.2473254048
	-0.2725519586	-0.349668212	-0.4463067963	-0.3619340451	-1.268120441e-34
	-5.202638704e-36	0.02518889992	0.06998651447	0.1250289167	0.1721347068
	0.2068344828	0.2284495973	0.2395095304	0.2418636444	0.2362381891
	0.2257688235	0.211569103	0.1968528748	0.1811785413	0.1668397723
	0.1520449605	0.138822752	0.1248273176	0.1124458627	0.09890691513
	0.08721081579	0.07396599934	0.06287999271	0.04989371817	0.03917965764
	0.02663998893	0.0157213926	0.004107717746	-0.007838026799	-0.0179953955
	-0.03162804384	-0.04022055621	-0.05557256463	-0.06328743365	-0.07965091755
	-0.08788809725	-0.1043712266	-0.1146443375	-0.1309991947	-0.1443078017
	-0.1608691955	-0.1771290644	-0.1934780728	-0.210308948	-0.2237438604
	-0.2378731756	-0.2611094843	-0.3372975042	-0.4466934382	-0.3767030166
	-1.350902435e-34	1.190347168e-35	0.01888316212	0.05584037401	0.1059996734
	0.1534525123	0.1914834229	0.2164113965	0.2306347867	0.2358394867
	0.2328815014	0.2244438924	0.2115448703	0.1972958865	0.1817651756
	0.1671465217	0.1521723567	0.1386704303	0.124617397	0.1121392369
	0.0987027421	0.08706573144	0.07399970814	0.06313556259	0.05026869537
	0.04007239008	0.02736762705	0.01744201454	0.005230590276	-0.005313096312
	-0.01631538316	-0.02861299282	-0.03782105647	-0.05258730327	-0.06024828763
	-0.07723537853	-0.08468811618	-0.1027452798	-0.1118418021	-0.129663817
	-0.1415568603	-0.1584141537	-0.1728101887	-0.1881309945	-0.2030648931
	-0.2151154917	-0.228654888	-0.2496842776	-0.3239660886	-0.4456914291
	-0.391805363	-1.43120736e-34	-1.273777382e-35	0.01070275362	0.03987156008
	0.08437425074	0.1302845574	0.1707261997	0.1991568989	0.2169280125
	0.2249945271	0.2251703414	0.219087032	0.2080801115	0.1948541839
	0.179877784	0.1653299171	0.1504147367	0.1367977149	0.1228508295
	0.1103950893	0.09723148939	0.08576127763	0.07308792205	0.06249794966
	0.05006421762	0.04030191247	0.02788922803	0.01880416064	0.006429507652
	-0.002581918851	-0.0142925491	-0.02449711029	-0.03443287563	-0.0471827415
	-0.05468642981	-0.07038844389	-0.07616551435	-0.0938971366	-0.1000366982
	-0.1182128776	-0.1271977521	-0.1447339968	-0.157676993	-0.173957714
	-0.1888199591	-0.2017886118	-0.2156594699	-0.2358436856	-0.3082042714
	-0.4424881857	-0.4066873479	-1.512101996e-34	1.485976534e-35	0.007626909115
	0.03004052809	0.06743062933	0.1097334989	0.1509979433	0.1826397506
	0.2038149658	0.2151740489	0.2183032981	0.2147455536	0.2058948338
	0.1938880435	0.1796671784	0.1652434988	0.1503239096	0.1364541004
	0.1224335782	0.1097849904	0.09672744859	0.08521830269	0.07283185959
	0.0623305649	0.05030735179	0.04073842625	0.02877328591	0.02008816877
	0.007905857958	-0.0001223911675	-0.01239617208	-0.02073652751	-0.03207301395
	-0.04261390346	-0.05158092057	-0.06599008511	-0.07234577832	-0.0906022415
	-0.09608062446	-0.1163155701	-0.1235208946	-0.1429496426	-0.1532555815
	-0.1692773071	-0.1810407526	-0.1920651438	-0.2039647093	-0.2231064072
	-0.2921826833	-0.4377043436	-0.4227934595	-1.59469017e-34	-2.160137495e-35
	0.001011515921	0.01740180811	0.04820648451	0.08602031856	0.126559656
	0.1600199913	0.1849505661	0.1995292281	0.2057806476	0.2050464175
	0.1986445716	0.1884557401	0.175566397	0.1618075957	0.147340042
	0.1335982915	0.1197759664	0.1071995448	0.09444386619	0.08310091592
	0.07120075379	0.06095004593	0.04956010416	0.04030283348	0.02906695282
	0.02075070511	0.009298342552	0.001906452424	-0.01006756028	-0.01685135587
	-0.0289438784	-0.03657803229	-0.04703188906	-0.0580188163	-0.0648936037
	-0.08064920067	-0.08423571417	-0.1034315551	-0.106622842	-0.1263357775
	-0.1324593607	-0.149859046	-0.1597216209	-0.1728390677	-0.1858622338
	-0.2068765767	-0.2725284909	-0.4299813842	-0.4389892251	-1.67524488e-34
	2.229318997e-35	0.001440059921	0.01261089844	0.03652736215	0.06863698922
	0.1056209144	0.1398112554	0.1672952941	0.1849935775	0.1944878785
	0.1963790332	0.1924952506	0.1842604639	0.1728791446	0.159983189
	0.1460885807	0.1324784953	0.1188034918	0.1061647644	0.09354163419
	0.0821981826	0.0705927121	0.06042921189	0.0495342119	0.0404206471
	0.0298395784	0.02171210158	0.0110327243	0.003871048478	-0.007363998601
	-0.01353960333	-0.02567762995	-0.03141760679	-0.04365837769	-0.05132952011
	-0.06109710493	-0.07414881584	-0.07951185858	-0.09881885212	-0.1015089189
	-0.1235627166	-0.127043482	-0.1463041725	-0.151579478	-0.1643478312
	-0.1731930491	-0.1934680779	-0.2544147002	-0.420553149	-0.4573198166
	-1.760664678e-34	-3.274760057e-35	-0.00515761641	0.002411956883	0.02186230826
	0.0482423867	0.0818523929	0.1146776703	0.1433928262	0.1639836122
	0.1763603148	0.1810121334	0.1797463618	0.1737319214	0.1643246295
	0.1529153469	0.140177795	0.1273345772	0.1143135405	0.1020934438
	0.08998522061	0.0790051646	0.06797006236	0.05820551519	0.0480220166
	0.03930369289	0.0296052481	0.02184274882	0.01217860894	0.005359649029
	-0.004731307494	-0.01055486392	-0.021614298	-0.02631405718	-0.03860846642
	-0.04300603725	-0.05482462552	-0.06225479794	-0.06950664519	-0.08367280129
	-0.08429397397	-0.1039648426	-0.1016235785	-0.1210656973	-0.1212880155
	-0.1375623299	-0.146060211	-0.17391938	-0.2317974865	-0.4057187618
	-0.4756856728	-1.880603365e-34	3.487861647e-35	-0.001719291719	0.003149588811
	0.01656937577	0.03796354323	0.06594544711	0.09510664708	0.12346108
	0.1451879864	0.1599612513	0.1671391807	0.1682737277	0.1643966138
	0.1569905205	0.1471207861	0.1357069676	0.1237418919	0.1114551903
	0.09967102966	0.08803009756	0.07732100742	0.06672372576	0.05722950557
	0.04756549484	0.03914161069	0.03012852486	0.02261843095	0.01385157076
	0.007234830812	-0.001785314093	-0.00745526635	-0.01724702336	-0.02181485687
	-0.03307472761	-0.03632625999	-0.04923263441	-0.05269218115	-0.06440305319
	-0.07317046881	-0.07834033499	-0.09636974776	-0.09410541477	-0.1166006597
	-0.1130123276	-0.1319428011	-0.1357820021	-0.1643397768	-0.2134335102
	-0.3891839904	-0.4970148613	-1.994047906e-34	-5.247908275e-35	-0.009601330523
	-0.007495833304	0.005677268293	0.02381316769	0.0470669815	0.07297462469
	0.09879570759	0.1202623678	0.1363808889	0.1454650545	0.1487998962
	0.147136528	0.1418449062	0.1339587113	0.1243662335	0.1139480188
	0.1030509284	0.09239682534	0.08182542473	0.0719834326	0.06231948387
	0.0535669274	0.04481368577	0.03708777702	0.02902741812	0.02215450225
	0.01449175836	0.008370008196	0.0006713631249	-0.004615257163	-0.01287480879
	-0.01716241452	-0.02653117646	-0.02939991876	-0.04066764543	-0.04155796245
	-0.05428655491	-0.05524768409	-0.06411869106	-0.07141605596	-0.0689715927
	-0.08585728282	-0.07535854429	-0.0973828392	-0.09792629046	-0.135874986
	-0.1878244689	-0.3645842786	-0.515731574	-2.13839663e-34	5.925480204e-35
	-0.00331678038	-0.0007663995571	0.009124351002	0.02185750954	0.04038294059
	0.0603374829	0.08172595799	0.1009147502	0.11648012	0.1263812463
	0.1314174406	0.1315766555	0.1283093065	0.1222889058	0.1145143805
	0.1056513098	0.09619289514	0.08669732532	0.07720546869	0.06822061884
	0.05942090892	0.05134823677	0.04339006208	0.03625879503	0.0290023974
	0.02270075433	0.01592078754	0.01030013384	0.003719712167	-0.001227423074
	-0.008058529369	-0.01211180165	-0.01971801564	-0.02254925163	-0.03157370019
	-0.03235023643	-0.04392839037	-0.04189994928	-0.05526588667	-0.05444389106
	-0.06269771666	-0.07296951451	-0.06976091866	-0.09438561252	-0.09372628074
	-0.1336434229	-0.181157821	-0.3359555681	-0.5374832045	-2.532326732e-34
	-8.854209657e-35	-0.01352410081	-0.01030503111	-4.584248949e-05	0.01302636369
	0.02816349143	0.04378295532	0.06104950803	0.07662800399	0.09014652925
	0.0996746439	0.1053376152	0.1069637044	0.1055307017	0.1015589703
	0.09589775202	0.0891184298	0.0816822269	0.07405198046	0.06634245241
	0.05894393209	0.05168164402	0.04495853767	0.03836706616	0.03240061341
	0.02643199214	0.02116997709	0.01565032035	0.01100194033	0.005755240545
	0.001642085689	-0.00355864565	-0.006992954934	-0.01256552859	-0.01490826963
	-0.02130027427	-0.0218830973	-0.02989181054	-0.02695750277	-0.03818238695
	-0.03014361385	-0.04303472975	-0.03533448256	-0.04150466273	-0.04906832009
	-0.05295217204	-0.09021559241	-0.1459099096	-0.2940853307	-0.548004386
	-2.946787863e-34	9.069684365e-35	0.003619298567	0.006406876884	0.01602975688
	0.02151355522	0.02957841331	0.0388698781	0.04990039087	0.06029058471
	0.07050625705	0.0780561278	0.08342657758	0.08575016597	0.08579665599
	0.08359995901	0.07993376412	0.07510369572	0.06958527658	0.06370791373
	0.05765907783	0.05172793801	0.04586945071	0.04037469151	0.03500043352
	0.03010054804	0.02526350903	0.02095608978	0.01657445523	0.01283053797
	0.008767770345	0.00554939642	0.001702575524	-0.0009820037327	-0.004803511665
	-0.006673707558	-0.01087068381	-0.01142375476	-0.01655099445	-0.01483315669
	-0.0227878489	-0.01621777953	-0.03145706221	-0.01908466165	-0.04456161005
	-0.03645811754	-0.07113233544	-0.08216231893	-0.1637624403	-0.2654719196
	-0.5496758169	-3.669844146e-34	-1.225265669e-34	-0.007499716532	0.002877794761
	0.01411068485	0.01581744421	0.02134041663	0.0255662189	0.03137580769
	0.03742968578	0.04390932057	0.04903650404	0.05322336332	0.05561340542
	0.05651743306	0.05589832351	0.05420041605	0.05158641398	0.04840444412
	0.04487634727	0.04115308542	0.03743908978	0.03373559385	0.03022801301
	0.02679210801	0.02364684927	0.02054553604	0.01778229576	0.01499631225
	0.01259523826	0.01004546944	0.008009936023	0.005610466504	0.003936480819
	0.001637333235	0.0003928529009	-0.001973804153	-0.002503073796	-0.005228669372
	-0.004650773886	-0.008385170134	-0.005260451847	-0.01316572898	-0.002785977618
	-0.02214661552	0.001322530528	-0.04072584217	-0.01414371942	-0.1245702107
	-0.1798223592	-0.5077460616	-5.223507582e-34	2.655967828e-34	0.04193437341
	0.04608382373	0.03938646831	0.03040713636	0.02939182479	0.02516174866
	0.02446592565	0.0245438005	0.02621942407	0.02793921665	0.03034330021
	0.03213191013	0.03352219679	0.03414243977	0.03412170574	0.03341908888
	0.03224391178	0.03066978246	0.02882402677	0.02684145314	0.02474856579
	0.02268048696	0.02059252703	0.01862279528	0.01665577636	0.01486410965
	0.01305956127	0.01146618813	0.009822999652	0.008443320791	0.006925225179
	0.005785555294	0.004366155482	0.00348513053	0.002136504845	0.001587954074
	0.0002197559519	4.248441548e-05	-0.001423943687	-0.001320932781	-0.003879722414
	-0.002547138041	-0.01201154325	-0.006108310882	-0.04223406699	-0.03079877947
	-0.1447451664	-0.1339534028	-0.444829437	-9.331741501e-34	-1.810068152e-35
	0.01198645839	0.01869752105	0.01279165011	0.009731346459	0.00897317623
	0.006818871038	0.006109081452	0.005566958647	0.005356563531	0.005434302038
	0.005766184249	0.006047420302	0.006381630369	0.00658796603	0.006687220019
	0.006648325414	0.006515444202	0.006266706024	0.005965006264	0.005604180778
	0.005218442775	0.004816568798	0.004411119843	0.004014254937	0.003620501441
	0.00325425728	0.002885694213	0.002558251974	0.002220234691	0.001935739366
	0.001621754385	0.001389356139	0.001092428028	0.0009135334559	0.0006289623428
	0.0005204616469	0.0002162753942	0.0001641621411	-7.39685016e-05	-0.0003889369377
	-0.0002480668411	-0.001433179035	-0.001133748905	-0.003473162128	-0.006802863127
	-0.006994302269	-0.03467880389	-0.005989709801	-0.1317085464	-1.181863906e-33
	-1.795462176e-35	2.479227827e-34	2.807583608e-34	3.130045099e-34	3.173662401e-34
	3.226740704e-34	3.553558261e-34	3.825206359e-34	4.183231666e-34	4.506511576e-34
	4.753610316e-34	4.88934582e-34	4.884950209e-34	4.740175643e-34	4.448054955e-34
	4.053031618e-34	3.551435543e-34	3.004273265e-34	2.409372825e-34	1.823230476e-34
	1.238614583e-34	7.029334856e-35	2.029235032e-35	-2.254474282e-35	-5.968799064e-35
	-8.87007652e-35	-1.108500439e-34	-1.247237872e-34	-1.310869915e-34	-1.296311963e-34
	-1.20220719e-34	-1.038494705e-34	-7.924877481e-35	-4.89115424e-35	-9.904316828e-36
	3.271466208e-35	8.503976631e-35	1.380225725e-34	2.023814114e-34	2.63015509e-34
	3.419102262e-34	4.06594841e-34	5.128611406e-34	5.910923439e-34	7.683285971e-34
	9.330652509e-34	1.341805384e-33	1.899760483e-33	2.847277722e-33	4.67692623e-33
	2.900696921e-33	
