2601	
	-2.046739243e-34	-4.105833835e-34	-4.102244832e-34	-4.103870173e-34	-4.09018219e-34
	-4.080926522e-34	-4.062243185e-34	-4.050066757e-34	-4.029031208e-34	-4.012450646e-34
	-3.983308478e-34	-3.955485681e-34	-3.911181436e-34	-3.866184276e-34	-3.801306458e-34
	-3.7349057e-34	-3.64680133e-34	-3.559456313e-34	-3.453262213e-34	-3.356730273e-34
	-3.252369093e-34	-3.174997684e-34	-3.108435251e-34	-3.090385467e-34	-3.102035309e-34
	-3.177589189e-34	-3.290406688e-34	-3.464565697e-34	-3.661905082e-34	-3.892746919e-34
	-4.108811807e-34	-4.310511603e-34	-4.450513627e-34	-4.533276947e-34	-4.531022622e-34
	-4.466422699e-34	-4.340332984e-34	-4.188180473e-34	-4.026088433e-34	-3.878158249e-34
	-3.758314748e-34	-3.663151229e-34	-3.606374733e-34	-3.557957152e-34	-3.547288265e-34
	-3.520331469e-34	-3.535113842e-34	-3.511337701e-34	-3.541976334e-34	-3.515471638e-34
	-1.79411467e-34	3.578255493e-38	-0.0004376267928	-0.000530027156	-0.0005706910174
	-0.0003813218062	-0.0002332361776	-5.763260358e-05	4.509034703e-05	0.0001373361009
	0.0002467047664	0.0004084107536	0.0006579021798	0.000975592218	0.001390218388
	0.001850928517	0.002370861726	0.002873148958	0.003343493636	0.003697147867
	0.003910423134	0.00393003648	0.003745918899	0.003357043347	0.002762615536
	0.002008114249	0.001085837029	7.954825845e-05	-0.001031152152	-0.002121356263
	-0.003218487005	-0.00414841115	-0.004950274687	-0.005406019918	-0.005613167279
	-0.005339450025	-0.004830209006	-0.003856301757	-0.002873078956	-0.001602905306
	-0.0006617904688	0.0003755369183	0.0008377818939	0.001394362144	0.001298936192
	0.001508735425	0.001095245187	0.00119561475	0.0007170434691	0.0007907776917
	0.0001416493109	5.388331531e-37	-4.029466425e-37	-0.001883156635	-0.002737098255
	-0.002978310929	-0.002245156807	-0.001332166093	-0.0003494108604	0.0003960113705
	0.001065326204	0.001807516137	0.002848597189	0.004304644808	0.006196807698
	0.008504504406	0.01109493241	0.01382192193	0.01642107783	0.01865207187
	0.02023130105	0.02096656611	0.02071588807	0.01943654209	0.01717026957
	0.01398291132	0.0100347753	0.00541663701	0.0003586827225	-0.005048698283
	-0.01048702208	-0.01583001972	-0.02062563336	-0.02469368676	-0.0274766479
	-0.02886602429	-0.02838354595	-0.02628461875	-0.02239199402	-0.01752615949
	-0.01177148191	-0.006319989066	-0.00117059453	0.00257526568	0.005405071738
	0.006544547881	0.007125115085	0.006426256895	0.005967482138	0.004660430489
	0.003839089264	0.001830906224	2.614018268e-36	-1.390190106e-36	-0.003689019951
	-0.005263249479	-0.005195318113	-0.003538547156	-0.001550204192	0.0005295761996
	0.002297100946	0.00412286964	0.006302016602	0.009223668488	0.0129675946
	0.0174745746	0.02247842806	0.02759157	0.03230186054	0.03607226834
	0.0384338034	0.03909755611	0.03796136877	0.03513671588	0.03081597452
	0.02530841003	0.0188412662	0.01172055179	0.004070978386	-0.003834151525
	-0.01194878717	-0.01993790936	-0.02772682032	-0.03479342082	-0.04094485677
	-0.0454438568	-0.0480774744	-0.04813021301	-0.04577145202	-0.04072062052
	-0.03389067137	-0.02547944299	-0.01692097492	-0.008436731975	-0.00141748545
	0.004310390698	0.007801625187	0.009906930336	0.01009899443	0.009843972795
	0.008341428719	0.006916358493	0.003816081312	-6.184438767e-37	-2.186880808e-36
	-0.005750207268	-0.008027165256	-0.007373433761	-0.004535742716	-0.001048271756
	0.002672925194	0.006212037279	0.01017145598	0.0149480494	0.02097322371
	0.02812475965	0.03603465565	0.04397946771	0.05115351438	0.05672137613
	0.06009982673	0.06098474632	0.05943657961	0.0556961443	0.05016782793
	0.04319142988	0.03513574412	0.0261841523	0.01658021107	0.006346931049
	-0.004311007662	-0.01543359189	-0.02670750817	-0.0380922017	-0.04898523558
	-0.0591054685	-0.06743879833	-0.0734767651	-0.07602386458	-0.07487931085
	-0.06942244542	-0.06058469683	-0.04876513925	-0.03592145065	-0.02270434188
	-0.01103977987	-0.0009851913164	0.006170206943	0.01111211465	0.01324868376
	0.01397338973	0.01271026554	0.01082740265	0.006409573836	4.43903793e-36
	-3.401368762e-36	-0.007768417835	-0.01035443127	-0.0084099406	-0.003767705678
	0.001832490643	0.007738812524	0.01378940672	0.02080910042	0.02917349829
	0.03907339655	0.04984645285	0.06056268516	0.06997806224	0.0770865977
	0.08115517804	0.08202122215	0.07984728825	0.0751237206	0.06833003272
	0.0600028314	0.05048979152	0.04015795057	0.02914758557	0.01768713011
	0.005751626109	-0.006485372216	-0.01914833915	-0.03200092284	-0.04515094388
	-0.0581097403	-0.07076099846	-0.0821074592	-0.09160201451	-0.09768681933
	-0.09967965869	-0.09624282465	-0.08781064969	-0.07453906668	-0.05871622685
	-0.04152846508	-0.02562435835	-0.01141071228	-0.0005126984766	0.007688470039
	0.01246801211	0.01501778776	0.01488634498	0.01318160082	0.008109068752
	1.628201368e-36	-4.295378704e-36	-0.009496998969	-0.011838649	-0.007991564216
	-0.001102897087	0.007082499383	0.01579597926	0.02528427422	0.03631928721
	0.04894037251	0.06268889185	0.07617398893	0.08799417968	0.09677470966
	0.1018335926	0.1029748285	0.1006160475	0.09530873029	0.08776920125
	0.07853611516	0.06815319334	0.05692247502	0.04516847369	0.03296564677
	0.02048156957	0.007614107311	-0.005538455624	-0.01919272648	-0.03321246993
	-0.04784168879	-0.06274287947	-0.07800332838	-0.09278259948	-0.1066628316
	-0.1179277666	-0.1254826006	-0.1270563772	-0.1220252973	-0.109496345
	-0.09149418152	-0.06960841612	-0.04775045162	-0.02734081144	-0.01101481018
	0.001756356075	0.01002089768	0.01508851261	0.01649712606	0.01521186503
	0.009719926161	5.630684508e-36	-5.527355555e-36	-0.0105676834	-0.0118962176
	-0.005377752894	0.004371222551	0.01582413921	0.0280871635	0.04175230852
	0.05714233205	0.07366578163	0.0899969995	0.1042055182	0.1148432755
	0.120927019	0.1224449655	0.1197956025	0.1138248094	0.105277802
	0.09496133199	0.0834109353	0.07115768025	0.05845306577	0.04557917543
	0.03255551958	0.01951053253	0.006306760228	-0.006983308609	-0.02060397266
	-0.03446502259	-0.04889204339	-0.06369571607	-0.07920788344	-0.09493279676
	-0.1109019801	-0.1257908476	-0.1387067543	-0.1469763757	-0.1489180372
	-0.1418930298	-0.1263241502	-0.1029724257	-0.07641106556	-0.04949016348
	-0.02671713558	-0.008330017083	0.004148178256	0.01232637887	0.01575354588
	0.01548846567	0.01019094736	2.66068899e-36	-5.907103649e-36	-0.01050761639
	-0.009958926556	-0.0001474631896	0.01287114391	0.02804592404	0.04431141918
	0.0623896085	0.08170331481	0.1008548792	0.1177769184	0.1305114147
	0.1380725987	0.1402141618	0.1376295019	0.1311619824	0.1219160305
	0.1107168078	0.09839392527	0.08542489088	0.07226325119	0.05904503106
	0.04594482522	0.03287985045	0.01989959785	0.006815779276	-0.006333993714
	-0.01979921669	-0.03350104445	-0.04776332731	-0.06244232454	-0.07795791414
	-0.09402675209	-0.1110403314	-0.1281986333	-0.1452287052	-0.1598344237
	-0.1701086272	-0.1720225657	-0.1637164972	-0.1434729748	-0.1148113934
	-0.08133247501	-0.05008567153	-0.02337978999	-0.004519984824	0.008256792756
	0.01447639244	0.01565430714	0.01078448325	5.599300998e-36	-6.305730434e-36
	-0.008926768005	-0.005589448577	0.00802694933	0.02468009391	0.04398788281
	0.06445135211	0.08657480469	0.1085514033	0.1283789842	0.1436922612
	0.1531001857	0.1563697378	0.1540528956	0.1473671827	0.1374345475
	0.1254820372	0.1123196805	0.09870304146	0.08495784963	0.07138450631
	0.05796368802	0.04476437763	0.03163539739	0.01860560419	0.005499216525
	-0.007617042952	-0.02094106986	-0.03435275218	-0.04811683568	-0.06206792317
	-0.07661175714	-0.09155825331	-0.1075108669	-0.1241441389	-0.1419459536
	-0.1596182934	-0.1761315189	-0.1874751111	-0.1902457236	-0.1795401918
	-0.1554871976	-0.1200332152	-0.08161042051	-0.04544141979	-0.01820019828
	0.001016035958	0.01111465364	0.01460785923	0.01069408775	3.249489525e-36
	-4.989795798e-36	-0.005340009952	0.001610160451	0.01925863472	0.03967972797
	0.06312514193	0.08734151466	0.1123512134	0.1351364937	0.1535647069
	0.1654828623	0.1704528733	0.1690248295	0.1624382212	0.1522424798
	0.1397155419	0.1260765405	0.111998079	0.09804605494	0.08431808513
	0.07094129704	0.05776201247	0.044787161	0.03183412452	0.01893127744
	0.005910223707	-0.007154560427	-0.02044033675	-0.03381609454	-0.04750297559
	-0.06130422066	-0.07554932592	-0.09000449885	-0.1052363535	-0.1210400244
	-0.138273744	-0.1564478859	-0.1757948729	-0.1935994536	-0.2068383216
	-0.2088099439	-0.1955567456	-0.1645690157	-0.1225713778	-0.07682673709
	-0.03860045696	-0.009888266316	0.006310871202	0.01346758391	0.01101286242
	5.570537921e-36	-3.363819415e-36	0.0003863284493	0.01159424871	0.03327237696
	0.05741765723	0.08469227745	0.1117827752	0.1381696402	0.1598758236
	0.1752329	0.1826489335	0.1828258304	0.1769372844	0.1667786718
	0.1540150929	0.1399451093	0.1255844074	0.111350099	0.09753917455
	0.08403402537	0.07084346854	0.05775011154	0.04476239282	0.03170803032
	0.01864749227	0.005440044204	-0.007810137353	-0.02124478321	-0.03471068298
	-0.04838115968	-0.06203606007	-0.07592864437	-0.08977572237	-0.1040308559
	-0.1184507736	-0.1339339042	-0.1503950925	-0.169028746	-0.1887771333
	-0.2085004959	-0.2221864799	-0.2235971939	-0.2048410968	-0.1671039355
	-0.116155772	-0.0670289984	-0.02654409307	-0.001869098452	0.01078882943
	0.01071573343	4.32682901e-36	7.637804939e-37	0.0084594374	0.02436987042
	0.04977591198	0.07732582897	0.107650912	0.1363069966	0.1623347401
	0.1812762346	0.1924194115	0.1949008181	0.1905376159	0.1808976619
	0.1681692664	0.1539008624	0.1392620636	0.1249084189	0.1109812252
	0.09753465862	0.08433192265	0.0713436532	0.05835331183	0.04540480193
	0.03234494684	0.01926237113	0.006023409084	-0.007263364328	-0.02074031113
	-0.03426878324	-0.0480148121	-0.06177577451	-0.07576387678	-0.08967820023
	-0.1038494769	-0.1179197968	-0.1325781774	-0.1476686024	-0.1646223372
	-0.1833949705	-0.2048724829	-0.2254909236	-0.2399274884	-0.2371994181
	-0.2114089775	-0.1621918347	-0.1044568103	-0.05046285308	-0.0141145629
	0.006721824283	0.01040034425	5.974141469e-36	4.946626367e-36	0.01851327448
	0.03929131415	0.06795132898	0.09841125744	0.1307953179	0.1596492739
	0.1838503327	0.1989183252	0.2054268933	0.203176654	0.1950058121
	0.1825905915	0.1683679765	0.1535131705	0.1389815718	0.1249806573
	0.1114598584	0.09829280908	0.08523175822	0.07225257336	0.05917826508
	0.04609041427	0.03285516396	0.01958590191	0.006154636528	-0.007316805754
	-0.02096107736	-0.03463682568	-0.04848977083	-0.06233079695	-0.07633714559
	-0.09022911481	-0.1042569828	-0.1180266473	-0.1320165896	-0.1458970608
	-0.1608904592	-0.177230755	-0.1970190071	-0.2192714661	-0.2417532178
	-0.2542024677	-0.2458914614	-0.2075723241	-0.1480796643	-0.08217996637
	-0.03206959489	-0.0002689148477	0.008907853662	5.559951564e-36	1.183175161e-35
	0.03041505356	0.0560746987	0.0873074234	0.1199916917	0.153234614
	0.1809907866	0.2021850111	0.2127698202	0.2146730011	0.2082374561
	0.1971441222	0.18290591	0.168051276	0.1531835398	0.1390472155
	0.125415229	0.1121925555	0.09914253889	0.08610229036	0.07306389539
	0.05991086554	0.04674519075	0.0334469758	0.02014034342	0.00668988676
	-0.006780176189	-0.02041453006	-0.03408362808	-0.04794026434	-0.06182657461
	-0.07591211098	-0.08996485728	-0.1041913224	-0.1182210589	-0.1323692023
	-0.1461589522	-0.1603984672	-0.1750601722	-0.1923762719	-0.2128960893
	-0.2376593387	-0.2600439851	-0.2690485495	-0.2481347326	-0.1953447784
	-0.1218666006	-0.05669425434	-0.01066217614	0.006426763082	6.021350022e-36
	1.758123421e-35	0.04330276399	0.07366496458	0.1068074061	0.1409950663
	0.1740179132	0.1997027375	0.2172287263	0.2232749574	0.2210544745
	0.2112490407	0.1981961443	0.1829753882	0.1681168086	0.1535311575
	0.1398623918	0.126500216	0.1134563723	0.100401611	0.08731578958
	0.07416710663	0.06090739015	0.04762204941	0.0342068601	0.02078149105
	0.007207807402	-0.006383049832	-0.02013785459	-0.03391826737	-0.04786934028
	-0.0618386374	-0.07597599323	-0.0900871883	-0.1043450929	-0.1184483576
	-0.1326240014	-0.146393631	-0.1602361018	-0.1738107855	-0.1888677149
	-0.2063446023	-0.2293689086	-0.2556027518	-0.2776877724	-0.2765758473
	-0.239161129	-0.1662910353	-0.08813188028	-0.02570623525	0.001854636449
	5.803593428e-36	2.572442087e-35	0.05692338631	0.09178838383	0.1261022343
	0.1610589515	0.192871766	0.2158280295	0.229359263	0.2311360991
	0.2253891141	0.213005985	0.198741657	0.1830785881	0.1684937576
	0.154194712	0.140867097	0.1275749479	0.1145547782	0.1013690657
	0.08818189039	0.07489174034	0.06154121475	0.04816882885	0.03470378389
	0.02124828335	0.007668020604	-0.005904844624	-0.01962855184	-0.03336259935
	-0.04726785072	-0.06120323672	-0.07532571935	-0.0894787488	-0.1038212721
	-0.1181269129	-0.13256842	-0.1467413824	-0.1608987078	-0.1745042396
	-0.1886025655	-0.2037595136	-0.2235957255	-0.2489873597	-0.2777900368
	-0.2936455444	-0.2763022615	-0.2127862324	-0.1261517794	-0.04605969921
	-0.004895470198	4.525752746e-36	3.094421946e-35	0.07012886324	0.1092680109
	0.1442141889	0.1793181741	0.2092756666	0.2292285848	0.238845223
	0.2369015056	0.2283483101	0.2141642267	0.1993042227	0.1835704383
	0.1693915643	0.1553294953	0.1422535649	0.1289352125	0.1159192431
	0.1026055667	0.08937518228	0.07598956455	0.06260839707	0.0491739231
	0.03567284728	0.02215929565	0.00851937089	-0.005125295591	-0.01893326318
	-0.03275268055	-0.04674882131	-0.06076567913	-0.07495698128	-0.08917142259
	-0.1035518868	-0.1179260729	-0.1324326428	-0.1467808131	-0.1611106333
	-0.1748925565	-0.1886161296	-0.202316245	-0.2190251371	-0.24116246
	-0.2711478642	-0.2984936148	-0.3017402217	-0.2554434298	-0.1681262536
	-0.07196042612	-0.01460182643	3.897556959e-36	3.83892749e-35	0.08285609308
	0.1260984696	0.1611657333	0.1958989031	0.2235425506	0.2404705219
	0.2464082523	0.2413547647	0.2305907363	0.2151904254	0.2000594691
	0.1843806997	0.1705338751	0.1565526914	0.1435741984	0.1300981835
	0.1170149689	0.1035059494	0.09020177269	0.0766706755	0.0632349756
	0.04970372629	0.03616459791	0.0226005536	0.008948023323	-0.004696183785
	-0.01848139958	-0.03225390487	-0.0461972444	-0.06014749798	-0.07428464023
	-0.08846193956	-0.1028351242	-0.117269402	-0.1318879486	-0.1464986744
	-0.1611724058	-0.1754903096	-0.1895638509	-0.2030370119	-0.217835559
	-0.2364999416	-0.2641362355	-0.2968852692	-0.317149186	-0.2920780904
	-0.212081315	-0.1033415932	-0.02735829954	6.432538678e-37	4.11326068e-35
	0.0938824753	0.1411304753	0.1760925123	0.2101122573	0.2353429736
	0.2494812437	0.2521974107	0.2447067414	0.232298507	0.2161778708
	0.2009963898	0.1854619819	0.1718909083	0.1579299297	0.1450144541
	0.1313855101	0.1182943943	0.1046511228	0.09137201142	0.07776877618
	0.06437906326	0.05081553167	0.03731423074	0.02373167599	0.01008774076
	-0.003584641942	-0.01740391709	-0.03122984311	-0.04524845752	-0.05927466446
	-0.07350377875	-0.08775848704	-0.10220604	-0.1167078665	-0.1313853953
	-0.1461106548	-0.1609285131	-0.175567775	-0.1899538286	-0.2036081405
	-0.2174068181	-0.2332590283	-0.2570147229	-0.2903425829	-0.3223621752
	-0.3190148955	-0.2537060582	-0.1386527426	-0.04337738729	-8.217407572e-37
	4.662072514e-35	0.1035420128	0.1547329323	0.1894400729	0.2225132411
	0.2453562075	0.2570319227	0.256972263	0.2476203128	0.233945312
	0.2174055706	0.2021958404	0.186772641	0.1733236009	0.1592819172
	0.146332274	0.1324940894	0.1193538029	0.1055220049	0.09222364949
	0.07846934417	0.06506573394	0.0513790636	0.03785834468	0.0241877963
	0.01052975534	-0.003179820327	-0.016988415	-0.03079111916	-0.0447637249
	-0.0587172566	-0.07287920016	-0.08705155805	-0.1014490385	-0.1159192938
	-0.1306154992	-0.145438724	-0.1604315919	-0.1754400496	-0.1902997998
	-0.204581994	-0.2183603197	-0.2327033211	-0.252717707	-0.283669756
	-0.3219828968	-0.3377113673	-0.2915199469	-0.1768000985	-0.06259531717
	-6.331660686e-36	4.590064252e-35	0.1106210187	0.1657644679	0.2003402432
	0.2324045649	0.2531522127	0.2628220623	0.2605462267	0.2498925195
	0.2353008666	0.2186042585	0.2033877751	0.1880985237	0.174707049
	0.160603631	0.1476313809	0.1336486022	0.1205297941	0.1065843952
	0.09336734343	0.07954440112	0.0662507124	0.05253534904	0.03912874829
	0.02546019577	0.01189661769	-0.001801032369	-0.01556257129	-0.02937296281
	-0.04336678899	-0.05736890624	-0.07161626962	-0.0858707547	-0.1003818546
	-0.1149384152	-0.1297366187	-0.14465238	-0.1597630929	-0.1749830239
	-0.1901410891	-0.2049388626	-0.2189913108	-0.2326922998	-0.2496833714
	-0.2768976007	-0.3170439716	-0.3477764743	-0.3225807137	-0.2150462019
	-0.08442097081	-9.310387601e-36	4.922797152e-35	0.1159189165	0.1749650357
	0.2096249964	0.2406807857	0.259635713	0.2677290557	0.2637012221
	0.2521511708	0.2368368246	0.2200945347	0.204776589	0.1895744478
	0.1761067419	0.1619109464	0.1488431735	0.1347007045	0.1215510728
	0.1074479515	0.09425161611	0.08027296007	0.06701175899	0.05314537457
	0.03976014347	0.02595954589	0.01240497271	-0.001383987665	-0.01513263332
	-0.02896901581	-0.04292378791	-0.05687492702	-0.07104927134	-0.08519831727
	-0.09962784877	-0.1140830494	-0.1288434197	-0.1437378551	-0.1589193594
	-0.1743067028	-0.1897693881	-0.2051173101	-0.2197541677	-0.2336329531
	-0.2487760968	-0.272217374	-0.3111594575	-0.3523991845	-0.3476372922
	-0.2523958	-0.1085519897	-1.7380222e-35	4.500929519e-35	0.1181986374
	0.1810979474	0.2162609477	0.2464464209	0.2640844269	0.271105643
	0.2658665303	0.2538319515	0.2380245331	0.2213673629	0.205933878
	0.1908545515	0.1772804042	0.1630679874	0.149927299	0.1357165145
	0.1225896556	0.1084149339	0.09532361399	0.08128178179	0.06818226755
	0.05427730155	0.04108693489	0.02728700435	0.01393118414	0.0001772498915
	-0.01340701213	-0.0272046008	-0.04107297739	-0.05502299674	-0.06921871605
	-0.08342653024	-0.0979709519	-0.1125252753	-0.1274362373	-0.1424332398
	-0.1577666488	-0.1732978255	-0.1890020006	-0.2047382305	-0.2198909528
	-0.234205225	-0.2483418586	-0.2684838098	-0.3044005825	-0.3520935866
	-0.3657910633	-0.2865717231	-0.1337025637	-2.237478902e-35	4.673114753e-35
	0.1187148589	0.1852642207	0.2214206609	0.2509105013	0.2676313605
	0.2739838015	0.2679571185	0.2556960955	0.2394973345	0.2229363101
	0.2072854818	0.1922829325	0.1784993183	0.1642718561	0.1509807272
	0.1367111373	0.1235330576	0.1092636883	0.09620075222	0.08202647463
	0.06899979296	0.0549324377	0.04182617177	0.02785117771	0.01456511356
	0.0006519345138	-0.01288319575	-0.02678640705	-0.04060548383	-0.05457054868
	-0.06868641114	-0.08280542555	-0.09723753337	-0.111638817	-0.1264506274
	-0.1413204771	-0.1566418032	-0.1721793822	-0.1880577378	-0.2040920704
	-0.2197746369	-0.2347285047	-0.2486690283	-0.2663901892	-0.2986143983
	-0.3494447809	-0.3789604828	-0.3176085845	-0.1596404898	-3.270441536e-35
	3.952810791e-35	0.1161449782	0.1860100002	0.2237578638	0.2528470224
	0.2691422499	0.2753105403	0.2690090238	0.2568307656	0.2404516218
	0.2240651738	0.208216172	0.1933363222	0.1793565068	0.1652032885
	0.1517907264	0.1375690224	0.1243699752	0.1101127454	0.09713392892
	0.08293622253	0.07009280545	0.05599004901	0.04314756042	0.02915711646
	0.01618487238	0.00229729701	-0.01092105893	-0.02476355578	-0.038328119
	-0.05223892271	-0.06622921012	-0.08035654197	-0.09482472879	-0.1093136057
	-0.1242866323	-0.1392784311	-0.1548028304	-0.1704689328	-0.1865876212
	-0.2028748921	-0.2190168945	-0.2345475858	-0.2486703238	-0.2647112794
	-0.2931038552	-0.3445907456	-0.3870711528	-0.3443402258	-0.1849490294
	-3.967109045e-35	4.059159691e-35	0.1121705226	0.1848328469	0.2247918031
	0.253802592	0.2700617068	0.276397379	0.2701908219	0.258278772
	0.2418089363	0.2255517287	0.2094331552	0.1946106276	0.1803477705
	0.1662625735	0.1526467443	0.1384857827	0.1251737269	0.1109334482
	0.09793587136	0.08368752312	0.07091837939	0.05668799538	0.0439858343
	0.0298025119	0.01698960176	0.002874181713	-0.01020599566	-0.02426421364
	-0.03772086051	-0.05177019425	-0.0656541225	-0.07978144166	-0.09410412465
	-0.1084454617	-0.1232425962	-0.1380152878	-0.1534208957	-0.1689356926
	-0.1851076566	-0.2014716658	-0.2179694784	-0.2339786838	-0.2485840856
	-0.2636433878	-0.2886284044	-0.3390359654	-0.391905375	-0.367535678
	-0.2097920752	-5.13292889e-35	3.106998272e-35	0.1053305175	0.1799931841
	0.2227198294	0.2521082343	0.2687772932	0.2756974183	0.2700919111
	0.2587354485	0.2424171201	0.226368142	0.2100639725	0.1953257048
	0.1808439	0.1669007646	0.1531276687	0.1391372328	0.1257365161
	0.1116370017	0.09864667129	0.08448628324	0.07185249846	0.05765297247
	0.0452301842	0.03103929668	0.01863385436	0.004515178734	-0.008080617891
	-0.02210123213	-0.0350761637	-0.04905446045	-0.06256360799	-0.0766436981
	-0.09080064113	-0.1051854542	-0.1200533147	-0.1349629581	-0.1505904493
	-0.1662609982	-0.1827091389	-0.1992508315	-0.2161439684	-0.2325725617
	-0.2477351197	-0.2622833491	-0.284319982	-0.3325142736	-0.3933987642
	-0.3867666357	-0.2330523539	-5.968992026e-35	3.257091306e-35	0.09775042018
	0.1734534242	0.2194558153	0.2497312195	0.2671359143	0.2749376805
	0.2702725298	0.2596312907	0.2435876656	0.2276997383	0.2111561824
	0.196405667	0.1816296854	0.1677686837	0.1537672402	0.1399349396
	0.1263458048	0.1124060599	0.09929616487	0.08524081325	0.0726006271
	0.05840614232	0.04610428685	0.03178903631	0.01960625339	0.00523731243
	-0.007096288232	-0.02144343283	-0.03418179673	-0.04847464774	-0.0617867009
	-0.07605932462	-0.09001168682	-0.1043698734	-0.118981198	-0.1336482803
	-0.1490101479	-0.1643807002	-0.1807034317	-0.1971012699	-0.2141739194
	-0.2307737496	-0.246457004	-0.2607833593	-0.280500804	-0.3257846637
	-0.3928089779	-0.4029612979	-0.2552644917	-7.150604685e-35	2.133541127e-35
	0.08775118282	0.1631781364	0.2126767531	0.2444003389	0.2629743209
	0.2719989447	0.2687451196	0.2591552012	0.243711076	0.2280932904
	0.2114740061	0.1967303303	0.1817596621	0.168025564	0.1538848979
	0.1402877166	0.1265719007	0.1129100441	0.0996977216	0.08591573873
	0.07327315272	0.05929135855	0.0471641698	0.03296484	0.02117469699
	0.006835318917	-0.004899300704	-0.01924831624	-0.03125946484	-0.0455230456
	-0.05812075059	-0.07233344476	-0.0857547935	-0.1001082699	-0.1145145647
	-0.1293064174	-0.1448018224	-0.1603823917	-0.177013397	-0.1936077402
	-0.2110421402	-0.227885975	-0.2441255734	-0.2584542911	-0.276368543
	-0.3184166	-0.3899140573	-0.4159637244	-0.2756799388	-8.045840817e-35
	2.438215649e-35	0.07795089846	0.1517810508	0.2047440618	0.2385834071
	0.2586831649	0.2691292068	0.2675913278	0.2592606945	0.2445632613
	0.2292341874	0.2125119527	0.1976444508	0.1824049215	0.1686732661
	0.1543203342	0.1408903755	0.1269708519	0.1135615558	0.1001395138
	0.08665051446	0.07384269898	0.06011880839	0.04795157397	0.03386797002
	0.02221839978	0.007774221755	-0.003654228452	-0.01833718913	-0.02995704312
	-0.04470629977	-0.05692494011	-0.07161052192	-0.08469679282	-0.09931112559
	-0.1133540058	-0.1280639072	-0.1431206075	-0.1583282794	-0.1745832636
	-0.190782451	-0.2081304115	-0.2248453032	-0.2413719698	-0.2556165473
	-0.2722020063	-0.310830415	-0.3855274667	-0.4265795282	-0.2950196857
	-9.156901916e-35	1.167274091e-35	0.06634558636	0.1368627342	0.1928307438
	0.2293071306	0.2513920229	0.2635410109	0.2641444875	0.2574247658
	0.2439183912	0.2290927272	0.212496158	0.1975707234	0.1821959644
	0.1684725363	0.1540491814	0.1408162917	0.1268161358	0.11373976
	0.1001799927	0.08712490315	0.07416432583	0.06092393895	0.04869178679
	0.03503895586	0.02355368738	0.009385426429	-0.001542789399	-0.01612286405
	-0.0269035059	-0.04164903337	-0.05280674595	-0.06749515068	-0.0795372427
	-0.09414500764	-0.1074630854	-0.1222658925	-0.137111485	-0.1525968311
	-0.1690797112	-0.1855873378	-0.2033248359	-0.2201990486	-0.237142503
	-0.2514897238	-0.2671967233	-0.3024970733	-0.3793043455	-0.4346910162
	-0.3127891096	-1.004783955e-34	1.758981512e-35	0.05606733631	0.121960447
	0.1800169619	0.2195577453	0.244134409	0.2581972904	0.2610923003
	0.2562623629	0.2441536177	0.2299309205	0.2134975697	0.1984188944
	0.1827906001	0.1689239754	0.154325336	0.1411389537	0.1270173281
	0.1141510376	0.100414209	0.08773028025	0.07451659618	0.06177814488
	0.0492750474	0.03613898732	0.02448975962	0.01065563567	-0.0001909115627
	-0.01480206592	-0.02521993791	-0.04040346749	-0.05102526452	-0.06642669287
	-0.07789946883	-0.09321690807	-0.1059784221	-0.121131481	-0.1353640704
	-0.1506439041	-0.1664288251	-0.1823679739	-0.1995656246	-0.2159305691
	-0.232815044	-0.2468638854	-0.2618329148	-0.2938356789	-0.3718428943
	-0.4409076193	-0.3297821804	-1.105768704e-34	2.805560143e-36	0.04452326727
	0.1042242997	0.1629591422	0.2056163004	0.2332458318	0.2494466124
	0.2549941859	0.2523978088	0.2421721679	0.2289364024	0.2130228232
	0.1979284016	0.1822530857	0.1682619856	0.153627306	0.1405192166
	0.1264312018	0.1138112711	0.1000716945	0.08780885068	0.07447734808
	0.06236816502	0.04963921716	0.03729446003	0.02543614378	0.01239712699
	0.00159793195	-0.01242841872	-0.02229164418	-0.0372141751	-0.04670457045
	-0.06207740833	-0.07204251913	-0.08741203632	-0.0986926255	-0.1139739043
	-0.127249579	-0.1428396837	-0.1584708291	-0.1748733217	-0.1924122155
	-0.2090957785	-0.2262784222	-0.2403046735	-0.2550375222	-0.2841439119
	-0.3625961275	-0.4450638637	-0.3456252086	-1.191489203e-34	1.325148195e-35
	0.03557400237	0.08819315829	0.1459022212	0.1913306214	0.2223457026
	0.241121203	0.2493753788	0.2491913431	0.241109623	0.2291021131
	0.21379037	0.1987303613	0.1828893912	0.1686090935	0.1538017682
	0.1405583915	0.1264265913	0.1138633522	0.1001141963	0.0880898814
	0.07466729961	0.06304386553	0.05004975484	0.03846427021	0.02618025048
	0.01403832307	0.002822957236	-0.01048279008	-0.02048244937	-0.03523483043
	-0.04439938461	-0.06032371289	-0.06959930717	-0.08601584197	-0.09649034312
	-0.112800428	-0.1251992029	-0.1412277431	-0.1557968271	-0.1717357579
	-0.1881546399	-0.203869594	-0.2203099068	-0.2336829659	-0.2479204549
	-0.2740796035	-0.3522467501	-0.4476466174	-0.3611650668	-1.282023212e-34
	-5.03407203e-36	0.02539784304	0.07021858568	0.125133481	0.1721877675
	0.2069200408	0.2286228047	0.239813164	0.2423210675	0.2368619773
	0.2265013904	0.2123622058	0.1976258739	0.1819138826	0.1674932524
	0.1526440499	0.139341419	0.1253095275	0.1128584662	0.09929838608
	0.08753501312	0.07427803943	0.06312277428	0.05012906577	0.03934735233
	0.02679604772	0.015823231	0.004178440605	-0.007793154295	-0.01801507398
	-0.03163757543	-0.0403300454	-0.05564492079	-0.0634797807	-0.07980485329
	-0.08815779505	-0.1046273158	-0.1149960695	-0.1313675365	-0.1447438888
	-0.1613318247	-0.1776157974	-0.1939591631	-0.210750714	-0.2241588335
	-0.2384222714	-0.262541913	-0.3399185952	-0.4482584466	-0.3760563309
	-1.366147391e-34	1.199505531e-35	0.01908622253	0.05611460468	0.1061787153
	0.1535472444	0.1915629477	0.2165493342	0.2308729766	0.2362037911
	0.2333975535	0.2250775029	0.2122620436	0.1980221473	0.1824745717
	0.1677899637	0.1527649962	0.1391853402	0.1250920062	0.1125447448
	0.09908434108	0.08738209157	0.07430399296	0.06337209366	0.0505024075
	0.04023414337	0.02753159512	0.01753676157	0.005319163293	-0.005273532461
	-0.01631103184	-0.02861912813	-0.03790523644	-0.05264002396	-0.06041601982
	-0.07734929131	-0.08492822728	-0.1029437711	-0.1121477857	-0.1299625398
	-0.1419285031	-0.1587999123	-0.1732230293	-0.1885371155	-0.2034341181
	-0.2154774213	-0.2291419657	-0.2510110335	-0.3265972371	-0.4474692305
	-0.3912830726	-1.447822894e-34	-1.264649575e-35	0.01091954437	0.04019797212
	0.0846435824	0.1304643671	0.1708430662	0.1992930548	0.2171320734
	0.2252995317	0.2256014374	0.2196364855	0.2087265837	0.1955379489
	0.1805680278	0.1659752035	0.1510175128	0.1373286885	0.1233384599
	0.1108138889	0.09762113589	0.08608668859	0.07339737177	0.06274200738
	0.0503035159	0.04047021947	0.02806338581	0.01890143851	0.006537173971
	-0.002545657143	-0.01426161839	-0.02450794636	-0.03449158264	-0.04723505592
	-0.05483992499	-0.07049475485	-0.07640888817	-0.09408478886	-0.1003584946
	-0.1185041822	-0.1275798136	-0.1451113733	-0.1580786743	-0.174339296
	-0.18916065	-0.2021263459	-0.2161202239	-0.2370941354	-0.3108411663
	-0.4444778674	-0.4063141697	-1.530251658e-34	1.490740252e-35	0.007809553307
	0.03035800718	0.06775556852	0.1099941227	0.1511646871	0.182776869
	0.2039819146	0.2154074447	0.2186344065	0.2151798918	0.2064285435
	0.1944798805	0.1802887232	0.1658457553	0.1508987019	0.1369703647
	0.1229088151	0.1101965067	0.0971066032	0.08553726821	0.07313110682
	0.06256967733	0.0505387173	0.04090494144	0.0289440454	0.02018552691
	0.008019669448	-8.942124607e-05	-0.0123442556	-0.02075479626	-0.03209921481
	-0.04266727455	-0.05169980896	-0.06607743138	-0.07255453229	-0.09074145613
	-0.09635823235	-0.1165254838	-0.1238340019	-0.1432238617	-0.1535592218
	-0.169555592	-0.1812826113	-0.1923284483	-0.2043737198	-0.2242656705
	-0.2947788152	-0.4398914633	-0.4225712148	-1.614442512e-34	-2.159198735e-35
	0.001193039084	0.01773277718	0.04859087806	0.08637847089	0.1268159878
	0.160208416	0.1851169301	0.1997294601	0.2060458418	0.2053947425
	0.1990838764	0.1889644049	0.1761237856	0.1623709859	0.1478951549
	0.1341116822	0.1202555718	0.1076220789	0.09483273505	0.08343276581
	0.07150801949	0.06120118805	0.04979779005	0.04048107078	0.02924371342
	0.02086057045	0.009420102641	0.001949824192	-0.009998547928	-0.01686902545
	-0.02893802591	-0.03663967367	-0.04711295128	-0.0581082828	-0.06507508847
	-0.08077442412	-0.08450149654	-0.1036149412	-0.1069328983	-0.1265753308
	-0.1327491097	-0.1500988689	-0.1599315951	-0.1730887602	-0.1862729135
	-0.2079879827	-0.2750944069	-0.4323617033	-0.4389474921	-1.696924957e-34
	2.234292757e-35	0.00157077283	0.01289331927	0.03691480382	0.06905464932
	0.1059685164	0.1400640208	0.167479848	0.1851639569	0.1946848184
	0.1966300937	0.1928168149	0.1846490081	0.1733246149	0.1604559072
	0.146572002	0.132942191	0.1192459877	0.1065635023	0.09391099023
	0.08251782147	0.07088707679	0.06067384316	0.04976176914	0.04059663112
	0.03000920306	0.02182394492	0.01115078564	0.003921116997	-0.007292673755
	-0.01355111401	-0.02565268486	-0.03148266726	-0.04369598309	-0.0514221724
	-0.06122215529	-0.07424658541	-0.0797171982	-0.0989264386	-0.101738042
	-0.1236813329	-0.1272211419	-0.1464061413	-0.1516821435	-0.1645156344
	-0.1735522065	-0.1945192303	-0.2568832526	-0.423095212	-0.4574562911
	-1.784628419e-34	-3.284901049e-35	-0.005025927972	0.002690831642	0.02226684632
	0.04872049551	0.08229193685	0.1150284067	0.1436368536	0.1641659725
	0.176526971	0.1812021822	0.1799847027	0.1740266103	0.1646776397
	0.1533079129	0.1405981	0.1277551565	0.114728199	0.1024794144
	0.09034906724	0.07932778656	0.06826867034	0.05845956874	0.04825637115
	0.03949243042	0.02978171467	0.02196959456	0.01230422258	0.005427250622
	-0.004651231797	-0.01054512113	-0.02157424233	-0.02636150073	-0.03860818484
	-0.04309483918	-0.0548840171	-0.06234574669	-0.06964560917	-0.08374128812
	-0.08447759067	-0.1040214646	-0.1017679391	-0.1211185589	-0.1213790849
	-0.1377281681	-0.1464641481	-0.1749757563	-0.2341851354	-0.4084194846
	-0.4760269112	-1.907222146e-34	3.500914821e-35	-0.001626918827	0.00337559774
	0.01693959727	0.03843826158	0.06644132686	0.09554142534	0.1237792638
	0.1454047755	0.1601132148	0.1672756968	0.1684255684	0.1645861776
	0.1572256335	0.1473978894	0.1360189722	0.1240703369	0.1117920806
	0.09999667986	0.08834482943	0.07760788841	0.06699252939	0.05746309554
	0.04778176639	0.03931999668	0.03029367123	0.02274372991	0.01397100105
	0.00730876031	-0.001705210485	-0.007430421119	-0.017200487	-0.02183729717
	-0.03305322509	-0.03639165986	-0.04923372908	-0.05276909246	-0.06444380699
	-0.07319679872	-0.07841525491	-0.09631473417	-0.09414066119	-0.1165187424
	-0.1130086967	-0.1320488699	-0.1361548293	-0.1653506331	-0.2156645558
	-0.3919865254	-0.4975331406	-2.023909423e-34	-5.28098772e-35	-0.009476896256
	-0.007244556474	0.006051642771	0.02429763919	0.0475952311	0.07347215311
	0.09918782689	0.1205329126	0.1365516695	0.145581333	0.1489044999
	0.1472579053	0.1420010582	0.1341531688	0.1245985903	0.1142062256
	0.1033285075	0.09267694418	0.08210538361	0.07224769984	0.06257232078
	0.05379398839	0.04502633762	0.03726972474	0.02919687879	0.02229121451
	0.01462006975	0.008463495968	0.0007645657819	-0.004563019509	-0.01280908428
	-0.01714681466	-0.02648327109	-0.02941487965	-0.04062050294	-0.04158822303
	-0.05423067064	-0.05524080618	-0.0640709765	-0.07131492788	-0.06894659774
	-0.08573426285	-0.07539548733	-0.09752836941	-0.09836603553	-0.1369419147
	-0.1899410026	-0.3674563143	-0.5164388546	-2.172807878e-34	5.972481254e-35
	-0.003163032215	-0.000515946778	0.009472387334	0.02229133495	0.04088558381
	0.06084671616	0.08216221247	0.1012415513	0.1166861906	0.126504694
	0.1314923389	0.1316421814	0.12838676	0.1223923142	0.1146476742
	0.1058114895	0.09637593667	0.08689260365	0.0774094274	0.06842109156
	0.05961890321	0.05153210898	0.04356596017	0.03641455685	0.02914989402
	0.02282468904	0.01603916999	0.01039376449	0.00381232285	-0.001160911194
	-0.007983217947	-0.01206736238	-0.01964831946	-0.02251660458	-0.03149245773
	-0.03231767797	-0.04381142738	-0.04184761493	-0.05511489796	-0.05433048889
	-0.06257285522	-0.07281998522	-0.06976762413	-0.09449692301	-0.09415208775
	-0.1346978211	-0.1830211546	-0.3388275408	-0.5382916255	-2.572588345e-34
	-8.930650204e-35	-0.01330052067	-0.009968173697	0.0003293146408	0.01345843472
	0.02864201143	0.04426173445	0.0614797037	0.07696218665	0.09037259912
	0.09980659438	0.1054073475	0.1070058066	0.1055717722	0.1016162344
	0.09597986716	0.08922614902	0.08181401638	0.0742006949	0.06650449312
	0.05910988874	0.05185062271	0.04512111549	0.03852640559	0.0325476826
	0.02657391678	0.0212966905	0.01577404641	0.0111092833	0.005863913837
	0.001735542112	-0.003457762	-0.006906391555	-0.01246007549	-0.0148193293
	-0.02117633284	-0.02178070741	-0.02973380314	-0.02684144272	-0.03798375098
	-0.0300285715	-0.04285441494	-0.03526957148	-0.04152599283	-0.04928125212
	-0.05345319722	-0.09130922959	-0.1476191208	-0.2968609393	-0.5488581657
	-2.99337022e-34	9.191152536e-35	0.004004295089	0.006810090513	0.01638700196
	0.02189289957	0.02998348753	0.03928705863	0.05028449742	0.06061715404
	0.07074675451	0.07821716444	0.08351866067	0.08580028317	0.08582426862
	0.08362522719	0.07996683319	0.07515132002	0.06964927759	0.06378679416
	0.05775136944	0.05182882388	0.04597804874	0.04048510996	0.03511435381
	0.0302116009	0.0253760785	0.0210634835	0.01668375318	0.01293327794
	0.008875275293	0.005649644013	0.001811080397	-0.0008800318507	-0.004689244923
	-0.00656698993	-0.01074511491	-0.01131123624	-0.01641389588	-0.01472357925
	-0.02264629665	-0.01615203689	-0.03134136586	-0.01914114404	-0.04456927879
	-0.03676106407	-0.07147632796	-0.08331953419	-0.1651186533	-0.267977626
	-0.550423014	-3.721863069e-34	-1.238074955e-34	-0.007145635427	0.003390807386
	0.01452681061	0.0161933992	0.02170643299	0.02590175121	0.03168054489
	0.03768069016	0.04410057001	0.04916829047	0.05330473663	0.0556597419
	0.0565448816	0.05592166479	0.05422900616	0.05162684194	0.04845901793
	0.04494477387	0.04123425179	0.03752963911	0.03383393453	0.03032995483
	0.02689741571	0.02375095455	0.02065033389	0.01788287771	0.01509635437
	0.01268949632	0.01013961029	0.008096883188	0.005699255454	0.004017142449
	0.001721540724	0.000468894884	-0.001892888497	-0.002431557743	-0.00515219579
	-0.004586331516	-0.008320708161	-0.00522112034	-0.01312489616	-0.002840145388
	-0.02217105254	0.0009671200362	-0.04103784847	-0.01539616658	-0.1255479147
	-0.1817428312	-0.5083010473	-5.279941459e-34	2.695531436e-34	0.0424176928
	0.04665672147	0.03973769333	0.03072934588	0.02965262456	0.02541130546
	0.02470111465	0.02476765946	0.02642112479	0.02811342286	0.03048204198
	0.0322371213	0.03359732617	0.03419472587	0.03415738379	0.03344510875
	0.0322641478	0.03068760798	0.02884117914	0.0268583164	0.02476577878
	0.02269704662	0.02060898811	0.01863747536	0.01666996216	0.01487549682
	0.01307041976	0.01147377638	0.009830355247	0.008447137104	0.006929812984
	0.005786032921	0.004368717687	0.003483018286	0.002137098961	0.001582920206
	0.0002157801364	3.186286664e-05	-0.001443817689	-0.001348874048	-0.003942657343
	-0.002641299117	-0.01217318352	-0.006418647391	-0.042588738	-0.03157079535
	-0.1452396534	-0.1349723858	-0.4452614013	-9.396738039e-34	-1.80950579e-35
	0.01215287328	0.01888634881	0.01287591973	0.009809299053	0.009035073516
	0.006867948972	0.006158205364	0.005614862752	0.005403663224	0.005477940792
	0.005804738848	0.006078829378	0.006405895271	0.006605466846	0.00669926178
	0.006656180625	0.006520194438	0.006269486805	0.005966339918	0.005604580716
	0.00521818601	0.004815745742	0.004409874929	0.004012506285	0.00361845937
	0.003251623063	0.002882919011	0.00255486101	0.002216795068	0.001931744341
	0.001617902298	0.001384894003	0.001088332267	0.0009089224902	0.0006245756234
	0.000515605221	0.0002112717828	0.0001586840775	-8.311007789e-05	-0.000394500137
	-0.000272029094	-0.001441617443	-0.001193777442	-0.003503989972	-0.006927461142
	-0.007099863687	-0.03484288645	-0.006131737925	-0.1319108508	-1.186303437e-33
	-2.053770881e-35	2.476367829e-34	2.811715728e-34	3.142225389e-34	3.185847132e-34
	3.241610112e-34	3.572305709e-34	3.845587147e-34	4.205227822e-34	4.528423621e-34
	4.774659241e-34	4.908555457e-34	4.902106071e-34	4.754976798e-34	4.460585016e-34
	4.063268798e-34	3.55946979e-34	3.010059238e-34	2.412942871e-34	1.824497935e-34
	1.237638615e-34	6.996619469e-35	1.975116074e-35	-2.329434419e-35	-6.062117859e-35
	-8.979912084e-35	-1.120825946e-34	-1.260612949e-34	-1.324981418e-34	-1.310758142e-34
	-1.216753946e-34	-1.052627816e-34	-8.060903466e-35	-5.015801569e-35	-1.104069528e-35
	3.176655461e-35	8.425336238e-35	1.375074742e-34	2.021005572e-34	2.631345347e-34
	3.424052994e-34	4.07805869e-34	5.148127894e-34	5.945910209e-34	7.736443455e-34
	9.418270864e-34	1.354894159e-33	1.918648082e-33	2.87268136e-33	4.708986177e-33
	2.920193041e-33	
