2601	
	-1.827650726e-34	-3.667214403e-34	-3.661659665e-34	-3.666191166e-34	-3.653038794e-34
	-3.649440594e-34	-3.632908101e-34	-3.628184387e-34	-3.610563661e-34	-3.603187389e-34
	-3.578919711e-34	-3.562460542e-34	-3.524925273e-34	-3.493649465e-34	-3.436864299e-34
	-3.384698478e-34	-3.302583204e-34	-3.224981269e-34	-3.116700912e-34	-3.019283463e-34
	-2.900097164e-34	-2.80917475e-34	-2.716925223e-34	-2.67801925e-34	-2.661781953e-34
	-2.719473071e-34	-2.813687186e-34	-2.983978329e-34	-3.181852093e-34	-3.429518539e-34
	-3.666943326e-34	-3.900962267e-34	-4.070000183e-34	-4.181673299e-34	-4.195530662e-34
	-4.141400521e-34	-4.01394673e-34	-3.861846665e-34	-3.696904344e-34	-3.555398012e-34
	-3.442002285e-34	-3.361171038e-34	-3.314431726e-34	-3.279823436e-34	-3.274745522e-34
	-3.257202635e-34	-3.271445208e-34	-3.254129578e-34	-3.278770276e-34	-3.257790378e-34
	-1.657475017e-34	4.763763131e-38	-0.0004241256236	-0.000535648082	-0.0005852565855
	-0.0003926510171	-0.0002377884995	-7.741237575e-05	4.677032949e-06	4.737409992e-05
	0.000132512394	0.0002647363634	0.0005335061939	0.0008688452496	0.001352987766
	0.001889569047	0.002541569579	0.003181637982	0.003806640029	0.004278454307
	0.004572722998	0.004620225517	0.004413948977	0.003973070636	0.003287774868
	0.002443322682	0.001396003196	0.0002813476357	-0.0009842210619	-0.002209696652
	-0.003498920469	-0.004591135888	-0.005594397021	-0.006181677418	-0.006508344763
	-0.006225385191	-0.005666140412	-0.004487240616	-0.003323655199	-0.001745923269
	-0.0006480641129	0.0006228090632	0.001093564909	0.001720568285	0.001501487693
	0.001686980756	0.001132546885	0.001212998252	0.0006569823274	0.0007513563356
	0.0001195247837	3.490751975e-37	-2.298608859e-37	-0.001856773627	-0.002766830231
	-0.003084316935	-0.002343854068	-0.001418500435	-0.0004786248568	0.0001413229955
	0.0006157451905	0.001197825892	0.002153105638	0.003683709321	0.005785716941
	0.008488880445	0.01160964131	0.0150072543	0.01831025304	0.02119884833
	0.02326412297	0.02426172277	0.0240377507	0.02257807151	0.01999870999
	0.01639392724	0.01200641997	0.006891026142	0.00134300835	-0.004651476159
	-0.01070123063	-0.01680916216	-0.02239119928	-0.02734835742	-0.03089243554
	-0.03291855434	-0.03268198172	-0.03048551314	-0.02599721523	-0.02029354472
	-0.01339956587	-0.006940093266	-0.0007998935007	0.003483592343	0.006645428046
	0.007641560379	0.00799080444	0.006839122811	0.006082680094	0.004485137931
	0.0036404015	0.001668105693	2.233227846e-36	-9.729385693e-37	-0.003724780476
	-0.005437428949	-0.005479240784	-0.003789239154	-0.001800505984	0.0001634230367
	0.001674571751	0.00321345601	0.005248810785	0.008285082323	0.01247916183
	0.01776091502	0.02383931574	0.03018031098	0.03606996074	0.04072292151
	0.04351646966	0.04413232873	0.04255942545	0.0390766694	0.03401971136
	0.02784697515	0.02081758866	0.01330052491	0.005329102326	-0.002806087894
	-0.0112338967	-0.0195899109	-0.02800979141	-0.03586048716	-0.04310751617
	-0.04873069305	-0.05253129733	-0.05336066289	-0.05138365194	-0.04602897644
	-0.03849230435	-0.02893470223	-0.01927234473	-0.009594595493	-0.001742193842
	0.004715663256	0.008426156063	0.01056223199	0.01040022238	0.009838963922
	0.008001950475	0.006565042088	0.003542720336	-8.832010128e-37	-1.494573073e-36
	-0.005973250323	-0.008506907588	-0.007968904707	-0.005051561586	-0.001592947332
	0.001917925664	0.005109281492	0.008844131761	0.01377994783	0.02049258387
	0.02885899558	0.03836294998	0.04799929726	0.05659062188	0.06299281317
	0.066513724	0.06695086837	0.06460867871	0.05996392987	0.05362606004
	0.04601716901	0.03757101636	0.02841403727	0.01879467098	0.008603126986
	-0.001956679182	-0.01312219337	-0.02457155662	-0.03652620758	-0.0483246032
	-0.05993569636	-0.07009258474	-0.07832352445	-0.08282711082	-0.08319121488
	-0.07815024289	-0.06877164152	-0.0554192328	-0.040811651	-0.02572154524
	-0.0127236154	-0.001524692126	0.006144157196	0.01140289435	0.01334153159
	0.0138276583	0.01221013669	0.01031193643	0.006010439971	3.557657651e-36
	-2.592737114e-36	-0.00841308652	-0.01139595827	-0.0094664513	-0.004619398142
	0.0009586336922	0.006617576812	0.01241484134	0.01961692435	0.02887860867
	0.04039823383	0.05321258254	0.06592027286	0.07676425355	0.08442206728
	0.08813783091	0.08800819775	0.08452429469	0.07848155187	0.07053378018
	0.06133844205	0.05125798323	0.04069423506	0.02972747122	0.01860095488
	0.007172286259	-0.004375261221	-0.01635783924	-0.02853971625	-0.04132711154
	-0.05424825495	-0.06759114566	-0.08030374683	-0.09214908044	-0.101107135
	-0.1062907542	-0.1053003984	-0.09814650365	-0.08435410201	-0.06684936067
	-0.0472388916	-0.02933971342	-0.01347762569	-0.001806522027	0.006969720491
	0.01176860147	0.01431646851	0.01400666675	0.01242721283	0.00757731076
	6.860545948e-37	-3.31764374e-36	-0.01078795526	-0.01365465119	-0.009590664228
	-0.002320374851	0.005892166223	0.01448989908	0.02417650572	0.03621893771
	0.05070213541	0.06679280583	0.08241049381	0.09553816157	0.1044534721
	0.1085840036	0.1080932962	0.1038628095	0.09677003453	0.08777112411
	0.07749824709	0.06655572735	0.05520561019	0.04375285286	0.032167024
	0.02058755419	0.008782749355	-0.00314318271	-0.01556327635	-0.0283077853
	-0.0418593256	-0.05587507153	-0.07085401026	-0.0860258162	-0.1015391699
	-0.1155994263	-0.1273230204	-0.1334804166	-0.1326625976	-0.1223588199
	-0.1042823693	-0.07999407878	-0.05502928489	-0.03155221641	-0.01345455516
	0.000476031498	0.00894780276	0.01415281779	0.01544101163	0.01431856761
	0.009091729512	4.379197169e-36	-4.772661014e-36	-0.01278153365	-0.01468864955
	-0.007542500764	0.002847865605	0.01453711765	0.02712465291	0.0418212609
	0.05921816652	0.07828234917	0.09686751049	0.1122357938	0.1225998758
	0.1271262024	0.1263372933	0.1211765199	0.1129393357	0.1026097619
	0.0911274756	0.07901414153	0.06674928351	0.05446002058	0.04234117847
	0.03029015377	0.01840421387	0.006456398722	-0.005438178645	-0.01761085091
	-0.0298749168	-0.04269801266	-0.05579543904	-0.06980725631	-0.08427783474
	-0.0998915827	-0.1155979045	-0.1313588048	-0.144358309	-0.1526970278
	-0.1517979163	-0.1404522522	-0.1176776572	-0.0887784425	-0.05778513502
	-0.03168191716	-0.01088206256	0.002361963313	0.01098664263	0.01439405589
	0.01440628881	0.009448517208	1.363846892e-36	-5.340948225e-36	-0.01377528996
	-0.01373325476	-0.002734109771	0.0112613584	0.02710874685	0.0444522571
	0.06452505475	0.08648937329	0.107975736	0.1259753947	0.1380518752
	0.143471516	0.1426097851	0.1369147819	0.1277427684	0.1165334361
	0.1041912278	0.09151805232	0.07882882424	0.06641719999	0.05423680623
	0.0423487291	0.03056125707	0.01890189674	0.007125708402	-0.004677210978
	-0.01680607935	-0.02906513074	-0.04185332909	-0.05485402389	-0.06864601862
	-0.08280747841	-0.0981739759	-0.1141284861	-0.1314500159	-0.1484185972
	-0.1641270693	-0.1737552639	-0.1738888482	-0.1594333423	-0.1321978159
	-0.09555603091	-0.05953368085	-0.02825519957	-0.007151079353	0.00685990276
	0.01320732618	0.01467668303	0.0100901941	4.30029298e-36	-6.533125663e-36
	-0.01333399615	-0.01028096927	0.005214752798	0.02327703614	0.0439553359
	0.06639472149	0.09121502284	0.1156886381	0.1366570738	0.1511405259
	0.1579363441	0.1576153787	0.1516139963	0.1418632661	0.129831676
	0.1168547865	0.1036013702	0.09060234704	0.07790261229	0.06558609188
	0.0534640705	0.04153041552	0.02958982407	0.01769450476	0.005664560471
	-0.006366055904	-0.01861635961	-0.03085650396	-0.04340214401	-0.05590283473
	-0.06884462053	-0.08177285285	-0.09549418177	-0.1095579561	-0.1252252805
	-0.14182443	-0.1601004509	-0.1768977911	-0.1891380811	-0.1890247502
	-0.1729108969	-0.1391640582	-0.09717985289	-0.05487849501	-0.02319414563
	-0.001129677473	0.00963840535	0.01365415349	0.0100207483	1.859597534e-36
	-5.865075908e-36	-0.01071230851	-0.003671298377	0.01662582346	0.03898423988
	0.06460236601	0.09146836001	0.1191712475	0.1433457231	0.1609948613
	0.1700364454	0.1708855439	0.1652286173	0.1551606319	0.1427291756
	0.1292648121	0.1158115146	0.1026694333	0.09006032492	0.07778615114
	0.06581994448	0.05393390955	0.04214331522	0.03028431159	0.01842712686
	0.00641122842	-0.00565118091	-0.01796381588	-0.03033483468	-0.04304230738
	-0.05575383709	-0.06886778428	-0.08187315488	-0.09540210687	-0.1088521026
	-0.123377285	-0.1385295011	-0.1560305219	-0.1746336249	-0.1937404825
	-0.2064910741	-0.2062125318	-0.1842498106	-0.1437591193	-0.09261876342
	-0.04768084361	-0.01357043085	0.004563596638	0.01277178376	0.01057615642
	4.32777905e-36	-5.518059411e-36	-0.005713948501	0.006015873579	0.03110475118
	0.0577581903	0.08795171805	0.1178482662	0.1461427997	0.1674411577
	0.1799792986	0.1829327313	0.1783541468	0.1685324447	0.1558933213
	0.1422166601	0.1285185089	0.1153610767	0.1026838372	0.09045989845
	0.07839210858	0.06645649277	0.05445908578	0.04246219039	0.03033547258
	0.01817316103	0.005849799184	-0.006511596073	-0.01906297869	-0.03162164205
	-0.04440240372	-0.05710908046	-0.07006658406	-0.08279714176	-0.09581024008
	-0.1084370435	-0.1215998333	-0.1347213552	-0.1496865834	-0.1662775476
	-0.186364733	-0.2062733171	-0.2207707646	-0.2170967698	-0.1892288668
	-0.1380585753	-0.08212659239	-0.03362412667	-0.004919744642	0.009965945111
	0.01036710647	2.913495287e-36	-2.209334736e-36	0.002128890072	0.01903614859
	0.04851484534	0.07905780439	0.1126806265	0.1436121546	0.170073995
	0.186551814	0.1931825866	0.1903904575	0.1815142886	0.1689463043
	0.1551174817	0.1412579876	0.1279692259	0.1153318617	0.103079764
	0.09109243956	0.07910838666	0.0671642918	0.05511553203	0.04306717046
	0.03090541141	0.01873330387	0.006428772752	-0.005909115874	-0.01842807094
	-0.03099875479	-0.04381457873	-0.05665555744	-0.0697963132	-0.08284068695
	-0.09619809504	-0.1092046301	-0.1225245806	-0.1353132601	-0.1490062685
	-0.1632849123	-0.1810455448	-0.2014833054	-0.2236427985	-0.2363250862
	-0.22761232	-0.1869742768	-0.1262298953	-0.06274134901	-0.01940800447
	0.005640217933	0.01025736157	4.727899603e-36	6.157802367e-37	0.01235136582
	0.03444947367	0.06770788844	0.101476643	0.1370944943	0.1670828687
	0.1899508631	0.2006991713	0.2017253658	0.1942284854	0.182520785
	0.1685559822	0.1546252941	0.1411725233	0.128499574	0.1162777641
	0.1042567611	0.09228959535	0.08022385917	0.06813022173	0.05590845248
	0.04367291852	0.03131340455	0.01893287985	0.00641575381	-0.006139763956
	-0.01884844108	-0.03159314156	-0.04450755687	-0.05741825436	-0.07052266697
	-0.08352483382	-0.09674608962	-0.1096564333	-0.1227746447	-0.1352436691
	-0.1480646313	-0.1605171836	-0.1752826067	-0.1927749774	-0.2158620455
	-0.2383122573	-0.2490498284	-0.2284074791	-0.1744580525	-0.1011065444
	-0.04127415217	-0.002475838892	0.008556691678	4.11059549e-36	6.930912289e-36
	0.02503215155	0.0521897288	0.08825071605	0.1243001013	0.1601746214
	0.1875301849	0.2056239457	0.2105262744	0.2067136514	0.195704492
	0.1824061553	0.167963893	0.1544481552	0.1414689458	0.1292375352
	0.1171440817	0.1051305761	0.0930338473	0.08084636977	0.06862874787
	0.05632321866	0.04403065596	0.03164639531	0.01927113851	0.006787522752
	-0.005712726708	-0.01834542265	-0.03102489125	-0.0438708525	-0.05677563367
	-0.06989057155	-0.08302548521	-0.09641595521	-0.1096829166	-0.1232096918
	-0.1362580873	-0.1494743401	-0.161814509	-0.1750960214	-0.1894806401
	-0.2094744945	-0.2337959511	-0.2572036395	-0.2584023221	-0.2215883268
	-0.147258392	-0.07119537416	-0.01475815106	0.005700700103	4.622634582e-36
	1.149265732e-35	0.03894310879	0.07072142619	0.1087219845	0.1460625686
	0.1807468541	0.2043732631	0.2173602118	0.2169709257	0.2094748149
	0.1961588662	0.1823200067	0.1679747855	0.1551056709	0.1424970561
	0.130562886	0.1184476756	0.1064102748	0.09418419091	0.08192941006
	0.06961095693	0.05723350685	0.04484390242	0.03235916598	0.0198606945
	0.007238953537	-0.005416403653	-0.01820684571	-0.03104632353	-0.0440170818
	-0.05703356279	-0.07017792869	-0.083334849	-0.09663942681	-0.1098676153
	-0.1232799824	-0.1363782138	-0.1496111854	-0.1619951924	-0.1745986326
	-0.1868999613	-0.2031007739	-0.2246373891	-0.2528810796	-0.2716909115
	-0.2583586528	-0.1952236527	-0.1089568301	-0.03311667138	6.141871982e-05
	4.299691948e-36	1.941865511e-35	0.05405994575	0.09000885156	0.1288866848
	0.1665661037	0.1987806973	0.2181482955	0.2260960632	0.2212505043
	0.2110691781	0.1963413201	0.1825128315	0.1684051935	0.1560616164
	0.143542732	0.1316846252	0.1193625985	0.1072217921	0.094796542
	0.08245404567	0.07000616634	0.05756924627	0.0451073949	0.03259247598
	0.02007692102	0.007469210746	-0.005145627868	-0.01787117923	-0.0306301411
	-0.0435102933	-0.05645836401	-0.06953885764	-0.08270879301	-0.09603342715
	-0.1094226131	-0.1230048853	-0.1365066793	-0.1501817047	-0.1632926087
	-0.1763413547	-0.1883183898	-0.2020335655	-0.2193910384	-0.2461617486
	-0.2744379846	-0.2832931922	-0.2405017976	-0.1530194448	-0.05800969801
	-0.008049635181	3.149022714e-36	2.35221837e-35	0.06867351134	0.1083876412
	0.1474364166	0.1846844564	0.2137417822	0.2288490829	0.2322950261
	0.2239825879	0.2120540673	0.1966152953	0.1831540936	0.1693139881
	0.1574077118	0.1448443232	0.133048806	0.1205338552	0.1084010089
	0.09585740877	0.08354822502	0.07104042106	0.05862463741	0.04611343363
	0.03358013029	0.02099851103	0.008321861947	-0.004392572698	-0.01723502921
	-0.0301269881	-0.04314398951	-0.05622725004	-0.06940931036	-0.08266952191
	-0.09600499617	-0.1094173306	-0.1229156216	-0.136433241	-0.150059278
	-0.1634078948	-0.1766685482	-0.1888402468	-0.2013207627	-0.2152604811
	-0.2377925942	-0.2683975001	-0.293833417	-0.275948153	-0.1987156756
	-0.08956009138	-0.01986691216	3.070873585e-36	3.097413246e-35	0.08306022163
	0.1261802933	0.1646703182	0.2009158314	0.2263814934	0.2375525316
	0.2370619753	0.2261718154	0.2130679693	0.1973072019	0.1842133157
	0.1704859517	0.1587980496	0.1460054117	0.1341749327	0.1213770345
	0.1092088499	0.09645511366	0.08411966438	0.0714500356	0.05899532445
	0.04636397683	0.03379451881	0.02114746627	0.00846327423	-0.004248156729
	-0.01705030452	-0.02987400401	-0.04280667782	-0.05579401233	-0.06888649091
	-0.08208841833	-0.09538309651	-0.108840233	-0.1223867606	-0.1361122245
	-0.1499348576	-0.163781637	-0.1775708057	-0.1906156239	-0.2031887406
	-0.215479642	-0.2335313041	-0.2616282117	-0.2959475619	-0.3013762085
	-0.2428068685	-0.1268679873	-0.03519520011	2.050373155e-37	3.253970677e-35
	0.09536374108	0.1418110842	0.1794236762	0.2143509375	0.2363100176
	0.2441162097	0.2404168914	0.2277621789	0.2139456138	0.1981573218
	0.1854108612	0.1717520056	0.1602164682	0.147201646	0.1354135914
	0.1224090813	0.1103337333	0.0974562926	0.08523606525	0.07249592717
	0.06014529224	0.0474776413	0.03497992058	0.02230720652	0.009643711957
	-0.003112563946	-0.01596110904	-0.02887113349	-0.04191589783	-0.05502814371
	-0.06826084572	-0.08159225699	-0.09499329674	-0.1085416599	-0.1221124629
	-0.1358881974	-0.1496711758	-0.1636421509	-0.1775281124	-0.191100978
	-0.2039758475	-0.2158057082	-0.2304394609	-0.25412277	-0.2909637892
	-0.3149427458	-0.279981804	-0.1671083622	-0.05451074165	-1.47803246e-38
	3.822170831e-35	0.1064021625	0.1560718927	0.1925664146	0.2260077941
	0.244671504	0.2497189319	0.2433749927	0.2295543419	0.2151900103
	0.1994729075	0.1868770945	0.1731770362	0.1616257395	0.1483306098
	0.1365158505	0.1232416659	0.1111966723	0.09808784175	0.0858971702
	0.07294773657	0.06060144542	0.04775316997	0.0352401873	0.02243703998
	0.009760518911	-0.003053617526	-0.0158828911	-0.02876602893	-0.04174211996
	-0.05475699144	-0.06789081461	-0.08111103665	-0.09443418483	-0.10793649
	-0.1214996923	-0.1353537223	-0.1492296992	-0.1634727795	-0.1776426942
	-0.1919105623	-0.2054784706	-0.2179382367	-0.2307602089	-0.2500910994
	-0.284961625	-0.3212210871	-0.3100501665	-0.2083644738	-0.07739265194
	-5.183276698e-36	3.63108746e-35	0.1143102811	0.1674238794	0.2028842794
	0.2348994551	0.2508052374	0.2537640175	0.2454119771	0.2309443603
	0.216189601	0.2006763393	0.1881319805	0.1744355572	0.1628513151
	0.149378519	0.1376032212	0.1241608572	0.1122507439	0.09900197048
	0.08698812438	0.07393714544	0.06177873455	0.04887792885	0.03654272913
	0.02372693538	0.01118846838	-0.001626217586	-0.0143927175	-0.02730456717
	-0.04031692115	-0.05341803755	-0.06667863918	-0.08003116511	-0.09352063499
	-0.1071570301	-0.1208534817	-0.1348090901	-0.1487466157	-0.1630915453
	-0.1773261377	-0.1919162206	-0.205875117	-0.2190835782	-0.2311526236
	-0.2471027981	-0.2777835599	-0.3207600466	-0.3309716139	-0.2469796359
	-0.1029028227	-6.347816535e-36	4.011347335e-35	0.1204917273	0.1770802459
	0.2117358493	0.2424116082	0.2560717588	0.2575071602	0.247592938
	0.2327765479	0.2176137445	0.2022981098	0.1895959158	0.1758855679
	0.1641274591	0.1504851936	0.1386526594	0.1250108681	0.1131392925
	0.09966537678	0.08772678762	0.07443174406	0.06234440395	0.04920394962
	0.03691206295	0.02388749475	0.01136784843	-0.001594557805	-0.01434185374
	-0.02730660303	-0.04026676744	-0.05331101789	-0.06647138217	-0.07968999215
	-0.09306600267	-0.1065713974	-0.1202100682	-0.1341249504	-0.1481013868
	-0.162558737	-0.1769671118	-0.1919482323	-0.2064246898	-0.2206201687
	-0.2329363999	-0.2469025364	-0.2728094573	-0.3179640426	-0.34558744
	-0.2823923652	-0.1304258758	-1.408045582e-35	3.484974352e-35	0.1230345201
	0.1833812393	0.2176589367	0.2472382823	0.259352225	0.2598601965
	0.2488971274	0.234040129	0.2185445654	0.2035008379	0.1905938509
	0.1769813127	0.1650487743	0.1513879231	0.1395298762	0.1258154577
	0.1140515717	0.1004670209	0.08872694367	0.07531391376	0.06348857052
	0.0502581757	0.03825926114	0.02519838814	0.01295956963	8.292638858e-06
	-0.01251922926	-0.02546659067	-0.03832117137	-0.05139352389	-0.06459594059
	-0.07791655893	-0.09145680433	-0.1051150127	-0.1189620461	-0.1330199866
	-0.1471719289	-0.1617427447	-0.1762892196	-0.1914748552	-0.2062391839
	-0.2211219426	-0.2339266804	-0.2469130071	-0.2683454326	-0.3127186374
	-0.3535861886	-0.312435172	-0.1580739411	-1.681671392e-35	3.740051425e-35
	0.1238727596	0.1879244043	0.222414657	0.2511114034	0.2622686484
	0.2622828969	0.2506377377	0.2358556568	0.2199682884	0.2051465325
	0.1918763405	0.178360557	0.166126447	0.1524807041	0.1404604386
	0.1266856499	0.1148950461	0.1011593421	0.08949360179	0.0758538869
	0.06415636342	0.05064956597	0.03878550769	0.02543103708	0.01329746933
	8.247367682e-05	-0.01237757099	-0.02550575951	-0.03829785142	-0.05142081163
	-0.06452186814	-0.07774503228	-0.09114127569	-0.1046114284	-0.1183293713
	-0.1322276343	-0.1463467438	-0.1608774395	-0.1755361938	-0.190886082
	-0.20600348	-0.2215383274	-0.2351669582	-0.2480749777	-0.2660369716
	-0.3077046225	-0.3580610882	-0.33816552	-0.18577897	-2.667484135e-35
	2.944366392e-35	0.1209863763	0.1887507077	0.2241442629	0.25228668
	0.263147056	0.2631925497	0.2513317862	0.2368087	0.2206492192
	0.2060945525	0.1924863625	0.1791871053	0.1666853918	0.1532058841
	0.1410463523	0.1273655458	0.1155732931	0.1018423592	0.09032454742
	0.07661115222	0.06519970803	0.05158589245	0.04010990703	0.02666780586
	0.01497565184	0.001726842233	-0.01030692816	-0.02341634418	-0.0358827318
	-0.04898645434	-0.06193839642	-0.07521330095	-0.08867105888	-0.1022823675
	-0.1162235161	-0.1302989113	-0.1446799424	-0.159359294	-0.1742447894
	-0.1897478671	-0.2051571997	-0.2211161579	-0.2354220123	-0.2486439752
	-0.2639466387	-0.3020062061	-0.3586439256	-0.3587154634	-0.2116981191
	-3.123307717e-35	3.167314544e-35	0.1167682816	0.1878745442	0.2250088804
	0.2528771815	0.2639876757	0.2644299316	0.2526658158	0.2384574782
	0.2220001948	0.2076027433	0.1935585483	0.1804349782	0.1675474196
	0.1542557948	0.1418067337	0.1282478096	0.1162886692	0.1025768248
	0.09103496291	0.07721190411	0.06591724626	0.05205905475	0.04079489072
	0.02700641953	0.01554719799	0.001906668361	-0.009930573432	-0.0234030294
	-0.03572441358	-0.04906898441	-0.06188915528	-0.07520673001	-0.08848496616
	-0.101937955	-0.1156634745	-0.1294769043	-0.1437117796	-0.158184451
	-0.1730816816	-0.1885569464	-0.2042062308	-0.2204520235	-0.2354935721
	-0.2492807801	-0.2629986704	-0.2970650806	-0.3576250145	-0.3756324917
	-0.2365481477	-4.206268444e-35	2.176037065e-35	0.1090619042	0.1829555264
	0.2225908507	0.2506164743	0.2625325239	0.2638196984	0.2526503331
	0.2389274105	0.2223507111	0.2081414418	0.1937690868	0.1808818228
	0.1677143731	0.1547303719	0.1420376061	0.1287652441	0.1166473797
	0.1031419066	0.09159403555	0.07786644208	0.06676084686	0.05287995351
	0.04201430009	0.02811961621	0.01723106494	0.003477150089	-0.007702532113
	-0.02123335584	-0.03292118801	-0.04626877078	-0.05861549849	-0.07194258925
	-0.08502918826	-0.09858512986	-0.1124167886	-0.1264375965	-0.1409621826
	-0.1556377236	-0.1708531837	-0.1864757809	-0.2024431168	-0.2189574547
	-0.2345679497	-0.2489456775	-0.2616497224	-0.2917846553	-0.3542550328
	-0.3885161151	-0.2589127879	-4.789501654e-35	2.467540844e-35	0.1007367768
	0.1764711573	0.2194789575	0.2481245446	0.2612309727	0.2637311784
	0.2534805173	0.2402967045	0.2236415918	0.2094829983	0.1946948207
	0.1819422534	0.1684027928	0.1556725502	0.1426180694	0.1296312801
	0.1171752119	0.1039237645	0.09215096111	0.0785608634	0.06741337294
	0.05348313725	0.04277613201	0.02861202451	0.01804129219	0.003825309608
	-0.006979258558	-0.02106607	-0.03242442628	-0.0462879411	-0.05837196577
	-0.07202892843	-0.08486373691	-0.09844030621	-0.11197285	-0.125725964
	-0.1399370678	-0.1542534632	-0.1692989347	-0.1846735601	-0.2007531227
	-0.2172626454	-0.2333497647	-0.248195802	-0.260568525	-0.2869514752
	-0.3501010186	-0.3987558062	-0.2799645844	-5.838237254e-35	1.342926799e-35
	0.08943756345	0.1657188369	0.2126448585	0.2424413165	0.2572055586
	0.2613148207	0.2524963401	0.2401114549	0.2236563493	0.2095570712
	0.1945414849	0.1819257923	0.1681744366	0.1557704255	0.1424783327
	0.1298892524	0.1171582042	0.1043414303	0.09233180864	0.07914187747
	0.06791962165	0.05425163144	0.04374330278	0.02964904582	0.01960028167
	0.005286333697	-0.004706171665	-0.01895871047	-0.02935059543	-0.04332940157
	-0.05449659308	-0.06820233991	-0.08037870526	-0.09403962283	-0.107339777
	-0.1212953956	-0.135695553	-0.150291922	-0.1657056487	-0.1813105268
	-0.1977489069	-0.2144278793	-0.2309964885	-0.2462737511	-0.2585753202
	-0.2816208403	-0.3442694742	-0.4059963221	-0.2986293306	-6.469565587e-35
	1.798359577e-35	0.07858511139	0.1538731907	0.2050505497	0.2367882123
	0.2535112775	0.2595149914	0.2525142729	0.2410976257	0.2249142226
	0.2107925414	0.1954574715	0.1827921682	0.168755601	0.1565352181
	0.1429182536	0.1306518525	0.1175144513	0.1051165116	0.09267438177
	0.07994549038	0.06836317508	0.05505959216	0.04440034438	0.03040566545
	0.0205014711	0.005927130885	-0.003654452446	-0.01850866425	-0.02835264964
	-0.04312681408	-0.05377608361	-0.068216298	-0.07996918809	-0.09405310254
	-0.106922114	-0.1208425572	-0.1347417651	-0.1489064316	-0.1638973408
	-0.1790054085	-0.1952966907	-0.2117169175	-0.2284998976	-0.243828219
	-0.2563505451	-0.2763306481	-0.3378473314	-0.4113202545	-0.3162141089
	-7.40934083e-35	5.577086891e-36	0.06553687223	0.1378182997	0.1931008618
	0.2274346749	0.2464999422	0.2547236275	0.2500961887	0.2399757388
	0.2245103125	0.2104461949	0.1949948132	0.1822823598	0.1681502543
	0.1561137523	0.1424015517	0.1304912773	0.1171192843	0.1052487804
	0.0924457598	0.08039528234	0.06841499618	0.05583700093	0.04491574848
	0.03150500934	0.02170329698	0.007408977618	-0.001562560963	-0.0164463756
	-0.02520094361	-0.04018098906	-0.04945604271	-0.06410634855	-0.07455128202
	-0.0887745402	-0.1007799423	-0.1149001394	-0.1285661308	-0.1431096747
	-0.1583931773	-0.1738747397	-0.1906349713	-0.2072252475	-0.2244037796
	-0.2399264135	-0.2528012814	-0.2702040694	-0.3299449361	-0.4143557412
	-0.3318149682	-8.034907476e-35	1.296942077e-35	0.05427711162	0.1218323308
	0.1803794859	0.2180794146	0.2399496849	0.2506394991	0.248667315
	0.2402341442	0.2256669391	0.2116639089	0.1960377137	0.1830781106
	0.168696756	0.1566605686	0.142761825	0.1310188067	0.1173813021
	0.1058634145	0.09263696187	0.08118048841	0.06862723591	0.05683036192
	0.04529485863	0.03264981621	0.02241816148	0.008553949225	-0.0004257148642
	-0.01546641601	-0.02377123793	-0.0394953917	-0.04805376317	-0.06380375086
	-0.07349454575	-0.08876358761	-0.1000896007	-0.1147252112	-0.1277044492
	-0.1420468766	-0.1565592661	-0.1714042477	-0.1875876672	-0.203536349
	-0.2206419345	-0.2357595781	-0.2488329568	-0.2638594985	-0.3214819077
	-0.4158738913	-0.3467432887	-8.851932165e-35	-1.414343329e-36	0.04153332731
	0.1024032026	0.162722179	0.2041758544	0.2294336404	0.2427050667
	0.24393619	0.2376176541	0.2245023013	0.2108524267	0.1953347319
	0.1821300964	0.1677211868	0.1556557886	0.1418074684	0.1302543049
	0.1166127838	0.1054559873	0.09206925089	0.08124046193	0.06829363423
	0.05744986419	0.04531695464	0.03385141471	0.0230320721	0.01029374268
	0.001131169028	-0.01319684988	-0.02090632724	-0.03648194101	-0.04363299217
	-0.05959976394	-0.067409409	-0.08298901748	-0.09249856189	-0.1074571319
	-0.1193183876	-0.1340863724	-0.1484897611	-0.1639149592	-0.1805549111
	-0.1969258407	-0.2144348284	-0.2294762831	-0.243014555	-0.2562932792
	-0.3113950621	-0.4154942922	-0.360159148	-9.452656202e-35	1.040508478e-35
	0.03212008267	0.08501196761	0.1449461926	0.1901345037	0.2192354689
	0.2355565583	0.2401155331	0.2363294737	0.2250544941	0.2119963843
	0.1965576358	0.1830384167	0.1683716445	0.1560376746	0.142104644
	0.1304771032	0.1168019696	0.1057257788	0.09223524294	0.08172198888
	0.06846533797	0.05832635168	0.04555094902	0.03521310366	0.02347138234
	0.01205066809	0.001991834643	-0.011328721	-0.01944644854	-0.03488314128
	-0.04167826365	-0.05854103635	-0.06545463048	-0.08253536124	-0.09102497007
	-0.1073899919	-0.1182063202	-0.1335985152	-0.1468666782	-0.1618014032
	-0.1773416727	-0.1926513571	-0.2094051671	-0.2236050524	-0.2370558731
	-0.2484088799	-0.300815171	-0.4138467959	-0.3733571553	-1.014247063e-34
	-7.569600805e-36	0.02123594535	0.06540622195	0.1227272586	0.1704957332
	0.2041147558	0.2237395204	0.2318815519	0.2310784348	0.2223129099
	0.2102774582	0.195464857	0.1817420247	0.1670400944	0.1544848092
	0.1406248884	0.1289917303	0.1155206311	0.1045738604	0.09129648385
	0.08105970023	0.06790340505	0.05835023785	0.04534598582	0.03612937066
	0.02367960804	0.01393130455	0.002882780476	-0.008569549068	-0.017371539
	-0.0313459558	-0.03778546073	-0.0540728121	-0.05924994325	-0.07653296584
	-0.08242991507	-0.09924576741	-0.1076651464	-0.1236354888	-0.1355853261
	-0.1513923093	-0.1669572475	-0.1830138117	-0.2003526245	-0.2145613767
	-0.2282035754	-0.238722829	-0.2883218651	-0.4102953519	-0.3855106825
	-1.073840904e-34	1.054309056e-35	0.01516418375	0.05053230172	0.1023367903
	0.1511856255	0.1890706164	0.2125505171	0.2244789039	0.2270054596
	0.2210282958	0.2106476474	0.1965957883	0.1827759433	0.16792307
	0.1548864391	0.1408900719	0.1289615679	0.1155426321	0.1044611778
	0.0913460048	0.08108953003	0.06812336032	0.05873458856	0.04576719027
	0.03715839686	0.02423850577	0.0158361716	0.003618070757	-0.0058849538
	-0.01620494503	-0.0283555901	-0.03590718401	-0.05146133821	-0.05668546719
	-0.07490676625	-0.07977636675	-0.09870961126	-0.1057022718	-0.1235479034
	-0.1339977471	-0.1502934152	-0.1639768138	-0.1790184054	-0.1945214797
	-0.2070130581	-0.2200177004	-0.2291901552	-0.2754530369	-0.4056473198
	-0.3980301827	-1.131349123e-34	-1.371447504e-35	0.006780426689	0.03368585617
	0.07910777003	0.1265909709	0.1678972503	0.1956294012	0.2117293254
	0.2175958367	0.2151269384	0.206867528	0.1942802529	0.1808433491
	0.1661311062	0.1528281085	0.1388413552	0.1267399278	0.1135450345
	0.1024716696	0.08974861242	0.07960305048	0.06712033498	0.05792027083
	0.0454522778	0.03722546057	0.02454486456	0.01714010521	0.004397951966
	-0.003064651405	-0.01476772971	-0.02411934475	-0.03307905196	-0.04606369264
	-0.05144584734	-0.06824653052	-0.07121110759	-0.09012367803	-0.09360255106
	-0.112243964	-0.1194547568	-0.1367275468	-0.1490609049	-0.1653051969
	-0.1808852267	-0.1942771471	-0.2074745959	-0.2166084753	-0.2600959675
	-0.3988593587	-0.4098364624	-1.186479187e-34	1.408069653e-35	0.004467866367
	0.02419589613	0.06118641129	0.1045324239	0.1473400716	0.1792503714
	0.1994960406	0.2093202831	0.2103239396	0.2047451777	0.1941075525
	0.1813633887	0.1669441839	0.1533093566	0.1391329747	0.1265997434
	0.1133734508	0.1020307572	0.08951630405	0.07922932516	0.06712800329
	0.05787591716	0.04590116899	0.03770173411	0.0255372391	0.01841950488
	0.005768943278	-0.0005204727095	-0.01331353199	-0.02017027353	-0.0314062574
	-0.04144273837	-0.04904136474	-0.06419665596	-0.06803070177	-0.08771553554
	-0.09038819363	-0.1117955751	-0.116960212	-0.1367373545	-0.1464266399
	-0.1624753908	-0.1750531222	-0.1861200464	-0.1968242254	-0.2053433059
	-0.2453350546	-0.3908015106	-0.4228922447	-1.243339821e-34	-2.10742562e-35
	-0.00207184148	0.01145271049	0.04100578665	0.07910028355	0.1213693156
	0.155929086	0.1809530674	0.1946222293	0.199370834	0.196907335
	0.1887287003	0.1774041645	0.1638459	0.1503416522	0.1362879328
	0.1236093172	0.1105189957	0.09916301301	0.0870235356	0.07684334538
	0.06534963968	0.05624515002	0.04503736332	0.03701072764	0.02571775256
	0.01879521889	0.007011931004	0.001264781776	-0.01133780151	-0.01629637686
	-0.0289610909	-0.03521532401	-0.04527799639	-0.05616920917	-0.06110559313
	-0.07803100457	-0.07874088168	-0.0994215757	-0.1001011137	-0.1207866206
	-0.1259455637	-0.143839451	-0.1545985078	-0.1674004592	-0.1788628356
	-0.1897359078	-0.2265423644	-0.3799193166	-0.4354504912	-1.292642178e-34
	2.118072911e-35	-0.000600519907	0.007783032262	0.02947511092	0.06064572925
	0.09869270088	0.1345042514	0.1630319763	0.1807703443	0.1895113087
	0.1902265341	0.1848985975	0.175456211	0.1631448085	0.1500198006
	0.1361779767	0.123230025	0.1101179967	0.09848926736	0.08646338699
	0.07616547734	0.0650159811	0.05586865737	0.04525216621	0.03719102276
	0.02667082584	0.01972748916	0.008859224304	0.003088837178	-0.008637854059
	-0.01310835038	-0.02605559004	-0.02993624614	-0.04276045764	-0.04932901636
	-0.05835161953	-0.07197298896	-0.07503719429	-0.09613400109	-0.09635893598
	-0.1201446497	-0.1225658654	-0.1428564824	-0.1486826223	-0.1606148012
	-0.1674286072	-0.1770689958	-0.2105075126	-0.3679637338	-0.450222553
	-1.341176693e-34	-3.012229947e-35	-0.007135376811	-0.002180080458	0.01469253548
	0.03932803727	0.0733114442	0.1076229648	0.1381983744	0.159806195
	0.1722806866	0.1763382203	0.1740182318	0.1668977467	0.1564058277
	0.1444002844	0.1313064241	0.1186973907	0.1059555771	0.09447282923
	0.08286934848	0.0727970113	0.06223194226	0.05339791135	0.04356954611
	0.03578301366	0.02628661455	0.01953226724	0.009850471662	0.004207429262
	-0.006161985843	-0.01056636057	-0.02224791223	-0.02516594576	-0.0384228521
	-0.04099698996	-0.05333732891	-0.06013478594	-0.06625399718	-0.08175274542
	-0.0799782797	-0.1018192301	-0.09795622275	-0.1188078582	-0.1190911896
	-0.1342837707	-0.139835684	-0.1570192963	-0.1894456824	-0.3506536412
	-0.4644895693	-1.417726528e-34	3.202189934e-35	-0.002932033977	-0.0003283135132
	0.01032100564	0.02933192496	0.05640778652	0.08636485081	0.1167261747
	0.1402927136	0.1561799499	0.1635593721	0.1643037388	0.1596725914
	0.1513944394	0.1408076706	0.1288439977	0.1167475477	0.1044552904
	0.09306876776	0.08174893992	0.07170475535	0.06150321892	0.05277318228
	0.04344557935	0.03581294895	0.02704128117	0.0203456319	0.01167576088
	0.005981783035	-0.003171912433	-0.007729772813	-0.01793631676	-0.02112501446
	-0.03321363985	-0.03470600454	-0.04881062359	-0.05071442753	-0.06296016094
	-0.07195293023	-0.0759478459	-0.09634650474	-0.09250237586	-0.1170297554
	-0.1129573257	-0.1299316698	-0.130347001	-0.1478094245	-0.1739652173
	-0.3326905971	-0.4822744167	-1.478766792e-34	-4.552307318e-35	-0.01138981197
	-0.01128931087	-0.0004387332503	0.01529388053	0.03716524126	0.06317038337
	0.09073254176	0.1144626593	0.1324687569	0.1425780335	0.1460671834
	0.1440359408	0.1380263654	0.1294139095	0.1191209971	0.108298032
	0.09711918104	0.08654867738	0.07607513236	0.06665545324	0.05727714674
	0.04911256663	0.04066845043	0.03360617983	0.02579428216	0.01961032333
	0.01211348712	0.006708400698	-0.0009744738609	-0.005428037083	-0.01392089084
	-0.01720241825	-0.02712636235	-0.02874109441	-0.04110055889	-0.04043010999
	-0.05468166367	-0.05466840152	-0.06417742956	-0.07260191	-0.06885310949
	-0.08772687005	-0.0751356053	-0.09509460304	-0.09164572599	-0.1179981329
	-0.1501365495	-0.3072440212	-0.4971737223	-1.545410816e-34	5.0281644e-35
	-0.005834963132	-0.004635587478	0.003672503729	0.01458078365	0.03119707982
	0.05039054221	0.07271354852	0.0938380731	0.111713667	0.1232594259
	0.1292517227	0.1295987043	0.1260965263	0.1195927883	0.1112707833
	0.1019540426	0.09212620741	0.08249477785	0.07291900456	0.06410466234
	0.05541972985	0.04770425036	0.03994331783	0.03326602919	0.02619094334
	0.02040077559	0.01373897626	0.008646506269	0.002105798716	-0.002292340541
	-0.009252447124	-0.01266467324	-0.02068206558	-0.02276716228	-0.0326027609
	-0.03244032228	-0.04550297927	-0.04229518145	-0.05746270176	-0.05614723915
	-0.06469333648	-0.07575516018	-0.07019235567	-0.09285771424	-0.08753588657
	-0.1155555726	-0.1477676358	-0.2788997202	-0.5168228573	-1.833436539e-34
	-7.381479959e-35	-0.017392054	-0.0157131457	-0.005850064411	0.005914795621
	0.01961648016	0.03464643995	0.05239546135	0.06962103943	0.08520530827
	0.09664964571	0.1035731713	0.1057725873	0.1043399186	0.1000392044
	0.0938724055	0.0866017589	0.07871006357	0.07079209343	0.06286373038
	0.0554509301	0.0481766601	0.04164437243	0.03515797355	0.02949129156
	0.02365974776	0.0187506027	0.01332090641	0.009049291711	0.003809584732
	4.642506096e-05	-0.005252572786	-0.008368103152	-0.01424339392	-0.01625630341
	-0.02324036694	-0.02347234938	-0.03245312852	-0.02890995284	-0.04164257282
	-0.03239795088	-0.04653164685	-0.03722537269	-0.04193865969	-0.0462484421
	-0.0451988332	-0.07160444973	-0.1146485861	-0.2389859249	-0.5264274378
	-2.127578596e-34	6.892800648e-35	-0.003695158207	-0.0005867783042	0.01055979434
	0.01545319396	0.02251289038	0.03105676541	0.04223642429	0.05343830151
	0.06519453824	0.07429890424	0.08107812938	0.08429010244	0.08482137494
	0.08270468273	0.07891001562	0.0738274401	0.06802335646	0.06190347118
	0.05564049195	0.04959950127	0.04364039944	0.03816800251	0.03276657909
	0.02797399701	0.02313781061	0.018971765	0.01457463651	0.01098942989
	0.006845726613	0.003791406322	-0.0002109187521	-0.002762571039	-0.00681783223
	-0.008568598819	-0.01312113505	-0.01350959788	-0.01908626713	-0.01703389371
	-0.02553581836	-0.01786995751	-0.03389752505	-0.01877006123	-0.04486508752
	-0.0318435947	-0.06571201292	-0.06187637767	-0.1382109949	-0.2152483485
	-0.5304108609	-2.731562353e-34	-9.823172863e-35	-0.01372088536	-0.006253955959
	0.007149470609	0.009450057223	0.01493808703	0.01948031451	0.02561826257
	0.03255288119	0.0400558364	0.04632615461	0.05149198301	0.05459512888
	0.05586968874	0.05533376312	0.05351607122	0.05065918461	0.04718633481
	0.04338383985	0.039408793	0.03551857132	0.03166825298	0.02810236163
	0.02460720664	0.02149847146	0.01838647258	0.01571673726	0.01294137932
	0.01065991472	0.008111421036	0.006218826675	0.003781453613	0.002263387383
	-0.0001050358156	-0.001205220737	-0.00365877373	-0.004047774662	-0.006843066506
	-0.006129131316	-0.009805216212	-0.00639917814	-0.01422870187	-0.002444397561
	-0.02228695004	0.006789136204	-0.03607644442	0.00880676902	-0.1054538911
	-0.1408623755	-0.4931609916	-4.171787148e-34	1.977431948e-34	0.03314856889
	0.03543353562	0.03298005761	0.02447203697	0.02468521867	0.02059764179
	0.02010299677	0.02025642493	0.02220606354	0.02436134177	0.02738724259
	0.02980604769	0.03177794654	0.0328503891	0.03315860311	0.03265099182
	0.03159327157	0.03007263283	0.0282468552	0.02628047695	0.02419073386
	0.0221490064	0.02007446136	0.01815435647	0.01620734786	0.01448561407
	0.01269992234	0.0111847878	0.009553728333	0.008256008822	0.006729860152
	0.005680367981	0.004228080437	0.003441606843	0.002047971257	0.001600890476
	0.0002179784853	0.0001341842885	-0.001148435619	-0.000977647123	-0.002870394196
	-0.001092920135	-0.009284910493	-0.0006404096287	-0.03575627639	-0.01576034702
	-0.1340366086	-0.1128452743	-0.4341481292	-8.103097576e-34	-1.670060866e-35
	0.009076474648	0.01513679857	0.01118278705	0.008246438575	0.00780499221
	0.00590630836	0.005201498631	0.00465907165	0.004431387578	0.004547484745
	0.004951231959	0.005362211144	0.005830233001	0.006170928123	0.006378643271
	0.006426547648	0.006356477348	0.006150316403	0.005879416263	0.00554075234
	0.005170623293	0.004783957735	0.004389942087	0.004006818204	0.003621993925
	0.003271186108	0.002908156044	0.00259611092	0.00226224861	0.001990736904
	0.001677510888	0.001458337891	0.001158360864	0.0009873871133	0.0007066733612
	0.0005969333601	0.0003095032777	0.000244626019	9.815857133e-05	-0.0003296261338
	0.0002005141937	-0.00136242984	-1.540081529e-05	-0.003009160696	-0.00442950262
	-0.004939038419	-0.031224335	-0.002904131329	-0.1273402362	-1.095885915e-33
	2.20021116e-35	2.470350978e-34	2.690978084e-34	2.876878519e-34	2.920287445e-34
	2.924953555e-34	3.177036687e-34	3.409805505e-34	3.729632511e-34	4.046642571e-34
	4.304943845e-34	4.47314506e-34	4.507702059e-34	4.409275142e-34	4.163440991e-34
	3.815444341e-34	3.360093029e-34	2.859708455e-34	2.311561779e-34	1.77299474e-34
	1.235190933e-34	7.461561007e-35	2.899691769e-35	-9.69440416e-36	-4.315880165e-35
	-6.89759135e-35	-8.851149817e-35	-1.004514296e-34	-1.054647016e-34	-1.03543645e-34
	-9.408179929e-35	-7.876563284e-35	-5.539292163e-35	-2.755683401e-35	9.081480092e-36
	4.774902334e-35	9.674561222e-35	1.442590494e-34	2.040903327e-34	2.571323532e-34
	3.293180108e-34	3.813155898e-34	4.750823389e-34	5.267281486e-34	6.725947282e-34
	7.762229819e-34	1.103616145e-33	1.549787613e-33	2.364800916e-33	4.059701329e-33
	2.527142434e-33	
