5000	
	-1.769619764e-05	-1.756843078e-05	-9.644457302e-05	-0.0001141717151	-0.000240002341
	-0.0003114092729	-0.0004174282686	-0.0005786377218	-0.0005915100273	-0.0008570680837
	-0.000737359109	-0.001109086019	-0.0008357859864	-0.00129386147	-0.0008825700475
	-0.001395265041	-0.0008592695769	-0.001385924295	0.001648749507	0.001441303617
	0.003421962026	-0.002638098593	-0.008564779635	-0.01119410348	-0.0004768339541
	-0.0005489722393	-0.0005694247676	-0.0007184627976	-0.0007072253933	-0.0007552807214
	-0.0009213278848	-0.001193000604	-0.001374114656	-0.001802658604	-0.001795458297
	-0.002397635146	-0.00219886302	-0.00303313851	-0.002622657502	-0.003733264459
	-0.003082592942	-0.004479388834	-0.003564807446	-0.005222858745	-0.00403802201
	-0.005913605434	-0.004458801497	-0.006504398989	-0.004790250429	-0.006973219284
	-0.004989715866	-0.007286814568	-0.005018406352	-0.00741657684	-0.004857095471
	-0.007336058254	-0.004512057184	-0.007017562524	-0.004013803253	-0.006442347897
	-0.003410538987	-0.005626735315	-0.002707947106	-0.004647008944	-0.002798410804
	-0.003621303847	-0.002132928937	-0.003090926819	-0.0499500983	-0.002298909506
	-0.0004377070303	0.08933877131	-8.0801347e-05	-9.635631647e-13	-0.0007312863206
	-0.0009930996434	-0.001278925719	-0.002089587442	-0.001607280475	-0.002716494985
	-0.00169325747	-0.002911086096	-0.001560973216	-0.002773890656	-0.001278135416
	-0.002400345254	-0.0009445973375	-0.001890913851	-0.0006463218356	-0.001358062749
	-0.0004111254186	-0.0008932370068	-0.0002327281428	-0.0005297187046	-0.0001111684395
	-0.0002673151567	-0.000148206667	-0.0001142414141	  0	-0.0002654340413
	-0.000109907494	-9.170008524e-05	-0.0003718046137	-0.000368911619	-0.0007372499585
	-0.0007568480347	-0.001163065698	-0.001224535101	-0.001581894647	-0.001695635519
	-0.00193533764	-0.002117557313	-0.002213043263	-0.002492905889	-0.002506884298
	-0.003438343669	-0.02738374469	-0.03457322098	0.03264120034	-0.0001208466246
	-0.0009237246261	-0.0002529654821	-0.0004180486706	-0.0003714290988	-0.0006514125212
	-0.0006714731017	-0.001186836548	-0.001366268699	-0.001836621142	-0.002068671827
	-0.002527270103	-0.002809441412	-0.003288457549	-0.003572443223	-0.004074937326
	-0.004265708358	-0.004797854939	-0.004776536264	-0.005366482061	-0.005027666949
	-0.005736443282	-0.005021665791	-0.005897834977	-0.004767978547	-0.005968816023
	-0.004509597576	-0.005941143553	-0.004176831132	-0.005893274151	-0.003914200926
	-0.005890251692	-0.003787046881	-0.005956616472	-0.003834761082	-0.006076814531
	-0.004057270214	-0.006185416767	-0.004413426906	-0.006174741848	-0.004809625146
	-0.005911508895	-0.005105595268	-0.005287329699	-0.005118392899	-0.0042978892
	-0.004672050508	-0.003118218755	-0.003726723943	-0.00199449253	-0.002520726303
	0.002218742709	-0.001044751723	-0.002156746616	0.003644375437	-0.003020772835
	-0.002917021689	-0.004224920166	-0.004189977795	-0.00471872984	-0.004953905234
	-0.004657468875	-0.005093126134	-0.004257172417	-0.004807557867	-0.003658891135
	-0.004275499149	-0.002951377106	-0.003602715544	-0.002201933407	-0.002850921757
	-0.001491806788	-0.002078434265	-0.0008916347714	-0.001359417573	-0.0004407282894
	-0.0007645700951	-0.0001560628321	-0.0003359688778	-5.645655583e-05	-0.0001003345813
	-0.0002947823752	-0.0002212181234	-0.0007408593592	-0.0007238697736	-0.001258995139
	-0.001255717511	-0.001770459937	-0.001761452073	-0.002287337316	-0.00225179577
	-0.003010994327	-0.003044917009	-0.01782068049	-0.03216287105	0.03007654353
	0.01802668612	0.0003539562383	0.0004878910082	-2.59393383e-05	-4.155740513e-05
	-0.0004243050126	-0.0005862586572	-0.001138313689	-0.001360947656	-0.001850426876
	-0.002093059273	-0.002586496393	-0.002826234476	-0.003309677136	-0.003476274613
	-0.003882887413	-0.003878516754	-0.00416149883	-0.003894158221	-0.004068668738
	-0.003497704965	-0.003635865406	-0.002766329871	-0.002854229412	-0.001625462178
	-0.002129454891	-0.0007928370103	-0.00127740731	0.000206516221	-0.0005380813301
	0.001041544745	1.413433554e-05	0.00165568178	0.0003297538093	0.002014206668
	0.0003769086096	0.002095587012	0.0001462500071	0.001893432685	-0.000358961071
	0.001403031004	-0.001114692455	0.00063022546	-0.002064392408	-0.0004076257405
	-0.003101586075	-0.001666350261	-0.004029235173	-0.003015366112	-0.004575541695
	-0.004229829314	-0.004488993149	-0.005014031173	-0.003699367174	-0.0050651882
	-0.002542811086	-0.004280100719	-0.001725793387	-0.003081047373	-0.002338777239
	-0.002477150558	-0.003913030655	-0.003024277796	-0.004534865999	-0.003699908409
	-0.004763396824	-0.004161123376	-0.004638963142	-0.004335384805	-0.004262706374
	-0.004222177626	-0.003717826043	-0.003878918359	-0.003057250902	-0.003364209039
	-0.00233015912	-0.002730741257	-0.001604719024	-0.002038399318	-0.0009547552292
	-0.001356894442	-0.0004293210396	-0.0007384059006	-8.508130848e-05	-0.0002346452879
	-0.0005496959957	-0.0003813871639	-0.001216128482	-0.001147655181	-0.001767255523
	-0.001781420659	-0.002038530958	-0.001995177903	-0.003633504903	-0.0114135419
	0.06612499669	0.0822286621	0.001033570015	0.0001070382423	0.0003679718969
	0.0002763261363	-0.0002295834013	-0.0003704610413	-0.001073335935	-0.001279249578
	-0.001837504499	-0.002049735887	-0.002554008236	-0.002741206963	-0.003199351593
	-0.003303553242	-0.003602882902	-0.003552378488	-0.003585390763	-0.00331760963
	-0.003082122514	-0.002577967707	-0.00217709358	-0.001549697233	-0.0009001069295
	7.559569226e-05	0.0003025924741	0.001257463482	0.001601720831	0.002605857283
	0.00272104075	0.003730634758	0.003611110124	0.004604185149	0.00424294338
	0.005215366631	0.004611243947	0.005572231866	0.004718211304	0.005688452306
	0.004569286988	0.005578471775	0.004166143247	0.005249936087	0.003502668962
	0.004705063724	0.00257190687	0.003928375122	0.001374511332	0.00290354737
	-8.934428858e-05	0.001607018218	-0.001783921432	2.59779109e-05	-0.003596179626
	-0.001814851315	-0.005281570862	-0.00380245875	-0.006459442614	-0.005680803198
	-0.006666846466	-0.007017600456	-0.005645940831	-0.007271857586	-0.003835836965
	-0.006101268919	-0.002632871234	-0.003919772175	-0.002783151732	-0.002289802149
	-0.002848163544	-0.002410085736	-0.003214074302	-0.002459089856	-0.003446021716
	-0.002815299822	-0.003422586395	-0.003117160781	-0.003149306577	-0.003125176536
	-0.002691795091	-0.002862336158	-0.002122801002	-0.002419084275	-0.001493469831
	-0.001861291995	-0.0008152115969	-0.001198560724	-0.0001935186478	-0.0004590110066
	-0.0008025985296	-0.0005272856518	-0.001708127182	-0.00157222095	-0.002504731632
	-0.002624564479	-0.1150288716	-0.07436696766	-0.06636364612	-0.03101813045
	2.524199984e-05	-8.894972104e-06	0.0001327382844	6.588556336e-05	-0.0007094078356
	-0.0008306561461	-0.001660495945	-0.001809759603	-0.002414625449	-0.002557119566
	-0.003010617773	-0.003088804504	-0.003358330857	-0.003315100421	-0.003271349707
	-0.003065599131	-0.002641301064	-0.002258913996	-0.001560267164	-0.001088708501
	7.185232263e-06	0.000794507658	0.001414978422	0.002087029652	0.002968750783
	0.003662010727	0.004293467892	0.004962585965	0.005357389711	0.005983935673
	0.006148257158	0.006730916791	0.006685413298	0.00723466215	0.007000768285
	0.007539902461	0.007132510375	0.007690920395	0.007109883312	0.007724314827
	0.006954540013	0.007662347557	0.006672605585	0.007511071587	0.006255575358
	0.007260460362	0.005681657304	0.006885982081	0.004921393699	0.006352250067
	0.003927547035	0.005612028795	0.002578961184	0.004602968328	0.0008163534896
	0.003213284438	-0.001256885923	0.001390141332	-0.003550549756	-0.0007879215333
	-0.005779790545	-0.003225952717	-0.007414051303	-0.005606637499	-0.007773381021
	-0.007352465955	-0.006394702125	-0.007730802634	-0.003682258594	-0.006269303435
	-0.001359201372	-0.003419327201	-0.001659387629	-0.0008115405607	-0.001626381671
	-0.001471070653	-0.002370545676	-0.001501258349	-0.002747625477	-0.002396482081
	-0.0027113604	-0.002678278303	-0.002409289117	-0.00256014612	-0.001913275135
	-0.002188420418	-0.001205940916	-0.001582446779	-0.000343056427	-0.0007136523474
	-0.001022342657	-0.0006441583763	-0.002325346533	-0.002013411581	-0.0265918283
	-0.01826855361	-0.02514052779	-0.01197852967	-4.145225728e-05	-1.095009416e-05
	-8.54062714e-05	-0.0001332866645	-0.001019177705	-0.00106623865	-0.002038482994
	-0.002112216399	-0.002768058501	-0.002838121811	-0.003158505388	-0.003158624077
	-0.003138640704	-0.003022122758	-0.002592280597	-0.00234349582	-0.001510306693
	-0.001129011329	0.0002404933966	0.0008986165008	0.00159050531	0.002037537359
	0.003342112721	0.00383155377	0.00483938468	0.005304718526	0.00605003965
	0.006472269464	0.006963342077	0.007339345334	0.007610091973	0.007946915296
	0.008045327709	0.008359620848	0.008332198132	0.008645377093	0.008523054568
	0.008856960325	0.008647853808	0.009022314056	0.008740522463	0.009157031964
	0.008808379389	0.009286008628	0.008819717936	0.009369414428	0.008752355428
	0.009396482333	0.00857136994	0.009332080434	0.008239863661	0.009147956689
	0.00770702672	0.008805182719	0.006917108953	0.008253620444	0.005835665155
	0.0074340325	0.004380385622	0.006303718319	0.002393632891	0.004776040546
	-2.019391653e-13	0.002693602866	-0.002685386696	0.0001865379635	-0.00526981283
	-0.002594718951	-0.007071792138	-0.005211586697	-0.007298036625	-0.00692347931
	-0.005611005798	-0.006954607716	-0.002654487709	-0.005127100475	0.001254321197
	-0.002254366407	-0.0006199854929	-0.000587298642	-0.002098942781	-0.001527389428
	-0.002551105302	-0.002365018023	-0.002504950208	-0.002540278319	-0.002151703574
	-0.0023293327	-0.001499911807	-0.00181944841	-0.0004984286005	-0.0009296211243
	-0.001117163908	-0.000666176999	-0.008693202465	-0.005399647115	0.04484641944
	0.06504683694	6.488349882e-05	8.295664733e-05	-0.0001682948474	-0.000118449688
	-0.001082076345	-0.001047307209	-0.002179155181	-0.002169332234	-0.002923181305
	-0.002938859456	-0.003125189466	-0.003099963128	-0.002777370645	-0.002662250867
	-0.001872793226	-0.001660980629	-0.0004859904102	-0.0002976233818	0.001190423376
	0.001510353798	0.002972441354	0.003305415988	0.004666942398	0.004992216829
	0.006062193076	0.00635568149	0.007134490068	0.007388766998	0.007907053926
	0.008122914727	0.008441012793	0.008629868067	0.008841698607	0.009034916516
	0.009086192208	0.009189690495	0.009391185525	0.009591975103	0.009579653954
	0.009770178498	0.00975882546	0.009927227743	0.009954976254	0.01013129831
	0.01011481958	0.01031021753	0.01022265737	0.01043659025	0.0102939883
	0.01052558404	0.01031036625	0.01059502743	0.01018819659	0.01059213708
	0.009994633751	0.01045938534	0.009595936258	0.01024934169	0.008988508264
	0.009840304886	0.008070223594	0.009191942617	0.00683643089	0.00821202955
	0.005077484662	0.006877552162	0.002783172784	0.005022243117	5.889408202e-05
	0.002580052886	-0.002842357381	-0.0002514866264	-0.005328909849	-0.003156056977
	-0.006578528434	-0.005456944836	-0.005997498757	-0.006329459894	-0.003901181002
	-0.005373638453	-0.002394822736	-0.003275277532	-0.001756115743	-0.002268406182
	-0.002316668933	-0.002091711224	-0.002456186078	-0.002401339873	-0.002222945374
	-0.002319248351	-0.001660937145	-0.001910928029	-0.0006273097335	-0.00107268771
	0.001897184883	0.008632819953	0.05798109279	0.02974484507	-0.001074967615
	-0.00401754319	0.0001337709199	0.0003307415305	-0.0008815307121	-0.0007476230329
	-0.002051834943	-0.001939445367	-0.002921042078	-0.002879960712	-0.003051992064
	-0.003031007832	-0.002471823306	-0.002402034152	-0.001313629882	-0.001178177304
	0.0003530806889	0.000508362856	0.001993165752	0.002147357457	0.003880822466
	0.004086671906	0.005511934049	0.005705349469	0.006810862461	0.006979230636
	0.007769711164	0.007908781652	0.008436869112	0.008538038213	0.008882491175
	0.00894141353	0.009251631671	0.009359559679	0.009512388422	0.009551551668
	0.009767432641	0.009843981132	0.009974340694	0.00999070848	0.01019027796
	0.01022418712	0.01035237837	0.01036304634	0.01049682902	0.01048690702
	0.01062784103	0.01061252085	0.01074171356	0.01072546648	0.01084236558
	0.01083108642	0.01091559913	0.01093250202	0.01094438771	0.01100312959
	0.01093794574	0.01104534003	0.0108133864	0.0110387266	0.01057887888
	0.01092516796	0.01014595822	0.01066865353	0.009353655	0.01017415189
	0.008199649744	0.009335653015	0.00671032549	0.008057757842	0.004418759788
	0.006394230278	0.001706135462	0.003921695807	-0.001292130654	0.001048732785
	-0.004004578027	-0.00196918597	-0.005608345612	-0.004434609725	-0.005462010867
	-0.00550957927	-0.003760671682	-0.004784027535	-0.002542541173	-0.00297931029
	-0.002072371375	-0.002095197357	-0.002281557579	-0.002139031576	-0.002172773263
	-0.002195430483	-0.001714271722	-0.001905317373	-0.000716298856	-0.001148751797
	6.424089366e-15	  1	-0.03240551771	-0.06635594979	0.0003530529409
	-1.582767321e-05	-0.0003503469861	-0.0001083972676	-0.001585771592	-0.001347609806
	-0.002711151229	-0.002566075256	-0.002990260097	-0.002959384666	-0.002326132867
	-0.002315644523	-0.001005515176	-0.000962295623	0.0008009520791	0.0009153296637
	0.002509252411	0.002570682859	0.004395239108	0.004490381391	0.005986458954
	0.006076546675	0.007221470386	0.007297450428	0.008102051272	0.008161844455
	0.008691868512	0.008718353578	0.009117882398	0.009162560065	0.009416868251
	0.009435998967	0.009646938285	0.009625772721	0.009858393988	0.00984404695
	0.01003006797	0.009993808293	0.01017399286	0.01011926197	0.01029723714
	0.01022732165	0.01040096393	0.01032169179	0.01049633489	0.01039993301
	0.01059502071	0.01049136424	0.01069356054	0.01058509771	0.01079574954
	0.01068097169	0.01090030445	0.01078418949	0.0110008852	0.01089066548
	0.01109279619	0.01099813025	0.01115584965	0.01110011351	0.01115059467
	0.0111756633	0.01105026517	0.01118271093	0.01077293029	0.01106677935
	0.0101155705	0.01072793655	0.009056268193	0.01004122247	0.007594189186
	0.008817751899	0.005296434067	0.007090959141	0.002485134732	0.004588421261
	-0.0006484618313	0.001541725078	-0.003423535252	-0.001618641812	-0.004954220967
	-0.004050633328	-0.004665879704	-0.00487578995	-0.0029236226	-0.00387262465
	-0.001988658646	-0.002331359436	-0.001967292091	-0.001756911532	-0.002038933939
	-0.001971294095	-0.001705121066	-0.001846355383	-0.0007691907759	-0.001180884479
	1.688317082e-14	0.03498372375	-0.00133247939	-0.001144913456	0.0002453893323
	0.0001587384242	-0.0007549741187	-0.0004546404284	-0.002117093826	-0.001805570622
	-0.002835910552	-0.002714910993	-0.002343193817	-0.002364431657	-0.0009699826518
	-0.001013681193	0.0008931135903	0.0008969977011	0.002694729727	0.002664490523
	0.004587345657	0.004587481555	0.006172353536	0.006177831884	0.007382320767
	0.007388154987	0.008232046896	0.008216495902	0.00879204168	0.008798731607
	0.009152698701	0.009123090297	0.009410510663	0.009366491655	0.009613788881
	0.009571420786	0.009770506275	0.009715980788	0.009895261343	0.009828868176
	0.009993242037	0.009912785086	0.01007341314	0.009986683749	0.01015152271
	0.01006983052	0.01020947926	0.01006541007	0.01034778894	0.0102221617
	0.0104543058	0.01037761658	0.01050651616	0.01041376021	0.01056707694
	0.01046146642	0.01063692637	0.01051927241	0.01073423512	0.01059982732
	0.01084119032	0.01069419966	0.01095797655	0.01080069986	0.01107920634
	0.01092373663	0.01117514415	0.01105701759	0.01118728112	0.01116416338
	0.011025248	0.01117668482	0.01047283282	0.01098925482	0.00960593358
	0.01041371983	0.008029182479	0.009292119529	0.005726159075	0.007421992701
	0.0026524836	0.004819596407	-0.0007205727308	0.001433239994	-0.003487008907
	-0.001930145679	-0.004607474522	-0.004158080217	-0.003759812199	-0.004344843786
	-0.002084943656	-0.002778708261	-0.001524902564	-0.001559759791	-0.001825504727
	-0.001620258678	-0.001667595694	-0.001757741169	-0.0007963831298	-0.001192383021
	-0.00106247234	-0.001671576723	-0.0006875663676	-0.001003963036	-6.400053408e-05
	-0.0001047169936	-0.00104820631	-0.0006768150804	-0.002287639544	-0.001960523208
	-0.002370885894	-0.002317918769	-0.001172305569	-0.001268930733	0.0006832909155
	0.0005761920834	0.002585089804	0.002466456987	0.004504159989	0.004420198094
	0.006119020503	0.006052749225	0.007346088147	0.007294420614	0.008202623906
	0.00819634255	0.008748017537	0.008731102188	0.009090299605	0.009063848621
	0.009314115378	0.009270428319	0.009475077156	0.00941565829	0.009598232559
	0.009528612708	0.009685930254	0.009612524407	0.009766399499	0.009683059028
	0.009848537218	0.009743563082	0.01009474854	0.00953536781	0.01205885248
	0.0120619923	0.01055890075	0.01681807921	-0.0003751838756	0.004410300589
	-0.008510365257	-0.007907337292	-0.006605957809	-0.008380830427	0.0004195146074
	-0.002717943201	0.00774919287	0.004055103059	0.01122045868	0.009286468036
	0.01084365862	0.01091579933	0.01063292214	0.01068335385	0.01070649646
	0.01058521489	0.01084643944	0.01065759523	0.01100386329	0.01080766716
	0.01112243044	0.01098134094	0.01109266431	0.01110517277	0.01084548827
	0.01103560268	0.009912868406	0.01063873227	0.008242334688	0.009530145183
	0.005808209726	0.007516243517	0.002334261369	0.004649475028	-0.001360798551
	0.0008202444368	-0.003972072095	-0.002737136944	-0.004307280606	-0.00446158132
	-0.002689029764	-0.003661057289	-0.001333259248	-0.001710821014	-0.001504290942
	-0.001143181802	-0.001618131095	-0.001633608937	-0.0008107690383	-0.001201427899
	-0.001323462608	-2.754642814e-14	-0.0007374636915	-0.001356829802	-0.0002187942581
	-0.0002643069872	-0.00113207931	-0.0007174809948	-0.002010568402	-0.001720454678
	-0.00144427428	-0.001482473764	0.0002389134172	6.17256358e-05	0.002223842961
	0.00202107673	0.004175908221	0.004016243482	0.005855429565	0.005722275187
	0.007142752801	0.007038258541	0.008038413915	0.00798664842	0.008601402799
	0.008545900887	0.008939222392	0.008884039597	0.009147097908	0.00908302303
	0.00928383648	0.009212910785	0.009378831591	0.009302775127	0.00946171906
	0.009375588773	0.009543691386	0.009438148843	0.01006083624	0.009722664481
	0.007387193064	0.01118902538	0.004459065591	-0.008922252869	0.02774482044
	0.03103868352	0.01949520924	0.04422717022	-0.01026650347	-0.01358221236
	-0.01355298191	-0.01954460731	-0.00937714086	-0.0125877807	-0.005130078337
	-0.007432199267	0.003858180639	-0.001272656567	0.01721197712	0.008789602068
	0.01610073192	0.01676093191	0.006199003865	0.01384201739	0.01057125267
	0.00785033796	0.01050176206	0.009594660725	0.01055362773	0.01055686604
	0.01074066395	0.01051810322	0.01094356158	0.01072417324	0.01103658056
	0.01093607389	0.01082942205	0.01099822405	0.01002172548	0.01064009562
	0.008250940315	0.00956857188	0.005508113603	0.007355352025	0.001550808716
	0.004033936869	-0.002437950103	-0.0002691721311	-0.004542400026	-0.003818795455
	-0.003705329254	-0.004527167344	-0.001572789151	-0.002628409936	-0.001059530419
	-0.000946469891	-0.001550263146	-0.001446602846	-0.0008245987787	-0.00121485527
	-0.002687537317	-0.002313289796	-0.0009079156276	-0.001398927235	-0.0002115669906
	-0.0002623689298	-0.0009201734365	-0.0005031414896	-0.001345418776	-0.001122997662
	-0.0002782441442	-0.0004071261904	0.001659716991	0.001401834235	0.003622517053
	0.003393855593	0.005394203587	0.005198563511	0.00677897142	0.006622000862
	0.007754984848	0.007628582441	0.008375166139	0.008299025192	0.008733604967
	0.008661596412	0.008937736263	0.008862117918	0.009063883752	0.00898439522
	0.009145281154	0.009065910642	0.009214011912	0.009123653915	0.009377551868
	0.00913257505	0.008370692875	0.01075298678	0.008397694273	-0.001023372788
	0.01726843283	0.03367163714	-0.001369947286	-0.01220297468	0.006090789583
	0.003891234782	0.009575131327	0.0106433671	0.007900021216	0.00767879643
	0.006457954504	0.005414937198	0.006127034096	0.00469519518	0.006477144153
	0.004795090522	0.007290356403	0.005394875413	0.008093436495	0.00629201263
	0.007073109877	0.00689880776	0.003771102714	0.006163476597	0.01454867245
	0.004918504571	0.008481048912	0.01130314761	0.01079624248	0.01223127095
	0.01025075598	0.008601057125	0.01044615617	0.01028685237	0.0107152373
	0.0104445997	0.01092188695	0.01073268415	0.01076703412	0.01088742546
	0.009971269763	0.01057614977	0.008025607586	0.009418432574	0.004790905749
	0.006893043831	0.000278106127	0.002950235544	-0.003757513892	-0.001803256124
	-0.004696834848	-0.004782540618	-0.002605500845	-0.003880324327	-0.0007736928943
	-0.001389924084	-0.00143156072	-0.00114239043	-0.000842870203	-0.001221834813
	-0.001994471833	-0.001581154524	-0.001035670318	-0.001622993057	6.119502992e-06
	-6.108961065e-05	-0.000421310415	-3.374510203e-05	-0.0004391797817	-0.0002932533417
	0.0009678100838	0.0007900153109	0.002864960955	0.002580225234	0.004744294145
	0.004486551743	0.006255655285	0.006043936788	0.00735035904	0.007186051859
	0.008060008904	0.007934691302	0.008476054612	0.008384829801	0.008697545971
	0.008614876104	0.008821864025	0.008737184535	0.008896518601	0.008812323489
	0.008950531072	0.008852559616	0.009171477915	0.00910194185	0.006097768804
	0.003840909101	0.01556253682	0.02278250712	0.002114189114	-0.005058987779
	0.006119009897	0.006274558006	0.006273802504	0.006369853842	0.00409437099
	0.002993921873	0.002776589777	0.00157993603	0.00176842946	0.0004029264124
	0.001076354079	-0.0004568194637	0.0007523822273	-0.0009497568844	0.0008295097686
	-0.001051718394	0.001328207127	-0.000739277531	0.002256691862	1.464511065e-05
	0.003599369326	0.001229474007	0.005362209494	0.002885421742	0.007317217389
	0.004907430736	0.004201147851	0.006934886709	0.01640719933	0.005990244943
	0.002053081521	0.01020252089	0.01031475048	0.006676675019	0.0101626593
	0.01071089192	0.01048637186	0.01018008408	0.01076163818	0.01053184404
	0.01067522649	0.01074416239	0.009754036739	0.01046188882	0.007531585965
	0.009031298489	0.003585869472	0.006084540508	-0.001484612345	0.001311765981
	-0.004871719227	-0.003584465288	-0.003910004254	-0.004944511438	-0.001264523139
	-0.002465944841	-0.00120311178	-0.0005751509579	-0.0008534371938	-0.001179961106
	-0.002508991993	-0.002230359299	-0.0009965303743	-0.001720061452	0.0004595602828
	0.0003435487585	0.0002833949439	0.0006220999105	0.0005506240604	0.0006251583538
	0.00201805236	0.001750216998	0.003910395765	0.003601447864	0.005564536051
	0.005296825402	0.006813251543	0.006602206312	0.007656156511	0.007500576555
	0.008158401975	0.008033810672	0.00842614232	0.008328276662	0.008562645757
	0.008474325226	0.008633845376	0.008545981787	0.008673962609	0.008579549414
	0.008819944315	0.008833949677	0.006067923374	0.002626673852	0.01297169918
	0.02055227689	0.002631228268	-0.001377817007	0.005807742635	0.006480894634
	0.003362102056	0.002714940993	0.001295473817	0.000541162542	-0.000480448015
	-0.001337587081	-0.00193457291	-0.002863868384	-0.003020773115	-0.003989883692
	-0.003738968924	-0.004744511478	-0.004113398765	-0.005177252945	-0.004155503806
	-0.005331837684	-0.003849661636	-0.005212339454	-0.003144135701	-0.004777996947
	-0.001961698587	-0.003939670475	-0.0002455411526	-0.002585269406	0.001967877794
	-0.0006356681199	0.004549161836	0.001853389756	0.007332389727	0.004629618853
	0.001254111168	0.007352690471	0.0128818714	0.003714435206	0.01107390453
	0.01686570556	0.009894210044	0.01074654583	0.01027794627	0.00993870541
	0.01059611925	0.01035555722	0.0104874714	0.0105675757	0.00931727555
	0.01008344419	0.006621711218	0.008307540467	0.001723857407	0.004677788252
	-0.003510156627	-0.0009600996923	-0.00496896918	-0.004970844866	-0.002287982643
	-0.003710315953	-0.0008032612542	-0.0008810627677	-0.0008256339429	-0.001040746181
	-0.003037278576	-0.002769468353	-0.0007693828045	-0.001643783794	0.001078601678
	0.0008545291509	0.001080783532	0.001366183525	0.001543155823	0.001587272396
	0.002964808724	0.002683127225	0.004704425449	0.004386627237	0.006124993218
	0.005860878078	0.007135444244	0.006931773131	0.007772408588	0.007626468694
	0.008119443164	0.008008113465	0.008286715727	0.008192116024	0.008361504408
	0.00827387094	0.008393910575	0.008304399536	0.00843615794	0.00834394081
	0.006252577321	0.004433067162	0.01169002314	0.01683619839	0.003097506771
	0.00123475754	0.004502752968	0.004755037161	0.001744528063	0.001379207439
	-0.0006216357156	-0.001049953057	-0.00264906197	-0.0031145795	-0.00421513752
	-0.004663409517	-0.005310681483	-0.005691315409	-0.006008358412	-0.006295373549
	-0.006412894456	-0.006608936315	-0.006621250022	-0.006755601199	-0.006702194656
	-0.006822178554	-0.006657970189	-0.006848974553	-0.006391408565	-0.006814564071
	-0.005799767491	-0.006605386452	-0.004830602931	-0.006046449933	-0.00317954556
	-0.004987289128	-0.0007560157939	-0.003168984494	0.002272551203	-0.0004853473911
	0.005690515745	0.002779929701	0.003708624851	0.006074927176	0.01957645669
	0.005938269148	0.01049022864	0.01842100309	0.009658073822	0.01026300074
	0.01010913585	0.009741559876	0.0104463855	0.01021746854	0.01017852534
	0.01042081409	0.008549076261	0.009654468211	0.004917343533	0.007063370335
	-0.000830821507	0.002241454269	-0.004991656211	-0.003505592026	-0.003456997864
	-0.004758100288	-0.0006160776353	-0.001750408128	-0.0007405190923	-0.001221273674
	-0.003414706495	-0.003200666765	-0.0003856186669	-0.001406404829	0.001661436836
	0.001441862716	0.001876428915	0.002118507323	0.002374468597	0.002359551443
	0.003730359613	0.003437990803	0.005273674791	0.00495827424	0.006474722452
	0.00622087271	0.007282386461	0.007094924054	0.007753661821	0.0076135312
	0.00798763906	0.007882527714	0.00808391553	0.007994598829	0.00811989863
	0.008032688003	0.008101165943	0.008013894016	0.007274716945	0.007373412021
	0.01101034311	0.01425979651	0.002614321469	0.0007414591309	0.003911275726
	0.004251198467	0.0009825644456	0.0008834431267	-0.001598578214	-0.001737470053
	-0.003707460208	-0.003866931306	-0.005184935461	-0.005308249304	-0.006100372167
	-0.006120197266	-0.006499722097	-0.006410531021	-0.006482691973	-0.006292971895
	-0.006306654201	-0.005991149031	-0.00614483932	-0.005700957376	-0.006056200232
	-0.005533664072	-0.006044445283	-0.005521598994	-0.006174359639	-0.005653727227
	-0.00676580591	-0.005913979953	-0.007007671662	-0.006399655436	-0.005967424647
	-0.006835843075	-0.004869007714	-0.005967495338	-0.002578452504	-0.004582200795
	0.000701939438	-0.001979529408	0.004444690905	0.001599638555	0.005240625976
	0.005291061019	0.01735467829	0.006481050403	0.009726539331	0.01671235672
	0.009471221889	0.009716742804	0.009991689477	0.009604804913	0.01028667084
	0.01011073297	0.009697178031	0.01013940013	0.007279433387	0.008813602478
	0.002316462806	0.005224821027	-0.003597876531	-0.0008945384287	-0.004528457743
	-0.004995448508	-0.001448733189	-0.002731276333	-0.001150199871	-0.0004519671825
	-0.003657084748	-0.003550184129	9.674638054e-05	-0.001053030044	0.002325713459
	0.00206445199	0.002620018297	0.002829548864	0.003078723253	0.003049857559
	0.004306694353	0.004015167836	0.005654742035	0.005349008254	0.006661938697
	0.006422177371	0.007300507464	0.007124395507	0.007650060056	0.007524798524
	0.007804203753	0.007703545612	0.007852749084	0.007764233198	0.007829609212
	0.007748913823	0.007774916895	0.00786001417	0.00674351064	0.006172074113
	0.003704477764	0.001878912042	0.003803289036	0.004396480013	0.0009815821576
	0.001101507801	-0.001765541985	-0.001672222105	-0.00393236116	-0.003873748366
	-0.005304298109	-0.005274142038	-0.006298886826	-0.00618316616	-0.006031159441
	-0.00591552976	-0.005372339754	-0.005071076972	-0.00499741691	-0.00445618365
	-0.004695652042	-0.004015596418	-0.004439919573	-0.003669108729	-0.004333495957
	-0.003459293994	-0.004453685109	-0.003454825842	-0.004820547521	-0.003696591662
	-0.005168121151	-0.00419578965	-0.004498437745	-0.004811063282	-0.005981539082
	-0.004864677708	-0.006653615283	-0.00529561208	-0.005519256989	-0.006840699025
	-0.003528618163	-0.005059584537	-0.0001179997404	-0.002680588417	0.003946969339
	0.0011287895	0.005028194571	0.005108073445	0.012795902	0.005778200436
	0.009077401319	0.01117260154	0.009352683515	0.00905865366	0.009913894986
	0.009536741698	0.01004096746	0.009990003222	0.008812832833	0.009698062416
	0.005171297258	0.007258895335	-0.001126046595	0.002068859835	-0.004937430527
	-0.004012296021	-0.00230910557	-0.003725764532	-0.002468795035	-0.0008828884927
	-0.003762871909	-0.00381030062	0.0006119050512	-0.0006443809897	0.002939187889
	0.002635037106	0.003280962438	0.003453737649	0.003651259134	0.003620887301
	0.004718331156	0.004438620262	0.005883803993	0.005592765589	0.006726896997
	0.006502505701	0.007237789168	0.007078214392	0.00748612164	0.007370037337
	0.007575094977	0.00748576937	0.007579013514	0.007499519265	0.007482721914
	0.00742562006	0.006401355858	0.006088986902	0.009463807287	0.01062871023
	0.002951141512	0.003490726903	0.001654739022	0.001947156466	-0.001277561977
	-0.0009958798332	-0.003573677105	-0.003338795065	-0.004945768591	-0.004923844766
	-0.00681838634	-0.006558343184	-0.004593729611	-0.004436458003	-0.004187234811
	-0.003727933014	-0.004085079033	-0.003660723656	-0.003287348733	-0.002899832775
	-0.002487986823	-0.002028501018	-0.00192761416	-0.001367354597	-0.00163414942
	-0.0009693992878	-0.001608951764	-0.000829378331	-0.001855899836	-0.0009449880739
	-0.002423370319	-0.001332747706	-0.003558077914	-0.002034496837	-0.005318151031
	-0.003190435661	-0.002673832434	-0.005009240414	-0.007617636531	-0.003646895334
	-0.005389975849	-0.007146438982	-0.003797016273	-0.004931193386	-0.0002249327307
	-0.002725897223	0.004083079302	0.001337203103	0.004465947947	0.005436422805
	0.007601937989	0.00427061031	0.008752440916	0.005030798943	0.009308815859
	0.008878682203	0.009833320498	0.009522834628	0.009545522988	0.009769586001
	0.007176386308	0.008646136486	0.001723744357	0.004786877298	-0.004236171819
	-0.001948733961	-0.003229748837	-0.004487936665	-0.0006864405703	-0.001559982276
	-0.003749521959	-0.003971817757	0.001095333096	-0.0002380678373	0.003457788898
	0.003116324765	0.003829545863	0.0039620468	0.004096053913	0.004072039837
	0.004992490015	0.004732131482	0.005995798529	0.005720588344	0.006707696744
	0.006498735464	0.007107716271	0.006960926158	0.007289395674	0.007185711015
	0.007332261906	0.007250191319	0.007278279688	0.007213824028	0.007121108575
	0.007139365031	0.00501949513	0.005394433832	0.002685081893	0.001894029728
	0.002832692824	0.003351544195	-0.0002422353336	0.0001854160661	-0.002765836205
	-0.0023829532	-0.004333666738	-0.004247066612	-0.00781982887	-0.007150209371
	-0.0008718595837	-0.0007604093153	-0.00427006366	-0.004168972077	-0.003914538776
	-0.004024824828	-0.002194481355	-0.002096486073	-0.001071086962	-0.0008342324968
	-0.0003091746093	4.294840302e-06	0.0001830054694	0.0005509614111	0.0004525306491
	0.0008732387412	0.0005270125586	0.001017068571	0.0004022001095	0.000994764963
	4.875312393e-05	0.0007828795565	-0.0005708666585	0.0003276318555	-0.001485154284
	-0.0004286068993	-0.00360742381	-0.001513067314	-0.004019668748	-0.003499979717
	-0.006457233496	-0.004703354141	-0.005095042738	-0.006327082438	-0.003546049529
	-0.004702760957	0.0003244352808	-0.00220093299	0.004703040404	0.002158845365
	0.005721950807	0.006090559796	0.007121333226	0.008380519662	0.008648989554
	0.008615601922	0.009328511834	0.008889319715	0.009640830847	0.00949120918
	0.008472189189	0.009250379228	0.004322372195	0.006597173194	-0.002497490554
	0.0006048753098	-0.00411484474	-0.004586821378	-0.001245686733	-0.00223945849
	-0.003649296929	-0.004034702599	0.001510188236	0.0001170540429	0.003870257188
	0.003494503951	0.004263192512	0.004358466171	0.00442868852	0.004417577426
	0.005158721585	0.004922556137	0.006018628906	0.005759827631	0.006617476572
	0.006420607332	0.006945429931	0.006812609221	0.00707020806	0.006975503081
	0.007070247107	0.006998849471	0.006951046922	0.00691093678	0.006856541634
	0.006728832387	0.00915947794	0.009958803557	0.001865186096	0.002869959554
	0.001299955208	0.001783929383	-0.001517202339	-0.0009993520093	-0.003576980968
	-0.003215414913	-0.006388726424	-0.006023071733	0.001337773492	0.001366805497
	-0.008612219692	-0.009474177985	-0.004323428419	-0.004396765886	-0.001463093618
	-0.001289769285	-0.0003685099479	-0.0002588893488	0.000478356734	0.0005962856113
	0.001052929267	0.001194605773	0.001397732645	0.00153884212	0.001610724372
	0.001751209349	0.001719706226	0.001888546817	0.001729063596	0.001961777596
	0.001593895597	0.001945491116	0.001240927317	0.001769128153	0.0005838745523
	0.001340349825	-0.0004084051693	0.0005571478436	-0.002053257951	-0.0006208873108
	-0.004655442041	-0.002448860293	-0.005675963255	-0.004471398945	-0.004854821679
	-0.006106026147	-0.002815604582	-0.004323011386	0.001465067767	-0.001110607786
	0.005398060223	0.003439701939	0.009297134755	0.006264047831	0.008017649348
	0.009142832753	0.008696004834	0.00824692592	0.009336928346	0.008981602582
	0.00906557833	0.009392980558	0.006228970624	0.007914153169	-0.0001990144597
	0.003120229251	-0.004558145405	-0.003787059341	-0.00170501497	-0.002833598313
	-0.003493613909	-0.004007349934	0.001825087717	0.0003952966797	0.00417273388
	0.003759713546	0.004591313599	0.004646829695	0.0046699976	0.00467313271
	0.005241683322	0.005034007483	0.005976680788	0.005734509868	0.006482164208
	0.006311376932	0.006762744789	0.006634357296	0.006839906367	0.006755665646
	0.006799709987	0.006742516886	0.00661176964	0.006606634096	0.005246328335
	0.004795482995	0.007804593345	0.005717204972	0.003032633426	0.003649313507
	0.0001620873424	0.000762925947	-0.002291467945	-0.001749162932	-0.004291090957
	-0.003956791917	-0.0027836556	-0.002471381453	-0.005324990893	-0.005761397768
	-0.003927768918	-0.003519937974	-0.0007911090549	-0.000621519721	-0.0001746632996
	-0.0001834446164	0.0006621076559	0.0005842224966	0.001298829854	0.001313280044
	0.001608339561	0.001601348661	0.001789122332	0.001751899936	0.00191679094
	0.001843731435	0.002041545205	0.001948709004	0.002167855023	0.002095903496
	0.002255018887	0.002257307904	0.002215116102	0.002358636899	0.001937294234
	0.002293517935	0.001297874228	0.001929612135	0.000216703834	0.001137783529
	-0.00150833829	-0.000155222958	-0.003761319421	-0.002267662529	-0.005803557055
	-0.003198144842	-0.004454912584	-0.005361881918	-0.001539663154	-0.003445270142
	0.003038200566	0.000556363732	0.00546761805	0.004890967477	0.007497220145
	0.003929649355	0.008057015656	0.007964771753	0.008820705566	0.008361267823
	0.009136875654	0.009063090912	0.007536406415	0.008559610881	0.002155407917
	0.004995442792	-0.004270157471	-0.002216836118	-0.00204608429	-0.003477667964
	-0.00331613245	-0.003903522069	0.002031716302	0.0005764219124	0.004365838311
	0.003912925591	0.004823334686	0.004837499656	0.004838051987	0.004854167637
	0.005263594462	0.005086892132	0.005887631309	0.00566160448	0.006354145776
	0.006172427611	0.0065525367	0.006440735339	0.006606201365	0.006532434905
	0.006530149709	0.006487901618	0.006277319976	0.006334993364	0.002330478885
	0.004083600639	0.0001796389499	0.0012381232	0.002476758215	0.002894577369
	-0.0005180355323	0.0001395471177	-0.002682186619	-0.002155342332	-0.003626336436
	-0.003255849526	-0.003659475346	-0.003750184728	-0.003773572401	-0.00377021444
	-0.001827658751	-0.001963270321	-0.0005399555933	-0.0007505994669	0.0003473779766
	0.0002053760296	0.001198411434	0.001108946082	0.001478719016	0.001406998527
	0.001592321144	0.001514518102	0.001593318602	0.001466464186	0.001598910762
	0.001396536695	0.001704271649	0.001435743367	0.001919521345	0.001631086069
	0.002196067433	0.001942515188	0.002438271927	0.002282743183	0.002528301498
	0.002538529827	0.002327195851	0.002577777558	0.001685763634	0.002252416589
	0.0004964387458	0.001406881496	-0.00162817466	-5.11695378e-05	-0.002491578503
	-0.002638800145	-0.005052895221	-0.003245772686	-0.003541954033	-0.004417703396
	0.0003385570089	-0.001919921821	0.004649918809	0.002628565409	0.006692371104
	0.006011662772	0.007322440706	0.00792361702	0.008215625948	0.007735325254
	0.008873554975	0.008557260216	0.008239023834	0.008660444949	0.00411964524
	0.006366427922	-0.003240307898	-0.000260054554	-0.002526614876	-0.004113278394
	-0.003134865885	-0.003737511968	0.002126500073	0.0006595699205	0.004458047194
	0.00396276773	0.00497136139	0.004939950444	0.004949046003	0.004974205723
	0.005242716481	0.005099978223	0.005762748065	0.005554876072	0.006168389707
	0.006000994701	0.006350265064	0.006244610373	0.006376668434	0.006311730981
	0.006266864389	0.006242353057	0.006072476308	0.006187569474	0.004882092277
	0.007189416389	7.464727372e-05	0.002158202706	0.001615516127	0.002219122916
	-0.0008553816511	-0.0001795141783	-0.002668300637	-0.00214561138	-0.003375843081
	-0.003134072623	-0.00345177048	-0.003486193701	-0.002614099758	-0.002747558796
	-0.001303157415	-0.001539964491	-0.0001800126344	-0.0004210774765	0.0007397933579
	0.0005172996288	0.001195563633	0.001054979142	0.001353835415	0.001268836263
	0.001264217065	0.00119950489	0.001036502915	0.0009148938592	0.0008754940601
	0.0006297853172	0.0009319284252	0.0005659851717	0.001221032498	0.0007933404427
	0.001661822133	0.001239659828	0.002140915376	0.001783907373	0.002538157392
	0.002303761838	0.002720893861	0.002674605878	0.002538372246	0.002760235761
	0.001821180488	0.002394699303	0.0004396952785	0.001404534551	-0.002161143691
	-0.0003526787095	-0.002990956496	-0.002736905382	-0.004257568492	-0.004285523199
	-0.001917587353	-0.003452107168	0.00260489937	0.0003201715027	0.005444391292
	0.004589430013	0.007268789942	0.003817365278	0.007605951572	0.007352340802
	0.008423002617	0.007985222887	0.00846682206	0.00833022345	0.005603181323
	0.007286204584	-0.001715707253	0.001677072341	-0.003188149061	-0.004508804481
	-0.002957245051	-0.003523400751	0.00211661623	0.0006545220636	0.004456999797
	0.003915591381	0.00504175836	0.004962129907	0.005013327648	0.005040037699
	0.005194839172	0.005084623157	0.005619927414	0.005433525586	0.005976356065
	0.005819180728	0.006147389796	0.006045898956	0.006154886385	0.006098239303
	0.006022736759	0.006012021288	0.006083155085	0.006059592155	0.01021072395
	0.009682236689	0.002832885294	0.003674206682	0.001233666518	0.001920192769
	-0.0009300699259	-0.0002499387391	-0.00249103063	-0.001994405799	-0.003121805458
	-0.002923957173	-0.002958891302	-0.00300481196	-0.002094424133	-0.002292325536
	-0.0009982002192	-0.001274485573	-1.527495548e-05	-0.0003014267649	0.0006742950063
	0.0004282186896	0.001033925404	0.0008632761617	0.001104140827	0.001033367744
	0.0008334181376	0.0008564938134	0.0003315264278	0.0003174466701	-7.343504968e-05
	-0.0002855834095	-9.659154132e-05	-0.0005169640543	0.0002671196888	-0.0002537408747
	0.0008664777146	0.0003368869462	0.001549219215	0.00106815593	0.002193220591
	0.001806288458	0.002679288791	0.002434681877	0.002875300541	0.002840353778
	0.002616898296	0.002879492516	0.001716458612	0.002366170854	-1.893258536e-05
	0.001109000536	-0.002326883863	-0.00112377114	-0.0041069072	-0.002830405227
	-0.003302555771	-0.003962939889	0.0004863331307	-0.001599370665	0.00458900302
	0.002876386102	0.006318227675	0.005510593275	0.007018623441	0.003596438682
	0.007890384061	0.007405254447	0.008359203357	0.008166956978	0.006633859622
	0.007734385916	-3.687792966e-07	0.003417578248	-0.003872898976	-0.00445345716
	-0.002786323826	-0.003272145814	0.002012840587	0.0005690807451	0.0043693673
	0.003779315832	0.005043735389	0.00490938249	0.005040948447	0.005058901064
	0.00513072216	0.005052277673	0.005468568814	0.005302177513	0.005783913435
	0.005634603506	0.005945474505	0.005847108008	0.005944512154	0.005894332229
	0.005800946345	0.005801373845	0.005859650893	0.005745207628	0.01054386872
	0.00888775205	0.003742914503	0.004037717756	0.00116838095	0.00185837843
	-0.0008140406045	-0.0001364821508	-0.002224858611	-0.001743650994	-0.002795545929
	-0.002602256774	-0.002588964774	-0.002639995386	-0.001832098305	-0.002044346171
	-0.0009146510398	-0.001201984774	-0.000127016489	-0.0004227720396	0.0004116953848
	0.0001420585175	0.0007443867492	0.0005181006472	0.0008632238535	0.0007558873824
	0.0005566461811	0.0007225574013	-0.0003019076901	-6.389629182e-05	-0.00114798625
	-0.001238740588	-0.00129817209	-0.001787431008	-0.000811657824	-0.001421822994
	-2.862936543e-05	-0.0006291099086	0.0008435448532	0.0002951624342	0.001685984989
	0.001215057776	0.002398599952	0.002041001042	0.002878133167	0.0026793706
	0.002986897338	0.003019367739	0.002538718982	0.002903207029	0.001320394265
	0.002113083876	-0.000911607231	0.0004323175772	-0.002671063984	-0.00185999697
	-0.003779336092	-0.003667883488	-0.001303878467	-0.002839190033	0.003116686847
	0.001120409911	0.005187149464	0.004904564335	0.005908161219	0.01582577359
	0.007341271065	0.006852433267	0.008074060454	0.007832823529	0.007224044409
	0.007843835632	0.001627304133	0.004584787791	-0.004380483526	-0.003915061934
	-0.002615697993	-0.002994052645	0.001828389841	0.0004244395793	0.004200891364
	0.003561373979	0.004978954468	0.004785654344	0.005032796316	0.00503101473
	0.00505798363	0.005005575109	0.005310803726	0.005167412791	0.005593197985
	0.005450799291	0.005747886238	0.005651321681	0.005748222892	0.00570071172
	0.005603604253	0.005610546318	0.005420570278	0.005401535186	0.008041192062
	0.007186354631	0.003602441122	0.003870645966	0.00127049557	0.001949100743
	-0.000560451932	0.0001109301254	-0.001889583868	-0.001402414361	-0.002462901647
	-0.002247511818	-0.002327971886	-0.002356257835	-0.001731133347	-0.00192300563
	-0.001008940571	-0.00127511576	-0.0004183080156	-0.0006921965599	-2.533683945e-05
	-0.0003007770828	0.0002697960139	-4.455322167e-05	0.0005966551019	0.0002937877118
	0.0006848112248	0.0006273814152	-0.0005474763406	-0.0001028549753	-0.002462381052
	-0.002218366488	-0.0027460363	-0.003519926147	-0.001939981421	-0.002684277122
	-0.0009026849654	-0.001549110964	0.000153123813	-0.0004203210223	0.001153671864
	0.0006510334605	0.002030678996	0.00161856594	0.002708907216	0.00241775824
	0.003081719916	0.002967808942	0.002995051595	0.003143315515	0.002221838871
	0.002747704636	0.0005300530886	0.001534710078	-0.001776511504	-0.000669442442
	-0.003552916515	-0.002718834485	-0.002515412168	-0.00336466243	0.0015527325
	-0.000441937481	0.004866474351	0.003720373992	0.007765695193	-0.0004108595679
	0.006808001846	0.006370626538	0.007678826287	0.007249388677	0.007466113725
	0.007726652627	0.002959690146	0.005461730666	-0.004599074371	-0.003025349154
	-0.00243588715	-0.002697331142	0.001580969715	0.0002438419561	0.003959567649
	0.003272649774	0.004850046663	0.0045962388	0.004989251249	0.004954212736
	0.004981734533	0.004947390026	0.005154864696	0.005037195867	0.005404454069
	0.005269211316	0.005555809114	0.005457658367	0.005564598578	0.005517564444
	0.005430620062	0.005439445403	0.005133722211	0.005200321376	0.006475520629
	0.006163572983	0.003390374133	0.003672378867	0.001494812477	0.002149100611
	-0.000205139429	0.0004615856694	-0.00149356166	-0.0009847387603	-0.002125648776
	-0.001866228112	-0.0021262059	-0.002104113373	-0.001718578261	-0.001858377425
	-0.001198926344	-0.001411178137	-0.0007990024061	-0.001019277813	-0.0006091387754
	-0.000825889694	-0.0005387815502	-0.0008490994344	-0.0001095491434	-0.0008773610091
	0.0007079553078	0.0009911495439	0.003929966012	1.588403454e-12	-0.006073744634
	-0.0117532775	-0.004694139953	-0.006427565217	-0.002998176353	-0.003859927322
	-0.001630708206	-0.002262597968	-0.000418993971	-0.0009652860703	0.0006924545402
	0.000201644816	0.001678231966	0.00125684874	0.00248654022	0.002158117362
	0.003035390804	0.002842054066	0.003206062306	0.003212273414	0.002796072041
	0.003111286169	0.001550481212	0.002291731234	-0.0006837344014	0.0004919079521
	-0.002712630747	-0.001722698695	-0.003114828858	-0.003326854281	0.000105840442
	-0.001637559787	0.004010481333	0.002540555761	0.004597562579	0.00518067329
	0.006359829271	0.00723685724	0.007221481579	0.006755927403	0.007464053451
	0.007470179251	0.004020903089	0.0060520654	-0.004520451084	-0.001954707323
	-0.002239819974	-0.002390483391	0.001292071969	4.863356609e-05	0.003649537513
	0.002923397271	0.00465915342	0.004340458514	0.004906408967	0.00482665191
	0.004900722471	0.004872251543	0.005007619149	0.004914125847	0.005220893989
	0.005091776735	0.005367777927	0.005269694909	0.005392612561	0.00534215792
	0.005278957038	0.005284490929	0.005014055964	0.00507605572	0.005803003541
	0.005429499595	0.003284909183	0.003580262238	0.00180582745	0.002420584982
	0.0002336054541	0.0008893242803	-0.00103594509	-0.0004977105474	-0.001760967933
	-0.001438541352	-0.001930003542	-0.001831114237	-0.001721895818	-0.001786077913
	-0.001391409028	-0.001530440612	-0.001163647864	-0.001301264935	-0.001182390808
	-0.001272388533	-0.001535111937	-0.001570673193	-0.002463918964	-0.002437566567
	-0.007796635801	-0.005507230048	4.088980818e-15	-0.01333408358	-0.01183733084
	-0.004846307618	-0.005858732363	-0.006111041106	-0.003521582109	-0.003992756373
	-0.002024057611	-0.002478810678	-0.0007692480653	-0.001216517418	0.0003748668495
	-5.6490696e-05	0.001409578696	0.001016549798	0.002287828608	0.0019596014
	0.002943294676	0.002714747034	0.003278637508	0.00320407124	0.003133862935
	0.003300550438	0.002255365795	0.002787718014	0.0003912532686	0.001380681845
	-0.001874480352	-0.0008673151886	-0.003214742665	-0.002910178591	-0.001071322807
	-0.002402529727	0.003026043898	0.001367292838	0.004645795435	0.004606091007
	0.005517282606	-0.00443243902	0.006762760413	0.006292911487	0.007300161137
	0.007110209347	0.004819152608	0.006376565869	-0.004189997945	-0.000851842875
	-0.00202013834	-0.002078105837	0.0009811445378	-0.0001343518267	0.003280904283
	0.002527157303	0.004405627921	0.004021342094	0.004777472757	0.004642859872
	0.004811360537	0.004772950614	0.004870284872	0.004797782226	0.005037604726
	0.004923640545	0.00518593279	0.005087192918	0.005229229227	0.005174265625
	0.005143247706	0.005141388181	0.004920102268	0.004967854525	0.005203165345
	0.004833835482	0.003293081366	0.00366807956	0.002169947603	0.002726753893
	0.0007358219828	0.001372045142	-0.0005112327595	5.442393406e-05	-0.001331221186
	-0.0009404890455	-0.00167721213	-0.001484785143	-0.001666698947	-0.001633664588
	-0.001507744109	-0.001557880792	-0.001405610759	-0.001456920392	-0.001522525922
	-0.0014987801	-0.001996492966	-0.001812159363	-0.003091039605	-0.002520811735
	-0.005063985909	-0.003643032046	-0.002881568503	-0.003313451598	-0.001904426327
	-0.001122931825	-0.00335751161	-0.002139639809	-0.002868186212	-0.002576261322
	-0.001882997863	-0.001999021438	-0.0008141572796	-0.001085794382	0.0002595302938
	-7.26385595e-05	0.001270220154	0.000936694817	0.002161957206	0.001862094272
	0.002862873839	0.002634499703	0.003294248048	0.003181759871	0.003324007002
	0.003397795676	0.002726897164	0.00310185624	0.001217998062	0.002014582196
	-0.001120716301	-6.531407394e-05	-0.002945640234	-0.002275316007	-0.001906385713
	-0.002778046482	0.002019899334	0.000313477934	0.004614526906	0.003839094319
	0.004684009399	0.02359343726	0.006318781361	0.005864706692	0.007040492486
	0.007156216931	0.005363382904	0.006502172189	-0.003679740927	0.000180356488
	-0.001776033442	-0.001762069849	0.0006796157384	-0.0002803532713	0.002864969295
	0.002103042785	0.00408897412	0.003643999652	0.004595932516	0.004399063317
	0.004703326549	0.004639873102	0.004742426911	0.004683128455	0.004866378912
	0.004769290477	0.005010944243	0.004910820338	0.005072852061	0.005009866795
	0.005018753565	0.00500650885	0.004828493042	0.004875087699	0.004640435351
	0.004575283273	0.003462847684	0.003905878283	0.00255215981	0.003040563823
	0.001281002415	0.001879951838	7.968824501e-05	0.0006617406475	-0.0008164533582
	-0.0003584175883	-0.00132222539	-0.001031134259	-0.001495261426	-0.001356097009
	-0.001487289198	-0.001441549819	-0.001465860698	-0.001438665818	-0.001567059512
	-0.001485586826	-0.001863005836	-0.001664650442	-0.002321703347	-0.001965060294
	-0.002560084437	-0.002178370017	-0.001738963651	-0.001807030434	-0.0008841787187
	-0.0009715138283	-0.001296872243	-0.0008560948878	-0.001598701624	-0.001187754255
	-0.001261577193	-0.001133945601	-0.0005338565594	-0.000621703011	0.0003624387173
	0.0001558696381	0.00128509793	0.001032553658	0.002134067837	0.001886273989
	0.002831862655	0.002627355495	0.003301022797	0.003180714901	0.003432311465
	0.003454690451	0.003030684869	0.003295830371	0.001814141621	0.002448055652
	-0.0003781272147	0.0006241292651	-0.00245607514	-0.001612205975	-0.002414720455
	-0.002857889046	0.001073550109	-0.0005681586124	0.00403088679	0.003137603872
	0.008127654497	-0.00489485466	0.005889659596	0.00545003196	0.006731079766
	0.006132805202	0.005692941122	0.006485307224	-0.003062281824	0.001082811438
	-0.001503303639	-0.00143286461	0.0004116732736	-0.000368969206	0.002416665063
	0.001674563819	0.003714310427	0.003215307593	0.004356299998	0.004093715803
	0.004566131827	0.004460840609	0.004618723111	0.004559403364	0.004710268486
	0.004626129529	0.004838064385	0.004743994048	0.004919430462	0.004849008159
	0.004899706613	0.004875218687	0.004754487474	0.004788929807	0.004417814392
	0.004541335633	0.003765263535	0.00411203528	0.002926304497	0.003351527536
	0.001843391728	0.002387098503	0.0007273590744	0.001302287896	-0.000203592025
	0.0003042781434	-0.000832677107	-0.0004511496007	-0.001165098225	-0.000917194729
	-0.001290096806	-0.001142717254	-0.001330078373	-0.001226265589	-0.00138828655
	-0.0012720787	-0.00150231968	-0.001337209566	-0.001616538128	-0.001407257552
	-0.001557616085	-0.001383312812	-0.001170515621	-0.00114093147	-0.0007017554202
	-0.0007382976797	-0.0005782485097	-0.0004692043637	-0.0006408811987	-0.0004194227629
	-0.0004942148377	-0.0003323455622	-2.711159319e-05	-1.636046392e-06	0.0006671480882
	0.0005734290885	0.001453522615	0.001291290368	0.00221889416	0.002034158695
	0.002868709194	0.002704335104	0.003330532503	0.003223326958	0.003505494524
	0.003506929165	0.003224895638	0.003419737169	0.002223004606	0.002732972053
	0.0002566678526	0.001147428341	-0.001951451554	-0.001059373569	-0.002658146555
	-0.002753947144	0.0002307792004	-0.001248479765	0.003547952589	0.002470240591
	0.003088382689	0.003984637306	0.005516612557	0.005075373348	0.006392143459
	0.006215974625	0.005862071017	0.006377521122	-0.002403574548	0.001844681567
	-0.001198493451	-0.001074680632	0.0002024196392	-0.0003904087756	0.001959572
	0.001270082506	0.00328579464	0.002747016697	0.004055287648	0.003726773397
	0.004386270193	0.004227525179	0.004488669934	0.004412034841	0.00456400745
	0.004489935679	0.004676522005	0.00458668569	0.004767900435	0.004692668821
	0.004782782651	0.00474502658	0.00468787144	0.004703840089	0.004427786377
	0.004536073858	0.004017665512	0.004217047371	0.003283635124	0.003644922998
	0.00239253098	0.002866298079	0.001404865218	0.001944780721	0.0004964021872
	0.001022951335	-0.0002041024374	0.0002450178546	-0.0006558696614	-0.0003127251823
	-0.0008950089803	-0.0006491682223	-0.0009992926893	-0.0008156183139	-0.001042325149
	-0.000882852014	-0.001061459799	-0.0008995954688	-0.001041749861	-0.0008787457709
	-0.0009311858333	-0.0007924823306	-0.0006977545142	-0.0006142075305	-0.0004052057788
	-0.0003623552051	-0.0001740177353	-0.0001095584292	-1.634905151e-05	9.706462259e-05
	0.0001930397557	0.0003103842332	0.0005655481811	0.0006265936806	0.001109948245
	0.001090590211	0.001754421815	0.001670326151	0.002405530228	0.002286912332
	0.002975936568	0.002859891633	0.003394619488	0.003313348184	0.00356855713
	0.003568284942	0.00334594519	0.003502053344	0.002488680284	0.002908794418
	0.0007289803746	0.001503723099	-0.001533628091	-0.0006434217941	-0.002718898606
	-0.002562050407	-0.0004687546539	-0.001732947289	0.003010443637	0.001822706718
	0.003716887559	0.004310302503	0.00517855197	0.004832549897	0.00609105234
	0.005487699331	0.005908943995	0.006208879617	-0.001729878083	0.002480328875
	-0.0008628281069	-0.0006679336285	7.079424005e-05	-0.0003340450889	0.001518339331
	0.000917187161	0.002815068457	0.002261173201	0.003691875145	0.003303014479
	0.004151839912	0.003931049715	0.004336404508	0.004225793931	0.004424422778
	0.004348262853	0.004523939539	0.004440464264	0.004619673647	0.004542211122
	0.004664260246	0.00461417517	0.004619481509	0.004614614579	0.004452235019
	0.004514290484	0.004149985546	0.00428522684	0.00360827123	0.003886004388
	0.002899468932	0.00329248031	0.002072278208	0.002551034807	0.001245885651
	0.001754701212	0.0005392298758	0.001018100905	1.923269772e-05	0.0004296575094
	-0.000307411599	2.287311802e-05	-0.0004771969308	-0.0002146707463	-0.0005399302812
	-0.0003244844983	-0.0005356919812	-0.0003458483303	-0.0004800616365	-0.0003065630147
	-0.000365320107	-0.0002128766467	-0.0001879247715	-6.242935516e-05	3.230570351e-05
	0.0001316032254	0.0002703881947	0.000358492071	0.0005156951916	0.0006072273451
	0.0007964019836	0.0008856451229	0.001157523412	0.001220597841	0.001615419891
	0.001633547142	0.002139474067	0.002111952933	0.002673823755	0.002613979129
	0.003148616735	0.003079886454	0.003496327924	0.003448181692	0.003632163787
	0.003646832127	0.003419424044	0.003557973925	0.00264068944	0.002999723084
	0.001037005263	0.001711826773	-0.001211484587	-0.0003557405304	-0.002673391101
	-0.002356498242	-0.001010533918	-0.002053308225	0.002480845097	0.001229446114
	0.004052367117	0.00367792991	0.005017444293	0.007909976587	0.005732049543
	0.005488417397	0.005880749919	0.006011142487	-0.001076104774	0.00299808539
	-0.0004631004549	-0.0002268932872	2.813628998e-05	-0.0002019811247	0.001125730325
	0.0006439091337	0.00232351394	0.001782388796	0.003269496243	0.002833294307
	0.003854389587	0.003569794961	0.004144780263	0.003985238399	0.004278850426
	0.004184627519	0.004377630386	0.004297267064	0.004477906794	0.004398051481
	0.00454366752	0.004483808475	0.004542923571	0.004519624245	0.004447797311
	0.004476345587	0.004235491544	0.004331759119	0.003869874255	0.004061907222
	0.003339245385	0.003641502695	0.002688232648	0.003084510924	0.001990717255
	0.002445118879	0.001341023418	0.001806038225	0.0008128492743	0.001248950158
	0.0004399540211	0.0008227797301	0.0002159509742	0.0005406396287	0.0001124603037
	0.0003869792376	9.761506747e-05	0.0003342266972	0.000147042831	0.0003557317994
	0.0002485267657	0.0004336429223	0.0003980513846	0.0005586231273	0.000585231353
	0.0007243368991	0.0008105119179	0.0009309854581	0.001069993219	0.001175094506
	0.001372934632	0.001459616244	0.001724927398	0.001789146562	0.002127531116
	0.002162242502	0.002560999332	0.002564607246	0.002986937231	0.002966598053
	0.003360771714	0.003331195236	0.003625538807	0.003610238042	0.00370133644
	0.003734050536	0.003457526271	0.003595642489	0.002698756986	0.003020981614
	0.001192882353	0.001786698891	-0.0009957155698	-0.0002011120911	-0.002590250649
	-0.002195053569	-0.001406587158	-0.00225247598	0.00196865202	0.0007170015861
	0.003748366992	0.003282607394	0.003455399739	-0.01339845762	0.005452106865
	0.004919490954	0.005803190782	0.005805333109	-0.0004495277159	0.003418220418
	3.072260421e-05	-0.000106426686	7.774589246e-05	2.482981703e-05	0.0008102256951
	0.0004722776229	0.001835246376	0.001342076942	0.002799533854	0.002335665836
	0.003491566787	0.003147543746	0.003899133906	0.00368092492	0.004109174682
	0.003979437818	0.004233547237	0.004143027211	0.004339353381	0.00425786363
	0.004422752452	0.004355621065	0.004458709443	0.00441908165	0.004422675687
	0.004424261725	0.004294712847	0.004351535246	0.004055935228	0.004183577242
	0.003690920668	0.003905897407	0.003213807415	0.003517731269	0.002671307165
	0.003044041841	0.002128043898	0.002539125992	0.001649321473	0.002064388872
	0.001276658031	0.001668955061	0.001025521	0.001379076172	0.0008859716306
	0.001197411413	0.0008387865533	0.001112299454	0.0008605951541	0.001101676494
	0.0009369466433	0.001151503963	0.001059022263	0.001248841376	0.001220089585
	0.001387364957	0.001421635833	0.001566097728	0.001663714736	0.001783060283
	0.001946245326	0.002040698482	0.002266177926	0.002333235649	0.002612303916
	0.002653241473	0.002968793347	0.002985107935	0.003303670602	0.00330420142
	0.003586251094	0.003582067222	0.003764345012	0.003773606863	0.003763853403
	0.00381730212	0.003457648331	0.003601525345	0.002670038425	0.002972115363
	0.001203715493	0.001733795224	-0.0009078304198	-0.0001896190671	-0.002526836247
	-0.002120838873	-0.001676983455	-0.002375500044	0.001525868607	0.0003116168149
	0.003543919408	0.002939044043	0.00396457371	0.0313265174	0.005133994703
	0.004800263145	0.005693716125	0.005596181275	0.0001519598611	0.003767145085
	0.000222904563	0.0006871455152	0.0002344665676	0.0003823709686	0.0005961700374
	0.0004131417089	0.001382032589	0.000972843374	0.002298985458	0.001835776044
	0.003065760951	0.002673057105	0.00358685128	0.003307080791	0.003895946614
	0.003716480107	0.004075536057	0.00395854847	0.004200332936	0.004111857646
	0.004301785748	0.004228057199	0.004368326613	0.004315774272	0.004380970941
	0.004360792903	0.004323118127	0.004346085492	0.004183097021	0.004259421572
	0.003950714614	0.004092835912	0.003629955676	0.003843461506	0.003241917484
	0.003522585468	0.002829370024	0.003159632359	0.002438133997	0.002793229615
	0.002109034663	0.002465461368	0.001864793669	0.002203771128	0.001709594218
	0.002022299971	0.001634256319	0.001917215328	0.001625283172	0.001880207496
	0.001670400348	0.001897505848	0.001760392214	0.00196251354	0.00188969015
	0.002066918513	0.00205711595	0.002209576017	0.002260273542	0.002385522639
	0.002498128171	0.002595116058	0.002764018066	0.002832083701	0.003045617294
	0.003087730902	0.003326639011	0.003347203697	0.003584002741	0.003592011781
	0.00378772402	0.003792796986	0.0038851089	0.003908112276	0.003801191385
	0.003868215499	0.003405603559	0.003559282312	0.002547900647	0.002838611868
	0.001072113859	0.001552321775	-0.0009666857631	-0.000332263963	-0.002525410416
	-0.002159593376	-0.001850616679	-0.00245286292	0.001155331553	1.280623997e-05
	0.00311150162	0.002598580054	0.006893502279	-0.00871670831	0.004868695076
	0.004455934034	0.005578961251	0.005406713191	0.0007248730818	0.004060877909
	0.0008815660835	-0.000584827437	0.0005378939508	0.0008150057923	0.0004995739791
	0.0004801883489	0.0009967887055	0.000706004933	0.001793823587	0.001363294103
	0.00258553376	0.002164924365	0.003204320041	0.002867009457	0.003621622392
	0.003382992076	0.00388269036	0.003723778069	0.004052974554	0.003942485814
	0.004179122729	0.004095077886	0.004273301185	0.004209511906	0.00432574744
	0.004287767715	0.004324736502	0.004321003969	0.00426127042	0.004298931881
	0.004130340597	0.004216185312	0.003933444896	0.00407266508	0.003680707088
	0.003874292184	0.003395646161	0.0036353914	0.003107573327	0.003380584237
	0.002848335187	0.003137211923	0.002637121783	0.002927130456	0.002489483487
	0.002766413461	0.002401770945	0.002660785325	0.002369630118	0.002606624124
	0.002384352032	0.002598985894	0.002440778021	0.002631887121	0.002532740079
	0.002700926853	0.002657213122	0.002800577528	0.002811548277	0.002928976872
	0.002993869368	0.003083368956	0.003194562251	0.003257615924	0.003406524964
	0.003445118843	0.003615148326	0.003632930388	0.003802059017	0.003806028057
	0.003932376205	0.003935895896	0.003954265499	0.003976773777	0.003776447694
	0.003847321782	0.003275989879	0.003431594375	0.002314421449	0.002596182992
	0.0007915005247	0.001228363682	-0.00117826651	-0.0006310239367	-0.002603412533
	-0.002315506676	-0.001944504055	-0.002505765859	0.0008735666318	-0.0001715507799
	0.002901088045	0.002320848025	0.002177991759	0.004268111122	0.004645541598
	0.004217465005	0.005447222657	0.005211422959	0.001294877231	0.004332169098
	-1.739416398e-12	0.000120938024	0.0009955271831	0.0001727878571	0.0005346408978
	0.000702870003	0.000711371077	0.0005591401274	0.001315008529	0.0009540911613
	0.002070493519	0.001646358772	0.002752420875	0.002369658783	0.003273170016
	0.002972972796	0.003634053675	0.003419564493	0.0038759143	0.003726936997
	0.004046154336	0.003940078089	0.004172284741	0.004094346157	0.004260666877
	0.004207737301	0.004305826337	0.004280735382	0.004302517404	0.004309491584
	0.004246549934	0.004290763947	0.0041409664	0.004224051816	0.003991552328
	0.004114518702	0.003811812077	0.003972441566	0.003619564237	0.003809514584
	0.003433413914	0.003644243405	0.003271622656	0.003490745199	0.003145556044
	0.003364332164	0.003059822088	0.003269686688	0.00301476227	0.003210595522
	0.003007523698	0.003185934017	0.003033372882	0.00319417612	0.00308885476
	0.003229085018	0.003170216998	0.003290174537	0.003274606597	0.00337200147
	0.003398468678	0.003473271796	0.003536548526	0.003587804296	0.003681167719
	0.003710053653	0.003819687076	0.003830339614	0.00393404662	0.003932018502
	0.003990969648	0.003986793969	0.003925286781	0.003939183588	0.003644148425
	0.003704663241	0.003021076291	0.003165540808	0.001939506594	0.002203814677
	0.0003534698019	0.0007460684842	-0.001534991883	-0.001077837151	-0.00275616268
	-0.002570440026	-0.001968523658	-0.00253346892	0.0006994417139	-0.0002341534693
	0.00264987209	0.002084409792	0.003221848487	0.003310844363	0.004402910166
	0.003981727774	0.005344591047	0.005052671025	0.001836744534	0.004575819206
	0.0003989255186	3.756097112e-14	0.0007854511457	0.0003180598393	0.0007375146258
	0.001154068886	0.0005430534953	0.0005567802598	0.0008929972825	0.0006351200668
	0.001540546449	0.00114560347	0.002239766801	0.001828454082	0.002844645783
	0.002487873971	0.003310340391	0.003031482329	0.003645841215	0.003442663139
	0.003884638472	0.003740673666	0.004058755485	0.003956664552	0.004186249178
	0.004114536472	0.004271505754	0.00422866395	0.00431429721	0.004299004392
	0.00431512933	0.004327624482	0.004272931325	0.004316832344	0.004196280359
	0.004268541984	0.004093021358	0.004191637242	0.003973161861	0.004094723733
	0.003850787954	0.003990255216	0.003735289938	0.003885291987	0.003637131626
	0.003791046932	0.003562305757	0.003713562852	0.003513377543	0.003657697549
	0.003490799092	0.003623772521	0.003493420016	0.003612996656	0.003517753932
	0.003622427712	0.003562707137	0.003650678068	0.003623064517	0.003693927391
	0.003696595023	0.003749805392	0.003777622597	0.003813096196	0.00386034461
	0.003877592998	0.003931137524	0.003932574838	0.003968820163	0.003957169195
	0.003932282395	0.003917391371	0.003755984805	0.003754713115	0.003345741077
	0.003385540109	0.002586667428	0.002705779123	0.001391196784	0.00162145189
	-0.0002420802938	0.000101746526	-0.001993882246	-0.001627867299	-0.002943629686
	-0.002867470413	-0.001912815368	-0.002502836749	0.000647922729	-0.0001712763679
	0.002410932718	0.001908062981	0.00330677145	0.003024155325	0.00419638272
	0.003733684288	0.005232407816	0.004901290906	0.002410814235	0.004823771267
	0.0002842999902	7.072078229e-05	-0.0002679514144	0.0006774876308	0.001194732674
	0.001413863146	0.0005315465595	0.0007538956606	0.0005606873616	0.0004424434306
	0.001025732583	0.0006960855656	0.001679862613	0.001265838244	0.002335827528
	0.001931204484	0.002897263291	0.002553093746	0.003338551235	0.003068436587
	0.003669509922	0.003470737027	0.003913574852	0.003771770467	0.004092940951
	0.003994835518	0.00422145902	0.00415675105	0.004304627663	0.004268911749
	0.004346606752	0.004337438207	0.00435057822	0.004365212562	0.004322094037
	0.004358681826	0.004267918559	0.004324697004	0.004196989203	0.004270116246
	0.004117653701	0.004203130865	0.004038108275	0.004131554136	0.003964815225
	0.004063304849	0.003903870679	0.004001649858	0.003856554436	0.00395108641
	0.003825853454	0.003914754038	0.003811545034	0.003890931109	0.003812095736
	0.003881875096	0.00382669283	0.003883208725	0.003851220652	0.003896227855
	0.003882821657	0.003913416548	0.003915962264	0.003932033633	0.003938773985
	0.003940576134	0.003936229277	0.003922690695	0.003877111315	0.003851801069
	0.003717618081	0.003685901846	0.0033946377	0.003371934376	0.002826566052
	0.002839450884	0.001929730194	0.00201204633	0.0006548004809	0.0008416943267
	-0.0009609632713	-0.0006692609848	-0.002442160645	-0.00216106033	-0.003078221409
	-0.003088911681	-0.001744162773	-0.00234822487	0.0007223285611	2.079589912e-05
	0.002216998977	0.001823187977	0.003196731681	0.002842530985	0.004016217541
	0.004834447949	0.005123409276	0.004755450163	0.00300391185	0.005068652892
	-2.923876969e-14	0.007628050537	0.00124052928	0.0003350689205	0.001256230668
	0.0004703732827	0.0007153258875	0.001062221673	0.0003600306874	0.0004189734269
	0.0005603504704	0.0003401972804	0.001091860314	0.0007091275095	0.00174766513
	0.001314986589	0.002384841494	0.00197696968	0.002933783234	0.002590069114
	0.003374184893	0.003105226617	0.00371140723	0.003512879866	0.003963001762
	0.003823290389	0.00414544432	0.004050416616	0.004271156782	0.004211950571
	0.004349067184	0.004317816668	0.004385801253	0.004377655701	0.004389406888
	0.004400348291	0.004366526434	0.004393138945	0.004324931238	0.004363722863
	0.004270972515	0.004320593609	0.004212690341	0.004268044997	0.004155340289
	0.004214327281	0.004102803685	0.004162325688	0.004058472117	0.004115649452
	0.004023643116	0.004076554015	0.003997878164	0.004044779113	0.003981835239
	0.004021457386	0.003972466094	0.004002883612	0.003966910052	0.003986139273
	0.003959141667	0.003965284281	0.003938766314	0.003929857608	0.003889211306
	0.003863938138	0.003788620838	0.00374647899	0.003603136128	0.00354740511
	0.003287237039	0.003227570091	0.002793358113	0.002743672	0.002065988059
	0.002053109774	0.001064911602	0.001122217475	-0.0002181967082	-5.925841236e-05
	-0.001682172845	-0.0014338118	-0.002689138386	-0.002430675354	-0.002997164653
	-0.003025803745	-0.001406243497	-0.001963914727	0.0009261990578	0.0003495914386
	0.002116699464	0.001873297979	0.003078162757	0.002634534445	0.003281169491
	0.003522062563	0.005012676758	0.004603888968	0.003602545918	0.005292026244
	-1.169140116e-13	0.03390443129	3.642686579e-05	0.0002779213667	0.0003984469485
	0.001102003069	0.0008123922279	0.0005225603676	0.0003288005772	0.0005001294395
	0.0001966331567	0.0001374089187	0.0005093610318	0.0002086094	0.001092100307
	0.0006591232595	0.001766004544	0.001305125405	0.002413367047	0.001991865877
	0.002972942235	0.002623654529	0.003424086603	0.003152548746	0.003770021289
	0.003570795527	0.004022820331	0.003883738424	0.004200208014	0.004106949537
	0.004315909773	0.004257267265	0.004381797882	0.004349999284	0.00440881391
	0.00439709694	0.004406234019	0.004409726404	0.004382554283	0.004397576528
	0.004344730444	0.004367904389	0.004298862425	0.004326712387	0.004250308794
	0.004281081707	0.004202753401	0.004233137117	0.004157955462	0.004186438307
	0.004117633922	0.004141622038	0.004080377299	0.004097440659	0.004045559774
	0.004052324712	0.004007142618	0.004001751012	0.003959471619	0.003938077752
	0.003891814597	0.003851743029	0.003789004384	0.003728260485	0.003632825918
	0.003551864032	0.003399647692	0.003302076451	0.003060263141	0.002953480339
	0.002582212839	0.002482636133	0.001936844569	0.00186459339	0.001100119505
	0.001080238509	9.252075769e-05	0.000130582566	-0.0009143442776	-0.0007566963394
	-0.001857193313	-0.001486775254	-0.002680180284	-0.002381639519	-0.00246667428
	-0.002392521992	-0.0008213260214	-0.001215040291	0.001248382688	0.0008216063333
	0.002149150212	0.002046450818	0.002747420399	0.00245501506	0.005366735874
	0.001622298448	0.004881052502	0.004435684355	0.004175720647	0.005463549345
	-1.35516657e-12	-1.244455519e-12	-0.0001334541788	2.066693011e-12	0.001326746167
	1.751433827e-14	0.0003620847662	0.0003797387524	0.000353304399	0.0003847253767
	-2.577065253e-06	9.330175891e-05	-8.529922291e-06	-0.0001607562144	0.0003934572039
	1.2985001e-05	0.001039655026	0.0005468352023	0.001763532792	0.001265454517
	0.002446080493	0.002004978696	0.003025572687	0.002669121458	0.003484234844
	0.003211590915	0.003826918018	0.003627428288	0.004068769954	0.00392842369
	0.004230529923	0.004134371225	0.004328591437	0.004265382682	0.004379041396
	0.004339292345	0.004394297976	0.00437145422	0.004383764819	0.004372537412
	0.004356088797	0.004350753248	0.004316811696	0.004314612401	0.00426984254
	0.004266766609	0.004218850254	0.004209881757	0.004162492866	0.004145283139
	0.004101895971	0.004070765638	0.004032153721	0.003985025767	0.003949937875
	0.003882547859	0.003847430696	0.00375695981	0.003716064799	0.003601225222
	0.003544685672	0.003406749001	0.003320456969	0.003164099345	0.003024285472
	0.002857504619	0.002627052357	0.002463646337	0.00211127634	0.001955753767
	0.001541594776	0.001367431234	0.001034020776	0.000933729819	0.0004158775328
	0.0005154166701	-0.0003978800574	-0.0002604694356	-0.001103889238	-0.000861990309
	-0.001624051856	-0.001247306517	-0.001801454733	-0.001383741136	-0.001321840382
	-0.001067558139	7.44734164e-05	-5.492287321e-05	0.001674554527	0.001431028986
	0.002310324436	0.00230974427	0.002535941893	0.002420462837	0.002785956183
	0.002996941822	0.004721446567	0.00419548762	0.004680735431	0.005564923954
	1.729280194e-12	-0.0008130305082	-1.131287405e-12	8.028546534e-13	-4.175306028e-13
	-6.582567355e-14	0.0002568564182	1.592501773e-12	0.0002860373282	0.0002786636777
	-3.656208482e-05	0.0001318940163	-0.000374397031	-0.0003231762152	-0.0002940602847
	-0.0005465727371	0.0002152125478	-0.0002745211553	0.0009695692726	0.0003875019146
	0.001770229538	0.001213741206	0.002492848451	0.002018267008	0.003080798362
	0.002700101457	0.003526555226	0.003230927962	0.00384584664	0.003618183678
	0.004061751756	0.003883847362	0.004196364845	0.00405378465	0.004269705456
	0.004149189438	0.004296039719	0.004187684903	0.004287959562	0.004181746161
	0.004252062709	0.004142061948	0.004194818821	0.004074976894	0.004118772872
	0.003984212458	0.004026153755	0.003872531538	0.00391519004	0.003740693802
	0.003786000815	0.003587800594	0.003634759863	0.003412130089	0.00344979721
	0.003208034661	0.003205126754	0.002962974747	0.002826236242	0.002625800353
	0.00232380764	0.00213533765	0.002178303943	0.001779054531	0.002443915169
	0.002068651348	0.001932054754	0.001912673067	0.001174049775	0.00104161052
	0.0007696309925	0.0006781619037	0.0003795036523	0.0004166135962	-7.968124548e-06
	0.0001413019892	-0.0003207061968	-6.031178198e-05	-0.0005032981841	-0.0001455691126
	-0.0005065253835	-8.301361358e-05	-0.0002763206253	0.0001516754136	0.0002612600496
	0.0005877029236	0.001177534997	0.001263787856	0.002182074847	0.002109249256
	0.002588066756	0.002658541815	0.002478137167	0.002599216129	0.003134271181
	0.002734384272	0.004525512928	0.003996638129	0.005043797912	0.005542224198
	0.0006604822476	-0.0005940766176	1.600051543e-12	-1.427992437e-05	0.002031474708
	0.00128533209	0.0005185982035	0.001085882707	0.000484050348	0.0008240416672
	0.000154127611	0.0005227474776	-0.0004561316426	-4.364826763e-05	-0.0009011048847
	-0.000760204341	-0.0008107819231	-0.001165002845	-0.00021092949	-0.0009709718455
	0.0006259699257	-0.0003177410241	0.001465200416	0.0004938435174	0.002185527343
	0.001278134993	0.002742299312	0.00192775101	0.003134471735	0.002405467306
	0.003387162895	0.002725149824	0.003524196652	0.00291475981	0.003568556076
	0.002999157633	0.003531457099	0.002996415961	0.003415295888	0.002916546847
	0.003212546236	0.002759454288	0.002922356581	0.002526120732	0.002616397132
	0.002248200238	0.002568179167	0.002069892221	0.003181573414	0.002292263821
	0.004043224801	0.00297732946	0.003458756455	0.003168623161	0.001784876751
	0.002048184419	0.001495789143	0.001160197633	0.001815894449	0.001342571217
	0.001650825651	0.001401837269	0.001385229084	0.001225117139	0.001147146565
	0.001058451745	0.0009335135893	0.0009263918785	0.0007488721674	0.0008268040396
	0.0006062507025	0.0007666892561	0.0005178253065	0.0007541243388	0.000497945381
	0.0007959763258	0.0005581310366	0.0008967546306	0.0007054430304	0.001059089928
	0.0009395918964	0.001280489545	0.001257213307	0.0015562114	0.0016583545
	0.001885054397	0.002153910043	0.002273339164	0.002684379671	0.002709339779
	0.002964834826	0.003051936699	0.002695922731	0.002994544413	0.002844570153
	0.002540335627	0.004291466335	0.003712623071	0.00517999498	0.005350838062
	-0.0002809376089	-0.002559008226	0.001060092377	0.001099628959	0.001252756275
	0.001304108562	0.00121398274	0.001309272322	0.001039770316	0.001103123165
	0.0008868816922	0.0009810889617	0.000509264172	0.000810161372	-0.0003247346782
	0.0002778661039	-0.001350915013	-0.0008107706216	-0.001977946192	-0.002068156533
	-0.001956201533	-0.002858271487	-0.001495442473	-0.002943703917	-0.0008719803373
	-0.002542670486	-0.000268129474	-0.001947040027	0.0002462624426	-0.001334819855
	0.0006493223456	-0.000785503048	0.0009534159518	-0.0003244330507	0.001174184714
	4.932871e-05	0.001323657111	0.0003453348158	0.001410746115	0.0005715192524
	0.001447254267	0.000737591203	0.001448587583	0.0008573679351	0.001427823995
	0.0009454573447	0.001394741737	0.001013315003	0.001354000864	0.001066479154
	0.001311081755	0.001110639707	0.001267728615	0.001148853695	0.001224694856
	0.00118495191	0.00118978182	0.001219629893	0.001165819882	0.001257303548
	0.001151899105	0.001298623365	0.001152664286	0.001347458558	0.001156296218
	0.001394539016	0.001204156853	0.001460400264	0.001242912516	0.001532018051
	0.001322244283	0.001604555962	0.001415444861	0.001708184777	0.001529997743
	0.001794500833	0.001675559792	0.001925045954	0.001840367383	0.002056858819
	0.002032189212	0.002212652354	0.002250695535	0.002391745509	0.002498863103
	0.002597565226	0.002782649664	0.002837062249	0.003096361538	0.003116127958
	0.003342389944	0.003404740792	0.003154981834	0.003459199924	0.00229382032
	0.002606217632	0.00397402706	0.004678274636	0.005069709765	0.004951526136
	0.0007380490485	2.027540113e-12	0.001257737997	0.001188018616	0.001369933382
	0.001331515717	0.0009014807286	0.0006364578725	0.0002416542904	-0.0009021490889
	-0.0006587002794	-0.003652739435	-0.002026860552	-0.008053099414	-0.003358197101
	-0.007624795082	-0.003315540839	0.001787775062	-0.002740813366	0.001675861194
	-0.002556109109	0.0008586445553	-0.002496717814	0.0004048535403	-0.002297397816
	0.0001231981949	-0.001935995613	1.684128585e-05	-0.001484015817	6.295364357e-05
	-0.001012204794	0.000214491501	-0.0005648168684	0.0004213644549	-0.0001630531388
	0.0006476096857	0.0001870398109	0.0008689420872	0.0004842703496	0.001073766005
	0.0007287176692	0.001252619474	0.0009282984185	0.001403575795	0.001106203742
	0.001536237399	0.001287139762	0.001668605469	0.001454112575	0.00179920784
	0.001531300881	0.00188416076	0.001525740683	0.001894718491	0.001672728233
	0.001942509634	0.001842073161	0.002084313502	0.00179619382	0.002096235604
	0.001883127253	0.002120905178	0.001941388797	0.002166641922	0.001993917304
	0.002203507102	0.002045503477	0.002238269349	0.002097807026	0.002273564117
	0.002153136509	0.002311981972	0.002214189513	0.00235608055	0.002284593444
	0.002408311545	0.002366641153	0.0024718416	0.002464817044	0.002550827416
	0.002583889335	0.002648897655	0.002727841562	0.002769910698	0.002901606254
	0.002917088147	0.003107696363	0.003092273444	0.00334428676	0.003293682201
	0.00357807006	0.003507124571	0.003552798751	0.003622555219	0.002414208049
	0.003086980729	0.003482001061	0.002647986478	0.004825644421	0.004503032287
	0.0006672709854	0.0006981315361	0.001234420137	0.00109037669	9.142035459e-05
	0.001361663327	-0.002786170553	0.006070876838	0.004337109939	-0.0005157786621
	0.02776860129	0.0001092372489	-0.003027677067	0.001187922022	-0.001342228402
	0.002103107082	0.001215529993	0.003254493743	0.001947267733	6.544974224e-14
	0.001724167577	-4.831355262e-14	0.001941573974	0.002553344638	0.001957545021
	0.002336596677	0.001973222803	0.002265324565	0.001992760112	0.002269367127
	0.002018543901	0.002291633073	0.002052280985	0.00231897546	0.002092470953
	0.002348017027	0.002136018449	0.002376781052	0.002180683571	0.0024040744
	0.002223907264	0.002429537136	0.002264465877	0.002452855339	0.002301040497
	0.002473689011	0.002333520005	0.002491700506	0.002361849998	0.002507410315
	0.002386276153	0.002520530115	0.002406637648	0.002531715836	0.002424970948
	0.002541148711	0.00244082095	0.002549240148	0.002454551967	0.002556589741
	0.002467209859	0.002563401989	0.002479734199	0.002570524624	0.002492935758
	0.002578371601	0.002507983662	0.002587679031	0.002525984645	0.002600006367
	0.002548799933	0.00261632238	0.002578611405	0.002638242159	0.002617084393
	0.002667343322	0.002667354657	0.00270568357	0.002731549525	0.002755345492
	0.002812321858	0.002817532356	0.002911238768	0.002893305186	0.003027710141
	0.002981498577	0.003157855386	0.003076966471	0.003290652651	0.00317046406
	0.00339774723	0.003242415416	0.003428501353	0.003267807035	0.00313143554
	0.003219729485	0.002875434613	0.002807117257	0.004143772523	0.00394189927
	0.002325108398	0.003226705527	0.002255121965	0.003002171815	0.00225303874
	0.002827851961	0.002286978901	0.002733206618	0.002329313161	0.002688755321
	0.002371961507	0.002668578591	0.002410909783	0.002661144167	0.00244555687
	0.002660561106	0.002476188825	0.002663712181	0.002504114651	0.002668989082
	0.00252927496	0.002675330482	0.002551674183	0.002681991164	0.00257150248
	0.002688777016	0.00258862293	0.00269523567	0.002603964634	0.002701319808
	0.002617631767	0.002706866646	0.002629776121	0.002711862138	0.002640458483
	0.002716091416	0.002650008965	0.002719770447	0.002658114561	0.002722847397
	0.002664769321	0.002725249116	0.002670453436	0.002727165888	0.002675259625
	0.002728741215	0.002679144355	0.002730165321	0.002682575238	0.002731417655
	0.002685207325	0.002732485278	0.002687371378	0.002733306479	0.002688922288
	0.002733834436	0.002690084946	0.002734147327	0.002691250271	0.002734315852
	0.002692519193	0.002734607699	0.002694397603	0.002735069351	0.002697211572
	0.002735954585	0.002701390277	0.002737591437	0.002707739838	0.002740196944
	0.002716864288	0.002744080832	0.002729555281	0.002749633505	0.002746686875
	0.002757266808	0.00276898149	0.002767331272	0.00279712448	0.002780134008
	0.002831013719	0.002795669126	0.002869484945	0.00281366213	0.002909486216
	0.002832738506	0.002945773217	0.002850642591	0.002971534019	0.002864876306
	0.002981566678	0.002873569356	0.002987384636	0.002881936773	0.003053639634
	0.002911026702	0.003395982296	0.003019643428	0.003440001412	0.003329758777
	
