21	
	  7 7	
	 -9.340691706e-07 2.266549751e-06 -2.970106548e-06 -2.955889733e-06 4.133306593e-06 2.516414128e-06 -3.458667294e-06
	 2.266549751e-06 -8.064918032e-06 1.178490966e-05 1.339975608e-05 -1.591352433e-05 -1.130137897e-05 1.326405032e-05
	 -2.970106548e-06 1.178490966e-05 -1.925450825e-05 -2.595088644e-05 2.919611888e-05 2.121307054e-05 -2.508670664e-05
	 -2.955889733e-06 1.339975608e-05 -2.595088644e-05 -4.794829923e-05 5.433919179e-05 3.96824254e-05 -5.444299857e-05
	 4.133306593e-06 -1.591352433e-05 2.919611888e-05 5.433919179e-05 -6.791490015e-05 -5.035704128e-05 8.106314435e-05
	 2.516414128e-06 -1.130137897e-05 2.121307054e-05 3.96824254e-05 -5.035704128e-05 -4.230677775e-05 7.541770449e-05
	 -3.458667294e-06 1.326405032e-05 -2.508670664e-05 -5.444299857e-05 8.106314435e-05 7.541770449e-05 -0.0002085288683
		  7 7	
	 -9.452349561e-07 2.381803304e-06 -2.80799371e-06 -1.816155039e-06 2.25239667e-06 8.595796836e-07 3.521438213e-06
	 2.381803304e-06 -8.747781507e-06 1.085394708e-05 5.927802767e-06 -6.31116177e-06 -2.845861608e-06 -1.378550345e-05
	 -2.80799371e-06 1.085394708e-05 -1.474559699e-05 -9.932493278e-06 8.668681919e-06 4.46906537e-06 2.211125851e-05
	 -1.816155039e-06 5.927802767e-06 -9.932493278e-06 -1.801106076e-05 1.558896199e-05 5.932991243e-06 2.397046854e-05
	 2.25239667e-06 -6.31116177e-06 8.668681919e-06 1.558896199e-05 -2.055104116e-05 -8.292035171e-06 -1.484815578e-05
	 8.595796836e-07 -2.845861608e-06 4.46906537e-06 5.932991243e-06 -8.292035171e-06 -8.640257951e-06 -3.205415362e-06
	 3.521438213e-06 -1.378550345e-05 2.211125851e-05 2.397046854e-05 -1.484815578e-05 -3.205415362e-06 -6.148771905e-05
		  7 7	
	 -2.721433862e-07 -1.025372281e-07 1.334722996e-06 4.671672918e-06 -5.052625655e-06 -3.790883188e-06 6.625448838e-06
	 -1.025372281e-07 1.848756115e-06 -5.954592339e-06 -1.486396355e-05 1.530144713e-05 1.119842601e-05 -1.467908881e-05
	 1.334722996e-06 -5.954592339e-06 1.0787303e-05 1.725887557e-05 -1.833663488e-05 -1.273305557e-05 1.136350131e-05
	 4.671672918e-06 -1.486396355e-05 1.725887557e-05 6.870093366e-06 -1.123461369e-05 -7.725854403e-06 -6.195427928e-06
	 -5.052625655e-06 1.530144713e-05 -1.833663488e-05 -1.123461369e-05 1.435177912e-05 1.006322712e-05 3.80086853e-06
	 -3.790883188e-06 1.119842601e-05 -1.273305557e-05 -7.725854403e-06 1.006322712e-05 3.193432742e-06 7.588474451e-06
	 6.625448838e-06 -1.467908881e-05 1.136350131e-05 -6.195427928e-06 3.80086853e-06 7.588474451e-06 -3.570671672e-05
		  7 7	
	 -1.258925249e-07 -4.739292503e-07 1.323087237e-06 1.883051708e-06 -7.845935761e-07 -2.843925147e-07 -3.293452774e-06
	 -4.739292503e-07 5.626601135e-07 -5.606572666e-07 7.266542258e-07 -2.094530951e-06 -2.222390115e-06 8.374630494e-06
	 1.323087237e-06 -5.606572666e-07 -3.352491291e-06 -1.098278578e-05 8.724207938e-06 7.083452969e-06 -6.091318727e-06
	 1.883051708e-06 7.266542258e-07 -1.098278578e-05 -3.109821977e-05 2.325852571e-05 1.507928995e-05 5.009793485e-06
	 -7.845935761e-07 -2.094530951e-06 8.724207938e-06 2.325852571e-05 -2.328368441e-05 -1.492574677e-05 2.462877259e-06
	 -2.843925147e-07 -2.222390115e-06 7.083452969e-06 1.507928995e-05 -1.492574677e-05 -1.330421527e-05 4.447110128e-06
	 -3.293452774e-06 8.374630494e-06 -6.091318727e-06 5.009793485e-06 2.462877259e-06 4.447110128e-06 -2.130810109e-05
		  7 7	
	 2.401999809e-07 -1.141682703e-06 1.741652604e-06 1.669405413e-06 -1.715897182e-06 -1.360859514e-06 1.57570826e-06
	 -1.141682703e-06 2.737020619e-06 -3.615703895e-06 -4.805482367e-06 6.749943915e-06 4.96277247e-06 -7.943224094e-06
	 1.741652604e-06 -3.615703895e-06 3.741723939e-06 5.98472265e-06 -1.142644599e-05 -7.509606623e-06 1.483090423e-05
	 1.669405413e-06 -4.805482367e-06 5.98472265e-06 8.959013629e-06 -1.633659977e-05 -1.183385464e-05 2.188026395e-05
	 -1.715897182e-06 6.749943915e-06 -1.142644599e-05 -1.633659977e-05 1.788774645e-05 1.398171405e-05 -1.830924222e-05
	 -1.360859514e-06 4.96277247e-06 -7.509606623e-06 -1.183385464e-05 1.398171405e-05 7.157985314e-06 -9.443610608e-06
	 1.57570826e-06 -7.943224094e-06 1.483090423e-05 2.188026395e-05 -1.830924222e-05 -9.443610608e-06 -2.174036069e-05
	
	  7 7	
	 -3.379869761e-07 1.066887568e-06 -1.180748224e-06 -6.12256076e-08 2.49929855e-08 -2.267447672e-07 2.299041276e-06
	 1.066887568e-06 -2.268193163e-06 2.050750333e-06 3.871293314e-07 -1.116569964e-06 2.690722999e-07 -5.557135851e-06
	 -1.180748224e-06 2.050750333e-06 -1.291580937e-06 -8.554828604e-07 2.945676565e-06 5.506151365e-08 3.97048283e-06
	 -6.12256076e-08 3.871293314e-07 -8.554828604e-07 -2.585484099e-06 4.022579208e-06 2.284829262e-06 -2.903724331e-06
	 2.49929855e-08 -1.116569964e-06 2.945676565e-06 4.022579208e-06 -1.996896201e-06 -1.888734943e-06 3.414758467e-07
	 -2.267447672e-07 2.690722999e-07 5.506151365e-08 2.284829262e-06 -1.888734943e-06 4.956414135e-07 1.751511202e-06
	 2.299041276e-06 -5.557135851e-06 3.97048283e-06 -2.903724331e-06 3.414758467e-07 1.751511202e-06 -7.489234118e-06
		  7 7	
	 -4.192107882e-07 1.148110614e-06 -1.178273122e-06 -3.820270044e-07 1.008906228e-06 5.394283423e-07 -3.764872019e-07
	 1.148110614e-06 -3.157908111e-06 3.992780237e-06 4.490028342e-06 -5.925801611e-06 -3.460387408e-06 1.422084279e-06
	 -1.178273122e-06 3.992780237e-06 -6.309159653e-06 -1.053173012e-05 1.197698053e-05 6.909315334e-06 -2.967173513e-06
	 -3.820270044e-07 4.490028342e-06 -1.053173012e-05 -1.972108562e-05 1.97808794e-05 1.392537144e-05 -8.191609823e-06
	 1.008906228e-06 -5.925801611e-06 1.197698053e-05 1.97808794e-05 -2.022846582e-05 -1.538830911e-05 1.38088612e-05
	 5.394283423e-07 -3.460387408e-06 6.909315334e-06 1.392537144e-05 -1.538830911e-05 -1.011578115e-05 1.370761591e-05
	 -3.764872019e-07 1.422084279e-06 -2.967173513e-06 -8.191609823e-06 1.38088612e-05 1.370761591e-05 -3.905824188e-05
		  7 7	
	 -3.067215675e-07 7.302147593e-07 -5.882739284e-07 2.319126097e-07 6.410142512e-08 -4.345663811e-07 2.161086728e-06
	 7.302147593e-07 -1.930260522e-06 2.119773615e-06 1.0251124e-06 -7.699937586e-07 6.702600606e-07 -7.235518179e-06
	 -5.882739284e-07 2.119773615e-06 -3.108586871e-06 -3.423435688e-06 2.077689885e-06 -1.487025968e-07 9.424311309e-06
	 2.319126097e-07 1.0251124e-06 -3.423435688e-06 -5.02547752e-06 2.854594892e-06 2.378291835e-06 4.320291499e-06
	 6.410142512e-08 -7.699937586e-07 2.077689885e-06 2.854594892e-06 -2.187879291e-06 -2.370113434e-06 1.818944079e-06
	 -4.345663811e-07 6.702600606e-07 -1.487025968e-07 2.378291835e-06 -2.370113434e-06 -1.564710827e-06 6.695440502e-06
	 2.161086728e-06 -7.235518179e-06 9.424311309e-06 4.320291499e-06 1.818944079e-06 6.695440502e-06 -4.695054507e-05
		  7 7	
	 2.974316052e-07 -7.078527237e-07 6.278271767e-07 2.176806298e-07 -6.990149108e-07 -6.080990765e-08 -4.865414913e-07
	 -7.078527237e-07 2.352555374e-06 -3.258933524e-06 -3.372571668e-06 3.368600441e-06 1.763250331e-06 1.242803766e-06
	 6.278271767e-07 -3.258933524e-06 5.798777857e-06 8.135032653e-06 -7.05921228e-06 -4.400641435e-06 -1.389419802e-06
	 2.176806298e-07 -3.372571668e-06 8.135032653e-06 1.392122644e-05 -1.353041448e-05 -1.069792436e-05 6.278426634e-06
	 -6.990149108e-07 3.368600441e-06 -7.05921228e-06 -1.353041448e-05 1.59815187e-05 1.274300224e-05 -1.655219452e-05
	 -6.080990765e-08 1.763250331e-06 -4.400641435e-06 -1.069792436e-05 1.274300224e-05 9.683802833e-06 -1.733906223e-05
	 -4.865414913e-07 1.242803766e-06 -1.389419802e-06 6.278426634e-06 -1.655219452e-05 -1.733906223e-05 5.825142903e-05
		  7 7	
	 1.648896434e-07 -3.566361118e-07 2.43959327e-07 -2.360866368e-08 -1.080061565e-07 4.859441582e-07 -2.129500114e-06
	 -3.566361118e-07 1.337980152e-06 -1.722433597e-06 -6.625692594e-07 -3.239800278e-07 -9.127566029e-07 6.35256233e-06
	 2.43959327e-07 -1.722433597e-06 2.819511078e-06 1.873617517e-06 2.432152148e-07 4.636969953e-07 -7.904530817e-06
	 -2.360866368e-08 -6.625692594e-07 1.873617517e-06 1.827189188e-06 -1.237169318e-06 -1.995661357e-06 -1.757223227e-07
	 -1.080061565e-07 -3.239800278e-07 2.432152148e-07 -1.237169318e-06 2.927282388e-06 2.851012992e-06 -7.250405568e-06
	 4.859441582e-07 -9.127566029e-07 4.636969953e-07 -1.995661357e-06 2.851012992e-06 2.61534463e-06 -9.564801936e-06
	 -2.129500114e-06 6.35256233e-06 -7.904530817e-06 -1.757223227e-07 -7.250405568e-06 -9.564801936e-06 4.611798502e-05
	
	  7 7	
	 -1.345309979e-07 2.912845974e-07 -2.587416727e-07 -3.416004112e-07 5.90497033e-07 2.996457278e-08 1.646457975e-07
	 2.912845974e-07 -1.404556413e-06 2.210559114e-06 2.301302048e-06 -2.006496982e-06 -1.505973404e-06 8.844186645e-07
	 -2.587416727e-07 2.210559114e-06 -4.179865944e-06 -5.26064744e-06 4.407241914e-06 3.800915934e-06 -1.990416209e-06
	 -3.416004112e-07 2.301302048e-06 -5.26064744e-06 -9.649389161e-06 1.103658766e-05 8.982538433e-06 -9.515311307e-06
	 5.90497033e-07 -2.006496982e-06 4.407241914e-06 1.103658766e-05 -1.458619552e-05 -1.114740741e-05 1.726963418e-05
	 2.996457278e-08 -1.505973404e-06 3.800915934e-06 8.982538433e-06 -1.114740741e-05 -8.746916586e-06 1.535479796e-05
	 1.646457975e-07 8.844186645e-07 -1.990416209e-06 -9.515311307e-06 1.726963418e-05 1.535479796e-05 -3.99699099e-05
		  7 7	
	 -5.712148263e-08 9.974470634e-08 -2.190497503e-08 3.167284729e-08 -9.062305925e-08 -4.780508614e-07 1.410870258e-06
	 9.974470634e-08 -7.216495677e-07 9.266619395e-07 -4.11142712e-07 1.269547163e-06 8.724611051e-07 -3.158000498e-06
	 -2.190497503e-08 9.266619395e-07 -1.485921484e-06 2.024540926e-07 -1.529688281e-06 -4.067249109e-07 3.505190111e-06
	 3.167284729e-08 -4.11142712e-07 2.024540926e-07 -8.197467767e-07 1.646741358e-06 1.587161234e-06 -1.586063827e-06
	 -9.062305925e-08 1.269547163e-06 -1.529688281e-06 1.646741358e-06 -3.63814359e-06 -2.326241892e-06 5.329322122e-06
	 -4.780508614e-07 8.724611051e-07 -4.067249109e-07 1.587161234e-06 -2.326241892e-06 -2.203897866e-06 5.89333627e-06
	 1.410870258e-06 -3.158000498e-06 3.505190111e-06 -1.586063827e-06 5.329322122e-06 5.89333627e-06 -2.468129891e-05
		  7 7	
	 3.577854754e-08 -8.333653557e-08 9.283951856e-08 3.01577956e-07 -3.43228956e-07 -1.182486467e-08 2.136331098e-07
	 -8.333653557e-08 8.128546046e-07 -1.347058482e-06 -1.113909866e-06 1.001590673e-06 1.225657611e-06 -2.597875904e-06
	 9.283951856e-08 -1.347058482e-06 2.589399215e-06 2.95603015e-06 -2.906763389e-06 -3.188478657e-06 4.24797196e-06
	 3.01577956e-07 -1.113909866e-06 2.95603015e-06 8.005047731e-06 -1.010195068e-05 -7.232177084e-06 8.140519399e-06
	 -3.43228956e-07 1.001590673e-06 -2.906763389e-06 -1.010195068e-05 1.309481517e-05 8.916520555e-06 -1.18707415e-05
	 -1.182486467e-08 1.225657611e-06 -3.188478657e-06 -7.232177084e-06 8.916520555e-06 7.022395011e-06 -1.013494971e-05
	 2.136331098e-07 -2.597875904e-06 4.24797196e-06 8.140519399e-06 -1.18707415e-05 -1.013494971e-05 2.333833167e-05
		  7 7	
	 -2.650426236e-08 4.711546359e-08 -3.613734367e-08 1.45175097e-07 3.605585069e-08 2.806821805e-07 -8.724584292e-07
	 4.711546359e-08 3.432044127e-07 -5.06534917e-07 4.52030394e-07 -9.173973287e-07 -3.876747268e-07 1.287178979e-06
	 -3.613734367e-08 -5.06534917e-07 7.775363074e-07 -5.892707128e-07 1.002832682e-06 -4.740101942e-08 -1.316291029e-06
	 1.45175097e-07 4.52030394e-07 -5.892707128e-07 1.321546881e-06 -2.457786037e-06 -1.033623409e-06 1.062276726e-08
	 3.605585069e-08 -9.173973287e-07 1.002832682e-06 -2.457786037e-06 3.794560064e-06 1.503597743e-06 -9.509347427e-07
	 2.806821805e-07 -3.876747268e-07 -4.740101942e-08 -1.033623409e-06 1.503597743e-06 1.515916829e-06 -2.260666383e-06
	 -8.724584292e-07 1.287178979e-06 -1.316291029e-06 1.062276726e-08 -9.509347427e-07 -2.260666383e-06 1.557960259e-05
		  7 7	
	 -2.390727488e-08 2.035768698e-08 4.721144285e-08 3.807250226e-07 -3.325373809e-07 -1.338511336e-07 4.659398254e-07
	 2.035768698e-08 4.851670035e-07 -9.293375309e-07 -9.983823584e-07 1.214726981e-06 1.388600492e-06 -3.110821526e-06
	 4.721144285e-08 -9.293375309e-07 1.867730964e-06 2.515266048e-06 -3.05439102e-06 -3.046505536e-06 4.374461087e-06
	 3.807250226e-07 -9.983823584e-07 2.515266048e-06 7.736143113e-06 -9.331918735e-06 -5.699752397e-06 4.75674991e-06
	 -3.325373809e-07 1.214726981e-06 -3.05439102e-06 -9.331918735e-06 1.116021409e-05 6.915766914e-06 -6.507859029e-06
	 -1.338511336e-07 1.388600492e-06 -3.046505536e-06 -5.699752397e-06 6.915766914e-06 5.498898336e-06 -6.219370303e-06
	 4.659398254e-07 -3.110821526e-06 4.374461087e-06 4.75674991e-06 -6.507859029e-06 -6.219370303e-06 1.74009485e-05
	
	  7 7	
	 5.870058778e-08 -1.030484889e-07 6.947102093e-08 -1.397323627e-07 -4.368022301e-08 -1.344429978e-07 3.582246685e-07
	 -1.030484889e-07 -1.047475571e-07 1.818208298e-07 -4.325011656e-07 4.80434712e-07 7.530598064e-08 -1.426095416e-07
	 6.947102093e-08 1.818208298e-07 -3.174376045e-07 4.012203515e-07 -3.051228914e-07 2.562031332e-07 4.882670832e-07
	 -1.397323627e-07 -4.325011656e-07 4.012203515e-07 -2.230608917e-06 2.554236218e-06 4.403347181e-07 2.067213965e-06
	 -4.368022301e-08 4.80434712e-07 -3.051228914e-07 2.554236218e-06 -2.813923196e-06 -6.271199961e-07 -1.85938393e-06
	 -1.344429978e-07 7.530598064e-08 2.562031332e-07 4.403347181e-07 -6.271199961e-07 -8.553762899e-07 2.746285359e-07
	 3.582246685e-07 -1.426095416e-07 4.882670832e-07 2.067213965e-06 -1.85938393e-06 2.746285359e-07 -1.234904916e-05
		  7 7	
	 -5.564652705e-08 8.805108846e-08 -2.71265411e-08 2.767875143e-07 -2.234777454e-07 -1.914754902e-07 8.064170036e-07
	 8.805108846e-08 1.716754537e-07 -4.322677119e-07 -6.110899996e-07 1.101885264e-06 1.251225413e-06 -3.544973988e-06
	 -2.71265411e-08 -4.322677119e-07 1.072873041e-06 1.964491827e-06 -2.738838428e-06 -2.519314889e-06 4.284596878e-06
	 2.767875143e-07 -6.110899996e-07 1.964491827e-06 7.088110275e-06 -7.640493662e-06 -4.120975956e-06 2.400581922e-06
	 -2.234777454e-07 1.101885264e-06 -2.738838428e-06 -7.640493662e-06 8.359877836e-06 4.968408227e-06 -3.819336624e-06
	 -1.914754902e-07 1.251225413e-06 -2.519314889e-06 -4.120975956e-06 4.968408227e-06 4.085176307e-06 -4.316538286e-06
	 8.064170036e-07 -3.544973988e-06 4.284596878e-06 2.400581922e-06 -3.819336624e-06 -4.316538286e-06 1.528289363e-05
		  7 7	
	 8.307617375e-08 -1.483472242e-07 1.017118419e-07 -1.333936262e-07 -3.952424663e-08 -1.838276756e-08 -6.461716649e-08
	 -1.483472242e-07 8.401600084e-08 -6.204814141e-08 -3.525278058e-07 1.478793804e-07 -7.753350932e-08 6.498487195e-07
	 1.017118419e-07 -6.204814141e-08 -9.883684042e-09 1.781766595e-07 1.292825325e-07 2.864090371e-07 -8.300753946e-08
	 -1.333936262e-07 -3.525278058e-07 1.781766595e-07 -2.529661732e-06 2.105945904e-06 2.673740976e-08 2.69887772e-06
	 -3.952424663e-08 1.478793804e-07 1.292825325e-07 2.105945904e-06 -1.783718602e-06 -1.821551483e-07 -2.061161084e-06
	 -1.838276756e-08 -7.753350932e-08 2.864090371e-07 2.673740976e-08 -1.821551483e-07 -6.165148313e-07 3.636542571e-07
	 -6.461716649e-08 6.498487195e-07 -8.300753946e-08 2.69887772e-06 -2.061161084e-06 3.636542571e-07 -1.346272105e-05
		  7 7	
	 -6.833532229e-08 9.809951942e-08 -9.640181083e-09 3.300621882e-07 -2.749080001e-07 -2.859583137e-07 9.369083081e-07
	 9.809951942e-08 1.127721197e-07 -4.043013035e-07 -9.660551585e-07 1.546950097e-06 1.347998304e-06 -3.431330771e-06
	 -9.640181083e-09 -4.043013035e-07 1.082623209e-06 2.439056064e-06 -3.235262037e-06 -2.513625961e-06 3.993640805e-06
	 3.300621882e-07 -9.660551585e-07 2.439056064e-06 7.031978698e-06 -7.063482956e-06 -3.929171309e-06 2.315541732e-06
	 -2.749080001e-07 1.546950097e-06 -3.235262037e-06 -7.063482956e-06 7.543083372e-06 4.8621485e-06 -4.417915615e-06
	 -2.859583137e-07 1.347998304e-06 -2.513625961e-06 -3.929171309e-06 4.8621485e-06 4.128175772e-06 -5.125859173e-06
	 9.369083081e-07 -3.431330771e-06 3.993640805e-06 2.315541732e-06 -4.417915615e-06 -5.125859173e-06 1.79638703e-05
		  7 7	
	 7.184625046e-08 -1.235330467e-07 8.844303281e-08 -3.532004482e-08 -1.687063798e-07 -1.438387297e-07 5.778353293e-07
	 -1.235330467e-07 1.607831577e-07 -2.488692282e-07 -6.545811955e-07 7.675803447e-07 7.379960308e-07 -2.016067753e-06
	 8.844303281e-08 -2.488692282e-07 4.966229842e-07 1.256766082e-06 -1.460068972e-06 -1.285425522e-06 3.320099762e-06
	 -3.532004482e-08 -6.545811955e-07 1.256766082e-06 1.301084054e-06 -2.274508715e-06 -2.551251965e-06 5.049317836e-06
	 -1.687063798e-07 7.675803447e-07 -1.460068972e-06 -2.274508715e-06 3.073302853e-06 2.832088589e-06 -4.795924369e-06
	 -1.438387297e-07 7.379960308e-07 -1.285425522e-06 -2.551251965e-06 2.832088589e-06 1.665369807e-06 -1.810339465e-06
	 5.778353293e-07 -2.016067753e-06 3.320099762e-06 5.049317836e-06 -4.795924369e-06 -1.810339465e-06 -9.615812781e-06
	
	  7 7	
	 -6.913952507e-08 8.625290241e-08 9.0224868e-09 3.196059726e-07 -2.372174339e-07 -2.481865004e-07 6.285437486e-07
	 8.625290241e-08 1.218766036e-07 -4.043895811e-07 -9.861455183e-07 1.428030536e-06 1.009428811e-06 -2.06722324e-06
	 9.0224868e-09 -4.043895811e-07 1.024048026e-06 2.246094362e-06 -2.781531431e-06 -1.905063861e-06 2.282177868e-06
	 3.196059726e-07 -9.861455183e-07 2.246094362e-06 5.763006388e-06 -5.422303964e-06 -3.050943127e-06 1.551142931e-06
	 -2.372174339e-07 1.428030536e-06 -2.781531431e-06 -5.422303964e-06 5.75349635e-06 3.883476832e-06 -3.976573175e-06
	 -2.481865004e-07 1.009428811e-06 -1.905063861e-06 -3.050943127e-06 3.883476832e-06 3.500043579e-06 -5.03439976e-06
	 6.285437486e-07 -2.06722324e-06 2.282177868e-06 1.551142931e-06 -3.976573175e-06 -5.03439976e-06 1.931442291e-05
		