3721	
	1.496527626e-33	1.373978012e-33	-3.490339173e-33	1.830932435e-34	-2.813737122e-34
	0.1379105303	0.05785715363	-6.875580551e-34	-1.537333903e-33	-0.1279374176
	0.2021202268	0.1731470445	-1.8412726e-34	-6.056826987e-36	-0.1956238195
	0.004262625825	-0.2193978318	-0.04993990778	-5.122725828e-34	-2.326736918e-34
	0.002081634395	2.287405075e-35	-8.389546001e-35	0.2478371514	0.2285637903
	-0.08722912192	-0.06360571257	-0.206848327	-0.2028036275	-0.004039113107
	-0.004975645347	0.003674965536	-5.173289553e-34	0.008057707932	-0.02555158822
	-2.747822997e-34	0.2765830161	0.2626102196	-5.704439728e-35	3.606168266e-35
	-0.1885503458	-0.1772159608	-0.1030439644	-0.09921970588	-2.622485884e-34
	0.001958983712	0.002030710525	-5.149014471e-34	0.005131527645	0.0004734988537
	-0.0529971116	-0.01234871784	-0.03908260953	0.00433374706	-0.01997930782
	0.300230097	0.285952901	-3.534864544e-35	4.300337556e-35	-5.108418239e-34
	0.001126298228	-2.589005238e-34	0.001045487291	-0.08606114084	-0.09903440501
	-0.1420920723	-0.1609079208	-0.0222053111	-0.05536811899	-0.02150916438
	-0.05206786557	0.008525202803	0.003700727343	0.005909748348	0.006551774496
	-0.001305438748	0.001327052559	0.007585632376	0.3279414751	0.3094826186
	-1.240921528e-35	4.731371558e-35	-0.03946647494	-0.06662619267	-0.1193148157
	-0.09117056462	0.0008040008665	-5.023237487e-34	0.0005696264358	-2.548464586e-34
	0.003001809095	0.003083332501	0.008423802597	0.008110650111	-0.01513501231
	-0.04149855384	-0.002033215078	-0.02372419993	0.003684832057	0.01469475259
	0.01275278299	0.01231436732	0.01188601049	0.01976593522	0.01909891428
	5.677880811e-35	0.3633807874	0.3405218567	1.638626056e-35	0.02713291369
	-0.008435383109	-0.06032838307	-0.02538986857	0.04410569162	0.01846941986
	0.02927619057	-0.0005293628926	0.001689480013	-2.49187215e-34	-4.88837706e-34
	0.001073975002	0.004094199618	0.005849533614	0.01382192275	0.01027520647
	0.02697912927	0.03538382316	0.01824283997	0.02365408671	0.04565404009
	0.028124081	0.03417700315	0.03315468026	0.05279168823	0.050723588
	0.05499607269	0.4046144816	0.3796667102	4.919056944e-35	7.297764554e-35
	0.01001004111	0.04692783931	0.1000779461	0.06324452387	0.10619629
	0.07487626755	0.09535408027	0.06065294055	-2.412563267e-34	0.00310761245
	-4.69700372e-34	0.002136644642	0.08171834808	0.1098959172	0.1067427994
	0.07724652452	0.0180589099	0.008077868353	0.01073046092	0.02348842214
	0.05629837447	0.04527888362	0.03889217786	0.03079434836	0.07132967745
	0.08822028546	0.05935533205	0.106435322	0.1001152031	0.07346538661
	0.07843620587	0.4473221006	0.4229192608	8.136823338e-35	9.239071581e-35
	0.1684608294	0.1353803556	0.08226222574	0.1172520416	0.138518211
	0.1612855808	0.1281770065	0.1682531632	-2.30409213e-34	0.0047756694
	-4.440845323e-34	0.00356275857	0.1638140316	0.1387594871	0.1645679907
	0.135679309	0.02872359725	0.0344153379	0.01358450836	0.01660767156
	0.1595126883	0.1343375364	0.1549054617	0.1292916481	0.0553699754
	0.07693572879	0.04737261541	0.06724130682	0.1448258745	0.1331055205
	0.1043058493	0.09823512941	0.1164827049	0.08685738817	0.1184530807
	0.4877766748	0.4656676505	1.089965749e-34	1.108493997e-34	0.2270841034
	0.1997128597	0.1493786314	0.1804473624	0.2219488277	0.1968547122
	0.2196337196	0.1911054361	-2.163743605e-34	0.00631418034	-4.127867453e-34
	0.005102972734	0.2130894673	0.2095456671	0.1888743559	0.1895054987
	0.04333118767	0.03924138176	0.01947475916	0.02211049802	0.201081565
	0.1953202473	0.1772745447	0.1819107915	0.06727249231	0.08485813641
	0.08966500874	0.06235190292	0.1762267075	0.1572545396	0.185524124
	0.1677741309	0.1067580892	0.1626759141	0.1305249844	0.1118497692
	0.148641386	0.1259912831	0.1428545229	0.5238141935	0.5047704579
	1.304756857e-34	1.262060504e-34	0.2747677858	0.2531613763	0.2080457719
	0.2345806445	0.2655596408	0.2454432221	0.2681068269	0.2448097328
	0.2444418529	0.2285003183	0.2342957191	0.2530055747	0.006405994811
	-2.000911209e-34	0.007322686527	-3.800442041e-34	0.04717424665	0.04604993442
	0.02419269971	0.02560523175	0.2228807654	0.2178855821	0.23188253
	0.2107094952	0.07084005805	0.09153315501	0.09225744903	0.07031186201
	0.1909777798	0.211326268	0.200302877	0.201855226	0.1135959865
	0.1126391553	0.1304939593	0.1325230944	0.1632145125	0.1895612904
	0.178629381	0.1485391966	0.1780294798	0.1654902049	0.1498745552
	0.5546087716	0.538747162	1.459959049e-34	1.380152567e-34	0.3122110371
	0.295685775	0.2575173955	0.2796332665	0.2998286086	0.2840952439
	0.3068699798	0.2885132135	0.2843147975	0.2709189009	0.2587486145
	0.2699193501	0.007068145365	-1.843550525e-34	0.007435180203	-3.529745475e-34
	0.2443122686	0.2413842388	0.2331075644	0.2544189196	0.02589021101
	0.04505266421	0.046980155	0.0262494301	0.0663009468	0.08449988093
	0.08925825825	0.06951427419	0.220406842	0.2270243427	0.2155321853
	0.2098742251	0.1090437205	0.1040012614	0.1206498661	0.1269378788
	0.191672755	0.1863855344	0.2027469203	0.1978077171	0.159341638
	0.1787525613	0.1438844735	0.1666510102	0.1520517436	0.1378287825
	0.1731761139	0.5801527986	0.5672608831	1.565056809e-34	1.46632213e-34
	0.3407449726	0.3284640286	0.2983191464	0.3164325453	0.3262399275
	0.3140621034	0.336977335	0.3229619953	0.2911684559	0.2816582521
	0.2975990635	0.3085219511	0.2638396202	0.2547464162	0.2484220168
	0.2714603477	-3.399914285e-34	0.006753218855	-1.732810707e-34	0.006557856844
	0.02279437951	0.03817851059	0.04234497094	0.02487033439	0.2329188847
	0.2233438572	0.2375537867	0.2197629273	0.05605704345	0.07189071202
	0.07901165046	0.06174980429	0.09715675472	0.08961355643	0.1047557726
	0.1135951732	0.2064872705	0.1946778994	0.1966036324	0.2089342635
	0.1439501905	0.1295261968	0.1205512692	0.1337744819	0.1721169405
	0.1702845317	0.1837294633	0.1822429883	0.1594239618	0.1573818544
	0.1474929254	0.600827241	0.5905772407	1.630252904e-34	1.526487927e-34
	0.3617435258	0.3529571049	0.3314357021	0.3460364372	0.3462488065
	0.3369081614	0.3596404308	0.3493553495	0.3270860969	0.3070067554
	0.2993431605	0.3189066287	0.2790324984	0.2657871441	0.2602451485
	0.2851393977	0.2423528033	0.2299329061	0.226494268	0.2464789762
	0.004913290293	-3.507160913e-34	0.005473134233	-1.715156296e-34	0.0171541873
	0.02830167411	0.02039707963	0.03378005407	0.04257053777	0.05620765761
	0.0646052713	0.04962370392	0.2114817615	0.2138016994	0.1997008381
	0.1980334333	0.08094088105	0.08542558415	0.07187811032	0.0956403207
	0.1102062087	0.1233593404	0.1119045433	0.09967866638	0.1848994497
	0.1726976448	0.1732481503	0.1858229948	0.1360868642	0.1247061887
	0.1603734169	0.1363645496	0.148722182	0.1605485843	0.1483957926
	1.566547636e-34	0.6171392877	0.6092015806	1.664054674e-34	0.3763835457
	0.3704900708	0.3579019299	0.36944226	0.3609675507	0.3539610185
	0.3759175511	0.3688592637	0.3194600967	0.3132712002	0.3351325217
	0.3410595123	0.296441278	0.2914629706	0.2755431623	0.2705093146
	0.2510124156	0.236852553	0.2331428865	0.2549877275	0.002740736684
	-3.919076901e-34	0.003630257163	-1.835594367e-34	0.2166335427	0.2038199995
	0.2015001213	0.2194264226	0.01390703168	0.009950604284	0.016794876
	0.02293589425	0.02744734116	0.03887839971	0.04793240329	0.03517765768
	0.07525442932	0.06225329071	0.06444256088	0.05234686463	0.1750131729
	0.18723296	0.188811774	0.1738938764	0.1005204721	0.08845921741
	0.07727510656	0.08871105974	0.1126236111	0.1244642035	0.1007799673
	0.1122454851	0.1243650554	0.1615531549	0.160974619	0.1486028068
	0.1363090533	0.148893603	0.1364147823	0.6295962417	0.6236805673
	1.67327045e-34	1.590566945e-34	0.3786483856	0.3874721376	0.3855567013
	0.3821203013	0.3711264977	0.3661722587	0.3866415572	0.3824074827
	0.3510826397	0.3289397556	0.3241445261	0.3470942017	0.3016568874
	0.2839931714	0.2796278986	0.3055688314	0.2401572619	0.2592564171
	0.2438282498	0.2628875684	-2.114457654e-34	0.0002158391415	-4.641670019e-34
	0.001471612235	0.2225819934	0.2088726596	0.2061530345	0.2255671383
	0.006247096157	0.00180301115	0.004478750131	0.01095647458	0.1780869761
	0.1908389338	0.1763684263	0.192924905	0.01142998251	0.02062231091
	0.03002877265	0.01957154057	0.05382902317	0.04226935327	0.03193416072
	0.04283403193	0.07708438641	0.06584949493	0.06530605228	0.05445340637
	0.1494025349	0.1638047076	0.1626187913	0.1502824076	0.07680094307
	0.08810005402	0.1002082206	0.08869533892	0.1241937197	0.1121139113
	0.1370899071	0.1366402102	0.111969058	0.1244533004	0.1000140882
	0.6386456027	0.6345107325	1.663214291e-34	1.601328776e-34	0.3899568162
	0.3886791842	0.3943760261	0.4007202873	0.3741595359	0.3923605039
	0.3906548085	0.3771879507	-2.536118619e-34	-0.002524805753	-5.60359088e-34
	-0.0009028943848	0.3575031744	0.3355542186	0.3321906505	0.3552581672
	0.3124068173	0.3096156762	0.2907747487	0.2873204684	0.269617245
	0.2666184235	0.2501489594	0.2469142763	0.228672928	0.2140247991
	0.211357943	0.2314288824	-0.002099500623	-0.006875552302	-0.008257323395
	-0.001572567848	0.1952048145	0.1817233916	0.1798066846	0.1973673804
	-0.005245346023	0.01140032716	0.001708004976	0.003262248631	0.1652751437
	0.1512776043	0.1524632321	0.1667151225	0.03204106991	0.02161003248
	0.02098539896	0.01098775805	0.04205593272	0.03160591777	0.04307270902
	0.05371890179	0.06415582535	0.07613833406	0.06490431248	0.0530488929
	0.1248358832	0.1386703036	0.1254349714	0.1378954014	0.08767035471
	0.0758200449	0.112484599	0.09984752435	0.08791029353	0.09998711964
	0.1122457135	0.6446589424	0.6421132049	1.638166616e-34	1.602424152e-34
	0.390205139	0.3908567188	0.405529659	0.4096022712	0.3794487596
	0.378285119	0.3932966294	0.3939897357	-3.045244085e-34	-0.005301534512
	-6.654317651e-34	-0.00340342223	0.3392994051	0.3374258961	0.359892853
	0.3604930336	-0.01077779433	-0.01560499721	-0.02112338029	-0.01435579464
	0.3167818095	0.3151919826	0.2955312177	0.2931794438	0.2526976817
	0.272550181	0.2552055442	0.2746805471	0.2363478709	0.2341371815
	0.2185802101	0.2162948141	0.1995499829	0.1852591182	0.2014624406
	0.183452979	-0.01364964478	-0.007824635584	-0.01786073327	-0.02248074634
	0.1682620922	0.154828135	0.153590973	0.1696678965	-0.001161741389
	0.01003382975	0.0004184367725	-0.01054674908	0.1404850686	0.139632466
	0.1267347317	0.1260270251	0.03053543807	0.01892515402	0.02026624579
	0.008692021231	0.04036265199	0.05228049575	0.02945331684	0.04130868372
	0.05171298196	0.06381397745	0.07555045661	0.06337976872	0.1004111986
	0.1001377542	0.1133388166	0.08772793455	0.1129772298	0.087772107
	0.07544522626	0.6479505336	0.6468373117	1.601051095e-34	1.596049838e-34
	0.3867053301	0.3891477686	0.4125092079	0.4144874692	0.3780184466
	0.3787330253	0.3895859388	0.3926055958	0.3601481398	0.3401280047
	0.339794826	0.361148905	-3.551706975e-34	-0.007789828264	-7.589636933e-34
	-0.005837662423	-0.01925332724	-0.02355174549	-0.03355807693	-0.02702438177
	0.3185522145	0.3182431896	0.2979981108	0.296871975	-0.03103992454
	-0.03992822647	-0.03810475555	-0.027692612	0.2569820416	0.277731983
	0.2766399886	0.2585757964	0.220372618	0.2398731383	0.2384213702
	0.2220619422	0.2047508541	0.1867614447	0.2033108059	0.188256303
	0.155891494	0.1722705964	0.1570243858	0.1710988746	-0.02391890884
	-0.03288832646	-0.01238987682	-0.02147595675	0.1414462473	0.128053371
	0.1422228834	0.1273415251	-0.004324239824	0.007369941732	-0.002746381671
	-0.01456445437	0.1006186265	0.1138675227	0.1009245136	0.1142315318
	0.005822215316	0.01658288545	0.0177596267	0.02851519686	0.02758318512
	0.0397358542	0.03904924272	0.05124448376	0.07525680358	0.06319885996
	0.07531676688	0.05081131981	0.0878905431	0.06286525867	0.08788496042
	0.6488002125	0.6489859956	1.554812022e-34	1.583847802e-34	0.3796942368
	0.3838627619	0.4156612946	0.4156957997	0.3728458606	0.3755136427
	0.3813303316	0.3866365837	0.3565164372	0.3379639983	0.3392119377
	0.3591239432	-3.954120242e-34	-0.009466111446	-8.22097186e-34	-0.007794296083
	0.3186650799	0.2979872761	0.2981663928	0.3176185128	-0.0265291832
	-0.0293494242	-0.04438634703	-0.03876280393	-0.04833983833	-0.05655718218
	-0.05870354286	-0.04811321617	0.2786117115	0.2599787689	0.2785472635
	0.2594212736	-0.04768066506	-0.04429491158	-0.03560322352	-0.05611900987
	0.223192213	0.2241431356	0.2416994577	0.2411581916	0.2068974554
	0.1903914974	0.1893488464	0.2061043981	0.1742181608	0.173452055
	0.1587855458	0.1578742496	0.1430963418	0.1436583537	0.1292115186
	0.1285711628	-0.03854354947	-0.02803558395	-0.01607809429	-0.02630925998
	0.1014100304	0.1011047112	0.1147464559	0.1150242723	-0.01807578146
	-0.007365337894	0.004673218488	-0.005960082896	0.07513256657	0.08804591654
	0.08802536837	0.07508946298	0.01461515612	0.02687098232	0.01556398765
	0.00331405712	0.03852194014	0.05041097397	0.05001633326	0.03792360903
	0.06269485579	0.02607042658	0.06238491219	0.6474780148	0.648837657
	1.502593154e-34	1.56738629e-34	-4.183903896e-34	-0.009610121586	-8.475661455e-34
	-0.008645343995	0.3693184924	0.3751952638	0.4152806126	0.4135090118
	0.3637417528	0.368498518	0.3685742948	0.3761617189	0.3327026992
	0.3355837956	0.3538425752	0.3495742329	0.3163616407	0.2953705234
	0.2969081014	0.3138888684	-0.03101983912	-0.03129186196	-0.05166792959
	-0.04802068331	0.2782811701	0.2592357364	0.2597797441	0.2769632845
	-0.06841363232	-0.06406751837	-0.07026991567	-0.07847583008	-0.07269202915
	-0.06794614195	-0.05996160487	-0.07976936018	0.242105379	0.224461951
	0.2245966477	0.2416028645	-0.06362515162	-0.05261213682	-0.04018801534
	-0.05082893066	0.1909089403	0.2076390838	0.1914092045	0.2076531554
	0.1598669467	0.1752433448	0.1592696421	0.1750489601	0.1300164842
	0.1445640686	0.129526382	0.1443625386	0.1155635838	0.1154776433
	0.1014976416	0.1017520116	-0.03169261736	-0.04248639091	-0.01944561545
	-0.03009331479	0.08807669992	0.07493487305	0.07489300573	0.08817194457
	0.002347392117	-0.008822274126	-0.02121467178	-0.01001974664	0.06189836777
	0.0622110678	0.04925405148	0.04961832699	0.02542108304	0.01287917313
	0.01371375008	0.001181335817	0.02469962009	0.03741770073	0.03686087029
	0.6442665343	0.646670291	1.44707934e-34	1.548525767e-34	0.3556844646
	0.3632782863	0.4116398544	0.4082052688	-4.230805221e-34	-0.007991352207
	-8.416779569e-34	-0.007994780863	-0.03097524209	-0.02838785822	-0.05303215797
	-0.05258869598	0.3503753002	0.3574410993	0.3513284769	0.361203541
	0.3242264381	0.3287978889	0.3452235779	0.3391879911	0.3112378592
	0.290074817	0.2929688119	0.3072334598	0.2755350771	0.2562376593
	0.2728380622	0.2578738836	-0.08677300282	-0.07550852228	-0.07796866092
	-0.09480340702	0.241102948	0.2232643659	0.223951861	0.2394073243
	-0.1022663472	-0.09860672279	-0.0854720961	-0.09150481461	-0.09004665714
	-0.07847549971	-0.07665420248	-0.06538060473	0.20774781	0.1911095273
	0.206763067	0.1911835131	-0.04406145345	-0.05662118343	-0.06767767894
	-0.0548965855	0.1600499847	0.159825624	0.1751143149	0.1756543096
	0.1299995511	0.1447210075	0.1302649515	0.1450218427	0.1016594713
	0.1156719287	0.1158863248	0.1017932886	0.0745725726	0.08816389288
	0.07466145062	0.08792011856	-0.03354739295	-0.02244015248	-0.0349789413
	-0.04612463752	0.04884065032	0.0613485659	0.04848552615	0.0617086447
	-0.01233389941	-0.02392317472	0.0002992363474	-0.0112842121	0.01128405886
	0.02341480229	0.03637186047	-0.0007164859427	0.01205046227	0.03583288898
	0.02407187386	0.6394562429	0.6427890272	1.387024007e-34	1.530944695e-34
	0.3389170398	0.3482490741	0.4050234579	0.4001242634	0.3323284913
	0.3419588097	0.3296140415	0.3417519151	-4.151914815e-34	-0.005121899015
	-8.196341926e-34	-0.00600060715	-0.02583602722	-0.0212995475	-0.04697527837
	-0.05040345693	-0.1034794038	-0.09977581861	-0.0791660944	-0.07655964481
	0.3124240985	0.3186626943	0.3330848452	0.3250202022	0.3032148512
	0.2820547304	0.286201792	0.2974560529	0.2660404599	0.2703062044
	0.2509174669	0.2535408856	0.2380391418	0.2200391097	0.221469112
	0.2349618066	-0.1203375034	-0.1125805234	-0.1237061798	-0.1111796952
	0.2062267467	0.1893354246	0.189956198	0.2040913767	-0.1059448992
	-0.1175380422	-0.1038418835	-0.09203965678	-0.06939824772	-0.08065855412
	-0.08237294548	-0.09399081523	0.1750644372	0.159141213	0.1593230908
	0.1736380644	-0.07154058713	-0.06038355948	-0.0476179164	-0.05873193494
	0.1297608268	0.1297928357	0.143937371	0.1448572515	0.1013651865
	0.1014325248	0.1151757893	0.1157790086	0.08741536409	0.07420489691
	0.08787630194	0.07400189452	0.04802160581	0.06063699727	0.047628759
	0.0610972357	-0.03780285726	-0.04932696578	-0.02503479196	-0.03654972823
	0.02279063647	0.03534112962	0.02216657209	0.0347811938	0.009783567806
	-0.002455752477	-0.01440271247	-0.01344654658	-0.001552421608	-0.02628398253
	0.01051318911	0.6332950255	0.6375451366	1.31415974e-34	1.521905055e-34
	0.3193294038	0.3302724841	0.3957971609	0.3896926077	0.3091865919
	0.3214582269	0.303485669	0.3179233059	-4.03658495e-34	-0.002061907383
	-7.971153814e-34	-0.003377749771	0.3064491263	0.2971241048	0.3048628723
	0.317136341	-0.04115547317	-0.01699390083	-0.01210520488	-0.03441524448
	-0.09998795483	-0.1028552983	-0.07242384252	-0.06489058045	-0.1268209491
	-0.128784981	-0.1439783791	-0.1342894902	0.2921832339	0.2712671154
	0.2764262723	0.2842933654	0.2625425901	0.2432489399	0.256419582
	0.2466153605	0.2281114663	0.2328294731	0.2148357432	0.2168446771
	0.1859374145	0.2029472272	0.1870600463	0.1994749174	-0.1348458497
	-0.1443939388	-0.1202758107	-0.1315505228	0.1706648138	0.1730853787
	0.156957756	0.1575941869	-0.1218514092	-0.107751407	-0.09568422526
	-0.109201519	-0.08631853764	-0.07329125977	-0.09760652366	-0.08449464557
	0.1436588878	0.1283225715	0.1420556823	0.1287404939	-0.06216541411
	-0.07511697224	-0.06361184288	-0.05066936407	0.1003079487	0.1006659911
	0.1139188575	0.1149642497	0.07305081727	0.07344230999	0.08642281226
	0.08715428799	0.05965084808	0.06026176405	0.04707145277	0.0465833185
	0.02151655667	0.02087958639	0.03362094085	0.0342458009	-0.03913500685
	-0.05207513973	-0.0402667047	-0.02731988961	0.008313128262	-0.003267929527
	-0.00410409985	0.00904240045	-0.01630456765	-0.01540369849	-0.028408707
	0.6258771292	0.6312036036	1.207979729e-34	1.522495679e-34	-3.946659151e-34
	0.0002749529138	-7.822696254e-34	-0.0009130529837	0.2975646328	0.3094893758
	0.3846059927	0.3772518449	0.2805742486	0.2951843077	0.2731932989
	0.2901708573	0.278045764	0.2869260254	0.2968102846	0.2825262023
	-0.02708174238	-0.007430768542	-0.003434918941	-0.01903402986	0.2779687059
	0.257687819	0.2633691244	0.2673188893	-0.04540974114	-0.08269806973
	-0.09249898373	-0.05600462155	-0.1283249412	-0.1218914999	-0.152872397
	-0.1495184093	-0.1660740655	-0.1634588097	-0.14925205	-0.1568121555
	0.2522072881	0.2331920272	0.2369228137	0.2437501475	0.2187117192
	0.2253602058	0.2075068242	0.2099636927	0.1977195448	0.1807302396
	0.1824020109	0.192810331	0.1545293892	0.1695072671	0.1660893999
	0.1533230767	-0.1374887896	-0.123215835	-0.1365544731	-0.1514111312
	0.1412331107	0.1267117479	0.1389519716	0.125792576	-0.1245375498
	-0.1128308292	-0.09952249937	-0.1109843005	-0.08820057537	-0.1013541418
	-0.08981668098	-0.07667573316	0.1117681245	0.1132746407	0.09922453884
	0.09848148294	-0.06508628371	-0.07816678662	-0.0663724233	-0.05329841538
	0.07225146239	0.07159744905	0.08481585642	0.08585675615	0.04524700707
	0.04588942357	0.05828008464	0.05908704571	0.03299371327	0.03226100259
	0.01946913154	0.0201689774	-0.00573556491	0.006796088608	0.007562602627
	-0.004917786992	-0.05450959139	-0.030384724	-0.04143565184	-0.01723570537
	-0.0293944015	-0.04248914823	-0.018114245	0.6164802648	0.623280256
	9.687630589e-35	1.508612552e-34	-3.89658299e-34	0.00145040573	-7.75212686e-34
	0.0007475577851	0.274380365	0.2861116144	0.3723641527	0.3627883488
	0.000135176748	-0.005217450222	-0.01222407379	0.00248439321	0.2466198028
	0.2624143932	0.2393644391	0.2593251995	0.2547937726	0.2639934432
	0.2712462016	0.2517418834	0.2603595787	0.2411035937	0.2466461519
	0.2458109611	-0.02380384767	-0.05564135922	-0.06984597935	-0.03438679131
	0.2391164592	0.2204849165	0.2277939464	0.2243961643	-0.1123882076
	-0.09785285484	-0.1431449708	-0.1497683982	-0.1733066574	-0.1746766309
	-0.1866942303	-0.1757193101	-0.1811764275	-0.167585345	-0.1523845975
	-0.1667210941	0.2153376107	0.1977651216	0.2067089831	0.2008305328
	0.1902692092	0.1734983844	0.1759564831	0.1840584538	0.1480863777
	0.1641352461	0.1500507783	0.1598476184	0.1235948124	0.1345362255
	0.1374382487	0.1220474165	-0.1400241344	-0.1527838384	-0.1263715324
	-0.1384903709	0.1105885801	0.09577091963	0.09698666309	0.1086200032
	-0.1280480046	-0.1146822356	-0.1164231309	-0.1030865133	-0.09136411531
	-0.07954656077	-0.0927714623	-0.1046122993	0.08387013448	0.06953399405
	0.08248900286	0.07051732775	-0.05564699296	-0.06764636057	-0.08082415862
	-0.06882574285	0.04352307007	0.05642587294	0.04437478607	0.05746954046
	0.03149439627	0.01866175773	0.017850795	0.03061348888	0.005154267542
	-0.006579388092	0.005994373729	-0.007425531046	-0.03228656573	-0.01990633684
	-0.03134271276	-0.04455932963	-0.05673932856	-0.0190182075	-0.04355362858
	0.6005065054	0.6107171229	2.126220431e-35	1.442589072e-34	0.00140580234
	-3.874718622e-34	0.001599795363	-7.728245476e-34	0.250865392	0.2600989281
	0.3592719941	0.3450985609	0.004198431687	0.003869239826	-0.0003981929565
	0.004884397115	0.2090465943	0.2225316955	0.2020674601	0.2270486034
	-0.01369357803	-0.005592839823	-0.02744850872	-0.04165647025	0.2121243509
	0.226166287	0.2347787726	0.2395196107	0.2189589543	0.2385646621
	0.2205293911	0.2260675372	0.222537064	0.2044958021	0.2091996447
	0.2084804433	-0.0810397152	-0.06304165174	-0.1123877986	-0.1295402804
	0.2022980854	0.1852591044	0.1895109439	0.1922019129	-0.1613496325
	-0.1951171983	-0.1924289387	-0.1720422761	-0.1983051597	-0.2054417562
	-0.1829951459	-0.1950457338	-0.1540684945	-0.183051941	-0.1683330703
	-0.1676492526	0.1732340224	0.1676792329	0.1803764467	0.1640680013
	0.1568807039	0.1411520887	0.1518994807	0.144067931	0.1322121103
	0.1287424478	0.1192858993	0.1170066834	0.1068312669	0.09384734821
	0.09209209874	0.104394551	-0.1416076436	-0.155252242	-0.1433765242
	-0.1298771695	0.08110722077	0.06677342521	0.07935617134	0.0681390419
	-0.1179962608	-0.1314072543	-0.1194891684	-0.106103666	-0.08207801458
	-0.09409385901	-0.09536308644	-0.1074039841	0.0553198213	0.05400238095
	0.04243477626	0.04132707285	-0.05781585146	-0.06997276082	-0.07107798143
	-0.08322715241	0.02966376423	0.01691152751	0.01594644832	0.02859741291
	0.003312587468	0.004260746509	-0.008329716163	-0.009246045677	-0.03418370651
	-0.02175310307	-0.03324206896	-0.02082416156	-0.05884089848	-0.04556640831
	-0.04655280347	0.5613829103	0.5825114478	-1.763025669e-34	1.256053054e-34
	0.001338422034	-3.86738831e-34	0.00124763278	-7.725283997e-34	0.228907452
	0.2282097984	0.3431696894	0.3138298294	0.005016112542	0.004703861976
	0.007549802918	0.006099367481	0.1699209722	0.1762341122	0.1592637085
	0.1957871808	0.005758321102	-0.005498129824	-0.01598777024	0.001244493565
	0.1888571	0.1985206276	0.1997939877	0.1638148514	-0.04493936994
	-0.02900762667	-0.06910455236	-0.09136393548	0.1863206359	0.2102241249
	0.1939818749	0.2017414871	0.2014011565	0.1844877026	0.1858926726
	0.1914043448	0.1860581713	0.1698307058	0.1759249286	0.1752965551
	-0.1232812376	-0.1457701527	-0.1780095398	-0.1889793615	0.1680661081
	0.152410509	0.1603043857	0.1574504688	-0.2116713854	-0.2128972312
	-0.2234041213	-0.2128653331	-0.2144954266	-0.183303972	-0.1987416194
	-0.1989657459	-0.1691609053	-0.1706706547	-0.1834447355	-0.1569944739
	0.1477637518	0.1325066123	0.1421697452	0.1364858085	0.1214993649
	0.1137052075	0.1255329345	0.1106395429	0.0990234868	0.1019488415
	0.08739506887	0.08972891372	0.07749769678	0.06325378032	0.07534817584
	0.06503780315	-0.1329708983	-0.1449390204	-0.1464947317	-0.1584627049
	0.05256184183	0.03999160455	0.05093910087	0.0385920527	-0.1208179832
	-0.1342720658	-0.1221374773	-0.1087297695	-0.08438913101	-0.1098971656
	-0.09654735605	-0.09771929066	0.02742667089	0.01368907196	0.01484393786
	0.02614285258	-0.07320451553	-0.0598819402	-0.07214647795	-0.08545815842
	0.002290304341	-0.01126217236	-0.01023992871	0.001203175449	-0.04853805554
	-0.02272225067	-0.02372125364	-0.06087994486	-0.03614033946	-0.03516370322
	-0.04754299352	0.463804677	0.5023127668	-1.537095213e-33	3.8241192e-34
	0.194677442	0.1812743633	0.3077302253	0.210107668	-7.732416678e-34
	0.0009728292651	-3.866794755e-34	0.0007426734206	0.004079474976	0.003417488313
	0.007361554382	0.007718116364	0.1253150925	0.128694644	0.1132775137
	0.1612161366	0.01002673525	0.007218862596	0.001691859009	0.008773101047
	0.1393748413	0.1555615634	0.1495337633	0.1139620756	-0.01484214959
	-0.004245569276	-0.02887316731	-0.04852986333	0.1473890539	0.1726405945
	0.1596617672	0.1728955947	-0.09786130236	-0.07198771332	-0.1321491344
	-0.1574543507	0.1754406339	0.1602904253	0.1704760465	0.1594407109
	0.1668792918	0.1517193296	0.159877438	0.155646932	0.145100693
	0.1534601403	0.1386516857	0.1451728001	-0.2285063187	-0.1908449764
	-0.2293990906	-0.2071024212	0.1367912263	0.1221837419	0.130555141
	0.1272466314	-0.2307891119	-0.2147198695	-0.2398307194	-0.2292237983
	-0.1982488875	-0.1846348239	-0.1988448445	-0.2139888438	-0.1857324956
	-0.1720756857	-0.1736681811	-0.1600766473	0.1127508807	0.1068059435
	0.1173760887	0.1029418813	0.09246616919	0.09590258865	0.08458154582
	0.08165464043	0.0729921189	0.05893626097	0.06115822961	0.07042285853
	0.03527033783	0.04913855193	0.03698570924	0.04718829578	-0.1613878198
	-0.1478199741	-0.1491624929	-0.1356277285	0.02472234757	0.01239766682
	0.02319732976	0.01102604296	-0.1111064166	-0.1367847638	-0.1233211219
	-0.1245237461	-0.08655532617	-0.09881354288	-0.1121876136	-0.09991439019
	2.158485534e-05	-0.01352886558	-0.01237181404	-0.001229303483	-0.07423223551
	-0.07526888177	-0.08757844177	-0.06191168565	-0.02586811806	-0.02477380662
	-0.03717082498	-0.03821310712	-0.04954587919	-0.05057524517	-0.06291546794
	0.2050579586	2.422634944e-33	0.0004726999921	-1.935659378e-34	0.1100211177
	0.1390277552	0.1048818514	0.08480837123	0.002433285985	0.006493991355
	0.01019141308	0.01014261162	0.09382565957	0.1065876304	0.003852539512
	-0.01429582253	0.1262227617	0.1372166436	-0.1025699398	-0.04715368912
	0.1446927457	0.1456419104	-0.2186175434	-0.1678737745	0.1447257878
	0.1412511583	0.1308082798	0.1366161653	0.1163125161	0.1239839262
	-0.2445680406	-0.2461993002	0.0985631979	0.1077454771	-0.230356552
	-0.2138858029	-0.1995639592	-0.1872900332	-0.1750118817	-0.1627602603
	0.08868330279	0.07838129785	0.06756787966	0.05646986685	0.04501651431
	0.03337869546	0.02150924346	0.00952788981	-0.1503213701	-0.1380042615
	-0.002592391037	-0.0147747442	-0.1133104333	-0.1256119698	-0.088636802
	-0.1009506216	-0.02702941286	-0.0393165612	-0.07628672863	-0.05162890384
	-0.06396233405	-0.1267270744	-0.1143319308	-0.07405274332	-0.1020044007
	0.005093756836	-0.0896416133	0.009332673967	-0.07732548363	-0.06499831652
	-0.05271408759	0.08410742636	0.0116366755	-0.04044840838	0.1177878691
	0.1271059519	0.008982461943	-0.02823827389	-0.01608746386	-0.004023439635
	0.1311038854	-0.002031333121	0.007922755761	-0.02691661254	0.01973003493
	0.0313365107	0.1102070081	0.1024921555	0.04272881401	-0.07223189352
	0.05380702301	-0.1364378583	0.0645690732	0.07486975643	0.08471855047
	-0.2013049265	0.09392308099	-0.2428533653	0.1170531035	-0.2560073325
	0.1228879982	-0.2465867996	0.1275619898	0.1325718959	-0.2296608918
	0.1321439689	-0.2138940277	0.1006879282	-0.2009456653	-0.1885935707
	0.06827012065	0.07018303726	0.06951032864	-0.1763876174	0.07859219342
	-0.1639002401	-0.1515247204	0.001380746791	-0.1390687643	1.622429433e-37
	1.128810268e-32	0.01147014609	9.543503797e-34	0.003150557423	-7.566216807e-38
	0.04485623931	0.01431818521	0.05879830993	0.04394810533	0.007539116686
	0.01141761476	0.005611911208	0.01182924444	0.09390774979	0.07474068412
	-0.04621009141	-0.01029559646	0.1159988354	0.1078609787	-0.102032109
	-0.1720054067	0.1192655616	0.1197667586	-0.2584379878	-0.231428307
	0.1176309463	0.1143783911	0.1037079287	0.1094012479	0.09665441125
	0.08899421083	-0.2614837558	-0.2462205579	0.08030123224	0.07113822863
	-0.2148928167	-0.2288440756	-0.2021895533	-0.1900187667	-0.1775342946
	-0.1651079534	0.06122874268	0.05097105387	0.02915681307	0.04018841263
	0.01776838348	0.006209968888	-0.005580574234	-0.0174822731	-0.1401884262
	-0.1525794123	-0.02952587106	-0.0416416396	-0.1277459705	-0.1153927534
	-0.09068465485	-0.103008523	-0.06608072342	-0.05383512753	-0.07835820836
	-0.116376357	0.009745724127	-0.1040368269	-0.09169377419	0.01248452446
	0.0254787058	-0.07941853781	0.03704445955	-0.06716904592	0.01068585036
	-0.05499191623	-0.0428793825	0.0008836103287	0.09905575179	0.1055690986
	-0.03086061123	-0.01896197162	-0.02273952827	-0.00719783158	0.004366473284
	-0.06907202207	0.01573473434	0.02679104896	-0.1370564893	0.03756839555
	0.08361783362	0.0478803201	-0.2066806346	0.0578087207	0.06706626532
	-0.2547699345	0.0758126634	-0.2704290014	0.09076477423	0.09664552003
	-0.2628776669	0.1017443585	0.1052149654	-0.2452412014	0.1076689918
	0.1076716336	-0.2292263516	-0.2158361754	0.08749691393	0.07066001646
	-0.2036264658	0.05184502267	-0.1911776772	0.002202971725	-0.1787332814
	0.01981645487	-0.1661369249	0.004664721085	-0.1536820679	-0.1411840678
	-0.1287937874	2.465761924e-33	1.342585746e-36	-0.008318112286	1.31837756e-33
	7.487236986e-37	0.006208157633	-0.006296556642	0.01627027967	0.04846947656
	0.03030555656	0.0111141188	0.0124982454	-0.007245433214	0.008256296238
	0.06491197358	0.08067359937	-0.03931642553	-0.09914781948	0.09513270559
	0.08963356782	-0.1736300411	-0.2359072003	0.09627160564	0.09598660224
	-0.2729355383	-0.275766592	0.09313336355	0.08953883069	0.07815495192
	0.08417442573	0.07080676923	0.06289496795	-0.2623704725	-0.244746132
	0.05401257499	0.04469133721	-0.2172163323	-0.2297033153	-0.192391241
	-0.2048241349	-0.1797462754	-0.1672290665	0.02433426064	0.03467676499
	0.002443015517	0.01350664104	-0.008950552487	-0.02050869211	-0.04417166356
	-0.03228311167	-0.1422249636	-0.1546595849	-0.06830175249	-0.0561946053
	-0.1297630407	-0.117396758	-0.1050301417	-0.08048480713	-0.09274080459
	0.01175311968	-0.1060513334	0.01169470631	-0.0937717451	-0.08158079812
	0.01155067726	-0.06945567657	0.004323858755	-0.0574313633	-0.01739179653
	0.06022355301	-0.04552271657	-0.03374526707	-0.02215540489	-0.06202223677
	-0.01074784865	-0.1321149568	0.08477885726	0.0003701337122	0.01123282595
	0.02166459146	-0.2083975001	0.07210946105	0.03174627922	-0.2621219334
	0.04120494081	0.05019785635	0.05830803728	-0.2845494016	0.06582135544
	-0.2786882769	0.07768968554	0.08162828753	-0.2614363069	-0.2444487599
	0.08561278921	0.08518559304	0.08089533236	-0.230874134	0.07379627908
	-0.2183812715	0.0449690542	0.02645873399	-0.2060602249	-0.193399535
	-0.01173687632	-0.01150500291	-0.1808197644	-0.1681775236	-0.1183614168
	0.007101390928	-0.155680559	-0.1431671338	-0.1307628526	2.091516483e-33
	2.656423908e-36	-0.005033462475	7.907398092e-34	1.337183518e-36	0.007729483638
	-0.01368045738	0.008371360809	0.0418429996	0.02426091017	0.01171943965
	0.009782002125	-0.03358746553	-0.001382008134	0.05526483425	0.06661033052
	-0.08926309814	-0.1677036882	0.0754965598	0.07227200363	-0.2405118287
	-0.2800878064	0.07397298879	0.07530074353	-0.2786707138	-0.2920101941
	0.06617220441	0.07045640934	0.05373596271	0.06029516073	0.03769537956
	0.04599405762	-0.2450910086	-0.2601915809	0.01895654673	0.02853764933
	-0.231925459	-0.2196739433	-0.2070742722	-0.1944608941	-0.181738454
	-0.1691767374	0.00876025507	-0.001746601275	-0.02384557826	-0.01268508491
	-0.03530091184	-0.04691402041	-0.07064615742	-0.05872174061	-0.1441467756
	-0.1565954335	-0.09483649878	-0.08269299795	-0.1193593406	-0.1317003333
	-0.1070507987	0.00722959474	-0.108078268	-0.005136326658	-0.09590103137
	-0.08383168632	-0.0101627941	-0.07187090048	0.02201507309	-0.05224518511
	-0.06003747884	-0.04837527877	-0.03688023784	-0.1218001531	0.06388154253
	0.0661697104	-0.02564615594	-0.2029301621	-0.01464202786	-0.004023790168
	0.00627707952	-0.2666035367	0.01602229841	0.04870623997	-0.2952345917
	0.02533733843	0.03386815176	0.04183265107	-0.2950560375	-0.2779457583
	0.05487742795	0.05956679557	0.06346200012	-0.2601212055	0.06533690409
	-0.2457024945	0.05961517368	-0.2332316374	0.05011565395	-0.2207133437
	0.03823148201	0.006188692368	-0.2081405497	-0.01230191106	-0.1953547464
	-0.1827130874	0.007840898373	-0.120320982	-0.1700580995	-0.1575487158
	-0.1450507162	-0.1326687019	0.01129029143	1.360891343e-33	3.200993757e-36
	-0.004884452007	6.092696572e-34	1.496855034e-36	0.007951779948	0.004881116309
	-0.009418919506	0.02054408285	0.03474806702	0.01036315632	0.002421261411
	-0.07801486451	-0.02198817004	0.05252210729	0.04497881935	-0.1566286235
	-0.2343895423	0.05579777776	0.05708266446	-0.2882893256	-0.3034992365
	0.05571558148	0.05323886211	-0.2769974371	-0.2959096404	0.04379980706
	0.04894155128	0.03729320054	0.03008824197	0.0131045029	0.02186468735
	-0.2468532322	-0.2600490455	0.003598615119	-0.006301551487	-0.2218080363
	-0.2342963061	-0.2090042002	-0.196303836	-0.1835501961	-0.170981073
	-0.01673842751	-0.02745819062	-0.04985455634	-0.03855535129	-0.07311784974
	-0.06141195924	-0.08499474346	-0.09699076747	-0.1459864921	-0.1584124783
	-0.1090954429	-0.1335893771	-0.1213105114	-0.09809350185	-0.03845300106
	-0.004205980286	-0.0861744779	-0.07440891663	-0.1059769251	-0.06279439431
	-0.0514105483	-0.1917092025	-0.04022769707	-0.0293841484	-0.2634369839
	-0.01881805916	0.0477874573	-0.008738990293	-0.3041581243	0.0009562898774
	0.04318968523	0.009968426833	0.03844225736	-0.309594461	0.01845710937
	0.02600230973	-0.2953554835	0.03286140752	-0.276250518	0.04623194643
	-0.2607975101	0.04824050244	-0.2478082376	0.04565252789	0.03957591032
	-0.2354278555	0.03093485465	0.01815382172	-0.2226888839	0.004164048264
	-0.008515281168	-0.2099385447	-0.1971062883	0.007844582242	-0.1101367108
	-0.1844445491	-0.1222805185	-0.1718051826	-0.1593160025	-0.1468660032
	0.008976250672	-0.1345410098	-0.003341110158	1.053052525e-33	3.341848578e-36
	-0.002727094019	4.578684673e-34	1.572117366e-36	0.007660635941	-0.006918420983
	0.002905690571	0.02704271946	0.01624490796	-0.01345207927	0.006786077973
	-0.05876366943	-0.1384246879	0.03870711921	0.03424496751	-0.2856141131
	-0.2253925859	0.03953779755	0.04002103188	-0.3160561074	-0.3117195226
	0.03698152865	0.03329356431	-0.2761800857	-0.2939923203	0.02202324848
	0.02809040317	0.006898849478	0.01479478273	-0.0111293683	-0.001871575565
	-0.2489425306	-0.2614616604	-0.02103235287	-0.03128150373	-0.2235962767
	-0.2363319164	-0.1979528803	-0.2106971569	-0.172664451	-0.1852158978
	-0.04199514021	-0.05295387474	-0.06423826231	-0.0757004543	-0.08738453145
	-0.09920735442	-0.1111769478	-0.1232701851	-0.1477724521	-0.1601436725
	-0.1354571398	-0.08392205391	-0.08859302697	-0.1714285173	-0.07704180456
	-0.06566161698	0.001979391114	-0.05457477214	-0.2545737496	-0.04371979096
	-0.3056680573	0.02876986805	-0.03328660468	-0.02317790542	0.03226731558
	-0.0136604513	-0.3234685049	-0.004599664395	-0.3127506031	0.003650437313
	0.01126771521	0.01779564854	-0.2933382755	0.02349729804	-0.2761477207
	0.02776653033	0.03099084115	-0.2624938099	0.03197795545	-0.2498434645
	0.02295113473	0.01363174981	-0.2372539785	-0.2243435255	-0.006557353446
	-0.00263369519	-0.2115102905	-0.1986847548	-0.1003440357	0.007385417099
	-0.1860375083	-0.173448571	-0.1610110511	-0.1486411803	0.003179738567
	-0.136401415	-0.02460374525	-0.1242543589	-0.1122316983	7.999274847e-34
	3.664487773e-36	-0.002205681445	3.471599536e-34	1.778073799e-36	0.006281481471
	0.0002439762421	-0.006136181145	0.01876331469	0.01108268813	-0.001900044208
	-0.04180688538	-0.2036644759	-0.1121006107	0.02321157598	0.02511093229
	-0.2806132251	-0.3190151976	0.02245566167	0.0245976035	-0.3122025305
	-0.3283380676	0.01862749691	0.0137129994	-0.2923647042	-0.2767649917
	0.007513086275	0.0005052157897	-0.007502972763	-0.01609830673	-0.0352156515
	-0.02545198292	-0.2508054591	-0.2632799556	-0.04553751142	-0.05614322716
	-0.2251115949	-0.2379607714	-0.2121748506	-0.1994451223	-0.1867580985
	-0.1742582688	-0.0783534474	-0.06714748041	-0.1014709956	-0.08983581909
	-0.1252451613	-0.1132926518	-0.1373212818	-0.1495285181	-0.1618185231
	-0.2342097431	-0.09104757357	-0.002375791165	-0.07971571652	-0.06856959709
	-0.3015608615	-0.05778280525	-0.3308635771	-0.04725374985	-0.03723355839
	0.01767358358	-0.0275831853	-0.3304403054	0.01693356221	-0.01863184078
	-0.3116437763	-0.01021789283	-0.002740085103	0.003986261995	-0.2923426226
	0.009496152275	-0.2771802867	0.01400773299	0.01842456055	-0.2642481075
	-0.2515191472	0.01443700509	0.008102037352	-0.001104372066	-0.2387269025
	-0.006607305511	-0.2257360557	-0.2128983177	0.005148592729	-0.1026267796
	-0.2001173322	-0.1875255548	-0.1262417239	-0.1382600332	-0.1750179604
	-0.1626614016	-0.009466488914	-0.1503960499	-0.05985312521	-0.1143501036
	-0.1431284274	5.918168378e-34	4.025880147e-36	-0.002215971709	2.475192124e-34
	1.950516945e-36	0.002036188418	-0.00337977132	-0.007302095431	0.009952484505
	0.004893019737	-0.01922741745	-0.08368753589	-0.2603895358	-0.174546309
	0.01149752214	0.01185161473	-0.3191679769	-0.3378275082	0.005433021377
	0.009170043491	-0.3107667431	-0.3311749329	-0.00586016168	0.0002597730091
	-0.2779106775	-0.2921407723	-0.01310871975	-0.02103641525	-0.0391226952
	-0.02984516769	-0.05932002029	-0.0490642814	-0.2522575495	-0.2649278129
	-0.07005614993	-0.08100811273	-0.2392764886	-0.2263931862	-0.213483336
	-0.2008167412	-0.188210361	-0.1757961501	-0.09229687105	-0.1037435267
	-0.1272252754	-0.1154196813	-0.1512698879	-0.1391849067	-0.1634605954
	-0.08234712163	-0.3329185424	-0.07141565548	-0.06091517737	-0.3436163359
	-0.005296130878	-0.0506894698	0.001532710903	-0.04106804478	-0.3311476907
	-0.03185664984	-0.02346233893	-0.3101246046	-0.01567868609	-0.008958175809
	-0.2924598	-0.00309040823	0.001420274707	-0.278436757	0.004705464994
	0.006171643938	-0.2656456431	0.005345495419	-0.2528102381	-0.008362609968
	-0.2398951842	-0.002744698283	-0.2269319627	-0.0008958498954	-0.09347053116
	-0.2141418397	-0.1048911675	-0.201448764	-0.1889478184	-0.176543549
	-0.03214728416	-0.1642891142	-0.1521377816	-0.1080112267	-0.1401115071
	-0.1282222089	-0.2045985471	-0.1164564319	-0.2844671129	4.0791007e-34
	3.998531836e-36	-0.002778584393	1.6218737e-34	1.794907515e-36	-0.00704490399
	-0.009802939037	-0.008122349949	-0.002383512215	0.0005203848468	-0.04754681838
	-0.1353488135	-0.3031783565	-0.2327155091	-7.654369917e-06	-0.002433987464
	-0.3439137827	-0.3464723733	-0.01188828667	-0.00662231494	-0.3302767591
	-0.3096924447	-0.01844831894	-0.02572710973	-0.2790164271	-0.292547543
	-0.04283212615	-0.03403008887	-0.06234710214	-0.05242486671	-0.08356460284
	-0.07284862743	-0.253334079	-0.2661344357	-0.09468762876	-0.1059604559
	-0.2403434849	-0.22749311	-0.2146842812	-0.2021087848	-0.1773050885
	-0.1896181388	-0.1175111261	-0.129179049	-0.1529966075	-0.1410328436
	-0.1650863487	-0.3519395419	-0.07406631243	-0.3487617311	-0.06382458724
	-0.05385617579	-0.04460581541	-0.3298494996	-0.03577697454	-0.3092325563
	-0.02790496521	-0.005970826506	-0.02064746646	-0.0146124692	-0.2929697492
	-0.009488349373	-0.2793823951	-0.004480878796	-0.006273443166	-0.2666344535
	-0.01064750496	-0.2537380104	-0.01133126993	-0.003582029642	-0.2408479873
	-0.2279847454	-0.08482372955	-0.01255015713	-0.2152981888	-0.2027304726
	-0.1184899544	-0.1903410891	-0.1780519608	-0.06601393671	-0.1659018438
	-0.1620889248	-0.1538583677	-0.1419297783	-0.1301532231	-0.2566933219
	-0.3206100738	-0.1070602919	-0.09576543876	2.524915251e-34	3.084190756e-36
	-0.003690469189	9.249829535e-35	8.805364251e-37	-0.02222225816	-0.01331824407
	-0.01407037003	-0.009794576995	-0.0109899986	-0.08627036943	-0.1881176379
	-0.3330329358	-0.2782533378	-0.01701138569	-0.01260917428	-0.3493062986
	-0.3582093809	-0.02308827255	-0.02981411839	-0.328855088	-0.3090379243
	-0.03775919086	-0.04613107158	-0.279741712	-0.2930187347	-0.05544763337
	-0.06506356858	-0.08589689523	-0.07538600873	-0.09690276338	-0.1080319438
	-0.2669052222	-0.2541189726	-0.1310523974	-0.1194964301	-0.2284920202
	-0.241224051	-0.2158338098	-0.2033743893	-0.1910191003	-0.1788033705
	-0.1546902622	-0.1428297135	-0.1666979889	-0.3500226377	-0.07636669551
	-0.0663417963	-0.05652847884	-0.3283874091	-0.04758070105	-0.3087697568
	-0.01561859204	-0.03894803184	-0.03145933531	-0.02446841691	-0.2932906601
	-0.01899722141	-0.2798974951	-0.01539259254	-0.01731971186	-0.2672473631
	-0.01532412934	-0.2543977232	-0.004736498538	-0.2416821096	-0.03076983199
	-0.08701849389	-0.2289618596	-0.2164399959	-0.1090388712	-0.1203688597
	-0.2040080334	-0.1917381835	-0.1085323184	-0.1795556216	-0.2121008028
	-0.1674905296	-0.155532046	-0.1436680251	-0.2955707171	-0.1319726969
	-0.3447995121	-0.0978158402	-0.3621645842	1.308948799e-34	4.786480564e-37
	-0.004895713291	4.158415077e-35	-1.203855095e-36	-0.04342947825	-0.02148627969
	-0.01779408035	-0.02144713682	-0.02130262922	-0.1309584693	-0.2330567182
	-0.3105135163	-0.3526345453	-0.02625028056	-0.03251212824	-0.3651494402
	-0.3496153992	-0.04047103486	-0.04858208591	-0.3276348848	-0.3085044005
	-0.06724901883	-0.05785930319	-0.2932301287	-0.2799933933	-0.08786018896
	-0.07750581007	-0.1098534586	-0.09882405527	-0.1327745978	-0.1212896447
	-0.2546907388	-0.2673709176	-0.14452313	-0.1563159508	-0.2294677298
	-0.2420263789	-0.2169940737	-0.2046626878	-0.192435103	-0.1682787914
	-0.18029689	-0.06814536257	-0.3271648743	-0.00617196169	-0.05819475372
	-0.04933503763	-0.02562338701	-0.3083466353	-0.04050593674	-0.03321643872
	-0.2931999177	-0.02787964147	-0.02696930353	-0.2800259614	-0.02036155116
	-0.2675441739	-0.2549236415	-0.05463776782	-0.07806898421	-0.2424663862
	-0.08877090357	-0.2299512102	-0.2176198697	-0.2053193135	-0.152828051
	-0.1931544293	-0.1336095529	-0.1452650625	-0.1810486927	-0.2515413352
	-0.1690293981	-0.1571174355	-0.3222970521	-0.3597550674	-0.1219983329
	-0.1107232155	-0.3667261428	-0.0994797745	-0.349665352	4.902539958e-35
	-4.695477841e-36	-0.006410078182	1.190793512e-35	-4.815310459e-36	-0.06877696457
	-0.03071978233	-0.02335321395	-0.03505098937	-0.03389669358	-0.173084887
	-0.2659632893	-0.3641926223	-0.3318594734	-0.04913211153	-0.04126768319
	-0.3491304265	-0.3676555379	-0.05891672799	-0.06832279632	-0.3080044694
	-0.3265701294	-0.08918217394	-0.07884909675	-0.2799011208	-0.2930232842
	-0.1002770748	-0.1112845704	-0.1342577264	-0.1227846522	-0.1578204904
	-0.1460418716	-0.2676148618	-0.2551508478	-0.181767504	-0.1697901744
	-0.2428382599	-0.2304752691	-0.2182125826	-0.2059925337	-0.1938654664
	-0.3262891272	-0.05781388551	-0.3078928679	-0.04910994588	-0.04260032015
	-0.04090891826	-0.2928053794	-0.03590497374	-0.2798730974	-0.02655523309
	-0.007878284145	-0.2676377744	-0.2553937463	-0.06833319372	-0.08139321985
	-0.2432399647	-0.2309932387	-0.1004193544	-0.2188369172	-0.2066625702
	-0.1904471694	-0.1945575284	-0.1349525032	-0.2783545309	-0.1824914902
	-0.1704567539	-0.1585453746	-0.3389663788	-0.1466225852	-0.3676613299
	-0.1232091598	-0.1119054716	-0.3680492001	-0.3488879011	-0.08963411369
	-0.07847026481	1.105602376e-35	-1.342497676e-35	-0.008284457108	4.945530505e-36
	-9.806549423e-36	-0.09478430735	-0.03000063151	-0.04204110307	-0.05133394019
	-0.04941106041	-0.2053896834	-0.2863308845	-0.3441608596	-0.3693544263
	-0.05816055169	-0.06707591053	-0.3679334301	-0.3486071972	-0.08903106157
	-0.07841085825	-0.3077117098	-0.3259256615	-0.1119099906	-0.1007168213
	-0.2796867586	-0.2925862286	-0.1352945194	-0.1237132305	-0.1590761525
	-0.1472287561	-0.1711217681	-0.1831249355	-0.2676914696	-0.2555744269
	-0.2073058504	-0.195236892	-0.243646574	-0.2315015506	-0.219447098
	-0.3078428483	-0.06044618126	-0.009791771391	-0.05796773199	-0.04818595301
	-0.2925136758	-0.03383667596	-0.2796846578	-0.2676549052	-0.1064852284
	-0.06747530729	-0.2558007274	-0.2439520595	-0.08842383774	-0.09967000633
	-0.2319896881	-0.2199660317	-0.2158767688	-0.2079045117	-0.135605643
	-0.2929286536	-0.1957861432	-0.1837202184	-0.1715654177	-0.346725791
	-0.1595809643	-0.3700020944	-0.1474263874	-0.1234471049	-0.3676505591
	-0.1118731368	-0.348430414	-0.07672515936	-0.32616419	1.790273888e-35
	-2.484481633e-35	-0.01037596163	1.994501486e-35	-1.509011234e-35	-0.1168077509
	-0.05523946763	-0.03727109164	-0.06811782562	-0.07113610975	-0.2241707794
	-0.2948002724	-0.3692283656	-0.3479760366	-0.08690937781	-0.07789840877
	-0.367151402	-0.3486102605	-0.1105928794	-0.09893977561	-0.3082452001
	-0.3264785478	-0.1351926533	-0.123221783	-0.2925684953	-0.2796909235
	-0.1596528113	-0.1475718716	-0.1719206169	-0.1840514853	-0.1962532165
	-0.2083402047	-0.2559387252	-0.2677155954	-0.220448202	-0.2323600746
	-0.2442865684	-0.04129703157	-0.2931936267	-0.01178588118	-0.2800562803
	-0.1248888571	-0.06172928777	-0.2678154239	-0.07811455231	-0.2561357439
	-0.244398716	-0.2326405152	-0.227151858	-0.2206343658	-0.1097796612
	-0.1216918568	-0.2086284384	-0.2955768696	-0.1467961129	-0.1963575791
	-0.184189556	-0.3457660787	-0.171720208	-0.1594730696	-0.3673281333
	-0.1345103169	-0.3661633224	-0.3488659385	-0.09818287587	-0.08955781243
	-0.3276704202	-0.08239354498	-0.3092200496	6.535864137e-35	-3.629428097e-35
	-0.01197971759	5.254927743e-35	-2.156734467e-35	-0.130278743	-0.04364177465
	-0.06916004352	-0.08918951062	-0.09520948297	-0.2279852994	-0.2916766245
	-0.3427750504	-0.3640613294	-0.1021659223	-0.1102587058	-0.3653219655
	-0.349671084	-0.1213166751	-0.1331990028	-0.3109225678	-0.3293524302
	-0.1585982819	-0.1460893516	-0.2807880774	-0.2942900034	-0.1713860374
	-0.1838213759	-0.2085371854	-0.1962970518	-0.2326862497	-0.2207182148
	-0.2681711078	-0.2445605297	-0.2563406752	-0.2966115259	-0.2824797983
	-0.1331616114	-0.2691337641	-0.2569978703	-0.07465609606	-0.2447461705
	-0.2328202646	-0.2234575286	-0.2204818862	-0.1168181153	-0.286127581
	-0.2083009088	-0.1956858196	-0.1832476204	-0.3353241879	-0.1704509181
	-0.3589865822	-0.157990124	-0.1455589306	-0.1342045914	-0.3630052248
	-0.1241383337	-0.3502499026	-0.1084870679	-0.09969897601	-0.3318788298
	-0.3136275172	-0.04658679685	-0.01324196092	1.415990937e-34	-4.720446354e-35
	9.676255148e-35	-0.0122844485	-2.729394857e-35	-0.1323163287	-0.08086842761
	-0.04671592318	-0.12277767	-0.1095874535	-0.2764863428	-0.2165663188
	-0.3525007743	-0.327138267	-0.1395989667	-0.1325303674	-0.3607474471
	-0.3512749431	-0.1591363594	-0.1485107837	-0.3352461608	-0.3175196343
	-0.1709177699	-0.1831837253	-0.2852536134	-0.3000927408	-0.2083009725
	-0.1957806324	-0.2208045144	-0.2332657316	-0.2455922572	-0.2583006934
	-0.2710558226	-0.1292667891	-0.2899574255	-0.01327622886	-0.2749384005
	-0.2614668941	-0.2479560361	-0.2048613408	-0.1179111989	-0.2353036015
	-0.2639794453	-0.2224453343	-0.2101374213	-0.1978409154	-0.1655967586
	-0.3136313231	-0.1862282677	-0.3425101899	-0.1752458439	-0.156609757
	-0.3552448955	-0.1489834282	-0.350493789	-0.1351096429	-0.08339622057
	-0.3383326368	-0.04707809739	-0.3222080028	-0.3052954839	2.350093332e-34
	-5.474373334e-35	-0.01106365093	1.469757634e-34	-2.92628597e-35	-0.1215021258
	-0.08530213423	-0.04458586411	-0.12303342	-0.1473428414	-0.2482449548
	-0.1906596915	-0.2987944889	-0.3307502895	-0.1649038438	-0.1750377324
	-0.3485973773	-0.3492457775	-0.1935971995	-0.1841392171	-0.3414235536
	-0.3276796468	-0.2152534894	-0.2037406418	-0.3119065028	-0.2964887179
	-0.2271291969	-0.2399945354	-0.2529249054	-0.2669620617	-0.2809966615
	-0.2889557194	-0.2750039087	-0.01167344318	-0.1727418705	-0.2611615475
	-0.0827564109	-0.248434932	-0.2284983008	-0.2360022363	-0.2247985547
	-0.2782687739	-0.213587522	-0.203570548	-0.3131717464	-0.1906784692
	-0.1772682907	-0.3360427755	-0.1527970763	-0.1244185156	-0.3423972926
	-0.04173090546	-0.3406089956	-0.3307455223	-0.1122958805	-0.3179282893
	-0.3037396967	-5.472746777e-35	3.361956938e-34	-0.00874107577	1.961305883e-34
	-0.0979510191	-2.57319944e-35	-0.07761480905	-0.03691962387	-0.1556431327
	-0.1206996278	-0.1523387829	-0.2065272543	-0.2929642072	-0.2553692064
	-0.1844977559	-0.2042155241	-0.319957346	-0.332653794	-0.2201681975
	-0.2332151418	-0.3362733958	-0.3314148331	-0.2577891043	-0.2452289199
	-0.3221209562	-0.3101250568	-0.2836034754	-0.2701171981	-0.2967611842
	-0.2976134156	-0.2856741962	-0.1300152521	-0.2723695617	-0.1804625724
	-0.06926628932	-0.2593083269	-0.2437413558	-0.2281558293	-0.2278145819
	-0.206267561	-0.2656617874	-0.1826071506	-0.1484201674	-0.111127589
	-0.2955852005	-0.3125857977	-0.03166902309	-0.008989831769	-0.3220290226
	-0.3218945447	-0.08323795408	-0.3174124024	-0.3085477185	4.281151053e-34
	-4.441321584e-35	-0.006109784848	2.3554945e-34	-0.06420023958	-1.734231647e-35
	-0.05811687963	-0.02591880431	-0.09686514519	-0.135658836	-0.1054304903
	-0.1535229843	-0.2352439376	-0.1972547483	-0.2007430036	-0.1718622637
	-0.2865693524	-0.2657677885	-0.2452029452	-0.2256005734	-0.2994827487
	-0.304112789	-0.2620641527	-0.2761120986	-0.2971418873	-0.3030331702
	-0.2879635731	-0.08101169191	-0.2450110311	-0.00578937681	-0.1242248736
	-0.2273328253	-0.207035283	-0.1803489205	-0.1654160466	-0.1506390362
	-0.1998582325	-0.1157898554	-0.07968766953	-0.04755433236	-0.2290049699
	-0.02019643508	-0.2499212495	-0.2640990218	-0.04622808882	-0.2706237914
	-0.2714423253	-0.2668545938	-0.2575933552	4.957539976e-34	-2.51849227e-35
	-0.003585608206	2.61758429e-34	-6.50949798e-36	-0.02601596234	-0.03507149407
	-0.01501296421	-0.06157757451	-0.09220220928	-0.09588207674	-0.05517443559
	-0.1631712226	-0.131716542	-0.1234512524	-0.1517326989	-0.1883251739
	-0.2077535597	-0.1771904407	-0.1968858043	-0.2208609308	-0.2272467368
	-0.2127373232	-0.228115379	-0.2226878596	-0.06789596038	-0.1183484989
	-0.0943713605	-0.1009967604	-0.06997221082	-0.04506734542	-0.1271727171
	-0.02607998581	-0.01043339514	-0.1480154191	-0.003055268595	-0.1633012203
	-0.008809211534	-0.1392444224	-0.1559283831	-0.1727552971	-0.1768688994
	-0.1750707234	-0.1682500533	-0.03187474692	5.390755078e-34	-2.826646311e-36
	-0.001685656018	2.777725334e-34	5.501496293e-36	0.008710222932	-0.00664440569
	-0.01665876377	-0.04828377268	-0.03080660405	-0.04276273634	-0.008854999561
	-0.09344570628	-0.07122272097	-0.0850258701	-0.06704298126	-0.1091701571
	-0.1199899881	-0.1012465668	-0.1136168092	-0.1262431515	-0.125595395
	-0.1224621768	-0.03266431798	-0.01983903377	-0.04647580292	-0.01083720171
	-0.06476178115	-0.003730152063	-0.001121249478	-0.07677955945	-0.08366921684
	0.02121590312	-0.04517786186	-0.08573103894	-0.08394974714	-0.07844559065
	-0.06952080287	0.009784910333	-0.0585592539	-0.02040856449	5.650211473e-34
	1.586175807e-35	-0.0004014678142	2.875460013e-34	1.377222178e-35	0.0330027844
	-0.005775034603	-0.001581445211	-0.01159093937	-0.01971428615	0.0264365859
	-0.001285428731	-0.04047886753	-0.02474160538	-0.02831501275	-0.03710548161
	-0.04959970113	-0.05369585179	-0.04461836704	-0.05041890193	-0.0535748042
	-0.007822997097	-0.0002563109968	-0.02189616359	-1.112684723e-05	-0.02960318828
	0.03905766549	-0.03234711246	-0.006364221022	-0.03158799654	-0.02822222102
	-0.02354279159	0.03771370342	-0.01753345614	0.01331740102	-0.01198567933
	-0.002846575713	5.812606366e-34	2.575921833e-35	0.0002303359579	2.93780801e-34
	1.54302838e-35	0.04362295342	0.0005687422896	-0.0009645353242	-0.006800195277
	-0.003152165744	0.04603887709	0.02518973934	-0.007123502458	0.005761971314
	-0.01030178234	-0.01385545564	-0.01426926886	-0.01617913213	-0.01677634982
	0.003267467668	0.0435974458	0.0003527963672	-0.003616251928	-0.006431945671
	-8.729544045e-05	-0.006816566642	-0.005450854758	0.04927009088	-0.003718266903
	-0.001514825575	0.03192792703	0.0008043940634	0.01540025221	5.915625202e-34
	2.579225438e-35	2.976664124e-34	0.0003477634681	1.238474738e-35	0.04203390836
	0.0002867837399	0.0008553442815	-0.001018755503	-0.0003119304486	0.03645587065
	0.04960281596	0.02183869928	0.01078190411	-0.0009025983333	0.00033903355
	0.003841408414	0.03786648854	0.008062681307	0.00411668932	0.001915893508
	0.001019409882	0.04630857629	0.0006455918039	0.03626757563	0.0006951403967
	0.0002982251643	0.02476878014	0.01468586153	5.978617294e-34	2.011422417e-35
	0.0002522296718	3.000346691e-34	8.159906905e-36	0.03282380297	0.0007118643593
	0.001392566402	0.005662755062	0.002969382247	0.04119498549	0.03465742644
	0.0250258646	0.009963906522	0.01636146982	0.009634095364	0.005361198068
	0.0002250234861	0.00249574198	0.03467664628	0.0009450897408	0.03003121105
	0.02289803542	0.02714284653	0.01536193882	6.018392751e-34	1.321311034e-35
	0.0003301303324	3.017078393e-34	4.79147742e-36	0.02150613552	0.004082182544
	0.001501051717	0.01328102338	0.008064480522	0.02781710576	0.02523007986
	0.01940419365	0.002207226991	0.02141223719	0.0004538051841	0.01948206151
	0.0164612949	0.01516554867	0.009968934503	0.005548370016	6.050494778e-34
	7.551728405e-36	0.000691747967	3.032220364e-34	2.589305547e-36	0.01199875789
	0.006703424654	0.003036644189	0.01090481544	0.0156277748	0.01449382144
	0.01092458005	0.009796997341	0.008515850483	0.006869159165	0.003451238542
	0.0008630907392	6.082071786e-34	3.744580694e-36	3.045320595e-34	0.0009855908402
	1.267549292e-36	0.005577953609	0.003600750757	0.005993283905	0.007106340955
	0.003554000919	0.002994196888	0.0009493377083	0.004093035255	1.539241563e-36
	6.106711585e-34	0.0007568698042	3.051298127e-34	4.890444541e-37	0.002039121444
	0.001800019175	0.0008049306211	0.0004842290678	3.810564067e-37	6.113274941e-34
	3.048398599e-34	0.0001272848822	-2.899965694e-37	1.51243119e-34	1.326008354e-36
	6.105550633e-34	
