3721	
	1.473109351e-33	1.326719564e-33	-3.465584961e-33	1.803339119e-34	-2.794455764e-34
	0.1344512139	0.05805578958	-7.146921037e-34	-1.571342248e-33	-0.1328626651
	0.1960447199	0.1681250691	-1.891332565e-34	-1.756794531e-35	-0.2065198974
	0.002756599094	-0.2314154805	-0.04858936381	-5.15835853e-34	-2.290293813e-34
	0.005354022524	1.27468386e-35	-9.238739663e-35	0.2408675104	0.2221992889
	-0.08496621697	-0.06077745058	-0.2188003382	-0.2162287964	-0.003032848157
	-0.002208106901	0.004440277355	-5.250626202e-34	0.01507242163	-0.01922567635
	-2.788782361e-34	0.2684550483	0.2552084221	-6.776214706e-35	2.501687427e-35
	-0.2024119942	-0.1925398023	-0.1028266987	-0.09762868474	-2.667426311e-34
	0.002105912246	0.002165530811	-5.238962891e-34	0.005532739252	0.001713372262
	-0.04942445076	-0.009833136045	-0.03384936427	0.005303200672	-0.01765402833
	0.2906150497	0.2770425276	-4.934685842e-35	2.999616164e-35	-5.207926854e-34
	0.001083404101	-2.637985753e-34	0.001009403252	-0.08774484217	-0.09992442007
	-0.1589404178	-0.1768878734	-0.01984267084	-0.05298883648	-0.01945637768
	-0.05110720468	0.008684011035	0.003516212607	0.006039637119	0.00714182794
	0.0002967469632	0.002969660454	0.008201928909	0.3172351595	0.2989326517
	-2.981202119e-35	3.143499959e-35	-0.04153689712	-0.06904270406	-0.1361749467
	-0.1077135993	0.0006829129414	-5.133760291e-34	0.0004429066271	-2.601850045e-34
	0.002513806094	0.002737265828	0.007747565005	0.00776318294	-0.01368638482
	-0.04172470505	-0.0009049724034	-0.02483728932	0.00516698889	0.01398706554
	0.01267952312	0.01334024924	0.01257930682	0.01954413248	0.0195196965
	3.844486632e-35	0.3526666491	0.3292800961	-3.539146168e-36	0.02665803178
	-0.01022828594	-0.07583034805	-0.03965110162	0.04573226972	0.0194318831
	0.02805685777	-0.002169742005	0.001593598506	-2.550917151e-34	-5.012166992e-34
	0.0009486283848	0.003617135024	0.005426437507	0.01317007305	0.009472678308
	0.02628138745	0.03479353347	0.01724406824	0.02278727315	0.04551184408
	0.02902595402	0.03486660395	0.03297355857	0.05338815902	0.05210146318
	0.0565224129	0.3948370171	0.3690343273	2.812162835e-35	5.372230159e-35
	-0.002519181392	0.0357401439	0.1021043523	0.06387245592	0.1097395345
	0.07733081795	0.09573459415	0.05996092125	-2.478419707e-34	0.003084200264
	-4.834095372e-34	0.002036368331	0.0845945547	0.1142350431	0.1099174236
	0.0794195967	0.01760050371	0.007762057583	0.01055989402	0.02347873398
	0.05709347513	0.04520088096	0.03908868657	0.03034046465	0.07269230861
	0.09046690964	0.05974677832	0.1099700639	0.1033765152	0.07497098545
	0.08038058483	0.4388354554	0.4136089409	6.005944149e-35	7.325177201e-35
	0.1726151638	0.1386193989	0.07278942443	0.1087561219	0.1429551284
	0.1633872599	0.1294018847	0.1732079648	-2.37580752e-34	0.004880699154
	-4.585417165e-34	0.003525450637	0.1681440892	0.1441995463	0.170453389
	0.1395809366	0.02911564936	0.03540841157	0.01361629859	0.01689840874
	0.1648834344	0.1391636529	0.1608526669	0.1343015722	0.05718564314
	0.07963242376	0.04832620777	0.06904759738	0.1500007528	0.1381456999
	0.1078351866	0.1018529151	0.1206653759	0.08942613982	0.1225408266
	0.4804617052	0.4577375447	8.769211672e-35	9.203983367e-35	0.2324984945
	0.2047409578	0.1421645518	0.1737612786	0.2272325701	0.2022273344
	0.2227983442	0.1937741024	-2.237097122e-34	0.00658186752	-4.268050587e-34
	0.005185939666	0.2173577581	0.2150800003	0.1948655195	0.1939099456
	0.04531444872	0.04075635494	0.02003947041	0.02300593003	0.2060466797
	0.2011544013	0.1835021743	0.1873350432	0.07037615642	0.08836509753
	0.0934633221	0.06488818102	0.181985402	0.1630359912	0.1908358562
	0.1734123267	0.1109547014	0.1678775939	0.1352692034	0.116397091
	0.1539576891	0.1308672799	0.14800265	0.5173606279	0.4979372244
	1.090910747e-34	1.076031374e-34	0.2806754255	0.2590556614	0.2021482378
	0.2288430093	0.2704450791	0.250740036	0.2717115388	0.2481947687
	0.2486864442	0.2335602879	0.2382314144	0.2565451647	0.006651096671
	-2.069375698e-34	0.007737585955	-3.923547175e-34	0.04961752524	0.04839792375
	0.02532230111	0.02702034183	0.227073859	0.2222189743	0.2353561359
	0.2158917402	0.07428127307	0.09531465769	0.09630022257	0.07366016466
	0.196242158	0.2150664676	0.2050313482	0.2062385142	0.1180089733
	0.1169334306	0.1347342063	0.1373108358	0.1674714284	0.1936060976
	0.1835162234	0.1531170995	0.182577058	0.170620112	0.1546726163
	0.5486983899	0.5326502526	1.244054892e-34	1.194710109e-34	0.3181010791
	0.3017737747	0.2521757665	0.2741995016	0.3039967239	0.2887697718
	0.3105383625	0.2921108802	0.2869339636	0.2736799458	0.2623114225
	0.272978765	0.007458244601	-1.900964869e-34	0.007905545447	-3.626336393e-34
	0.2469744854	0.2436298179	0.2363319604	0.2562515016	0.02749896379
	0.04733752268	0.04949119915	0.02773408254	0.06934953279	0.08767906441
	0.09290192252	0.07274586255	0.2231938345	0.2288025366	0.2178577683
	0.213226976	0.1128769773	0.1075908423	0.1240258652	0.1309560598
	0.1942958812	0.1900013652	0.2048164891	0.2009331826	0.1632487471
	0.1812440236	0.147745831	0.1696935999	0.1550554691	0.1413242194
	0.1766917772	0.5745312347	0.5615905818	1.346426397e-34	1.280571204e-34
	0.3463284067	0.3343446993	0.2930139423	0.3108812189	0.3296558923
	0.3179403024	0.340539507	0.326514912	0.2927300957	0.2837961004
	0.2997682929	0.3103414826	0.2650340054	0.255601564	0.2498721644
	0.2721111027	-3.463367574e-34	0.007187181041	-1.774654442e-34	0.006964166544
	0.02421548608	0.03996995425	0.04449284205	0.02634808234	0.2339778
	0.2242233807	0.238012974	0.2212283746	0.05844702413	0.0743615895
	0.08194725403	0.0644006623	0.1002287933	0.09241413375	0.1072106853
	0.1166599814	0.2077881716	0.196388882	0.1977111399	0.2096139157
	0.1465389771	0.1322874002	0.1229429154	0.1356344312	0.1734899464
	0.172349594	0.1846960726	0.1838875071	0.1607433113	0.1595136354
	0.1492720974	0.5953141531	0.5851061409	1.409022866e-34	1.339931455e-34
	0.3668751676	0.3584230355	0.3258473444	0.3401108707	0.3490230417
	0.340050975	0.363055841	0.352773883	0.3283488988	0.3077963942
	0.300464158	0.3203942642	0.279338128	0.2659738458	0.2606453358
	0.2851828882	0.242526716	0.2302591951	0.2269622676	0.2464328437
	0.005203352641	-3.54072266e-34	0.005831178232	-1.740100372e-34	0.01817803824
	0.02952438136	0.02156757456	0.03535906932	0.04432197663	0.05804247864
	0.06684780624	0.05161178681	0.2119118346	0.2140385931	0.2002888457
	0.1987437161	0.08325629117	0.08708667891	0.073924086	0.09778859229
	0.1119884228	0.1249108721	0.1129928742	0.1011972323	0.1855677658
	0.173594889	0.173995304	0.1863117176	0.1372651955	0.125725492
	0.1612262342	0.1371100486	0.1495494706	0.1611702804	0.1495083165
	1.378695196e-34	0.6116133128	0.6037715539	1.44077176e-34	0.3809904396
	0.3754530061	0.351842779	0.3629954206	0.3632612664	0.356522997
	0.3792067344	0.3721374691	0.3198397498	0.3137921683	0.3361908176
	0.3419827835	0.2962710533	0.2914066278	0.2755285644	0.2704854808
	0.2509694216	0.2370995306	0.2333261225	0.2548912936	0.002901290481
	-3.936746628e-34	0.003870770302	-1.848150958e-34	0.2169197563	0.2043759221
	0.2019997563	0.2196810629	0.01466620567	0.01053795564	0.01750116262
	0.02394857786	0.02866266136	0.04018769318	0.04956868444	0.03658648761
	0.0766897966	0.06390814581	0.06554585318	0.05378030038	0.1757566684
	0.1877817116	0.1893478282	0.1745834708	0.1014509475	0.08957133012
	0.07823999123	0.0893927996	0.1133330164	0.125185909	0.1014568029
	0.1128252804	0.125075232	0.1622230171	0.1616236114	0.1493267747
	0.1369655963	0.1496779734	0.1370531356	0.6239713644	0.6181841784
	1.448263891e-34	1.401870874e-34	0.3719910031	0.3804362434	0.3896201991
	0.3865480201	0.3731109937	0.368303086	0.3898256336	0.3855893408
	0.3518113069	0.3291401404	0.3243482049	0.3479354982	0.3015398983
	0.2839795054	0.2795080338	0.3053764023	0.2403410958	0.259280374
	0.244118146	0.2628858959	-2.123464393e-34	0.0002391796879	-4.663219355e-34
	0.001595569823	0.2229434081	0.2094427976	0.2066656746	0.2259050146
	0.006599466841	0.001956352989	0.004742788556	0.01148250436	0.1788465522
	0.1914601999	0.1771020568	0.1935190481	0.0121827446	0.02151992418
	0.03116810753	0.02050836869	0.05480578942	0.04343091006	0.0329435932
	0.04361664741	0.07771680843	0.06659247381	0.06582079276	0.05512547035
	0.1502207466	0.1645571348	0.1633801738	0.1511386692	0.07736457961
	0.08867574464	0.1008357227	0.08924579665	0.1249582336	0.1127757922
	0.1378942822	0.1374102503	0.112705945	0.1253006475	0.1007367429
	0.6328637512	0.6288792224	1.436550021e-34	1.412664749e-34	0.3934186774
	0.3925083658	0.3870969002	0.3931218905	0.3759822909	0.3955070106
	0.3938245819	0.3789916809	-2.55158844e-34	-0.002655033516	-5.647958455e-34
	-0.0009023413861	0.3581371835	0.3356878128	0.3322428473	0.3560157987
	0.3122601749	0.3095478851	0.2908119365	0.2872282958	0.2697154399
	0.2667526811	0.250475988	0.2471488764	0.2290906405	0.2145630171
	0.2118666088	0.2318074855	-0.002145800463	-0.007178776338	-0.008415922781
	-0.001474548403	0.1958263219	0.1824118728	0.18050854	0.1979381925
	-0.004951726812	0.0121552005	0.002278116364	0.003781563433	0.1660385982
	0.1521006098	0.1532619488	0.1674270677	0.03277393386	0.02245073469
	0.02162873384	0.01172494666	0.04253503475	0.03215761962	0.04365333851
	0.05424490317	0.06475310539	0.07676355549	0.06543171508	0.05358756786
	0.1256947142	0.1394715314	0.1262926133	0.138732962	0.08842984051
	0.07654681175	0.1133089674	0.1006395397	0.08861604919	0.1008303377
	0.1130708483	0.6386874996	0.6363052705	1.409672472e-34	1.412859803e-34
	0.3928549548	0.3939230669	0.3977371935	0.401511938	0.3811344749
	0.3799138848	0.396600751	0.3972681733	-3.074798165e-34	-0.005611233727
	-6.731295392e-34	-0.003549800399	0.3394084835	0.3374222449	0.3606253379
	0.3611095532	-0.01125782714	-0.01641477538	-0.02176525817	-0.01469862341
	0.3166903852	0.3151798939	0.2956105632	0.293145864	0.2529719575
	0.2727592374	0.2555454131	0.2748484864	0.2367336383	0.2345622161
	0.2190687047	0.2167706006	0.2001156599	0.1858593507	0.2019818962
	0.1840734359	-0.01358158332	-0.007389582837	-0.01760847301	-0.02273038073
	0.1689469934	0.1555309529	0.1543262199	0.1703011284	-0.0005433287371
	0.01067515617	0.001056395751	-0.01001136151	0.1412096615	0.1404101089
	0.1275146473	0.1268353111	0.03105578134	0.01943769444	0.0208082097
	0.009228250729	0.0409725906	0.05291241673	0.02998945303	0.04184900506
	0.05241496491	0.06452610379	0.07632544428	0.06412078275	0.1012271095
	0.1009656078	0.1141183946	0.08851869935	0.1138028233	0.08858493687
	0.07624438658	0.6417650424	0.6408298456	1.371411383e-34	1.405676215e-34
	0.3883949688	0.3912981952	0.4042172981	0.4058877311	0.379674154
	0.3802694026	0.3931307715	0.3961086296	0.3607822933	0.3402340412
	0.3397915737	0.3618814477	-3.596495757e-34	-0.008291069732	-7.692172993e-34
	-0.006155389725	-0.02022919788	-0.02488718428	-0.03479860979	-0.02789440571
	0.3185006463	0.3182602584	0.2980985996	0.2968942419	-0.03155651364
	-0.04088631604	-0.03827779564	-0.02761299291	0.2572828293	0.277940928
	0.2768836063	0.2589134584	0.2208169646	0.2402558266	0.2388318128
	0.2225084115	0.20522794	0.1873113344	0.2038190613	0.18879196
	0.1565409522	0.1728405719	0.1576565263	0.1717078168	-0.02328039563
	-0.03258503709	-0.01175136415	-0.02101520174	0.1421497385	0.1287674285
	0.1428790106	0.1280692641	-0.003736446608	0.00793975391	-0.002170885472
	-0.01398197504	0.1013909148	0.1146357629	0.1016872607	0.1149506851
	0.006362919192	0.01720147871	0.01831498692	0.02915056026	0.02824651067
	0.04042636268	0.03976339071	0.05198595878	0.07603018251	0.06397250272
	0.0760974635	0.05155867916	0.08868275196	0.06361826162	0.08863674316
	0.6423733831	0.6427550378	1.324533911e-34	1.393105355e-34	0.380332558
	0.3850008792	0.4068207743	0.4065200352	0.3745925735	0.377089041
	0.3850441409	0.3903470083	0.3571710118	0.3380905615	0.3392528215
	0.3598486643	-4.007089021e-34	-0.01010794978	-8.326620804e-34	-0.008258601529
	0.318680075	0.2980924784	0.2982350853	0.3175841656	-0.02800690769
	-0.03108073697	-0.04630802513	-0.04026733865	-0.04965051408	-0.05840971816
	-0.0595476295	-0.04855882707	0.2788624476	0.2603103945	0.2787754574
	0.2597425872	-0.04706569913	-0.04410447559	-0.03495710703	-0.0561974477
	0.2236183515	0.2245649996	0.2420790799	0.2415536051	0.2073480419
	0.1908922309	0.1898540875	0.2065775098	0.1747461302	0.1740158199
	0.1593785186	0.1584649816	0.1437525756	0.1442655266	0.1298870335
	0.1292383284	-0.03787912183	-0.02734023007	-0.01542096642	-0.0256573136
	0.1021397369	0.1018254406	0.1154728551	0.1156978108	-0.01751473218
	-0.006734144533	0.005315177553	-0.005387617701	0.07587859024	0.08880671797
	0.08874312587	0.07583896304	0.01531098444	0.02758488595	0.01622308212
	0.003940755542	0.03925433204	0.05115594913	0.05075544938	0.03865260039
	0.06345569624	0.02677373418	0.06312034494	0.6407769293	0.6423543571
	1.272325576e-34	1.376724388e-34	-4.233993894e-34	-0.01021814419	-8.563097753e-34
	-0.009129470719	0.3688249481	0.3752450718	0.4058187338	0.403672145
	0.3656989967	0.3702475216	0.3722816014	0.3799545291	0.3328705291
	0.3357019147	0.3545646198	0.350273583	0.3163612089	0.2954676264
	0.2970117783	0.3138695369	-0.03280556256	-0.03304306436	-0.05416445197
	-0.05016609039	0.2785280993	0.2595650631	0.2601180961	0.2772006281
	-0.06968334547	-0.06635800528	-0.07307821493	-0.08033348433	-0.07228152396
	-0.06826023537	-0.05941351111	-0.08051752416	0.2424972843	0.2248807232
	0.2250146595	0.2419830969	-0.06287674091	-0.05178046153	-0.03941204393
	-0.05008368667	0.1913878521	0.2080748968	0.1919026345	0.2081174069
	0.1604472899	0.1757434916	0.1598209477	0.175598399	0.1306737814
	0.1451353258	0.1301491565	0.144998644	0.1162016916	0.1161815768
	0.1021792794	0.1024623248	-0.0310414053	-0.04186696408	-0.0187900209
	-0.02948635837	0.08876797459	0.07565406055	0.07562878437	0.08891412255
	0.003045868823	-0.008191404088	-0.02061095628	-0.009332415937	0.06262085221
	0.06296164966	0.0499897151	0.05035079284	0.02614719587	0.01359860842
	0.01441286178	0.00185574296	0.02541387451	0.03815239396	0.03759091664
	0.6372585543	0.6399013723	1.217915335e-34	1.358162542e-34	0.3539615225
	0.3621593872	0.4014741388	0.3976152963	-4.268154281e-34	-0.008402850353
	-8.475934997e-34	-0.00833940959	-0.03262791735	-0.02969540177	-0.05565076615
	-0.05511557787	0.3526313435	0.3594810718	0.3547752333	0.36486509
	0.324460781	0.3290194012	0.3459876607	0.3400128095	0.3112372735
	0.2901626927	0.2930915796	0.3072515564	0.2757860407	0.2565768221
	0.2730814958	0.2582211293	-0.08919255931	-0.07873987865	-0.08147409111
	-0.09793547504	0.2415130788	0.2237028795	0.224366055	0.2397933758
	-0.1040999015	-0.09878233692	-0.08530074892	-0.09270322752	-0.0893164552
	-0.07749164378	-0.07585866894	-0.06446288526	0.2082304028	0.1916225429
	0.2071919113	0.1916433862	-0.04338253544	-0.05593526177	-0.0669289656
	-0.05420969601	0.1606409547	0.1603466628	0.1755953301	0.176216129
	0.1305867716	0.1452656782	0.1309196624	0.1456591505	0.1023082887
	0.1162824487	0.1165807715	0.1024918562	0.07529676985	0.08889318662
	0.07535761271	0.08858901046	-0.0329334756	-0.02174957472	-0.03429672582
	-0.04552252382	0.049563227	0.06205880698	0.04921870003	0.06245194272
	-0.01161458506	-0.02325845356	0.001019331282	-0.01060530314	0.01201559137
	0.02413989181	0.03710984467	-1.383307384e-05	0.01276671638	0.03656318555
	0.02480060387	0.6321207722	0.6357033913	1.160759532e-34	1.341006403e-34
	0.3358366446	0.3458678831	0.3940647145	0.3887004314	0.3349113305
	0.3443609077	0.3324716897	0.3449837716	-4.174927578e-34	-0.005221660511
	-8.233950367e-34	-0.006126070567	-0.02691806091	-0.02187026042	-0.04903229558
	-0.05271582265	-0.1077237389	-0.1034326649	-0.08286547492	-0.08005241333
	0.3127751521	0.3190095885	0.3340053507	0.3261221027	0.3032641827
	0.2821531297	0.2863253435	0.2975544596	0.2662876398	0.2705821208
	0.2512901779	0.2538833075	0.2384960989	0.2205304062	0.2218736786
	0.2353555005	-0.1236538869	-0.1151171963	-0.1250568358	-0.1118722756
	0.2067562352	0.189895592	0.1903958507	0.2045164223	-0.1048637062
	-0.1171860604	-0.1032075027	-0.09099321164	-0.06867034971	-0.0798082047
	-0.08160742131	-0.09301446386	0.1756611316	0.1597615702	0.1598175767
	0.1741058982	-0.07091328096	-0.05970921744	-0.04693547607	-0.05811705025
	0.1304237956	0.1303515947	0.1444648089	0.1455100483	0.1020571961
	0.1020549211	0.1157678942	0.1164708371	0.08806718452	0.07488058022
	0.08859401035	0.07471535836	0.04873343274	0.06133504103	0.04835665853
	0.06183083737	-0.03707913782	-0.04865475654	-0.02431360074	-0.03587603421
	0.02352003569	0.03607942932	0.02289853288	0.03550806061	0.01052226785
	-0.001731605572	-0.01366560475	-0.01273673983	-0.0008210667036	-0.02557640092
	0.01124278766	0.6256505447	0.6301392643	1.094179365e-34	1.333363886e-34
	0.314756002	0.3265171977	0.3839573225	0.3773949595	0.3120185838
	0.3241966725	0.3053436258	0.3203529046	-4.052596721e-34	-0.00190642623
	-8.002759749e-34	-0.003325226767	0.3080399507	0.2976975773	0.3053705223
	0.3184128998	-0.04262733329	-0.01725709392	-0.01198223063	-0.03536748623
	-0.1044607357	-0.1072589963	-0.07564844789	-0.06742076866	-0.1309474684
	-0.1335439623	-0.1471174489	-0.1364594822	0.2923605873	0.2714340598
	0.2765396122	0.2845270048	0.2628722502	0.2436956496	0.2566590487
	0.2469327301	0.2285045675	0.2333668357	0.2154180456	0.2172297358
	0.1865667731	0.2035493394	0.1874778224	0.1998961606	-0.1339683169
	-0.1451519595	-0.1192559712	-0.1316207	0.1711257654	0.1737288015
	0.1576168461	0.158068575	-0.1205859405	-0.1066348067	-0.09483384142
	-0.1082446515	-0.08565125364	-0.07261939413	-0.09690806986	-0.08384797133
	0.1443301293	0.1289981931	0.1425761727	0.1292812443	-0.06148647903
	-0.07443186976	-0.06288195511	-0.04994382701	0.1009966584	0.1012714207
	0.1145023529	0.1156532594	0.07375544056	0.07410298213	0.08706395022
	0.08785941703	0.06033861169	0.06098319988	0.04777318373	0.04730484755
	0.02224393198	0.02161365356	0.03434192757	0.0349795897	-0.03841737983
	-0.05134816086	-0.03951990965	-0.02658128514	0.009053856316	-0.002529445131
	-0.003365584229	0.009779701164	-0.01555648519	-0.01467273982	-0.02767341309
	0.6180551801	0.6235573424	1.002250155e-34	1.337862421e-34	-3.96361886e-34
	0.0005378173774	-7.86004295e-34	-0.0007335411314	0.2914104803	0.3042338628
	0.3718552562	0.3641280171	0.28340818	0.2980746355	0.2735945814
	0.291360282	0.2790596303	0.2876735762	0.2986940749	0.2847965441
	-0.02748240199	-0.007014881828	-0.00283866674	-0.01891990203	0.2783808648
	0.2580407783	0.2634756929	0.2677362082	-0.04641966009	-0.0860394613
	-0.09647048743	-0.05786484567	-0.1335920961	-0.127096244	-0.1579300848
	-0.1535732243	-0.1688450346	-0.1635794243	-0.1487860721	-0.158467242
	0.2526315091	0.2337589877	0.2371914564	0.243960421	0.219088297
	0.2260036268	0.2082057047	0.2103276057	0.1984011512	0.1814344323
	0.1828095508	0.1932313434	0.1550003307	0.1701894506	0.1665535727
	0.1540182574	-0.1361788141	-0.1221026483	-0.1351779051	-0.1500679777
	0.1419133231	0.1272504572	0.1394768637	0.1264797726	-0.1236477002
	-0.1121399826	-0.09884847083	-0.1102294375	-0.08751787324	-0.1006650021
	-0.08908222661	-0.07594499827	0.1123526204	0.1139558349	0.09982515359
	0.09916884483	-0.06434914406	-0.07741350736	-0.06560953537	-0.05254697946
	0.07290473837	0.07229588806	0.0854530604	0.08654792101	0.04596295691
	0.04658422643	0.05896112557	0.05979546804	0.03372021311	0.03297622082
	0.02020257962	0.02089356242	-0.004989071518	0.007535767017	0.008302102393
	-0.004175078744	-0.05375302762	-0.02963125872	-0.04069202703	-0.01649094199
	-0.02864401904	-0.04172820387	-0.01735976594	0.6088925662	0.6156577035
	7.960736267e-35	1.332322731e-34	-3.917584316e-34	0.001677847286	-7.797696923e-34
	0.0009526564524	0.2667062972	0.2792848431	0.3588439822	0.3490806895
	0.0008675673585	-0.004425973799	-0.01177360529	0.003196564758	0.2490030424
	0.2650132678	0.2379146258	0.2588349295	0.2565966149	0.2651239572
	0.2739546483	0.2546564957	0.261152591	0.2417953968	0.2467877715
	0.2464758183	-0.02355539723	-0.05701631544	-0.07214722728	-0.0347760055
	0.2396720783	0.2211912017	0.2279795663	0.2246171041	-0.1172985449
	-0.1017123161	-0.1490892988	-0.1553236895	-0.1773091712	-0.1798365346
	-0.1890149874	-0.176828641	-0.1806581643	-0.1659736197	-0.1509101033
	-0.1655772156	0.2160701656	0.1985704923	0.2070607411	0.2011995427
	0.1910046886	0.1742627042	0.1763860714	0.1844959842	0.1488059627
	0.1648326617	0.1505435637	0.1603341945	0.1241493788	0.1350808264
	0.1381148105	0.1227421631	-0.1391840455	-0.1514597531	-0.1256248217
	-0.1374392503	0.1112591408	0.09645813884	0.09759460546	0.1092171517
	-0.1273502429	-0.1140030702	-0.1156940293	-0.1023553888	-0.09060305794
	-0.07877492273	-0.09198488868	-0.1038360136	0.08454905225	0.07022895874
	0.08313074596	0.07117100636	-0.05487977325	-0.06687999296	-0.08003881791
	-0.06804538358	0.04423506387	0.05710571466	0.04506677501	0.05816694626
	0.0322135578	0.01938432881	0.01858259134	0.03132543723	0.005892329905
	-0.005834356236	0.006732895897	-0.006675515959	-0.03152205581	-0.01914851007
	-0.03058338572	-0.04378815916	-0.05596435083	-0.01826558981	-0.04279281531
	0.5941793661	0.6037456135	1.078818895e-35	1.281692968e-34	0.001547548454
	-3.898994598e-34	0.001716386894	-7.779231982e-34	0.2421139906	0.251813226
	0.3454855782	0.3314724864	0.004841842507	0.00475019111	0.0004547357759
	0.005385581018	0.2103560296	0.2240675054	0.1985232453	0.2246904649
	-0.01302733538	-0.004728116496	-0.02720210087	-0.04214769284	0.2151586881
	0.2290420037	0.2365180771	0.2429813475	0.2200606913	0.2398947651
	0.2216875768	0.226385853	0.2232285882	0.2053178212	0.2094346537
	0.2087382964	-0.0837937424	-0.06452135817	-0.1170289199	-0.1349827785
	0.2030519416	0.1861165669	0.1899338811	0.1925581311	-0.1678234271
	-0.2003462183	-0.1961293186	-0.1781782785	-0.1972895967	-0.207319089
	-0.1815550666	-0.1954824301	-0.1530418822	-0.1811863213	-0.1670363256
	-0.1660323572	0.1737285393	0.1681702836	0.1811279794	0.1648629295
	0.1575783966	0.1418819571	0.1524421866	0.1446058859	0.1328834559
	0.1293281973	0.1198705991	0.1177053179	0.1074964308	0.09447238904
	0.09278104221	0.1050187155	-0.1408929543	-0.1544352779	-0.1426570802
	-0.1291560649	0.0817805543	0.06746819923	0.08001251548	0.06879990399
	-0.1172191546	-0.1306269891	-0.1186771381	-0.1053063907	-0.08128649144
	-0.09329599363	-0.09455434353	-0.1065835004	0.05601147373	0.05468789183
	0.04312804998	0.04203751586	-0.05703645888	-0.06918847625	-0.07028501123
	-0.08242475974	0.0303781396	0.01763349354	0.01667687296	0.02931008407
	0.004050181267	0.004997585013	-0.0075835167	-0.008495030099	-0.03341347178
	-0.02099352917	-0.03247672219	-0.0200676854	-0.05805391278	-0.04479428357
	-0.04577477667	0.5581191871	0.5773265323	-1.793678205e-34	1.116295781e-34
	0.001392015501	-3.893381412e-34	0.001269051789	-7.778391362e-34	0.2201338908
	0.2189136499	0.3304630327	0.3020200625	0.005350092757	0.004891212753
	0.008109922548	0.006836095647	0.1696437619	0.1760026989	0.1537295204
	0.1917252983	0.006607041736	-0.004606568441	-0.01536365014	0.002200371661
	0.1925322148	0.2010481673	0.20315604	0.1658826397	-0.04543900236
	-0.02870324268	-0.07096791606	-0.09457347797	0.1882579636	0.2122618811
	0.1956996223	0.2025094226	0.2022516959	0.1853944496	0.1864738915
	0.1917713765	0.1867827109	0.1706670648	0.1764360275	0.1757539466
	-0.1283995815	-0.1521266805	-0.1850620097	-0.1951764725	0.168821721
	0.1532121652	0.1609041827	0.1580301583	-0.2117379533	-0.2182038871
	-0.2249347021	-0.2164308585	-0.2130506324	-0.1816678082	-0.1967258816
	-0.1970086989	-0.1681902727	-0.1698561523	-0.1821460345	-0.1562489242
	0.1484711138	0.133245036	0.1428027633	0.1370862276	0.1221448556
	0.1143311974	0.1262102909	0.1113463929	0.09968611474	0.1026194863
	0.08809203974	0.09037963847	0.07817471424	0.06395409633	0.07602755991
	0.06571240891	-0.1321537719	-0.1441739457	-0.1456744766	-0.157706727
	0.05325455045	0.04069062175	0.05163654439	0.0393049671	-0.1199826065
	-0.13341688	-0.1212899683	-0.1079044082	-0.08358420694	-0.1090600855
	-0.09573204566	-0.09689763946	0.02814022697	0.01441991425	0.01556743867
	0.02686035813	-0.07240270117	-0.05909404583	-0.07134959066	-0.08464439121
	0.0030263598	-0.01051089661	-0.009492864085	0.001942077245	-0.04775624596
	-0.02196412761	-0.02296062836	-0.06008632617	-0.03536777853	-0.03439496766
	-0.04676436486	0.464101402	0.500034216	-1.530520724e-33	3.696234739e-34
	0.1878156072	0.1722381101	0.2989432948	0.2035440735	-7.785252392e-34
	0.0009676612873	-3.893273732e-34	0.0007262204934	0.004132588323	0.003400808846
	0.007510394813	0.008059430927	0.1232355533	0.1266578407	0.1068849937
	0.1558877267	0.010470421	0.007937796886	0.002521135866	0.009453031464
	0.1424921347	0.1584540373	0.1513745047	0.1143632335	-0.01411447145
	-0.003452425478	-0.0285991379	-0.04920314524	0.1503688464	0.1755693038
	0.162079915	0.1744690491	-0.1015406987	-0.07393133895	-0.1378920507
	-0.1640792619	0.1766078855	0.1613600278	0.1711276442	0.1607107023
	0.1676165455	0.1525319312	0.1604927871	0.1563349923	0.1458137176
	0.1542239987	0.1394672484	0.1458577283	-0.2319269838	-0.1983408526
	-0.2349322904	-0.2139018705	0.1375266618	0.1229504752	0.1312908606
	0.1279271438	-0.2290311383	-0.2126501619	-0.2411999071	-0.2287769197
	-0.1965302614	-0.1836217596	-0.1975115289	-0.2117966876	-0.1849054972
	-0.1713280066	-0.1728763654	-0.1592682681	0.1134674529	0.1074845073
	0.1180754304	0.1036716905	0.09317526614	0.09659122148	0.08526650926
	0.08237038545	0.07368278402	0.0596500997	0.0618534914	0.07113225388
	0.03599117878	0.04983951759	0.03769558855	0.04790343799	-0.1605230268
	-0.146955276	-0.1482723138	-0.1347600025	0.02543957783	0.01312575706
	0.02392380811	0.01176036856	-0.1102678291	-0.1359041346	-0.1224657828
	-0.1236634579	-0.08574081973	-0.09798686744	-0.1113418587	-0.09908379815
	0.0007586409563	-0.01277665999	-0.0116231504	-0.0004869100456	-0.07342803797
	-0.07446244367	-0.08675829919	-0.06111908169	-0.02510645044	-0.02401499167
	-0.03640038544	-0.03743998804	-0.0487644028	-0.04979198648	-0.06211938144
	0.2052481476	2.383790995e-33	0.0004594449576	-1.948752482e-34	0.1045219452
	0.1364494325	0.09951293931	0.08164847781	0.00238049883	0.006508061421
	0.01067973931	0.01035891381	0.09364330919	0.1085663122	0.004587718569
	-0.01370344989	0.1295808592	0.1398466034	-0.1064781267	-0.04779589486
	0.1464921022	0.1467971348	-0.2255392962	-0.1753628839	0.1456117418
	0.1420215334	0.1315982432	0.137397975	0.1170842444	0.1247709115
	-0.2440938487	-0.2497919976	0.09930371757	0.1084918891	-0.2278581801
	-0.2120675351	-0.1985706757	-0.1864903344	-0.1741632236	-0.1618586047
	0.08940611373	0.07910809704	0.06828321385	0.05719269973	0.04573345217
	0.03410498331	0.02223519885	0.01026430043	-0.1494179232	-0.1371204648
	-0.001851733211	-0.01402286266	-0.1124635339	-0.1247487853	-0.08781734892
	-0.1001174071	-0.02626976947	-0.03854509353	-0.07547991305	-0.05084694053
	-0.06316808892	-0.1258609423	-0.1134811608	-0.07567580035	-0.1011697085
	0.005041111607	-0.08881969929	0.009378616311	-0.07651816573	-0.06420257965
	-0.05193077908	0.08532210595	0.01190380058	-0.03967530304	0.1208909919
	0.1293752521	0.009494969074	-0.02747475179	-0.01533265575	-0.003274688007
	0.1320139508	-0.001249868885	0.008664484986	-0.02662775342	0.02047016645
	0.03207158412	0.1110262608	0.103290981	0.04346781435	-0.07437134754
	0.05454350726	-0.1423997131	0.06531555951	0.07561730968	0.08548262508
	-0.2094092489	0.09469608156	-0.2487505228	0.117890942	-0.2574148215
	0.1237349753	-0.2446463868	0.1283934515	0.13363537	-0.227274561
	0.1336814374	-0.2124807332	0.1036236122	-0.2000870269	-0.187772398
	0.06728789391	0.06709630752	0.06576783008	-0.175485015	0.07586033729
	-0.1629731432	-0.1506138781	0.001339311665	-0.1381812882	1.606552214e-37
	1.112137352e-32	0.01053632633	8.775184564e-34	0.003102357175	-9.945707003e-38
	0.04297740143	0.01165426457	0.05927708154	0.04247446189	0.007490652054
	0.01150095439	0.006181945773	0.0121212912	0.09695753705	0.07693422817
	-0.04693715692	-0.009574399772	0.1179287426	0.1105903678	-0.1061441495
	-0.1795073326	0.1205660495	0.1208011601	-0.2623140847	-0.2392196982
	0.1185115659	0.115261584	0.1045736656	0.1102569072	0.09747031738
	0.08980873439	-0.2608388475	-0.2437000208	0.08107381092	0.07191580437
	-0.2137796305	-0.2268594511	-0.2013893731	-0.1891373213	-0.176592774
	-0.164170873	0.0619792	0.05172873838	0.02990546034	0.0409292301
	0.01850866631	0.00695896236	-0.004832934932	-0.01672483306	-0.1393008142
	-0.1516668482	-0.02876425664	-0.04086893262	-0.1268786509	-0.1145424353
	-0.08986463986	-0.1021737855	-0.06528690826	-0.05305383285	-0.07755227073
	-0.1155255824	0.009728705869	-0.1032027605	-0.09087401157	0.01259023339
	0.02456989119	-0.0786130366	0.03698360268	-0.06637537606	0.01106199079
	-0.05420900494	-0.04210589552	0.0015197197	0.1014189289	0.1072575997
	-0.03009356641	-0.01820208042	-0.02237037976	-0.006439090782	0.005120172243
	-0.07102881628	0.0164939227	0.02754709049	-0.1433201795	0.03833816761
	0.08445453041	0.04864858973	-0.2151632854	0.05860063362	0.06785899036
	-0.261337881	0.07664258099	-0.2721993137	0.0916515707	0.09753446996
	-0.260825818	0.1026720429	0.1061377547	-0.2426295347	0.1086997892
	0.1088835044	-0.2276654047	-0.2149367786	0.09049174555	0.07333125101
	-0.2027786867	0.05324457738	-0.1902487929	0.0008100664878	-0.1777708933
	0.01922752374	-0.1651959367	0.004613911066	-0.1527689088	-0.1402962718
	-0.1279260203	2.360090733e-33	1.206358349e-36	-0.008621321206	1.281957133e-33
	6.457749145e-37	0.006171239534	-0.006577166135	0.01644337206	0.05042334438
	0.03097818582	0.01111889604	0.01266185488	-0.006699773453	0.008741297456
	0.06774472231	0.08339481496	-0.03977259621	-0.1030578805	0.09665493515
	0.09165941785	-0.1817947815	-0.2439728992	0.09739486874	0.09701782743
	-0.2775899045	-0.2755843136	0.09406355043	0.0904921724	0.07905278245
	0.08507042881	0.07164548375	0.06373339062	-0.2594428503	-0.2425185333
	0.0548090916	0.04549145873	-0.2163520405	-0.2285480365	-0.1914198157
	-0.2039290221	-0.1787786091	-0.1662857156	0.02511158566	0.03544946828
	0.003209369718	0.01426732048	-0.008191877716	-0.01974270488	-0.04339670562
	-0.03151751235	-0.1413375584	-0.1537502364	-0.0675095087	-0.055414066
	-0.1288970397	-0.1165479982	-0.1041984511	-0.07968200826	-0.09192367388
	0.01179240443	-0.1052219231	0.011936919	-0.09295698545	-0.08077883548
	0.01240989895	-0.06866482639	0.004980267095	-0.05664841209	-0.01699873906
	0.06294846862	-0.04474759101	-0.03297223727	-0.02138722079	-0.06376539706
	-0.00997478571	-0.1380701877	0.08582253407	0.001140947377	0.01201709658
	0.02244869896	-0.2174880147	0.07302028063	0.03255433023	-0.2694422301
	0.04201453714	0.05104485273	0.05915965709	-0.287024474	0.06672787242
	-0.2768372984	0.07866196854	0.08258932182	-0.2585172796	-0.2426434378
	0.08672418811	0.08658499016	0.08269394357	-0.2299026167	0.07626271043
	-0.2175242025	0.04731176127	0.02772754296	-0.2051076015	-0.1924094956
	-0.01139428252	-0.01160586313	-0.1798459282	-0.1672394319	-0.1175153358
	0.007071939799	-0.1547716753	-0.1422828912	-0.1298985985	2.042456103e-33
	2.397140775e-36	-0.004701552934	7.779770288e-34	1.184623677e-36	0.007711597722
	-0.01275842652	0.009732224296	0.04421113463	0.02581354157	0.01180022805
	0.01015274446	-0.03396456539	-0.000626734239	0.05784215852	0.0688073594
	-0.09281393897	-0.1754406786	0.07681854617	0.07388048223	-0.2497014443
	-0.2855666098	0.07502402572	0.07637791069	-0.2759408128	-0.2923227534
	0.06715431406	0.07142662558	0.05464585099	0.06120906508	0.03854633361
	0.04684764414	-0.2436820177	-0.2575711245	0.01976910803	0.02935026779
	-0.2310626875	-0.218769041	-0.2060778797	-0.1934619223	-0.1807679912
	-0.1682416646	0.009547704862	-0.0009576175335	-0.02306743318	-0.01191073883
	-0.03452856879	-0.04613504001	-0.0698556913	-0.0579411727	-0.1432651771
	-0.1556915114	-0.09402458803	-0.08189465912	-0.1185167493	-0.1308404501
	-0.1062257098	0.007747407151	-0.1072564007	-0.004748893922	-0.09509317736
	-0.08303397197	-0.009503913423	-0.0710827323	0.02387675809	-0.05347486386
	-0.05925318403	-0.04759643938	-0.03609803515	-0.1274332777	0.06536812349
	0.06743658305	-0.0248657622	-0.2120475163	-0.01384970198	-0.003230190413
	0.007092899645	-0.2750654544	0.01684187883	0.04962611652	-0.2988184125
	0.02619182074	0.03472878244	0.04274494106	-0.293592126	-0.2748140255
	0.05586325433	0.06054966481	0.06452059477	-0.2579587508	0.06641829931
	-0.2445927792	0.06159651732	-0.2323702853	0.05246888339	-0.2197657779
	0.04064566259	0.007816748183	-0.2071266704	-0.0110216902	-0.1943536226
	-0.1817480043	0.007833369265	-0.1194836011	-0.1691297809	-0.1566487721
	-0.1441748004	-0.1318128238	0.01146529628	1.351085139e-33	2.88305035e-36
	-0.004453831126	6.100213324e-34	1.332047708e-36	0.007982053849	0.006707234602
	-0.00792584083	0.0224510809	0.03701084709	0.01065403724	0.002974645424
	-0.08088313745	-0.02178675788	0.05432754965	0.04713617566	-0.1643764538
	-0.2437200012	0.05717651355	0.05831343513	-0.2952862423	-0.3050385335
	0.05678296006	0.05430272726	-0.2740272692	-0.2930785394	0.0447859734
	0.04992863371	0.03821247584	0.0309990167	0.01395914594	0.02272527441
	-0.2458644081	-0.2584048012	0.004419196097	-0.00548432509	-0.220812053
	-0.2334232079	-0.207982022	-0.1953050967	-0.1825933457	-0.1700589597
	-0.01594330249	-0.02666367329	-0.0490690573	-0.03777281578	-0.07232855133
	-0.06062972946	-0.08420113446	-0.09618556355	-0.1451161181	-0.157518964
	-0.1082791782	-0.1327397595	-0.1204779457	-0.0972934211	-0.03903089817
	-0.003689490304	-0.08538089336	-0.07362231708	-0.1105618578	-0.06200672647
	-0.05062503269	-0.2009986342	-0.03943253889	-0.02858690625	-0.2727258222
	-0.01800114977	0.04910265214	-0.007916551889	-0.309375155	0.001810467245
	0.04425179435	0.01083099691	0.03943015455	-0.3091823719	0.01936666667
	0.02692225947	-0.2919996289	0.03384516764	-0.2735847883	0.04729947426
	-0.2594503532	0.04944188091	-0.2469288831	0.04731000739	0.04153082782
	-0.2344962955	0.03313288355	0.02018438137	-0.2216767531	0.006078026648
	-0.006943526346	-0.2089108517	-0.1961182974	0.007936357192	-0.1093244214
	-0.1834960643	-0.1214549061	-0.1708923966	-0.158430348	-0.1460035551
	0.009453145183	-0.1336979374	-0.002768780721	1.060660192e-33	3.003374431e-36
	-0.002264201171	4.638350722e-34	1.41519248e-36	0.007845278644	-0.005363253584
	0.004855101175	0.02907392491	0.01820240103	-0.01324096453	0.00744521571
	-0.06063754162	-0.1449522215	0.04026123081	0.03604890115	-0.2937289539
	-0.2355942637	0.04072369841	0.04127402251	-0.3192511966	-0.3098883552
	0.03804421797	0.03435568006	-0.2739962526	-0.2904107348	0.02300052093
	0.02907720777	0.007802679036	0.01571105555	-0.01027842309	-0.00101159912
	-0.2480629974	-0.2603731069	-0.02021114974	-0.03046606183	-0.2225633509
	-0.2353623882	-0.1969697466	-0.2096787808	-0.1717587386	-0.1842804007
	-0.04119838138	-0.0521587017	-0.06345201005	-0.0749108595	-0.0865951436
	-0.09840930096	-0.1103711401	-0.1224501134	-0.1469172912	-0.1592675696
	-0.134622192	-0.08733751929	-0.08780273284	-0.1797601931	-0.0762547052
	-0.06486799719	0.003924462339	-0.05377879679	-0.2649460822	-0.04290763971
	-0.3126234711	0.03041205032	-0.0324673622	-0.02233109826	0.03347751918
	-0.01280262954	-0.3246777215	-0.003699927644	-0.3098213535	0.004563785928
	0.01224025005	0.01877835057	-0.2900467516	0.0245529387	-0.2743256958
	0.02882108807	0.03215365137	-0.2615491597	0.03343158515	-0.2489558922
	0.02488946937	0.01563317294	-0.2362612321	-0.2233069759	-0.005041139173
	-0.00212941145	-0.2104961522	-0.1977178919	-0.09955164494	0.007697744842
	-0.1851096414	-0.1725567644	-0.1601436684	-0.1477971494	0.003999389827
	-0.1355741237	-0.02469896444	-0.1234428246	-0.111430058	8.140815648e-34
	3.351860111e-36	-0.00180821116	3.546976856e-34	1.645902686e-36	0.006674752865
	0.002155662451	-0.004701582807	0.02058777181	0.01300795085	-0.001064226876
	-0.04285218463	-0.2130906752	-0.117442184	0.02475562727	0.02650656522
	-0.2905198108	-0.3242360812	0.02361022984	0.02577619355	-0.3087466114
	-0.3277380521	0.01968145572	0.01475984487	-0.2894795617	-0.2752669009
	0.008491175866	0.001465287425	-0.006595991724	-0.01520853209	-0.03437516729
	-0.02459938807	-0.2498992489	-0.2624150993	-0.04472230495	-0.05533503717
	-0.2240829857	-0.2369376946	-0.2111687894	-0.1984901664	-0.1858435302
	-0.1733757544	-0.07756147385	-0.06635438951	-0.100679636	-0.08904955901
	-0.1244391232	-0.1124982428	-0.1365040888	-0.1486926434	-0.1609634847
	-0.2445293492	-0.09025920522	-0.00194255968	-0.07892547266	-0.06776729273
	-0.3106527948	-0.05697227476	-0.3344169995	-0.04642071526	-0.03638638254
	0.01908463778	-0.02670049066	-0.3284361	0.01807320509	-0.01772925987
	-0.3079831621	-0.009264252801	-0.001766096753	0.005025881818	-0.2898155946
	0.01054115672	-0.2759578643	0.0151397391	0.01974351786	-0.2634074365
	-0.2505977661	0.01616686759	0.01001363604	0.0007932057312	-0.2377117875
	-0.00525183668	-0.224709862	-0.2119131251	0.005634482045	-0.1018411593
	-0.1991755084	-0.1866257101	-0.1254452719	-0.1374510885	-0.1741498618
	-0.1618176356	-0.008741059539	-0.1495730697	-0.06178548485	-0.1135594755
	-0.1503734937	6.067794582e-34	3.776007209e-36	-0.001886012062	2.547144885e-34
	1.84295362e-36	0.002436148689	-0.001520326561	-0.006019452146	0.01162408752
	0.006817848286	-0.01893682785	-0.08710675576	-0.2706765073	-0.1834791685
	0.01277491741	0.01321048972	-0.3270352606	-0.3397407987	0.006548056905
	0.01030175096	-0.3072297156	-0.3280181911	-0.004839742493	0.001302927916
	-0.2768139712	-0.2900583145	-0.01214325712	-0.02010053898	-0.03825288663
	-0.02895339679	-0.05849577182	-0.04822617257	-0.2513066431	-0.2641239885
	-0.06925339599	-0.08021164653	-0.2382648162	-0.2253789177	-0.2125101119
	-0.1998917931	-0.1873229805	-0.1749414205	-0.09151235973	-0.1029579405
	-0.1264341051	-0.1146368529	-0.1504564961	-0.1383871956	-0.1626298743
	-0.0815508627	-0.3395220982	-0.07060153145	-0.06008491024	-0.3439504785
	-0.003463644476	-0.04982943269	0.003419337054	-0.0401820041	-0.3274654387
	-0.03092743888	-0.02249940373	-0.3067326892	-0.01466477329	-0.007917381614
	-0.2906425088	-0.001995533348	0.002523673751	-0.2775016919	0.005913000547
	0.007429063961	-0.2648116105	0.006930416808	-0.251878941	-0.007162871346
	-0.2388847699	-0.00238198968	-0.2259405009	-0.0005214536289	-0.09268242948
	-0.2131888846	-0.1041108335	-0.2005404798	-0.1880802377	-0.175703042
	-0.03243586111	-0.1634733042	-0.1513371198	-0.1129333738	-0.1393229385
	-0.1274406042	-0.2147693748	-0.1156766995	-0.2947052009	4.212138268e-34
	3.878666427e-36	-0.002496661012	1.683078211e-34	1.739955752e-36	-0.006973398985
	-0.008656965562	-0.006303633833	-0.0003897520372	0.002061451839	-0.04883249365
	-0.1418434524	-0.3127023865	-0.2436380064	0.001230525246	-0.001275811642
	-0.3490888358	-0.345575652	-0.01082575374	-0.005529622568	-0.3261665278
	-0.3066530186	-0.01742160187	-0.02473868936	-0.2781497168	-0.2909836212
	-0.04192334445	-0.03308501342	-0.06150101097	-0.0515549053	-0.08276075755
	-0.07203184452	-0.2523888391	-0.2653107084	-0.09390281857	-0.1051792021
	-0.2393590285	-0.2265073378	-0.2137550019	-0.2012138618	-0.1764789041
	-0.1887667872	-0.1167391205	-0.1284024881	-0.1522065173	-0.1402554091
	-0.1642839238	-0.3557526862	-0.07323182671	-0.3467982823	-0.06296193027
	-0.05295437229	-0.04366250997	-0.3257388581	-0.03479299008	-0.3063850817
	-0.02688002808	-0.004804901155	-0.0195987795	-0.01353892006	-0.2916160992
	-0.008385202051	-0.2785677789	-0.002996857353	-0.004258863508	-0.2658215097
	-0.008868515979	-0.2528142742	-0.01028408635	-0.003270078934	-0.2398737779
	-0.2270319504	-0.08401536314	-0.01262636286	-0.2143819729	-0.2018596036
	-0.1177190537	-0.1895056611	-0.1772421999	-0.06840984996	-0.1651136215
	-0.1700920716	-0.1530803381	-0.1411607111	-0.129384899	-0.2679154025
	-0.3295863299	-0.1062821476	-0.0949734068	2.635125335e-34	3.279608137e-36
	-0.00342483373	9.738673344e-35	1.009475766e-36	-0.02287318822	-0.01235412592
	-0.01230651451	-0.008302766181	-0.008856923031	-0.09008410648	-0.1971680984
	-0.3410557183	-0.289490715	-0.01597598605	-0.01147918475	-0.3465725819
	-0.3607245277	-0.02205450838	-0.02880916135	-0.3247698928	-0.3064635516
	-0.03676666108	-0.0451776557	-0.2789934266	-0.2917967392	-0.05453144328
	-0.06418159048	-0.0850758584	-0.07454267791	-0.09611066245	-0.1072495969
	-0.2660862299	-0.2532249726	-0.1302868409	-0.1187312826	-0.227555612
	-0.2402712592	-0.2149439613	-0.2025143434	-0.1902038479	-0.1780045557
	-0.1539206334	-0.1420704281	-0.1659238305	-0.3467579082	-0.07549422513
	-0.06543045083	-0.05558070573	-0.3244066063	-0.04659620274	-0.3063742311
	-0.01342798612	-0.03795899342	-0.0304504578	-0.02346546458	-0.2921920816
	-0.01791119661	-0.2791733167	-0.01390050469	-0.01558943977	-0.2664887473
	-0.01443285982	-0.2535218148	-0.004479760186	-0.2407729474	-0.03177596053
	-0.08618259326	-0.2280518204	-0.2155702509	-0.1082527387	-0.1195976981
	-0.2031707441	-0.1909342036	-0.1138214143	-0.1787727995	-0.2220643955
	-0.1667245123	-0.1547720542	-0.1429115195	-0.3066448875	-0.1312110504
	-0.3520831829	-0.09700629043	-0.363531977	1.400766187e-34	1.199090699e-36
	-0.004679135212	4.553190085e-35	-7.708754811e-37	-0.04524545529	-0.01977315683
	-0.01701957171	-0.01986933344	-0.01901833916	-0.1376535885	-0.2434466901
	-0.3212482402	-0.3590477003	-0.02521471914	-0.03160363495	-0.3654980613
	-0.3459583313	-0.03953003743	-0.04765023666	-0.3238002447	-0.3062198712
	-0.06633842232	-0.05692764139	-0.2922289939	-0.2793141322	-0.08700632976
	-0.07662629192	-0.1090553672	-0.09800895292	-0.1320088775	-0.1205192806
	-0.2538755755	-0.2666363215	-0.1437725393	-0.1555580882	-0.22859585
	-0.2411394157	-0.2161444681	-0.2038419924	-0.191648298	-0.1675243822
	-0.1795212886	-0.06723717023	-0.3233809008	-0.00599186494	-0.05729264426
	-0.04844848167	-0.02396010476	-0.3061736403	-0.03961115747	-0.03216208341
	-0.2922243627	-0.02623744737	-0.02461434774	-0.2793979128	-0.01965264325
	-0.266879068	-0.2541577629	-0.05702616396	-0.07717725167	-0.2416475478
	-0.08790802204	-0.2291094192	-0.2168063521	-0.2045161811	-0.1607536407
	-0.1923804413	-0.1328409603	-0.1445069129	-0.1802839421	-0.2622811657
	-0.1682760154	-0.1563639153	-0.3328004945	-0.3654266293	-0.1212103847
	-0.1099154693	-0.3663635576	-0.09864098624	-0.34577314	5.660247249e-35
	-3.345656367e-36	-0.006264935894	1.506281772e-35	-4.157862968e-36	-0.0720859753
	-0.02909027477	-0.02280176479	-0.03323717903	-0.03146957942	-0.181895748
	-0.2767297328	-0.3692283428	-0.3419837218	-0.04833830843	-0.04023641074
	-0.3450941456	-0.3666109903	-0.05812700536	-0.06750669693	-0.3058229022
	-0.3228414796	-0.0883385579	-0.07801361841	-0.2792987286	-0.2921058154
	-0.09945401674	-0.1104712818	-0.1334820491	-0.1220021138	-0.1570651269
	-0.1452890564	-0.2670284048	-0.2544597806	-0.1810113817	-0.1690455525
	-0.2420733768	-0.2296897827	-0.2174249662	-0.2052174498	-0.1931055259
	-0.3225452557	-0.05699746367	-0.3056833895	-0.04793524108	-0.040642349
	-0.03843492524	-0.291845887	-0.03439946811	-0.2793197085	-0.02610837292
	-0.007789678128	-0.2671229725	-0.2547993576	-0.06763364972	-0.08541141972
	-0.242560441	-0.230269239	-0.09962685639	-0.2181035989	-0.2059167765
	-0.1999076477	-0.1938222068	-0.134190682	-0.2891908123	-0.1817507658
	-0.1697170872	-0.1578009813	-0.3489083503	-0.145865289	-0.372154111
	-0.1224263889	-0.1111261594	-0.3667378848	-0.3447253326	-0.08886527301
	-0.07771243567	1.731617831e-35	-1.169696698e-35	-0.008255671221	7.66327698e-36
	-8.9965314e-36	-0.09959768925	-0.02977036245	-0.04061555556	-0.04913949326
	-0.04692937327	-0.2151780682	-0.2970481139	-0.3538446051	-0.3734998928
	-0.05690606554	-0.06629682279	-0.3663077085	-0.3444230157	-0.08839870536
	-0.07783169318	-0.3053939681	-0.322084368	-0.1111960178	-0.1000449206
	-0.2791490043	-0.2915881226	-0.1345670212	-0.1229998831	-0.1583564916
	-0.1465132448	-0.1704142114	-0.1824173514	-0.2672859451	-0.2550803789
	-0.2066147068	-0.1945387856	-0.243075388	-0.2308623021	-0.2187765773
	-0.305325631	-0.05802744646	-0.009817644357	-0.05551981108	-0.04702290153
	-0.2913783598	-0.03382793655	-0.2791129445	-0.2673169704	-0.1118872328
	-0.06588744495	-0.2554258848	-0.2434992305	-0.08791678996	-0.0991246398
	-0.2314676141	-0.2193894908	-0.2257555426	-0.2072940498	-0.1349964406
	-0.3036595153	-0.1951548667	-0.1830786237	-0.1709130454	-0.3562796338
	-0.1589399562	-0.3739740344	-0.1467772605	-0.1228391954	-0.3661104638
	-0.11135174	-0.3442240815	-0.07579821004	-0.3222294966	2.354996756e-35
	-2.286456187e-35	-0.0105295755	2.274043386e-35	-1.404995347e-35	-0.1226900878
	-0.05425743814	-0.03751563575	-0.06583547649	-0.06850588694	-0.2340143911
	-0.3053756301	-0.3731823097	-0.3574884668	-0.08579811845	-0.07604631025
	-0.3657188517	-0.3444649328	-0.1101653227	-0.09845778818	-0.3054708239
	-0.3223429079	-0.1347341208	-0.1228241573	-0.2912162925	-0.2790526827
	-0.1591339487	-0.1470813414	-0.1713887975	-0.1835236516	-0.1957384166
	-0.2078544315	-0.2556801532	-0.2674391552	-0.220010763	-0.2319788693
	-0.2439887448	-0.0419493339	-0.2914828544	-0.01198794205	-0.2791710503
	-0.1310043378	-0.06117541252	-0.2674784049	-0.07604553953	-0.2559159986
	-0.2442141396	-0.2324089203	-0.2366977857	-0.2203471163	-0.1091290622
	-0.1212407397	-0.2083129989	-0.3061351289	-0.1464777855	-0.1960045663
	-0.1838501504	-0.355217374	-0.1713683254	-0.1591742574	-0.3715596778
	-0.1342560249	-0.3651571338	-0.344949537	-0.09668635517	-0.0872527254
	-0.3233888219	-0.07957354744	-0.306104848	7.131647113e-35	-3.404246271e-35
	-0.01232454855	5.572129001e-35	-2.065432071e-35	-0.1364860595	-0.04446977676
	-0.0690191673	-0.0876245478	-0.09233830299	-0.2371955797	-0.3021186828
	-0.3524066304	-0.3686973782	-0.09939930452	-0.1082475136	-0.3649490031
	-0.3460485447	-0.1203008615	-0.1326277154	-0.3073746672	-0.3249392701
	-0.1583997348	-0.1458278096	-0.2795414964	-0.2920931643	-0.1712034136
	-0.183643217	-0.208379821	-0.1961139298	-0.2325682744	-0.2205802007
	-0.2676396485	-0.2444379601	-0.2560771448	-0.2937698571	-0.2806202107
	-0.1392425166	-0.2680852031	-0.2563825281	-0.07505847228	-0.2444074695
	-0.2326046514	-0.232081263	-0.220301657	-0.1137352134	-0.296417626
	-0.2081509031	-0.1954850031	-0.1830287617	-0.3449837661	-0.1700533579
	-0.364314454	-0.1574069392	-0.1444490205	-0.1324824509	-0.3635361103
	-0.1215715449	-0.3473760113	-0.105886263	-0.09872447472	-0.3275344778
	-0.3097732199	-0.04793204869	-0.01364136967	1.480248497e-34	-4.50747514e-35
	1.001734521e-34	-0.01268831454	-2.65350081e-35	-0.1380581915	-0.08201178026
	-0.04803337263	-0.1206546462	-0.109517692	-0.2866638921	-0.2246226027
	-0.3587138618	-0.3371117041	-0.136464213	-0.1293059396	-0.3625534783
	-0.3493037994	-0.1572906761	-0.1460311332	-0.3312726747	-0.3133271708
	-0.1696837984	-0.1822723648	-0.2825743657	-0.2965917089	-0.2076959264
	-0.1951014127	-0.2202094742	-0.2325625506	-0.2446967064	-0.2570044308
	-0.2692270023	-0.1345301612	-0.2865501893	-0.01377735117	-0.2720707732
	-0.2591470662	-0.2459807786	-0.2120776448	-0.1189044677	-0.2335573228
	-0.2737156197	-0.2207406293	-0.2083740286	-0.1958215196	-0.1622930574
	-0.3236166683	-0.1838662253	-0.3496181121	-0.1724134973	-0.1532856333
	-0.3585272511	-0.1462628493	-0.3500913706	-0.1340810122	-0.08504875895
	-0.3353029825	-0.04881116032	-0.3183296209	-0.3013102499	2.418288837e-34
	-5.285677381e-35	-0.01134860463	1.508364077e-34	-2.845063309e-35	-0.1259714025
	-0.08779075791	-0.04609245829	-0.1250767976	-0.1476831748	-0.2576856524
	-0.1971154269	-0.3089801724	-0.3390124912	-0.1634036815	-0.1721351992
	-0.3536801138	-0.350708012	-0.1899692844	-0.1805403213	-0.3399894144
	-0.3245019832	-0.2120275271	-0.200342881	-0.3079220507	-0.2924613487
	-0.2240570005	-0.2368715015	-0.2497039387	-0.2634548807	-0.2772043965
	-0.2850769936	-0.2710873867	-0.0121388428	-0.1781730828	-0.2572208668
	-0.08549867549	-0.2445450209	-0.2370389662	-0.2321513675	-0.2210471148
	-0.2881274252	-0.2101875059	-0.2008112772	-0.3220367987	-0.1891906877
	-0.177451533	-0.3427953428	-0.1545723102	-0.1276509081	-0.3460477581
	-0.04330581444	-0.341409022	-0.3294784677	-0.1159257288	-0.3150973079
	-0.3002656963	-5.283688935e-35	3.444755501e-34	-0.008816574672	2.009239359e-34
	-0.1003794769	-2.458092612e-35	-0.08064154723	-0.03812680965	-0.1591837477
	-0.1246194348	-0.1568113904	-0.2143426101	-0.302568859	-0.2648642348
	-0.1868148165	-0.2049284033	-0.3283059368	-0.3387406778	-0.2194380115
	-0.2313938119	-0.3398361848	-0.3327078451	-0.2548448358	-0.2426479534
	-0.3215987829	-0.3083555786	-0.2806511397	-0.2670059453	-0.2941777721
	-0.2980211644	-0.285681474	-0.1333828744	-0.2723013044	-0.1868883582
	-0.0719996198	-0.259560852	-0.2446408801	-0.2300769705	-0.2362447225
	-0.2091735945	-0.2748663817	-0.1867871808	-0.1527569021	-0.1154015399
	-0.3046496092	-0.3202014302	-0.03258924256	-0.009280435468	-0.3280504002
	-0.3260163814	-0.08455057098	-0.3199279202	-0.3098510618	4.381736199e-34
	-4.212887595e-35	-0.006049225362	2.408825267e-34	-0.0641193862	-1.593708178e-35
	-0.06019640212	-0.0264733662	-0.1006813216	-0.1405747679	-0.1076417256
	-0.1587827581	-0.2439009666	-0.204413947	-0.2059371837	-0.1772638329
	-0.2954942164	-0.2750006598	-0.2494478911	-0.2303220976	-0.3074994382
	-0.3110375187	-0.2659583489	-0.2799859058	-0.3019586476	-0.3087557337
	-0.2921097035	-0.08211355058	-0.2511844765	-0.005861292207	-0.1279578864
	-0.2333260795	-0.213135008	-0.1860849054	-0.1709340304	-0.1560526737
	-0.2068415073	-0.1200724036	-0.08256653924	-0.04911252335	-0.2369602611
	-0.02042154848	-0.2581850734	-0.2723445049	-0.04508584826	-0.2783300435
	-0.2787027371	-0.2735489801	-0.2639212056	5.060854197e-34	-2.248758359e-35
	-0.003458589323	2.665978266e-34	-4.936419193e-36	-0.02366149281	-0.03569538742
	-0.01503192056	-0.06320409333	-0.09516212021	-0.09837297075	-0.05508461215
	-0.1683635878	-0.1355036256	-0.1277617287	-0.157024706	-0.1945138457
	-0.2147181067	-0.1832946073	-0.2034597428	-0.2282785477	-0.2347892475
	-0.2196910728	-0.2355602508	-0.2299417257	-0.06932822317	-0.1218863447
	-0.09699392988	-0.1034380684	-0.0716689363	-0.04571872502	-0.1305101383
	-0.02640052377	-0.01032126477	-0.1519475698	-0.003014771422	-0.1678737992
	-0.005889361249	-0.1435458856	-0.1607538904	-0.1777485971	-0.1821266876
	-0.180386298	-0.1734191625	-0.03088608965	5.479803521e-34	-1.501602729e-37
	-0.001608212721	2.815668861e-34	7.25836303e-36	0.01235121027	-0.006484519911
	-0.01633461249	-0.04855729911	-0.0306782531	-0.04330405872	-0.007023628975
	-0.0950849521	-0.07247825879	-0.0864579	-0.06789317328	-0.1110269035
	-0.1220958625	-0.103198161	-0.1159020002	-0.1287099147	-0.1279606279
	-0.1249674707	-0.03237805605	-0.01932045512	-0.04718584614	-0.01044197984
	-0.06556515567	-0.00349624172	-0.001083423692	-0.07736407608	-0.08422078376
	0.02479997044	-0.04495231963	-0.0861827512	-0.08440681401	-0.07883191777
	-0.06974903201	0.01207758141	-0.05865766664	-0.02058532182	5.71675916e-34
	1.792122863e-35	-0.0003493116718	2.902700312e-34	1.488167437e-35	0.03671193682
	-0.005252202192	-0.001321118934	-0.01090186601	-0.01886290413	0.02905056667
	-0.000998952319	-0.04068535352	-0.02515407288	-0.027365784	-0.0361165538
	-0.0494097405	-0.05314347335	-0.04363542291	-0.04948298625	-0.05277747734
	-0.008150753021	-1.079431862e-05	-0.02208454477	5.244444083e-05	-0.02932686427
	0.04225503328	-0.03164785444	-0.005701298839	-0.03057065929	-0.0270539402
	-0.02238767476	0.04031737114	-0.01646011836	0.01360263563	-0.01112974858
	-0.002421781657	5.860184307e-34	2.650356854e-35	0.0002748849541	2.957625377e-34
	1.550909934e-35	0.04643358034	0.0007523526627	-0.0006160036696	-0.005979387055
	-0.002574105989	0.04850460698	0.02572400803	-0.007276104712	0.00546476195
	-0.009301249675	-0.01279766775	-0.01405707043	-0.01523938291	-0.0161265114
	0.003076739959	0.04570010054	0.0003943888287	-0.00351036946	-0.005975620615
	0.0001897394538	-0.006136149659	-0.004690256067	0.05135623954	-0.003056332326
	-0.001030721292	0.03235005188	0.0009321824309	0.01520736494	5.950959086e-34
	2.513431025e-35	2.99178873e-34	0.0003702562448	1.172629218e-35	0.04353983494
	0.0005225296505	0.000949652258	-0.0005119266753	9.175631255e-05	0.03694458539
	0.05120181671	0.02172781188	0.01066284716	-0.000417535153	0.0006658252392
	0.003901690244	0.03869108769	0.008103158426	0.004353486196	0.002252857391
	0.001344819917	0.04730829152	0.0008586879704	0.03648556698	0.0007826676518
	0.000316912151	0.02468015068	0.0145718925	6.006078079e-34	1.872680614e-35
	0.0002730356325	3.012469519e-34	7.305916441e-36	0.03309903887	0.0008014479123
	0.001587173085	0.005840560294	0.003208656173	0.04158088103	0.03469288582
	0.02488187847	0.009990422064	0.01626076302	0.009628469923	0.005485924862
	0.000247546344	0.002645308052	0.03453311304	0.001040660943	0.02973241631
	0.02263215356	0.02695205449	0.01519700059	6.040871894e-34	1.179150077e-35
	0.0003553185316	3.027158772e-34	4.094298213e-36	0.02101604158	0.004161687268
	0.001584713369	0.01308448406	0.008041497559	0.02725785746	0.02472492898
	0.01902389915	0.002255044911	0.0206533994	0.0004767468852	0.01883397378
	0.01579884362	0.0147328508	0.009761125494	0.005517911612	6.069133432e-34
	6.461688374e-36	0.0007013057006	3.040383051e-34	2.131228848e-36	0.01130614533
	0.006536215736	0.003026463002	0.01049720986	0.01479690156	0.01384485547
	0.01018423077	0.009240504984	0.007864231854	0.006564149628	0.003359529783
	0.0008565878566	6.096577626e-34	3.058228435e-36	3.051493978e-34	0.0009529854206
	1.001274742e-36	0.005045314935	0.003426150676	0.005594860724	0.006508135793
	0.003146339221	0.002774625378	0.000896092502	0.003695757986	1.188268679e-36
	6.117110004e-34	0.000692994458	3.056049052e-34	3.553539871e-37	0.001815912446
	0.001549704067	0.0006725908944	0.000421999251	2.737799101e-37	6.121472372e-34
	3.053185096e-34	0.0001087877534	-3.297400097e-37	1.515456754e-34	1.300753076e-36
	6.114240104e-34	
