3721	
	-2.061092456e-33	1.849360406e-33	-3.198443899e-35	3.27763654e-34	5.635974737e-34
	0.04993867404	0.06023769889	-4.102945536e-35	6.833509167e-34	0.1237182541
	0.0271580458	0.03422706788	5.81878638e-34	1.683565949e-34	0.1457806548
	0.04604136928	0.08361911412	0.09352206163	-1.306995292e-35	2.430654478e-35
	0.03952767838	2.891755282e-34	6.868987053e-34	0.01568798569	0.01945291195
	0.06923772878	0.07451351481	0.06759934449	0.05481020152	0.01892074785
	0.03688392697	0.01312446742	-2.964047785e-36	0.05300851744	0.06357617474
	2.566230768e-35	0.01186458461	0.01219082102	8.085281553e-34	3.560892266e-34
	0.04701397929	0.04020891442	0.06028694473	0.06246971535	4.239674456e-36
	0.007498341557	0.006669484405	-5.151369216e-37	0.02134365092	0.04179301474
	0.06727164744	0.04740933855	0.06552054032	0.02745049796	0.05896781446
	0.01037976323	0.009785916107	8.928387253e-34	4.177943673e-34	2.977456408e-36
	0.006162897401	3.018565797e-36	0.007518206218	0.05693417453	0.057032878
	0.03481049826	0.03706738715	0.06692126492	0.06986511089	0.0761997353
	0.07258640009	0.03771724699	0.0204198802	0.01971988459	0.03746792284
	0.07019368951	0.05549503412	0.0556095185	0.01003946161	0.008978493015
	9.132683034e-34	4.470465401e-34	0.0578533407	0.05662366749	0.03419192492
	0.03348569916	0.01183748402	8.32770596e-36	0.009218904228	3.965232833e-36
	0.02733321507	0.02319216994	0.04551057614	0.04030218705	0.08425654876
	0.0761552578	0.0924310243	0.07918070145	0.08405742045	0.06409060573
	0.0585022163	0.09737580337	0.07399035238	0.08099818007	0.09279907853
	4.397323971e-34	0.009960337257	0.008848671014	8.627080909e-34	0.05939833427
	0.05833742719	0.03380088302	0.03343313678	0.1048725287	0.09900941979
	0.08458603021	0.08258476296	0.01864753877	6.696645326e-36	1.560045189e-35
	0.01488951507	0.03284095544	0.03942784844	0.06125050748	0.05246150831
	0.08978835885	0.1009934975	0.07208461358	0.08219357264	0.1155523343
	0.1092795776	0.1100424345	0.1033301264	0.1243511163	0.1192650992
	0.1256456667	0.009755937499	0.008794266001	7.50044868e-34	3.976966746e-34
	0.03376305316	0.03311213212	0.05962100615	0.0594970188	0.1113644822
	0.1086102242	0.08681003437	0.08660858596	1.086381916e-35	0.02774937427
	2.533997023e-35	0.02288291879	0.1382242332	0.1479973858	0.1324347369
	0.1271375061	0.07140695973	0.04709679553	0.05571363376	0.08288561862
	0.1284914845	0.1139520612	0.107437326	0.09406574787	0.1393360554
	0.1555323316	0.1294861098	0.157447734	0.1599125745	0.1447735528
	0.1427364755	0.00929012264	0.008555283244	5.929839205e-34	3.287045902e-34
	0.0578861969	0.05887849589	0.03303595547	0.03192936841	0.1118715987
	0.08535508567	0.08693657649	0.1116180853	1.634720662e-35	0.03891311612
	3.756269872e-35	0.03307681377	0.1363414154	0.1542808709	0.1578509538
	0.1356021138	0.09536436865	0.108618856	0.06515633072	0.07534448808
	0.1753526614	0.1684965081	0.1877006486	0.1759948502	0.1371574778
	0.1604033601	0.1219128264	0.1441268988	0.1942887014	0.1949276198
	0.1722909804	0.1778701778	0.1893729567	0.161088517	0.1775212276
	0.008574266284	0.00806730925	4.121284568e-34	2.429270479e-34	0.05436288786
	0.05629980717	0.03135560271	0.02984624033	0.1067430732	0.1093739577
	0.08074804379	0.08371442229	2.298581594e-35	0.05162317386	5.187947824e-35
	0.04512097171	0.1325916797	0.1569339519	0.1583917497	0.1353983949
	0.1363273931	0.1224048305	0.08602350246	0.09709738105	0.1790912029
	0.1979760926	0.1946995719	0.1789387993	0.1683981058	0.1769428055
	0.1932002891	0.1527959532	0.2231554716	0.211745919	0.2128096002
	0.206114014	0.1947766735	0.228354368	0.2226945133	0.2112124335
	0.2283962612	0.2063187862	0.2120629339	0.007680104384	0.007368570554
	2.268534573e-34	1.50607588e-34	0.04954803817	0.05213769095	0.02885017007
	0.02707711213	0.09829215575	0.1025454153	0.07391239433	0.07777502333
	0.1482700484	0.1532257278	0.1286396903	0.1234453826	0.05833022081
	3.042796106e-35	0.06504047452	6.745150458e-35	0.1636055903	0.150225598
	0.1082617677	0.1193305538	0.194538944	0.1768900448	0.1722799337
	0.1975490551	0.1982107363	0.2236997706	0.2089528214	0.1836971253
	0.2292337792	0.2143225768	0.2155044343	0.2311446934	0.2269908361
	0.2416382811	0.2526792082	0.2382603178	0.2580537809	0.244223067
	0.2389997306	0.2580670691	0.2534288468	0.2438062031	0.243826938
	0.006690699153	0.006532919471	5.311721205e-35	6.060331221e-35	0.04398549334
	0.04693853013	0.02579241882	0.02390143852	0.08771646658	0.09291250987
	0.06577582113	0.07009596273	0.1109773075	0.1346870416	0.1418048235
	0.1175643621	0.07171243315	3.817191746e-35	0.0780742385	8.309850398e-35
	0.1661678621	0.1817582074	0.1889513119	0.1585372214	0.1401786957
	0.1881242386	0.1764081294	0.1300813945	0.2241335048	0.249638297
	0.2373832868	0.2118415761	0.2103763401	0.2037776302	0.2241526799
	0.2290753076	0.2551277744	0.2671956926	0.2777778738	0.2659045721
	0.2575469465	0.2576200396	0.2421346168	0.2451706172	0.2710039194
	0.2695983654	0.2710751907	0.2782352535	0.2826779773	0.2828128463
	0.2664938078	0.005676738827	0.005634001119	-9.722237551e-35	-2.022170404e-35
	0.03813334093	0.04121596655	0.02246041792	0.02056956861	0.07617560603
	0.08177937265	0.05709958552	0.06154016638	0.1184394156	0.1266741736
	0.104053426	0.09683773494	0.1500700076	0.163279452	0.1729429108
	0.1407920834	9.743888945e-35	0.08409716511	4.563542415e-35	0.08952405465
	0.1578282328	0.2079794598	0.1988042036	0.1495878432	0.1954444585
	0.2070682065	0.1854927763	0.2164951279	0.2444948805	0.2698106191
	0.2605111198	0.2351388	0.277882024	0.2871274933	0.2975845836
	0.2883402093	0.2361333441	0.2534324496	0.2463500692	0.2274082552
	0.2930882485	0.2932480359	0.3024981027	0.3022942644	0.2777875444
	0.2801479719	0.2631657881	0.2683749078	0.2893822578	0.288632599
	0.2978468759	0.004688847115	0.004729887449	-2.161491247e-34	-8.70283534e-35
	0.03232163139	0.03536954126	0.01907736725	0.01726783805	0.06450043908
	0.07013431434	0.04842924679	0.05276258971	0.08222651123	0.1011921742
	0.1097839666	0.08953429296	0.1311737592	0.1419612085	0.1527656156
	0.1212649167	0.1746299446	0.1840584428	0.1960010867	0.1629875817
	0.09824928703	1.089733679e-34	0.09430667294	5.210663245e-35	0.1707343016
	0.2218433247	0.1650650254	0.2157880076	0.2584085428	0.2838238613
	0.2775873949	0.2523310384	0.2168574943	0.2047420719	0.2249145946
	0.2365192483	0.2949473005	0.3122825908	0.3014175373	0.3055342868
	0.3105003699	0.310335551	0.3172759582	0.3174235316	0.2549233841
	0.2713963656	0.2620399117	0.2440281659	0.3058145423	0.3127287093
	0.2857903867	0.3041589264	0.2925925349	0.2782532536	0.2973630895
	-1.367186533e-34	0.00375833793	0.003859778631	-2.987917272e-34	0.02675730057
	0.0296696082	0.01579661339	0.01411618543	0.05321851876	0.05864808238
	0.04010655012	0.04420011563	0.08405847777	0.09251215053	0.07499110232
	0.06792647406	0.1014938153	0.1113563547	0.119864663	0.1308770063
	0.1510518516	0.1584734387	0.1713762862	0.138931086	0.1032979622
	1.162298907e-34	0.101293502	5.679816383e-35	0.1917689541	0.1979347239
	0.2118018022	0.1781710174	0.175152197	0.1777487797	0.2289397373
	0.2263138456	0.2655611179	0.2917129417	0.2884851969	0.2628593097
	0.3177784301	0.3064973037	0.3221838435	0.3103089849	0.2365024125
	0.2313799534	0.217382975	0.2500751016	0.3231529041	0.3231884088
	0.3279446127	0.3280323628	0.318520215	0.3098739727	0.3233784393
	0.3145588256	0.3027524304	0.2548222372	0.2677503656	0.2838701721
	0.2883511614	0.2723265054	0.298164452	0.002901547313	0.003046494154
	-3.42640879e-34	-1.675451696e-34	0.01270927931	0.01118055917	0.02154999742
	0.02427447077	0.04261297614	0.04771709608	0.032310879	0.03610354537
	0.05437467156	0.06767833958	0.07572092772	0.06102057016	0.09183192843
	0.09827092968	0.1089358215	0.08239832718	0.1454553796	0.1269153613
	0.1326083903	0.1150623366	5.895972685e-35	0.1039948089	1.179504858e-34
	0.1042379645	0.1644128911	0.1690876977	0.1835429353	0.1506383601
	0.1789280877	0.1781793137	0.2289426299	0.2298449642	0.2063802173
	0.2027125619	0.2216996775	0.1876688655	0.2659609417	0.2936307865
	0.29333194	0.2666083055	0.3253563434	0.3127845676	0.3140127967
	0.3275189396	0.3319367974	0.3316334109	0.3349468432	0.3343468902
	0.2584656801	0.2249163227	0.2403746763	0.2433001818	0.3303088104
	0.3212539408	0.318335419	0.3272512938	0.2918588879	0.3063164088
	0.2611443143	0.2757817031	0.2944864081	0.2784165577	0.3091130098
	0.002124820326	0.002300898405	-3.46868247e-34	-1.787416616e-34	0.0167428803
	0.01925956671	0.009860262153	0.00848929776	0.03752961203	0.02510926834
	0.02858652017	0.03279424715	5.801196311e-35	0.1000133088	1.133304469e-34
	0.102625761	0.04175596156	0.05233622474	0.05985678164	0.04791918537
	0.06441220788	0.07325485051	0.07781705116	0.08787813428	0.09229319876
	0.1035186637	0.1077252337	0.119993399	0.137102006	0.140627586
	0.1547120757	0.1238518549	0.1759437282	0.1718134106	0.2218761015
	0.2262451049	0.1726499886	0.1753663618	0.190811243	0.1578001861
	0.2597599025	0.2922737555	0.2896886654	0.2636799762	0.2090512849
	0.2272691278	0.211005675	0.1930932362	0.3284338244	0.3139542888
	0.3283897963	0.3126053864	0.3383617846	0.3368296702	0.3360753562
	0.3370525063	0.3249089793	0.3234269854	0.3325202164	0.3340218885
	0.2630479762	0.2288789895	0.2467410475	0.2453260634	0.2976416032
	0.3124981622	0.26428592	0.2963874981	0.3110923557	0.2814525159
	0.2802112589	0.001428637209	0.001626091399	-3.118006951e-34	-1.702292459e-34
	0.01233975558	0.01464686625	0.007264564413	0.006047607859	0.02376700299
	0.02813568934	0.01850157301	0.02167480039	5.370474156e-35	0.09144727243
	1.022900697e-34	0.09632321851	0.03808571439	0.04507466083	0.03577974797
	0.03009560517	0.1662378423	0.1589367582	0.2080626683	0.2156985984
	0.04764368185	0.05587465364	0.05869706024	0.06809528018	0.09582930627
	0.08144323193	0.08431638434	0.07094510299	0.09853594502	0.1110026555
	0.1135756878	0.1268976346	0.1433063338	0.1453714053	0.1291898231
	0.1601771955	0.254267016	0.2853869617	0.2799250152	0.247184368
	0.1773406289	0.1787993214	0.1947603643	0.1619052478	0.3247714161
	0.3270474782	0.3100081882	0.3060301762	0.1958793304	0.2123041929
	0.213172676	0.2299414772	0.3388089827	0.3385408629	0.336665921
	0.3354914735	0.3261066508	0.3257827502	0.3349514918	0.3348039315
	0.3136183545	0.3132685126	0.2983729622	0.2986421653	0.2479805273
	0.2650081274	0.2305307703	0.2652897227	0.2475460804	0.2820880886
	0.2823692479	0.0008101059161	0.001020239833	-2.385029068e-34	-1.423967331e-34
	0.008324792969	0.01042841947	0.00491990298	0.003847229531	0.01548255324
	0.01950720949	0.01245440378	0.01534649163	0.01933448221	0.02485376876
	0.03135402608	0.02457647057	4.627464946e-35	0.07887670596	8.570112921e-35
	0.08565403262	0.1503545281	0.1403535427	0.1881325611	0.1986887535
	0.03201576661	0.03969072196	0.04084792419	0.04963371412	0.2386356177
	0.2285663734	0.2643583702	0.2726945258	0.0731921046	0.05099089389
	0.06080774718	0.06241373419	0.1006759105	0.07481154352	0.08648963112
	0.08817249185	0.1022456371	0.1309868393	0.1155177106	0.1170237685
	0.1632111195	0.1322927363	0.1480444074	0.1468934367	0.3165149827
	0.2941405476	0.3211097673	0.3008331286	0.1797925781	0.1804763647
	0.1641048986	0.1966317665	0.3356148467	0.337409733	0.3334423652
	0.3302965382	0.2307828627	0.2136243764	0.2138186526	0.197038787
	0.3334031203	0.3252919953	0.3344808474	0.3259218164	0.3130222143
	0.3134773473	0.2981112915	0.2985417628	0.2478141159	0.2822177145
	0.2652360225	0.2818461398	0.248008016	0.2648902904	0.2307331489
	0.000263089644	0.0004773017177	-1.283289344e-34	-9.591012255e-35	0.004673154849
	0.006581447322	0.002813465231	0.001869300289	0.007874167519	0.01158174151
	0.006921830068	0.009559552406	0.00938183922	0.01251507708	0.01858807378
	0.01422882523	3.653524192e-35	0.06339651164	6.543773514e-35	0.07145734162
	0.02457323021	0.02408323453	0.03235613104	0.0173670649	0.1293583088
	0.1173922947	0.1630806208	0.1760330594	0.2171971666	0.2044479948
	0.2430962562	0.2542492536	0.04148143502	0.04182235348	0.03223231308
	0.05197873855	0.3033581199	0.2862560955	0.3104141655	0.2767699321
	0.07605729471	0.06427283862	0.05250160587	0.06350374036	0.07687156823
	0.0902934359	0.1034754157	0.08938625461	0.1043244147	0.1181237992
	0.1189478232	0.1333022541	0.1488496097	0.1339841913	0.1494136267
	0.1647415621	0.3210387694	0.329525874	0.3328965857	0.326288091
	0.1810416842	0.1972169374	0.1808614302	0.1651010412	0.329501689
	0.322740499	0.3242061911	0.3317747629	0.2304673368	0.2137380445
	0.1971606637	0.2134883248	0.2964858526	0.2974193692	0.3121835729
	0.3110907251	0.2811603912	0.2643257044	0.2467273346	0.263559605
	0.2473392848	0.280341065	0.2299951425	-0.0002254827612	-1.536406439e-05
	1.783513169e-35	-3.145496084e-35	2.582060797e-35	0.04656040147	4.411444458e-35
	0.05508264675	0.001350137416	0.003073168028	0.0009204102067	7.705394534e-05
	0.0008754321848	0.004289265777	0.001851399368	0.004265463429	0.0009393109029
	0.006643724466	0.004643374842	0.0001469048897	0.0103440705	0.008175313561
	0.01604799492	0.003515682268	0.1048212697	0.09186162424	0.1343347005
	0.1489486706	0.02322390836	0.02225858267	0.03193844961	0.01440653162
	0.2302651208	0.1906374016	0.1757219733	0.2164880798	0.2849717256
	0.2661309316	0.2946606707	0.2538439894	0.04179379862	0.05280355737
	0.0415834876	0.03131239631	0.3073285707	0.3199785302	0.3250972062
	0.3149025404	0.07745734133	0.05278161684	0.06490624148	0.0646937955
	0.09127213692	0.07774279376	0.1049563886	0.09088780155	0.1198431968
	0.1053161108	0.1344662289	0.1194960226	0.1347064637	0.1497366335
	0.1652797514	0.1498759489	0.318527154	0.3231374521	0.3208130456
	0.3267028804	0.1652488647	0.1969403375	0.180817015	0.1810089978
	0.2953627861	0.3096885373	0.3080418579	0.2940545766	0.196540495
	0.2130386176	0.2124610529	0.2293713463	0.2626507312	0.2615963367
	0.2792883072	0.278158733	0.2450013317	0.2459084045	0.2285916469
	-0.0006863715887	-0.0004846695356	2.012015383e-34	5.077489017e-35	-0.001707783819
	-0.0001488616774	-0.0008110085524	-0.001609499936	1.562871262e-35	0.03018735546
	2.452836421e-35	0.03826503122	0.07874463548	0.06591848153	0.1037784889
	0.1190999332	-0.005580711739	-0.002438751583	-0.002829708	-0.0005935331241
	-0.00998322182	-0.00460224919	-0.004264271859	-0.008449564068	-0.003173948182
	-0.007098687612	0.0004800099312	-0.009702991659	0.005762966334	0.0034183582
	-0.002757599061	0.01277242024	0.2012845308	0.1600621035	0.1437578665
	0.1853055623	0.02104410685	0.01977225508	0.03059471748	0.01091948101
	0.2255508752	0.2610780535	0.2735345848	0.2404782122	0.2886369934
	0.3064154499	0.2988098156	0.3135868531	0.04112093861	0.04053314128
	0.0296428341	0.05261891634	0.3156947529	0.3124718851	0.3139049987
	0.3190166538	0.06469159829	0.07786890395	0.05222235226	0.06487636983
	0.1055110712	0.07776854417	0.09141750647	0.09142858793	0.1347859994
	0.1054915748	0.1199799491	0.1199484857	0.1496168682	0.1498253908
	0.1650684258	0.1346690539	0.306126523	0.2925947766	0.2909795084
	0.303909655	0.1960053813	0.1647138899	0.1799523956	0.1804540182
	0.2592108554	0.2755111551	0.2604561611	0.2768544978	0.2266801248
	0.2108794371	0.2117227438	0.2428160007	0.2439339755	0.1953199231
	0.2276983031	-0.001195261433	-0.0009903308784	4.287439167e-34	1.522274137e-34
	-0.004648821624	-0.003191422921	-0.002499257435	-0.003373622091	-0.01159376713
	-0.008682775505	-0.007262500708	-0.005112939012	7.190250821e-36	0.01601735232
	9.021578616e-36	0.02283579925	0.05338850841	0.04184067188	0.07366144969
	0.08856308875	0.1509071142	0.168354435	0.1271013259	0.1104480317
	-0.02033697267	-0.01524605487	-0.01256926086	-0.01648881266	-0.0161294647
	-0.0219309896	-0.01455646565	-0.0224159355	-0.01951045686	-0.01116589857
	-0.014992373	-0.005819725065	0.0009289526434	-0.001494208465	0.009096532915
	-0.008998852107	0.1925600295	0.2096859396	0.2316623372	0.2468685611
	0.01833197494	0.01684735952	0.02863025161	0.007120935824	0.2880604455
	0.2644395079	0.2774463397	0.2976932257	0.3085094356	0.3081413386
	0.3040551874	0.3010584827	0.03976568721	0.03889869706	0.05171963304
	0.02744623912	0.2984711023	0.287268563	0.2892039964	0.3014200974
	0.06382627833	0.07753753288	0.05103754372	0.06432345197	0.09088673262
	0.1053299043	0.07712490514	0.09122434393	0.1049912406	0.1344100975
	0.1197429075	0.1193899627	0.1642254219	0.1339858118	0.1487381634
	0.1492477484	0.256580165	0.2725397077	0.2579307032	0.2740380127
	0.194516234	0.1793042144	0.1785322893	0.1635877361	0.1935839697
	0.2088399989	0.2243857988	0.2415753731	0.2255813061	0.2403258919
	0.2099010512	-0.001943951162	-0.001664480114	7.211987371e-34	2.786538088e-34
	-0.00784401651	-0.006296965598	-0.004424738229	-0.005633966101	-0.01738526841
	-0.01458626596	-0.01177145215	-0.009506089437	1.277694209e-36	0.005321759072
	-1.193607062e-36	0.010323865	-0.0241113839	-0.03020645144	-0.02536196301
	-0.02037160632	0.05965907735	0.03099498928	0.02169089707	0.04635289451
	0.1153036382	0.1331529932	0.09389586188	0.07810792785	0.1747410184
	0.1562354616	0.1972613613	0.2148936905	-0.02863123421	-0.03646790107
	-0.02922859416	-0.03471075677	-0.02779752408	-0.03324162781	-0.03606374092
	-0.02411863699	-0.02874924214	-0.01886751164	-0.02254177176	-0.01201990487
	-0.006472092621	-0.00400488307	0.005168921439	-0.01511395835	0.2640928834
	0.2344865053	0.2765988544	0.2503684959	0.003108997896	0.01524634745
	0.01360691599	0.02621395613	0.2835495161	0.2931584583	0.2985341099
	0.2923384517	0.2826743598	0.2850824876	0.2911180899	0.2951762671
	0.03789773081	0.0368148127	0.02485451759	0.05026694289	0.270937598
	0.2692709613	0.2538556578	0.2552396207	0.06243263272	0.07659905516
	0.04935689992	0.06318385881	0.08978947157	0.1045276338	0.07592758668
	0.09039962005	0.1039196537	0.1188911422	0.1334354162	0.1182657995
	0.1628296252	0.1473221994	0.1327478062	0.1480916215	0.2389925785
	0.2377024636	0.2218550213	0.2231516655	0.1619454161	0.1925521256
	0.1766296919	0.1776342198	0.1914151591	0.2076686855	0.206447954
	-0.003393490875	-0.002779413953	1.130320591e-33	4.461172058e-34	-1.971383627e-36
	-0.001385989693	-6.228490727e-36	0.001620803565	-0.0121786793	-0.01002621657
	-0.007256645725	-0.009357815245	-0.02349365212	-0.02048794178	-0.0171322898
	-0.0142845546	-0.03975994829	-0.03505283945	-0.02788997514	-0.03166781129
	0.03464640892	0.01337821231	0.006899344236	0.02395419136	-0.04075782098
	-0.0508085246	-0.04365285196	-0.04667352487	0.04918441203	0.08102868387
	0.09796876055	0.06289542167	0.1374126682	0.1187364984	0.1592492442
	0.1785344366	0.1991724216	0.2339956745	0.2495988391	0.2175860885
	-0.04432001774	-0.05155672409	-0.0423703642	-0.05257641512	-0.04861218257
	-0.03864154176	-0.04368546778	-0.03307366717	-0.02621897281	-0.02974992927
	-0.01808585758	-0.03739005747	0.001068316733	-0.008987009546	-0.02109837751
	-0.01147010051	0.2759851666	0.2846244749	0.2729190967	0.2602431155
	0.01189028553	0.02345853579	-0.001041588388	0.01014709607	0.280726241
	0.2765165657	0.2797846583	0.2865417382	0.2674840519	0.2654766751
	0.2510981862	0.2524987925	0.02197378649	0.03563365202	0.04837456716
	0.03438955544	0.2363697444	0.2351319559	0.2192820201	0.2205784247
	0.07516125999	0.0606177693	0.04728880385	0.06156867223	0.0882308454
	0.1032059974	0.07428335106	0.08906000279	0.1175217057	0.1023793148
	0.1166729532	0.1319513797	0.145451204	0.1310447777	0.1464388782
	0.1609564515	0.2038520754	0.1743295246	0.2051479874	0.1755207304
	0.1902072338	0.1889242389	0.1598651538	-0.006479529442	-0.00488105941
	1.77630498e-33	6.931898286e-34	-2.997789373e-36	-0.004395884421	-7.190305367e-36
	-0.003178782075	-0.0196405029	-0.01571693175	-0.01251476839	-0.01682056422
	0.001525428444	0.007856230016	0.01530115321	-0.002063710559	-0.03120261976
	-0.02723873888	-0.0251980756	-0.02061440124	-0.04947549869	-0.04459569379
	-0.03567236784	-0.04007420286	-0.05262413323	-0.06505097025	-0.05790697406
	-0.05851786026	0.025804847	0.05075912844	0.06544684509	0.0364738046
	-0.0608636467	-0.07010772961	-0.06914696038	-0.06076709052	0.1002466763
	0.08285977238	0.119979734	0.1396414547	0.1799514297	0.1598952674
	0.1980296557	0.2165174989	0.2303640786	0.2535233888	0.2653436507
	0.2463786761	-0.05865628501	-0.065216898	-0.06881966577	-0.05436641915
	-0.048638345	-0.05331900528	-0.04146186222	-0.0600289862	-0.0366361552
	-0.03325055265	-0.02401061352	-0.04550052859	-0.003126788941	-0.02692778147
	-0.01396548919	-0.01642436424	0.2674915601	0.2656607438	0.2723332376
	0.274110618	0.008361344346	0.006565951514	0.02046719395	-0.005243135224
	0.2604300297	0.2632448626	0.2481017723	0.2496573635	0.2338822863
	0.2180780989	0.2168978124	0.232734819	0.03307950317	0.03172694336
	0.01890750354	0.04614877871	0.1876172489	0.2025180498	0.2012677571
	0.1862760102	0.058487654	0.04493879769	0.07333091719	0.05958484864
	0.08731140886	0.1014673054	0.08631545191	0.07229858093	0.1004710915
	0.1300468657	0.1157314965	0.1147058895	0.1432085351	0.1289637213
	0.1586891508	0.1574365021	0.1717454588	0.1443724231	0.1730595932
	-0.01293632304	-0.009273985544	2.916530256e-33	1.104028544e-33	-0.00468439061
	-2.557681118e-36	-0.004579432769	-5.571654354e-36	-0.03493506218	-0.02659207548
	-0.02334720169	-0.03307565893	-0.004620630378	-0.00159241235	0.002520523985
	-0.005751281418	-0.04361539061	-0.0368714829	-0.04032459312	-0.03114273306
	0.01643071744	0.009298781625	0.02674328458	0.03810550461	-0.05157974199
	-0.06070337601	-0.05477206885	-0.04510608323	-0.07090283108	-0.06460070427
	-0.07947131622	-0.072109005	-0.0775147369	-0.08899506137	-0.07942671563
	-0.08584669674	0.06622670341	0.05155026615	0.08260005559	0.1009988405
	-0.07911483117	-0.08736955142	-0.0761612927	-0.08952054387	0.119237785
	0.1576717239	0.1781795588	0.1394602705	0.2239223405	0.1940827944
	0.2393798066	0.2131452685	0.2610940459	0.2441168264	0.253656578
	0.2560699672	-0.08332263963	-0.06529235719	-0.07157659527	-0.07750744016
	-0.05787796301	-0.0622202849	-0.07043762349	-0.049339722	-0.0399600384
	-0.05311080514	-0.02974971028	-0.04317571519	-0.01886283347	-0.007323989621
	-0.02125216988	-0.03253860777	0.2571442047	0.2526431557	0.2440871434
	0.2462547405	0.004758721915	0.002959009122	-0.009401382858	0.01734128067
	0.2315582725	0.230347442	0.2148753312	0.2158674319	0.1849851499
	0.2000289702	0.1837140686	0.1989692229	0.03033736474	0.01575306714
	0.04369266818	0.02892454834	0.1561288999	0.1703859714	0.1547757612
	0.1690464791	0.05733630871	0.07121159258	0.0561416904	0.04240578762
	0.07007218946	0.08525542863	0.09940820319	0.08413923941	0.1124491996
	0.09828571121	0.1278057895	0.1136109952	0.1406816209	0.1419760762
	0.1265850125	-0.02643942334	-0.01937482386	4.957477843e-33	1.847561791e-33
	-0.003915982942	-1.390902697e-36	-0.00305143129	-2.77043711e-36	-0.06974475606
	-0.04995960932	-0.04660456124	-0.06865323233	-0.006062217362	-0.005493204533
	-0.005149608783	-0.003892066631	-0.06822842772	-0.05404680219	-0.07272292506
	-0.05233371964	-0.0001328354799	0.01023354965	0.01774599865	0.003556450455
	-0.07694754992	-0.06764640673	-0.05959289023	-0.07134537611	0.0381287887
	0.02717424581	0.05042252741	0.06591521941	-0.08568865321	-0.07784790686
	-0.09499936884	-0.0867118526	-0.09441449119	-0.1082823648	-0.1029426588
	-0.09840464003	-0.1001197697	-0.1102588212	-0.09864075639	-0.1107564682
	0.08074246848	0.09927449538	0.1158070737	0.1367479148	-0.0952933456
	-0.10259636	-0.1074794651	-0.08989152924	0.2062226145	0.1530093606
	0.1873262724	0.174059079	0.2148667888	0.243961416	0.2328629354
	0.2307599753	0.2472646061	0.237366974	0.2398489449	0.241081604
	-0.08320908302	-0.08856706234	-0.09623927773	-0.07526008416	-0.07992829678
	-0.05670505763	-0.0664159767	-0.07041987706	-0.06019423562	-0.04630079969
	-0.0493129152	-0.03522919434	-0.02359333372	-0.02587309169	-0.03785413995
	-0.01143288212	0.2139937664	0.2289723211	0.2130701681	0.2271338099
	0.001172840561	0.01417181034	-0.01343338272	-0.0005915522064	0.1979611213
	0.1971839906	0.1815552764	0.1825955207	0.1534188234	0.1664921516
	0.1677076706	0.1520597586	0.02749893106	0.02606654699	0.04109904539
	0.01259344883	0.1239881748	0.125307038	0.1393432933	0.1379805852
	0.05491642823	0.05366560372	0.06889534935	0.03977531399	0.09589750439
	0.08298093296	0.06768834267	0.1099747835	0.08178230101	0.09711155157
	0.1112381491	-0.03706103486	-0.03865642516	9.999644123e-33	3.033986099e-33
	-0.1500804456	-0.1030267563	-0.1002921621	-0.162202963	-2.007607352e-37
	-0.002026235476	-1.152394658e-37	-0.001017332448	-0.004392873963	-0.003036198282
	-0.004464891323	-0.005149801916	-0.1230486315	-0.09010242673	-0.1470870352
	-0.09935814555	-0.003470891866	0.001157811786	0.004992371421	-0.002572228406
	-0.1065342347	-0.08848569554	-0.08709219242	-0.1113058249	0.01776974973
	0.01086257927	0.0259835723	0.03740725994	-0.1079945205	-0.09554768303
	-0.1143704511	-0.1033297587	0.06319569247	0.04810407692	0.07644234648
	0.09572251862	-0.1121515439	-0.1282900357	-0.1178432823	-0.1216651805
	-0.1216611525	-0.1338383354	-0.1218482582	-0.1325219681	-0.1325327186
	-0.1199203092	-0.1287370972	-0.1154913461	0.1668270013	0.1103775556
	0.1455914833	0.1315526391	-0.1095444842	-0.1159908335	-0.1231529519
	-0.102111252	0.2037231075	0.2190676683	0.1781306838	0.1975623495
	0.2310856331	0.2319628292	0.2253303007	0.2195932927	0.2211723426
	0.2247954519	0.210551821	0.2119683244	-0.1077236734	-0.0843236419
	-0.09367917086	-0.09849884968	-0.08853091787	-0.07425407454	-0.06351666866
	-0.07790500134	-0.052211026	-0.05499076074	-0.04037744248	-0.06670505266
	-0.03022529623	-0.02808408495	-0.01538051035	-0.04281217485	0.1957773076
	0.1964349471	0.1800662	0.1807607378	-0.002323403637	0.01103287449
	-0.01727722194	-0.004022773053	0.1507858623	0.1644338766	0.1653355223
	0.1495714691	0.1226395889	0.1366073685	0.1352822931	0.121278231
	0.02464017964	0.02322027859	0.03844519589	0.009493698809	0.1086801725
	0.09336510781	0.107351468	0.09464327079	0.03711631603	0.05240267723
	0.06645707221	0.05112772795	0.08055878299	0.06521247562	0.07930581462
	-0.1941770347	4.258842608e-33	-0.0003112388174	-1.892044096e-34	-0.2332784574
	-0.2440500107	-0.2107024067	-0.170740062	-0.001570435776	-0.003194469767
	-0.0008627745238	-0.003499286976	-0.1470548881	-0.1302144615	0.005496369224
	0.01728293124	-0.1259127031	-0.1267943994	0.05931100626	0.03457691385
	-0.1329781505	-0.138599945	0.1239485265	0.08962452687	-0.1438195787
	-0.1456843604	-0.1421312475	-0.1453734254	-0.1301559208	-0.1370477161
	0.1858484003	0.1576504305	-0.1129484087	-0.1220716972	0.2064552969
	0.21610857	0.2165052334	0.2082533378	0.1949580525	0.179580549
	-0.1030574059	-0.0924953612	-0.08136925338	-0.06973304275	-0.0576420067
	-0.04514466756	-0.03228510059	-0.01911611718	0.1636350115	0.1485722514
	-0.005676782875	0.007980526524	0.1199434878	0.1339974765	0.09205953864
	0.1060128355	0.02182009782	0.03579116307	0.07804133766	0.04985441358
	0.06395222639	0.1186414607	0.1046792301	-0.4191574834	0.09074686286
	-0.001788839061	0.07675608708	-0.002677876353	0.06269084735	0.04857792604
	0.03448043961	-0.168851224	-0.001848289039	0.02043629295	-0.1453778741
	-0.1462408545	0.002223431507	0.006501687612	-0.007290703467	-0.02089242941
	-0.1580330749	0.01023786029	-0.03427076049	0.02397655661	-0.04737564752
	-0.06017314238	-0.1446677243	-0.1367676624	-0.07261024343	0.04371038087
	-0.08465463574	0.0706877155	-0.09624947426	-0.1073522194	-0.1178866224
	0.1023948261	-0.127736451	0.1360864505	-0.1512145118	0.1666544727
	-0.1558320153	0.1904678472	-0.1582753301	-0.1552495603	0.2052296516
	-0.150802864	0.2095023888	-0.1512093868	0.2051194653	0.1936780696
	-0.2014243182	-0.2484150869	-0.3073496733	0.179081502	-0.387823027
	0.1631627975	0.147699706	-0.0004751204919	0.132888038	-7.580491036e-34
	-2.898481329e-33	-0.4597130211	-1.635093127e-33	-0.0005129324904	-3.790477587e-34
	-0.3577182399	-0.4892808719	-0.2238598073	-0.2802724633	-0.001616393758
	-0.001704752881	0.005604969549	0.0001466247762	-0.1704052499	-0.1891840145
	0.03110285486	0.01516143887	-0.1643301709	-0.1643118026	0.05307247388
	0.08202252326	-0.167858601	-0.1702999364	0.1458169549	0.1142181109
	-0.1713997425	-0.1695490304	-0.1594339951	-0.1655955298	-0.1517755682
	-0.1428534152	0.1729473495	0.191334647	-0.1330321214	-0.1224937353
	0.2000176023	0.2008947981	0.1917764478	0.1783995967	0.1627396629
	0.1471534438	-0.1113789791	-0.09978016238	-0.07533427996	-0.08774697759
	-0.06257067109	-0.04950679608	-0.03616922993	-0.02260887765	0.1174750062
	0.1318841864	-0.008851502923	0.005054614737	0.1033709309	0.08943553336
	0.06141991652	0.07547252435	0.03317981813	0.01908161708	0.04731288014
	0.07418593823	-0.001172655767	0.06015836789	0.04604981748	-0.0005216127718
	-0.3989432395	0.03190274118	-0.3084975152	0.01774981997	0.002331437601
	0.003650452241	-0.01036713274	0.009061352621	-0.1827724434	-0.1819387987
	-0.0242561239	-0.03799225169	0.020383972	-0.05153154335	-0.06485043537
	0.03846673697	-0.07790232135	-0.09066660917	0.06277210176	-0.1030925986
	-0.158315276	-0.1151603014	0.09288016388	-0.1268037168	-0.1379669657
	0.124304295	-0.1485337781	0.1532404815	-0.16709813	-0.1744594117
	0.1757395534	-0.180098279	-0.1835098146	0.1892169398	-0.1845638564
	-0.1836943491	0.1934443148	0.1883519657	-0.1896968137	-0.2095509318
	0.1773233491	-0.2476132541	0.162431508	-0.5401787516	0.1467405606
	-0.4364301734	0.1312126322	-0.0004477037095	0.1164104293	0.1021567774
	0.08814514424	-8.963351822e-34	-7.581487298e-34	-0.4693548234	-3.403443793e-34
	-3.781405086e-34	-0.000347032331	-0.5754256384	-0.4378400829	-0.2680776422
	-0.3314985497	-0.000640291886	0.0007602215906	0.01271227955	0.004539990754
	-0.228144444	-0.2080214921	0.02579380411	0.04624018078	-0.1981809787
	-0.2001343195	0.07228893427	0.102647525	-0.1984426147	-0.197398585
	0.1325741725	0.1575727819	-0.1947003774	-0.1895773348	-0.1740715308
	-0.1826348446	-0.1643577264	-0.1537754767	0.1757280624	0.1839134389
	-0.142540956	-0.1308190081	0.1751239225	0.1836281529	0.1465543763
	0.1618787614	0.1306772945	0.1156357628	-0.1061981004	-0.1186781302
	-0.08032676417	-0.09339694345	-0.06699873483	-0.05346104357	-0.02584307387
	-0.03972713897	0.08692810641	0.1010267103	0.002281575126	-0.01182537479
	0.07292296514	0.05890022321	0.04480672413	0.01645356394	0.03063934418
	-3.854293399e-05	0.02940678862	0.002028928077	0.01518403058	0.0009614143925
	-0.4640617577	-0.01323521052	0.006814181042	-0.02735769015	0.0164630108
	-0.2469251048	-0.04138710528	-0.05528459657	-0.06903456819	0.03164851054
	-0.08259842448	0.05407098581	-0.2092647365	-0.09596406542	-0.1090894574
	-0.1219667247	0.08136538303	-0.1900597752	-0.1345416441	0.1110619683
	-0.146791063	-0.1586189779	-0.1699169196	0.1381580374	-0.1804962737
	0.1593281451	-0.1983038631	-0.2047896732	0.1725391376	0.1761818794
	-0.2119054135	-0.2133812687	-0.2166593841	0.1718639664	-0.2253788412
	0.1606620489	-0.2884731346	-0.3565896471	0.1463045805	0.1305070405
	-0.5958074486	-0.4627208756	0.1150257034	0.1001455835	0.04357367817
	-0.0001710987512	0.08578453901	0.07170942993	0.05766789488	-9.570152278e-34
	-7.546407646e-34	-0.4532730247	-4.404846757e-34	-3.756515641e-34	-5.466175514e-05
	-0.607697114	-0.4913752602	-0.3074226934	-0.3770252409	0.0005195204443
	0.003306429151	0.02056912884	0.009137118596	-0.2639931031	-0.2419288262
	0.03764752932	0.06184390621	-0.2272751779	-0.2318915504	0.08955737847
	0.117401188	-0.2199088415	-0.2242351371	0.1580560065	0.1414893236
	-0.2061547602	-0.2139966009	-0.1863478463	-0.1968390491	-0.1630809082
	-0.1750077876	0.1662012575	0.1669073455	-0.1379973481	-0.1506987794
	0.158581591	0.1456683269	0.1303385527	0.1147849372	0.09941183412
	0.08485082006	-0.1250056082	-0.1117908424	-0.08473763836	-0.09835244791
	-0.07094524807	-0.05701817086	-0.02881203649	-0.04296031627	0.05648113825
	0.07056274083	-0.0003210281949	-0.01458478709	0.02819445872	0.0423743677
	0.01395594197	0.004593601527	-0.00154927969	-0.4356051674	-0.01588304899
	-0.03019183286	0.01168344932	-0.04445916315	-0.3993815311	0.02483642349
	-0.05864843166	-0.07274964599	-0.08673179053	0.04393044435	-0.2460804045
	-0.2400049513	-0.1005893252	0.06914467493	-0.1142897961	-0.1278325468
	-0.1411753223	0.09625897145	-0.1543117945	-0.2029786608	0.1217846048
	-0.1671650709	-0.1796748075	-0.1916811249	0.1419551484	0.1544212613
	-0.2132884003	-0.2222499382	-0.2295863039	0.158833553	-0.2353354101
	0.1545320606	-0.2573040479	0.1444307541	-0.280928276	0.1301223998
	-0.3258111601	-0.5087681925	0.1146534229	-0.6078730866	0.09907061975
	0.08406216134	0.0001260495959	0.01275997097	0.06958292315	0.05535501909
	0.04121441858	0.02702365057	0.001073508614	-6.966266223e-34	-7.485406826e-34
	-0.4221944452	-3.119626486e-34	-3.722059835e-34	0.000223779858	-0.5266318115
	-0.6040990262	-0.4183300052	-0.3434356463	0.001603027796	0.006003237023
	0.02944469177	0.01436243252	-0.2717072695	-0.2963336429	0.05001325592
	0.07557151547	-0.2590299236	-0.2515120864	0.1014568334	0.1236584341
	-0.2453945628	-0.2382210524	0.1482775932	0.1401965252	-0.2196881785
	-0.2297028448	-0.2085275335	-0.1965214939	-0.1709090212	-0.1839082563
	0.1415831012	0.1488983227	-0.1576067187	-0.1441108638	0.1146003106
	0.1294481045	0.09884872861	0.08362949911	0.06873251811	0.05437396726
	-0.1304283273	-0.1166156503	-0.08860381311	-0.1026605377	-0.06019218555
	-0.0744356355	-0.04587172863	-0.03150960531	0.02589803626	0.04011751982
	-0.0171166015	0.01161550422	-0.002734305745	-0.04720764976	0.01738150552
	-0.4054305357	-0.06163363784	-0.07601914498	0.03404302032	-0.0903385132
	-0.1045910266	0.05578933123	-0.1187532215	-0.1328294093	0.08087938528
	-0.146788416	-0.2709019148	-0.1606327428	0.1044607317	-0.1743016939
	-0.2459614426	-0.1877627432	-0.2363259038	0.123458153	-0.2008819901
	-0.213518804	0.1359302927	-0.2254269255	0.140235948	-0.2543327695
	0.1373922844	-0.2619260222	0.1276320457	-0.285112517	-0.3114932057
	0.1143061924	-0.3600210332	-0.4372793903	0.09888801015	-0.5358360966
	-0.5958526141	0.08336090954	0.06820804865	0.0003892557134	-0.03274842411
	0.05351121573	-0.01829274095	0.03913838573	0.02483632042	0.01052165474
	0.002180559747	-0.003856432822	0.007500328406	-5.818044405e-34	-7.408487e-34
	-0.3900487956	-2.641811943e-34	-3.68016248e-34	0.0005011672591	-0.5860720077
	-0.5463390806	-0.3761215677	-0.4535096051	0.009229473453	0.002789118636
	0.02045434799	0.03863503956	-0.2974252758	-0.3252143679	0.08458716291
	0.06085859406	-0.2712399285	-0.2816620069	0.1056816466	0.1208635182
	-0.2623608491	-0.2528145833	0.1303785705	0.1297471436	-0.2305377433
	-0.2422386514	-0.2048076792	-0.2179740812	-0.1773866221	-0.1912187844
	0.1131387151	0.1246271627	-0.1633658188	-0.1492445167	0.08337415291
	0.09875670383	0.05293422385	0.06783408229	0.02388529507	0.0382693705
	-0.1350173685	-0.1207310598	-0.1063664346	-0.09195654035	-0.07748697802
	-0.06298658999	-0.04845323726	-0.03391799306	-0.004917649842	0.009499099806
	-0.01939498207	0.02375827171	-0.09344012711	0.04284968602	-0.1080062225
	-0.1225315593	-0.5495708122	-0.1370237348	0.0648654815	-0.1514611979
	0.08674593021	-0.3387663985	-0.1658513756	-0.1801467357	-0.2914620966
	-0.1943308189	0.1046123543	-0.2082915849	0.1164137057	-0.2219335267
	-0.2350453679	-0.2474226497	0.1216337028	-0.2588628322	0.1191607136
	-0.2693993734	-0.2796015688	0.1110628633	-0.309002359	0.09812855349
	-0.3907205757	-0.4685512822	0.08336012945	0.06780349598	-0.574033504
	-0.3749193991	0.05251516103	0.03764472972	-0.07884953824	0.0006815904506
	0.0230353918	0.008575901659	-0.005901293726	-0.02042481132	0.00352561802
	-0.0350000353	0.01102677387	-0.04961377868	-0.06423305268	-4.891438355e-34
	-7.315255297e-34	-0.3605001333	-2.272773808e-34	-3.628669981e-34	0.0008470738969
	-0.5545846603	-0.5617361955	-0.4050141336	-0.481358761	0.004292937927
	0.0130293312	0.04651710222	0.02687466531	-0.35088733	-0.319493759
	0.06774508715	0.08696989298	-0.287015792	-0.3002902626	0.1099785745
	0.1018082318	-0.2756689558	-0.2641639454	0.1120163936	0.1067975475
	-0.2519859383	-0.2390090057	-0.2254086487	-0.2113849298	-0.1826235654
	-0.1970764018	0.08299089989	0.09671676986	-0.1680649587	-0.1534702697
	0.05240696988	0.06775996419	0.03715653041	0.02239726574	0.007750519561
	-0.006784900355	-0.1241771913	-0.1388290156	-0.09480316367	-0.1094940595
	-0.06538078202	-0.08009169695	-0.05067457848	-0.03599750276	-0.02136784313
	0.04940162435	-0.125648602	-0.3469739267	-0.140456641	-0.1552519649
	0.06900405008	-0.1700442861	0.08557873924	-0.1847970885	-0.1995033197
	-0.3630264809	-0.2140703809	0.09702158547	-0.3083867766	-0.2284348774
	0.1020465286	-0.2424245974	-0.2559054382	-0.2687562499	0.1010763389
	-0.2810923689	0.09355151069	-0.2936568894	-0.3295177777	0.08209078912
	0.06760126675	-0.4175001327	-0.4924789807	-0.5534587043	0.05236165562
	-0.5481007602	0.03697150858	0.02188620631	0.001066728367	-0.1108414814
	0.007101025813	-0.007575955575	-0.08121761873	-0.06641382316	-0.02221264181
	-0.03689948788	0.005221955566	-0.05163699172	0.01497561762	-0.09602724687
	0.02989951995	-4.275888169e-34	-7.198908041e-34	-0.3334303464	-2.007238515e-34
	-3.564336027e-34	0.001294665864	-0.5542050216	-0.5346325517	-0.4297938401
	-0.5017085863	0.006118694745	0.0169587159	0.05123294195	0.03244115451
	-0.3385622096	-0.3736951087	0.06894444398	0.08231284589	-0.2995284168
	-0.3156566551	0.09261232256	0.09073242698	-0.2727378303	-0.2859003952
	0.07967326559	0.0890352661	-0.2592993786	-0.2453709601	-0.2164013447
	-0.2310287151	-0.1867033096	-0.2015919576	0.05223800493	0.06698342778
	-0.1717656598	-0.1568296905	0.0368280212	0.02162116346	0.006551780388
	-0.008220447118	-0.02296931826	-0.03770230947	-0.1418865443	-0.1269591285
	-0.09711886991	-0.1120322952	-0.06733650694	-0.08221560736	-0.05249592756
	-0.1732571058	0.06712560107	-0.1883224214	-0.2033793904	0.0776190144
	-0.549658526	-0.218356091	-0.5090432019	-0.2332133473	0.08290093737
	-0.2478283171	-0.2621333647	0.08205408948	-0.2761259713	-0.2900327636
	0.07619433343	-0.3048482714	-0.3225062061	0.06524918441	-0.3473927677
	-0.384614747	0.05184860535	-0.4401274921	0.03672530545	-0.5198831791
	0.02142654557	-0.3208838126	0.006208127603	0.001548667993	-0.1581854459
	-0.008781895723	-0.1431338125	-0.02361064661	-0.03842291816	-0.05325661827
	0.00715046651	-0.06814904508	-0.08309112524	0.01871424686	-0.09806856902
	-0.113073018	0.03445755951	-0.1280935782	0.05199641699	-3.78579431e-34
	-7.053708858e-34	-0.3077693126	-1.788426886e-34	-3.485609753e-34	0.001816792015
	-0.5053930969	-0.5467476696	-0.514702507	-0.4502907083	0.008057776784
	0.02024691276	0.05141166568	0.03575379218	-0.3940086799	-0.3554214953
	0.06401982426	0.07133416485	-0.3096086736	-0.3286853748	0.07385151814
	0.07043544845	-0.2937274813	-0.2790572896	0.05050238262	0.06257003662
	-0.2499014277	-0.2645599077	-0.2199959593	-0.2350306891	-0.1896888488
	-0.204861202	0.02123967361	0.03637962274	-0.1745047781	-0.1593381905
	0.005887734317	-0.009212347212	-0.02420772961	-0.0390663611	-0.06887208503
	-0.05394994278	-0.1441880295	-0.1290635729	-0.09888989069	-0.113961991
	-0.08385603525	0.05934873327	-0.2213056044	0.06390311919	-0.2364919106
	-0.2515709948	-0.2665399543	0.06367983651	-0.2815601513	0.05801294209
	-0.2969820659	-0.4038410949	-0.3141001903	-0.3348210092	0.04851166417
	-0.3634401618	0.03539403315	-0.4583982747	-0.5182990246	0.0209433123
	-0.5390889166	0.005611527006	-0.4893667706	-0.2954487145	-0.009620316103
	-0.02473180381	-0.2060664896	0.002077186319	-0.03969239635	-0.05460380411
	-0.1602858126	-0.06954380049	-0.08454362705	0.009015585999	-0.09960474972
	0.02138934149	-0.1147211426	-0.1298767773	-0.1450681056	0.03612638467
	0.04970460467	-0.1755335403	-0.1907939435	-3.367823868e-34	-6.87944395e-34
	-0.2821653719	-1.590111839e-34	-3.394078775e-34	0.002340130845	-0.473538667
	-0.5326563064	-0.4662434135	-0.5202878974	0.009757900814	0.02203063577
	0.0466033696	0.03567139498	-0.3708784975	-0.4121288959	0.05521869096
	0.05356168903	-0.3404425916	-0.3182807661	0.05256006845	0.04487349007
	-0.3000175167	-0.2838114463	0.02009914049	0.03387695789	-0.2682855398
	-0.2529875087	-0.2223759868	-0.2376962737	-0.2070343198	-0.1916922455
	0.005214766441	-0.01005951657	-0.1610686665	-0.1763666821	-0.04034308907
	-0.02530517778	-0.05530400042	-0.07024117136	-0.08522095384	-0.1002786632
	-0.1305785043	-0.1458034293	-0.1153970094	0.04566883741	-0.2541616336
	-0.2697830412	-0.2858945771	0.04066573413	-0.3029582506	0.03116463964
	-0.5199888877	-0.3225505146	-0.3464445461	-0.3784188434	0.01900742324
	-0.4208379498	0.004508060908	-0.4718140552	-0.5217836816	-0.01052768102
	-0.4557894075	-0.02591895858	-0.26943779	-0.04106391771	0.002561783008
	-0.2386617071	-0.05610392861	-0.07103088543	-0.2078072097	-0.19241394
	-0.08598603198	-0.1009848494	0.01040757397	-0.1160755106	0.02216658229
	-0.1312306729	-0.1464574871	-0.1617319211	0.03407703507	-0.1770555743
	0.04252489398	-0.2232234827	0.0465363232	-2.976928344e-34	-6.683886408e-34
	-0.2555038213	-1.398293543e-34	-3.295795035e-34	0.002757104035	-0.5116170984
	-0.4381620579	-0.476950905	-0.518006025	0.01077785103	0.02158827001
	0.03168647095	0.03719531276	-0.4279665549	-0.3855629086	0.03861901349
	0.03517550944	-0.3520429963	-0.3267833216	0.0280527086	0.01697303263
	-0.2880188851	-0.3059472245	0.003675451765	-0.01124462434	-0.2553181359
	-0.2713163622	-0.224012736	-0.2395853709	-0.1930864446	-0.2085150246
	-0.04192004403	-0.02658431985	-0.1777089172	-0.1624003403	-0.07204953987
	-0.05706953665	-0.08694793763	-0.1018942835	-0.1168792531	-0.1471442964
	-0.1319820749	-0.3093118959	0.01493304213	-0.2419007289	-0.3315031331
	-0.3584198401	-0.4971869589	0.00236539131	-0.3927439262	-0.4351720988
	-0.01181328807	-0.4793533687	-0.5133668812	-0.02729879782	-0.4182246915
	-0.0427474508	-0.05818991553	0.002878412649	-0.290370013	-0.07326459731
	-0.2729557182	-0.08823163432	-0.1030756427	-0.1179918194	0.01087360435
	-0.1329495301	-0.2092649274	-0.1938172166	-0.1480339487	0.02047100916
	-0.1631957365	-0.1784651265	0.02817276676	0.03112577245	-0.224831878
	-0.2405393768	0.02979242535	-0.2565418502	0.02406587477	-2.592575251e-34
	-6.485601014e-34	-0.2270210624	-1.206164305e-34	-3.202646333e-34	0.002938750656
	-0.4828598219	-0.3983614047	-0.48102905	-0.5068283109	0.01067807601
	0.01854207422	0.02404742347	0.02400206649	-0.3995272183	-0.440628391
	0.01228411219	0.02030766807	-0.3643564076	-0.3364152354	-0.01256818286
	0.001289863461	-0.2931372279	-0.3129952457	-0.04353703344	-0.02769937831
	-0.2750135986	-0.258139405	-0.225966772	-0.2418314381	-0.1948730591
	-0.2103092084	-0.05927708836	-0.07471336655	-0.1643921643	-0.1795422386
	-0.08981431638	-0.1047333546	-0.1195272796	-0.1344092197	-0.1493123645
	-0.01264688116	-0.4059545883	-0.02779992678	-0.4453502661	-0.4792355087
	-0.4971160217	-0.04371064849	-0.4644311179	-0.06009644789	-0.3759281838
	-0.2122960772	-0.07600800469	-0.09160648723	-0.3712327459	0.002893421152
	-0.1066968207	-0.1216241268	-0.296615064	-0.1363821893	-0.1512273076
	0.01003076876	-0.1661200929	-0.2436383206	0.01615047032	-0.1811955832
	-0.196422073	-0.2118671125	0.01888304937	-0.2275854819	0.01648577568
	-0.2602881034	-0.2776987526	0.01020777808	0.0001149673179	-0.3175562824
	-0.3420900854	-2.205877637e-34	-6.31523132e-34	-0.1964081649	-1.012896878e-34
	-3.132148931e-34	0.002766303478	-0.3535453081	-0.4454613045	-0.4762503209
	-0.485151207	0.009144374922	0.01297417645	0.01331943447	0.008200682791
	-0.4478951351	-0.4115831469	-0.0003011916964	-0.0124637654	-0.3479508675
	-0.3773399958	-0.04321132222	-0.02690357879	-0.3008184448	-0.3225211988
	-0.07684055803	-0.06003411038	-0.2632842979	-0.2811743117	-0.2300507753
	-0.246261451	-0.2142089783	-0.1988272355	-0.09313962999	-0.1088556987
	-0.1686966458	-0.1836077466	-0.1240717332	-0.1390358998	-0.1538066049
	-0.05875316283	-0.4687963984	-0.1806158502	-0.4694571942	-0.4226702021
	-0.07639700083	-0.3286380394	-0.09385190534	-0.1105004387	0.002503215395
	-0.4483926386	-0.1265381745	-0.1419228446	-0.3838769049	-0.3543698952
	-0.1570379432	-0.1719451918	0.007692552584	-0.1869508336	-0.2857347521
	0.009495289671	-0.2020913314	-0.2175574412	-0.2334521867	0.007053490155
	-0.2499169135	-0.0003117358962	-0.2672737498	-0.3060189222	-0.01113879737
	-0.3285716932	-0.02517952316	-0.4158720297	-0.04122937933	-1.816925803e-34
	-6.211776053e-34	-0.1639221289	-8.217964552e-35	-3.104324225e-34	0.002167603248
	-0.3987550284	-0.3037592977	-0.4511391858	-0.4595313933	0.006114805004
	0.005379575297	-0.009219548345	0.0006040977988	-0.4184423463	-0.4459245567
	-0.02208625228	-0.03798728525	-0.3603603182	-0.3887911811	-0.07423530062
	-0.05558562629	-0.311764661	-0.3345292632	-0.09285679947	-0.110915141
	-0.2722365125	-0.2910083035	-0.2545218077	-0.2379201806	-0.2218050096
	-0.2063019372	-0.1445687142	-0.1281625284	-0.1909253118	-0.1757412425
	-0.1603278494	-0.2768892764	-0.1090664556	-0.1475218888	-0.1279540653
	0.001675403412	-0.3715650218	-0.1458431607	-0.4286793373	-0.1628616611
	-0.1791478733	-0.1950566674	0.003962481295	-0.2108031951	-0.3925373974
	-0.3656890162	-0.226720039	0.001149651134	-0.3179398834	-0.2430241705
	-0.2599822595	-0.00625787853	-0.2779091112	-0.2970838495	-0.0180839209
	-0.3408251565	-0.03301824798	-0.05059403404	-0.4178930213	-0.4397482475
	-0.06966714795	-0.4447473597	-0.08950559952	-1.431350977e-34	-6.213395892e-34
	-0.1305312422	-6.350634889e-35	-3.135738244e-34	0.001153914798	-0.250094474
	-0.3429587509	-0.4034683009	-0.4274992847	0.001835675992	-0.003462306105
	-0.01300699908	-0.02693421128	-0.4295634305	-0.4142893628	-0.04366444415
	-0.06283048648	-0.3930827139	-0.3690087051	-0.1042364037	-0.08329978688
	-0.3233211934	-0.3454674094	-0.1445683554	-0.1248552733	-0.3025948122
	-0.2834514092	-0.2480645926	-0.2652643285	-0.2147680771	-0.2312574276
	-0.1633318333	-0.1981259332	-0.1810757092	-0.1396896206	-0.1603655659
	0.0004716059427	-0.1800372194	-0.1986984713	-0.3120145157	-0.216665274
	-0.23420616	-0.0007635165799	-0.2516850175	-0.4140955237	-0.008001864896
	-0.2694420228	-0.2877377051	-0.3069230743	-0.01981559839	-0.3269376421
	-0.03541878111	-0.3481023752	-0.3691056628	-0.3899027642	-0.05382262168
	-0.4052927491	-0.07436571683	-0.404163378	-0.3741634358	-0.09606806085
	-0.1180913304	-0.2223659053	-0.114351804	-1.059801211e-34	-6.345404744e-34
	-4.566691648e-35	-0.09787749919	-3.233241246e-34	-0.0001620069757	-0.2799414042
	-0.1949935933	-0.3779966538	-0.3425265277	-0.0125746243	-0.003180361197
	-0.04336592871	-0.02618097636	-0.3918962186	-0.393862387	-0.06316587726
	-0.08484537417	-0.3648932013	-0.381558574	-0.107624526	-0.1305251502
	-0.3464560634	-0.3270284258	-0.1746065743	-0.153080064	-0.288993107
	-0.3078497772	-0.2705124553	-0.2521596798	-0.2337397894	-0.2148038296
	-0.1952530571	-0.0009524228544	-0.1864915058	-0.08287854713	-0.2078525258
	-0.2281982235	-0.2477992089	-0.005882856254	-0.3077590809	-0.2668642525
	-0.0168827207	-0.2854828687	-0.3040269571	-0.3218772295	-0.366983264
	-0.0321706732	-0.3394443462	-0.05054399594	-0.3544056248	-0.3714806801
	-0.07138561025	-0.3676713485	-0.09392749913	-0.3463416669	-0.2468965461
	-0.117406677	-0.1680395003	-0.1410125403	-0.1642133561	-7.205587701e-35
	-6.607008196e-34	-0.06790520998	-2.973331914e-35	-3.388759905e-34	-0.001603243181
	-0.2136991162	-0.1420014229	-0.2717662422	-0.3123222885	-0.02080894987
	-0.008247525997	-0.03736372772	-0.05656803709	-0.3370735385	-0.3461677568
	-0.07815279462	-0.1010618155	-0.3377842439	-0.3461192259	-0.1249538996
	-0.1487637945	-0.3103897216	-0.3257812615	-0.17233997	-0.1948655301
	-0.2937820006	-0.2756891155	-0.2570056485	-0.2371667882	-0.2166516945
	-0.2200348664	-0.2401484018	-0.05495097967	-0.01063289915	-0.2588086645
	-0.1812573242	-0.2762457963	-0.02427028221	-0.291428806	-0.3047433176
	-0.04167600441	-0.3136206826	-0.3183994759	-0.06136242076	-0.3143640096
	-0.3016767393	-0.08305869061	-0.2749347994	-0.2347629226	-0.1059972575
	-0.1175988726	-0.1296106087	-0.1532551353	-0.002385616826	-0.1764428547
	-0.1987805172	-6.960219074e-34	-4.313481073e-35	-0.04237692914	-1.664065629e-35
	-0.002942421305	-3.574128937e-34	-0.1499666037	-0.09479714712	-0.2368613321
	-0.1982166952	-0.01255091538	-0.02692495153	-0.06441121779	-0.04487380881
	-0.2638428023	-0.2789892511	-0.08592040401	-0.1081117869	-0.2855657998
	-0.2837654513	-0.1310487005	-0.1536337298	-0.2658286708	-0.2772300579
	-0.1759397512	-0.1969785102	-0.2352578138	-0.2519899532	-0.2170989712
	-0.2065030253	-0.2220079333	-0.01417198667	-0.2345069394	-0.02893002093
	-0.1211621758	-0.2440861694	-0.2486969197	-0.2483929916	-0.04670355743
	-0.2402971678	-0.06582721682	-0.2243633479	-0.1985797204	-0.1632803782
	-0.08629448603	-0.1074020696	-0.07437306925	-0.032042814	-0.1287094103
	-0.1497786183	-0.003572266631	-0.1700077144	-0.1891563057	-2.046099931e-35
	-7.329973027e-34	-0.02238678772	-6.858479299e-36	-0.003926340656	-3.744984829e-34
	-0.09454733042	-0.05608909507	-0.1306042939	-0.1619765633	-0.01525821082
	-0.02979482133	-0.06514567414	-0.04723966094	-0.2011776939	-0.1854817826
	-0.1034742308	-0.0843565817	-0.2113004365	-0.2096817692	-0.1227962712
	-0.1412639085	-0.2080568349	-0.1999888262	-0.1748218976	-0.1589667577
	-0.1889575518	-0.01575003802	-0.1711866202	-0.01480517367	-0.02990065518
	-0.173478727	-0.1711843608	-0.1630369931	-0.04611709463	-0.1486802605
	-0.06268624251	-0.1281179699	-0.1013469619	-0.07152101604	-0.07975337191
	-0.04041403256	-0.09668498614	-0.1131081302	-0.00425772007	-0.1287011896
	-0.1427678719	-0.1550675888	-0.1646224454	-4.413507837e-36	-7.620811157e-34
	-0.008051139204	-2.811900391e-37	-3.853498266e-34	-0.004326089808	-0.05120322067
	-0.02703005529	-0.07552943851	-0.09768461789	-0.02875155631	-0.01573562645
	-0.05822089678	-0.04375481719	-0.1151170407	-0.1277659132	-0.07312089598
	-0.0871481187	-0.1351070759	-0.1376856884	-0.1005921572	-0.1125589869
	-0.1361295022	-0.1229555163	-0.1309126943	-0.02687659801	-0.09650333113
	-0.08585243673	-0.03983579767	-0.07155701406	-0.05366085421	-0.05227038962
	-0.03458962855	-0.01605282626	-0.06437161037	-0.002945276786	-0.07557352813
	-0.004270703052	-0.1028980703	-0.1054265396	-0.0855745289	-0.09407439521
	-0.100480843	-0.1044956977	-0.01496520452	5.73667832e-36	-7.7489742e-34
	0.001336258992	3.718356598e-36	-3.866866747e-34	-0.004026647003	-0.007145453143
	-0.02063607256	-0.04940339047	-0.03542314329	-0.023942542	-0.01382478267
	-0.04490536321	-0.03500447379	-0.0697622723	-0.06095658201	-0.05439897459
	-0.06251803777	-0.07521262424	-0.077708915	-0.07436939035	-0.06935630233
	-0.07726505883	-0.03152140679	-0.02069552153	-0.02914226738	-0.009746953568
	-0.03675336267	-0.0001749666366	0.004448169125	-0.04346826935	-0.04885177533
	-0.00360258314	-0.04063765464	-0.05270379667	-0.05476303898	-0.05475694463
	-0.05245314596	-0.01199358937	-0.0477961576	-0.02048961465	1.140410058e-35
	-7.676739161e-34	0.006845698002	5.878132805e-36	-3.782143029e-34	-0.003107863388
	-0.001052826131	0.005168867982	-0.009043530388	-0.0171648232	-0.01000827035
	-0.01645686792	-0.02811878863	-0.02292552559	-0.0243578881	-0.030178737
	-0.03239498178	-0.03525966848	-0.03413984818	-0.03632859367	-0.036628134
	-0.01644275361	0.009168886927	-0.01955720682	0.008490023791	-0.02162766901
	-0.002437238892	-0.02244557232	-7.036338078e-06	-0.02189811964	-0.01988951875
	-0.0164738252	-0.007620290935	-0.0117302582	-0.01225307087	-0.006106561343
	0.00548196948	1.393285509e-35	-7.42987521e-34	0.009622706588	6.767215459e-36
	-3.62778782e-34	-0.001835194399	0.01205996461	0.01046817342	0.002341682634
	0.00681323956	-0.005319482171	-0.008064516134	-0.01146060568	-0.01024104207
	-0.002112212893	-0.006038872079	-0.01171140592	-0.00900834545	-0.01093839817
	-0.004161553825	-0.00110884558	0.01033729876	-0.00300886448	-0.001097904182
	0.01408842329	0.001620407622	0.004949841703	-0.002990626403	0.008547123588
	0.01188453048	-0.004089370812	0.01416886812	-0.004488012489	1.445314043e-35
	-7.085431158e-34	6.867200822e-36	0.01078581901	-3.449086883e-34	-0.0005568130023
	0.0166884689	0.01560232311	0.01287162491	0.01543550992	-0.0006244044263
	-0.0009482199638	0.0004821806983	0.002011037238	0.009843933385	0.006808066026
	0.004221593745	4.317714277e-05	0.009854291235	0.01273808813	0.01555487254
	0.01767659435	0.0008285914741	0.01836062536	0.002355862316	0.0165796045
	0.01103061334	0.004569915042	0.007014118529	1.408332191e-35	-6.73492723e-34
	0.01114503753	6.667694948e-36	-3.287553354e-34	0.000437069195	0.01706492711
	0.01914317255	0.0165786368	0.01868010337	0.00222673338	0.004582032374
	0.007670593289	0.01384102854	0.01065204168	0.01624131492	0.01841028199
	0.01110195779	0.01909884677	0.003238443973	0.01705005854	0.006266157554
	0.009820209412	0.0008090461702	0.01312738536	1.361755384e-35	-6.44617521e-34
	0.01082326451	6.462362258e-36	-3.166600324e-34	0.001014883561	0.01799015465
	0.01649367888	0.01430732473	0.01701564555	0.003909839805	0.007225062998
	0.01106608742	0.01519781164	0.004239096473	0.0103249094	0.007758045639
	0.001157223612	0.01151890419	0.01444074943	0.01615540174	1.28979655e-35
	-6.246224941e-34	0.009344433944	6.096871787e-36	-3.089862368e-34	0.001215167447
	0.01324387846	0.01335601582	0.01118241126	0.004340172608	0.007721728507
	0.004204946746	0.007351704079	0.001192268119	0.01007191141	0.01075996976
	0.00815265497	1.089489651e-35	-6.12883759e-34	5.105604892e-36	0.006400181345
	-3.049163581e-34	0.001154298192	0.007974517654	0.006398502459	0.003908316312
	0.001017457558	0.004947041841	0.00467666019	0.003356209637	-6.072877926e-34
	6.901295247e-36	0.002729506796	3.344851468e-36	-3.03395934e-34	0.002501363354
	0.0008896409958	0.0006073403834	0.001307686077	-6.060329384e-34	1.646426949e-36
	2.095050057e-36	0.0002065059637	-3.038601464e-34	-1.506640173e-34	-6.075968136e-34
	-2.991184018e-36	
