3721	
	-1.74358485e-33	1.744876838e-33	3.516910437e-34	3.794819955e-34	5.831084654e-34
	0.03789857095	0.05766080785	-2.500435847e-34	5.04868619e-34	0.0790428287
	0.02252858747	0.02477010382	5.778630798e-34	1.98874189e-34	0.1057575893
	-0.01497667874	0.05104468731	0.0461637074	-3.490470237e-35	-1.014555983e-35
	-0.003889087419	2.771188314e-34	6.586350816e-34	0.01165574406	0.01495028018
	0.03928543712	0.0342798425	0.05238739736	0.03824637311	-0.01741760615
	-0.006513320456	-0.0149559854	-1.783472264e-35	0.003210862482	0.01787735075
	1.757974179e-35	0.008299773961	0.008366710063	8.134897153e-34	3.500805049e-34
	0.03357917588	0.0264296672	0.03691931169	0.03494948907	2.987505511e-36
	-0.01483548925	-0.01072813998	-7.950522308e-36	-0.01291800745	-0.0008466303138
	0.03089303797	-0.000468554243	0.02251908885	-0.01069351181	0.01660550345
	0.007981117984	0.005957313874	9.613061937e-34	4.364903342e-34	-5.934499732e-36
	-0.009573709498	3.628365165e-37	-0.006975356506	0.04174415328	0.03707836324
	0.02449509938	0.02529231111	0.02645765948	0.03787330808	0.04177117901
	0.04793843296	-0.0004259771764	-0.007362505466	-0.009919986384	-0.003227820782
	0.02887076023	0.0112982524	0.01271994132	0.009551223771	0.006028860986
	1.03964355e-33	4.966878347e-34	0.05371100679	0.04682313976	0.02665661991
	0.028660404	-0.003579284637	-4.634645709e-36	-0.005784420708	-8.503555475e-37
	0.0006426638473	-0.003431868808	0.01065992884	0.003563791428	0.05653156015
	0.05875574209	0.07491124711	0.0704058134	0.04657578962	0.02354051627
	0.01621975924	0.06927442615	0.03124675803	0.04024726471	0.05626218859
	5.088308351e-34	0.01120857672	0.007543111728	1.017802896e-33	0.06552269412
	0.05958654968	0.03282074569	0.03436988515	0.1089067912	0.09177368841
	0.09141252678	0.08212602043	0.00235378338	-8.503054228e-37	-2.904464698e-36
	-0.001354823305	0.006473598403	0.01357605679	0.03120239488	0.01903637641
	0.05200174151	0.06960667847	0.034799462	0.04958954502	0.08774761884
	0.09284327721	0.08339914499	0.06915731013	0.1034543925	0.1159024567
	0.1137888375	0.01199327834	0.00903669663	9.029303762e-34	4.703791996e-34
	0.03825522267	0.0379881404	0.07148594723	0.06862071506	0.1302314685
	0.1207186797	0.1028183065	0.09921708872	2.577215628e-37	0.01260364857
	5.195209916e-37	0.006479395834	0.1402623232	0.1631824129	0.1502819201
	0.1362992621	0.04505079335	0.02290259854	0.03429967828	0.06275952236
	0.1154234396	0.09049793277	0.08981953964	0.06810521605	0.1261463078
	0.1526659234	0.1104657491	0.1667639886	0.1634428542	0.1364425958
	0.1374751914	0.01176944554	0.009707256525	7.247933535e-34	3.935136126e-34
	0.07061160345	0.07103913774	0.04023994393	0.03831201697	0.1335013429
	0.1030961681	0.1049360418	0.1345524512	2.45804276e-36	0.02807645266
	6.20937831e-36	0.01920831324	0.1622110967	0.1771687781	0.185686123
	0.1596544699	0.082143627	0.1043918108	0.04791319336	0.06383572033
	0.2023836671	0.1894683759	0.2135592159	0.1925014192	0.1402151782
	0.1697976242	0.1142174063	0.1420559348	0.2173455772	0.2156417496
	0.1799605153	0.1921655692	0.2068757411	0.1645795184	0.1902130067
	0.01082170056	0.009495110455	5.183114505e-34	2.954996359e-34	0.06491592509
	0.06762660697	0.03885797856	0.03594891571	0.1262756748	0.1310087539
	0.09536077513	0.1006452748	5.965438784e-36	0.04852274229	1.445757383e-35
	0.03729538109	0.1558976151	0.1835907311	0.1864036697	0.1612852706
	0.1515492482	0.1275773031	0.08141447549	0.1007449921	0.2073823003
	0.2276719869	0.223926427	0.2085537668	0.192795946	0.1970244515
	0.2223170083	0.1670650104	0.2536750664	0.2395255602	0.2426963088
	0.2351741061	0.2191295532	0.2589986107	0.2543566672	0.2429299847
	0.2599217721	0.2320922452	0.2394281888	0.009497429219	0.008680131959
	3.12675973e-34	1.922535947e-34	0.05679340117	0.06065526639	0.03528726916
	0.03202977168	0.1113647962	0.1189980025	0.08346880005	0.09027929043
	0.1668968741	0.1760705114	0.1488043045	0.1393802779	0.05990816648
	1.078678533e-35	0.07242008478	2.517335729e-35	0.1973630297	0.1751672898
	0.120695034	0.1409522007	0.2165581683	0.2020528014	0.192620434
	0.2239804442	0.2392523192	0.2656566051	0.2456645162	0.2175331534
	0.2578568164	0.2373931082	0.2432995662	0.2557555736	0.2645741601
	0.2827519852	0.2906093485	0.2740423199	0.2893382475	0.2703315332
	0.2692477216	0.2929738304	0.2820626024	0.2755235693	0.2779313499
	0.008056010608	0.007572216844	1.279022821e-34	9.555288942e-35	0.04799339577
	0.0522034267	0.03070726957	0.02750970866	0.09415086476	0.1026822647
	0.07026692794	0.07733132423	0.1188036845	0.1437835378	0.1555559033
	0.1295342509	0.08488840127	1.642439928e-35	0.09723057586	3.755195747e-35
	0.1812851055	0.1920561306	0.2050849608	0.1682350224	0.1790012729
	0.2361384013	0.2181783893	0.1607317051	0.2754036175	0.2982262111
	0.2835081827	0.2589847185	0.2274994449	0.2143740703	0.2354856522
	0.2472615547	0.2986795132	0.3120310353	0.316842774	0.3049478569
	0.2720705523	0.2798753024	0.2545134763	0.2651041501	0.3007292683
	0.2870974202	0.3057179967	0.3002549746	0.3098090513	0.3162564961
	0.2922615368	0.006648281928	0.006391775224	-2.422942194e-35	1.283720847e-35
	0.03951191621	0.0436226892	0.02592437639	0.02298706773	0.07716393089
	0.0854684969	0.05742258137	0.06405572335	0.1194791651	0.1315130782
	0.1083786033	0.09791890924	0.1548347413	0.1630212117	0.1776112789
	0.1412047091	5.05471642e-35	0.109153976	2.241862803e-35	0.1199213058
	0.2104025141	0.2652543637	0.2524109853	0.1961421692	0.1997557225
	0.2051986707	0.1843003148	0.2207768047	0.3011748256	0.321687499
	0.3111366895	0.2896813231	0.3234865518	0.3331533703	0.3352352981
	0.3270003486	0.2407483705	0.2592981398	0.2443566109	0.225082294
	0.3169929974	0.3248021805	0.3316818081	0.3223258162	0.2797668424
	0.29218399	0.2624076406	0.2766211614	0.2956063941	0.3060677243
	0.310364859	0.005352554939	0.005258880927	-1.377347453e-34	-5.187022691e-35
	0.03178553821	0.0356113082	0.02137423657	0.01875089212	0.06158012269
	0.06917262129	0.04570398059	0.05161917338	0.07856161132	0.09666580541
	0.1078298351	0.0880442141	0.1280337163	0.1345887081	0.1485658385
	0.1153353998	0.1689277101	0.1733583724	0.1891077316	0.1538875853
	0.1377549792	6.315870712e-35	0.1296972114	2.894919052e-35	0.2326160044
	0.2843832681	0.2232307498	0.2765210591	0.3182228084	0.3379914128
	0.3307216904	0.3107850526	0.2087390674	0.1924190718	0.211356909
	0.2278642969	0.3411821848	0.3473812915	0.3478223279	0.3420697741
	0.3368969038	0.3262984045	0.3289973069	0.3409709609	0.2463129823
	0.2641678553	0.2477239901	0.2296479303	0.313038334	0.3149467849
	0.2813448825	0.2989158301	0.2824173099	0.2651623277	0.2977113556
	-9.674914647e-35	0.004194006266	0.004217236575	-2.102643083e-34	0.0249303029
	0.02842578996	0.01721278876	0.01490698069	0.04773605958	0.05450210435
	0.0353252613	0.04047057457	0.07626454969	0.08621938444	0.06966692722
	0.06132263238	0.09203021491	0.1033385174	0.108740452	0.1213579268
	0.1395433023	0.143613406	0.158156407	0.1258867574	0.1488799085
	7.360014094e-35	0.1443724581	3.516740519e-35	0.1765805122	0.1792954501
	0.1950112431	0.1613414742	0.2402553567	0.2443628339	0.2941015558
	0.2907641836	0.3280420437	0.3482945233	0.3438413442	0.3240283483
	0.3515778884	0.3530300041	0.3546151789	0.3570685198	0.2145377938
	0.2130351394	0.1969141984	0.2308733919	0.33081117	0.343726623
	0.3458237881	0.3318673104	0.3157490981	0.2994238672	0.3163398657
	0.2995691498	0.2827927801	0.2317319013	0.2483005663	0.2655959475
	0.2657975925	0.2489088572	0.2825908475	0.003164194804	0.003275797009
	-2.415563951e-34	-1.212273109e-34	0.01346802908	0.01146733088	0.01889326725
	0.02205941711	0.03553137207	0.0415261233	0.02621936365	0.03067092036
	0.04615155315	0.05826831872	0.06706607904	0.0534550938	0.08138488975
	0.08574928002	0.09697366942	0.07141665966	0.1298582612	0.1129954454
	0.1167234846	0.1007988597	3.975625567e-35	0.1521231345	7.976491495e-35
	0.1517363466	0.1468397313	0.1497271238	0.164196135	0.1329695787
	0.2464817253	0.2451899887	0.2950399203	0.2958585267	0.1833370735
	0.1813925322	0.1986291699	0.1664273504	0.3312989134	0.3531080301
	0.3512618768	0.3305181918	0.3567823255	0.3598786634	0.3616952704
	0.3580872574	0.3323613775	0.3468921194	0.3324318328	0.347624611
	0.2324573794	0.1999618472	0.2155700672	0.2166386803	0.3160666418
	0.2990466038	0.2993618918	0.3161653922	0.2658128854	0.2824635105
	0.2330154912	0.2490915716	0.2657841059	0.249455491	0.2823555834
	0.002250448423	0.002431485513	-2.323764428e-34	-1.254405635e-34	0.01355051915
	0.01641879487	0.01012635975	0.008399917832	0.03004994398	0.01818539574
	0.0220604017	0.02470633664	4.13772404e-35	0.1467994895	7.96543139e-35
	0.1508362384	0.03271815042	0.04231555719	0.0501449276	0.03917316539
	0.05312085535	0.06197562825	0.06525101528	0.07528868578	0.07830441388
	0.08925210889	0.09242247136	0.1043219058	0.119768459	0.1225289303
	0.1358700643	0.1071111852	0.241808185	0.2352333549	0.2875736812
	0.2923563409	0.1520601351	0.1541758622	0.1685144935	0.1381473215
	0.3279721592	0.3533083308	0.3526127856	0.3305516839	0.1848468055
	0.2012161246	0.1862507825	0.1701212449	0.3586683694	0.3624391084
	0.3586210317	0.3623101631	0.3315562442	0.347290035	0.347542289
	0.3321226804	0.2979458732	0.298514191	0.3153791059	0.3148522354
	0.2335303148	0.2021535605	0.2181285768	0.217373603	0.2655200736
	0.2815915955	0.2338838836	0.2656703643	0.2818624477	0.2497248442
	0.2495213776	0.001439075811	0.001675601259	-1.840651699e-34	-1.098919238e-34
	0.008773300503	0.01138588576	0.00714358596	0.005659099181	0.01496726487
	0.01979674201	0.01100694418	0.01442016474	3.893629003e-35	0.132751619
	7.200886129e-35	0.1411788393	0.02796532212	0.03504180965	0.02643798672
	0.02062940091	0.2266312699	0.2151359209	0.2717834353	0.2804797686
	0.0366460099	0.04464115455	0.04674313038	0.05584159847	0.08113811902
	0.06785755658	0.07024605733	0.05790229012	0.08334284441	0.09499980877
	0.09732679064	0.1097173039	0.1247454673	0.126708565	0.1117257177
	0.1402417593	0.3238840241	0.3500558654	0.3467681955	0.3176692341
	0.1558167409	0.1572589954	0.1715796717	0.1418143832	0.3566951167
	0.3578753827	0.3612083057	0.359227306	0.1726285717	0.1872668201
	0.1881697932	0.2029937664	0.3306987225	0.3296564888	0.3463758117
	0.3453602089	0.2963859743	0.2971891547	0.312935384	0.3138249198
	0.2805018918	0.2809719594	0.2652680784	0.2649364287	0.2189931343
	0.2341692511	0.2035418414	0.2342721976	0.2185733329	0.2496432929
	0.2496236638	0.0007193941307	0.0009981231572	-9.83907677e-35	-7.532851784e-35
	0.004454596745	0.006847442653	0.004472649817	0.003203416527	0.00604775594
	0.0104873713	0.004497352943	0.007545882683	0.00952104819	0.0148003706
	0.02132382305	0.01486572819	3.209074955e-35	0.1106422993	5.720233051e-35
	0.122930697	0.2018724245	0.1861379057	0.2476069306	0.2602270964
	0.02152209695	0.02888940846	0.02974526016	0.0381345349	0.3100031328
	0.2998429506	0.3352580149	0.3413287089	0.05984640568	0.03911213373
	0.04831051957	0.04975072649	0.08538108747	0.0612637211	0.07211594341
	0.07378773051	0.08688536194	0.1135337327	0.09914143279	0.1007181006
	0.143195517	0.1148437602	0.129459882	0.128195318	0.3525129245
	0.3524130504	0.3547453212	0.356353069	0.1582855847	0.1591438801
	0.1441537363	0.1735214026	0.3269217309	0.3283576693	0.3437982225
	0.3421407784	0.2039722337	0.1887238208	0.1891720132	0.174079241
	0.3103665081	0.2943160793	0.3116075258	0.2953907904	0.278938725
	0.2796877237	0.2638734828	0.2644622461	0.2191878155	0.2493144309
	0.234271489	0.2490133529	0.2191154806	0.2340849986	0.2041455176
	8.630906402e-05	0.0003915585158	2.24115931e-35	-2.272005005e-35	0.0005203286704
	0.002712106163	0.002075954647	0.001003763732	-0.002268951478	0.001878748194
	-0.001486333989	0.001271698528	-0.0009168119931	0.002455650618	0.008598820039
	0.004118227468	2.194680853e-35	0.08241095132	3.786423646e-35	0.09734902947
	0.01428010212	0.01383432649	0.02171482341	0.007340049112	0.1691051215
	0.1502441177	0.2151971746	0.2316615378	0.2883068865	0.2739459022
	0.3173974355	0.3266322125	0.03016032172	0.03054045259	0.02150924157
	0.04002584576	0.3460123012	0.3476450387	0.3493587127	0.3414240814
	0.06254546582	0.05160831695	0.04051028276	0.05074167683	0.06337804705
	0.07602742383	0.0882055665	0.07500022451	0.08908916446	0.1018533541
	0.1027895141	0.1159634715	0.1303263382	0.1166918381	0.1310179482
	0.1449421932	0.337794823	0.3234863952	0.3252456746	0.3400474461
	0.1600365478	0.1744950731	0.1596562765	0.1454020789	0.3071944288
	0.2916834471	0.2930506578	0.3087534844	0.2041970123	0.1893203987
	0.1746440581	0.1893784447	0.2622268995	0.2631163132	0.2778594315
	0.2767775765	0.2484283229	0.2337714691	0.218723717	0.2332825431
	0.218985258	0.2478155278	0.2040306497	-0.0004579135597	-0.0001485310888
	1.755058563e-34	4.667050854e-35	1.153394721e-35	0.0516690299	1.802943969e-35
	0.06727145242	-0.003066490016	-0.001082364431	-6.571782585e-05	-0.0009531885495
	-0.01014223561	-0.006221147009	-0.007034801528	-0.00452077529	-0.009379471877
	-0.003473558419	-0.006087141757	-0.01093647329	0.000435166193	-0.001358228515
	0.006182247206	-0.006255244467	0.1306758496	0.1102809612	0.1755103594
	0.1953775573	0.01301375901	0.01225678012	0.02129420738	0.004714332148
	0.3051140026	0.2582787506	0.2396778791	0.2921352724	0.3367290685
	0.3343765659	0.3414652996	0.3252833055	0.03053371047	0.04090658215
	0.03048897739	0.02074042587	0.3323191422	0.3195106574	0.3215098162
	0.3352272256	0.06406829081	0.04094332097	0.05243052696	0.05207639353
	0.07714779776	0.06439598207	0.0898118348	0.07666397035	0.1037852767
	0.09019265106	0.1172661047	0.1033654615	0.1175365597	0.1313913997
	0.1457245059	0.13162971	0.2885177395	0.3035642198	0.2901494885
	0.3053529163	0.1457885811	0.1746709568	0.1601361586	0.1601388539
	0.2611658331	0.2754019086	0.2739843531	0.2599681589	0.1744814729
	0.1891854213	0.1889132775	0.20374756	0.2326574722	0.2318733712
	0.2469383361	0.2460056399	0.2176477987	0.218216642	0.2032803321
	-0.0009043450149	-0.0006253447834	3.574610505e-34	1.311957306e-34	-0.006304153955
	-0.004562984142	-0.001951605436	-0.002666023477	3.014948911e-36	0.02317385787
	1.942426609e-36	0.03712606331	0.08970532545	0.069812267	0.1309799373
	0.1530846829	-0.0176624993	-0.01394679103	-0.01217985578	-0.00989695156
	-0.02096636502	-0.01518925536	-0.01597291229	-0.02073398313	-0.01296940736
	-0.01616180402	-0.008822128136	-0.01958119641	-0.003479705654	-0.005434126398
	-0.01162224471	0.003298241613	0.2756738195	0.2198624153	0.1975212319
	0.2583252255	0.01116567019	0.01012766859	0.02016017292	0.001624085911
	0.3023769589	0.32351187	0.3302759721	0.3152362695	0.3253234506
	0.3151223853	0.3291928483	0.3173018983	0.03010567497	0.02968562924
	0.01930342255	0.04089816158	0.2867804372	0.2849806038	0.2997551578
	0.3016235384	0.05237142985	0.06461184217	0.04056277916	0.05244986597
	0.09045311879	0.06453843451	0.0773634272	0.07731783822	0.1176902401
	0.09044063205	0.1039245908	0.103940212	0.1315063934	0.1316219047
	0.1457437833	0.1175997048	0.2723347604	0.258614838	0.2571341095
	0.2706366829	0.1741884203	0.1454890692	0.1596011825	0.1599126564
	0.2299003612	0.2436049181	0.230957403	0.2448439169	0.2019726638
	0.187877165	0.1884315312	0.2160178605	0.2168655882	0.1737162396
	0.2027046142	-0.001253393616	-0.001048850973	5.649667703e-34	2.288904438e-34
	-0.009160508807	-0.007720436765	-0.003571245119	-0.004128235808	-0.02483650385
	-0.02136524396	-0.01689238037	-0.01485816879	-2.825411939e-36	0.001290306714
	-7.528002401e-36	0.01169305124	0.05033580968	0.03317533766	0.08574332169
	0.1080547281	0.2154819668	0.2374300437	0.1742237999	0.1496831795
	-0.03252055112	-0.02680391439	-0.02569454307	-0.03044036691	-0.02622098877
	-0.03088046009	-0.02362793603	-0.03293230163	-0.02783907484	-0.01964625221
	-0.02285178512	-0.01429623687	-0.007679134941	-0.009782670273	9.703440362e-07
	-0.01716410479	0.2706475819	0.288295042	0.3042269439	0.3141727507
	0.008806604842	0.007521910673	0.01844459232	-0.001829081481	0.31013073
	0.315567713	0.3212046478	0.312614355	0.2831840713	0.2979055147
	0.2813964295	0.2961173625	0.02898821787	0.02824954953	0.04018351351
	0.01735844853	0.2669440864	0.2538269426	0.2555310751	0.2687982347
	0.05161048814	0.06439437489	0.03956249619	0.05203303954	0.07688693355
	0.09034444009	0.0640086363	0.07717529592	0.09002248663	0.1174225015
	0.1037478466	0.1034563392	0.1451484173	0.1170457778	0.1308088246
	0.1312021265	0.2274294283	0.2406797326	0.2287255078	0.2421880039
	0.1731562699	0.1591123423	0.1585465101	0.1446361186	0.1724481245
	0.1863524524	0.2001820839	0.2149939414	0.2011427989	0.2138982651
	0.1871490897	-0.001585272027	-0.001451833288	7.974462281e-34	3.383151724e-34
	-0.01162108093	-0.010517154	-0.00495043019	-0.00536925035	-0.03155695713
	-0.0284518637	-0.02110852986	-0.01934480521	-5.260052013e-36	-0.01164101949
	-1.04687941e-35	-0.005720903533	-0.04010385457	-0.04418318788	-0.03852911496
	-0.03532200639	0.06497827013	0.0172677657	0.004917802884	0.04502858512
	0.1651484802	0.1907403153	0.1247739633	0.1007542703	0.2514795125
	0.2284923698	0.275850008	0.2905835664	-0.03957656957	-0.04579963727
	-0.03855335222	-0.04659812428	-0.0357999431	-0.04032525858	-0.04428279843
	-0.03181743996	-0.03594528272	-0.026318144	-0.02957082061	-0.01987393207
	-0.01435867899	-0.01212167705	-0.003556000195	-0.02273973048	0.3034071231
	0.3004296064	0.3068456771	0.3093675815	-0.005463509866	0.006021881708
	0.004540468603	0.01631395377	0.2927526651	0.2945028295	0.2797546817
	0.2782264805	0.250238552	0.2520592398	0.2632851105	0.2650771892
	0.0273168252	0.02634860026	0.01506592432	0.03893340164	0.2390563476
	0.2373414183	0.2245433736	0.2260347296	0.05034788625	0.06358319969
	0.038093713	0.05101255845	0.07590445403	0.08964454858	0.06295634001
	0.07643574932	0.08908476652	0.1030101914	0.1166054125	0.1024835322
	0.1440550416	0.1296517288	0.1160061819	0.1302674946	0.212671178
	0.2113655986	0.197986054	0.199137013	0.1433364068	0.171665096
	0.1570614497	0.1578381391	0.170762385	0.1854177205	0.1844168598
	-0.002160920167	-0.001886723557	1.066981449e-33	4.615645469e-34	-4.882233008e-36
	-0.01599943098	-9.244737297e-36	-0.01422792859	-0.01371994489	-0.01296593493
	-0.006296405482	-0.006715110562	-0.03752777097	-0.0350974178	-0.02490692275
	-0.02324611108	-0.05597337168	-0.05052686922	-0.04476033144	-0.04967986959
	0.0287592924	-0.005648345445	-0.01220032013	0.01362216659	-0.0532512973
	-0.0612325904	-0.05391331016	-0.0608551175	0.05675173595	0.1122673585
	0.1386835286	0.07728640517	0.2039463184	0.176634382	0.2355468045
	0.2565001004	0.27589209	0.2920544543	0.2980535106	0.2902464954
	-0.05227683714	-0.05825375942	-0.04958848057	-0.06129379908	-0.05502563957
	-0.04510350479	-0.04960892809	-0.03976012153	-0.03300689627	-0.03627208701
	-0.02537594327	-0.04371067888	-0.007235343576	-0.01672769983	-0.02816605939
	-0.01901146708	0.2758119299	0.2769252735	0.2911602885	0.2887122727
	0.002950253241	0.01387935121	-0.009178034071	0.001378250444	0.2602351479
	0.2467124597	0.2484623814	0.2616439691	0.2355811133	0.2337611993
	0.2213418373	0.2229755901	0.01251758966	0.02527443022	0.03726649378
	0.02417322025	0.2099773697	0.2085062714	0.1954677029	0.1967669662
	0.06231161694	0.04874138775	0.03627045636	0.04957086388	0.07454290641
	0.08848845992	0.06151134173	0.07525496165	0.1018377145	0.08775320998
	0.1011282307	0.1153584656	0.1281266936	0.1145887116	0.1289201563
	0.1425611287	0.1821517229	0.1552276157	0.1833161123	0.1561749123
	0.1697970643	0.1687393865	0.1416792912	-0.00343535157	-0.002540127218
	1.434542509e-33	6.117066696e-34	-3.319400517e-36	-0.01431223384	-6.446654259e-36
	-0.01533331448	-0.01567857904	-0.01552775601	-0.008166091646	-0.009704859157
	-0.01704879659	-0.00599581204	0.003124956096	-0.01844941692	-0.04241632262
	-0.04122169518	-0.02899110967	-0.02642706047	-0.06785837862	-0.06282562467
	-0.05367918757	-0.05898767667	-0.06747131555	-0.0776207518	-0.06996692975
	-0.07583075014	0.02289144936	0.06439452391	0.0877611996	0.03775670902
	-0.06950914677	-0.07714414885	-0.07914955341	-0.067924966	0.1484046263
	0.1204207803	0.1830896713	0.2101369988	0.2594503327	0.2378736516
	0.2711402338	0.2823182864	0.28079613	0.2735054395	0.2746490314
	0.2859748199	-0.06444926356	-0.07029382671	-0.07471928812	-0.05996519989
	-0.05419081231	-0.05852605839	-0.0473100111	-0.0650546076	-0.04266325017
	-0.03954361361	-0.0307286534	-0.05104449129	-0.01098494502	-0.03342446418
	-0.02130028688	-0.02351645182	0.2438275329	0.2583930195	0.2451932686
	0.2591506844	-0.0002253359443	-0.00181082279	0.01122775744	-0.01292423815
	0.230242221	0.2319789979	0.2179574752	0.2196631919	0.2069975627
	0.1941167228	0.1927112247	0.2054069997	0.0230117161	0.02183408337
	0.009808887544	0.03530121579	0.1676332156	0.180926202	0.1796418224
	0.1664608527	0.04688672704	0.03420964064	0.06070639778	0.04783177723
	0.07374157339	0.08699233346	0.07289538904	0.05978876791	0.08613004116
	0.1137801729	0.1003284276	0.09947965054	0.1263159807	0.11288171
	0.1407512884	0.1397447786	0.1531251049	0.1272469391	0.1542027106
	-0.006596030309	-0.004673430628	2.106616368e-33	8.355967503e-34	-0.01204011053
	-1.798995812e-36	-0.009853825044	-3.675403954e-36	-0.01948520699	-0.02000368811
	-0.01186800469	-0.0190996598	-0.01865026421	-0.01419019615	-0.01075025645
	-0.01677269831	-0.04693895007	-0.04695429231	-0.03562245295	-0.02939065119
	0.01004912511	0.001489161472	0.02821457853	0.04538650444	-0.06771241291
	-0.07991467409	-0.07508341493	-0.06181285105	-0.09126108798	-0.08253125579
	-0.09546712176	-0.0868648533	-0.08799730118	-0.09749200774	-0.08719123429
	-0.09808629745	0.09297714996	0.06926319661	0.1239888941	0.1537272556
	-0.08479513544	-0.09198667181	-0.08086191272	-0.0954610811	0.1852647743
	0.2352841268	0.2543366336	0.2138005147	0.2680506984	0.2630885365
	0.2711241084	0.2742576368	0.2429199947	0.2574217641	0.242314808
	0.2579990473	-0.08717418808	-0.0696894454	-0.07601085301	-0.08140807994
	-0.06271333793	-0.06667858917	-0.07443507935	-0.05445197581	-0.04568615146
	-0.05795091291	-0.03589659463	-0.04857142115	-0.02569628094	-0.0147215428
	-0.02780103407	-0.03845620472	0.2286639546	0.2273668283	0.2146343945
	0.2162778668	-0.003407081641	-0.004972733711	-0.01660520188	0.00846879589
	0.2038149052	0.2021596086	0.1897898065	0.1912665362	0.1652559372
	0.1783305969	0.164009289	0.1769662713	0.02061511802	0.007043935873
	0.03315043784	0.0193964079	0.1387037109	0.1520004807	0.1376094642
	0.1508335381	0.04588386813	0.05887184894	0.04486193371	0.03200974434
	0.05787860061	0.07198499186	0.08524852262	0.07104404608	0.09761674471
	0.08429720177	0.1119528042	0.09856681056	0.1242954126	0.1253261644
	0.1109615301	-0.01507635872	-0.01306202649	3.573011675e-33	1.280826514e-33
	-0.007354629744	-7.041262417e-37	-0.005145806774	-1.504212521e-36	-0.03450318608
	-0.03123862827	-0.02324555312	-0.04801531138	-0.01431123704	-0.01122927486
	-0.01380827283	-0.01446562147	-0.0555651685	-0.05354170925	-0.05097076759
	-0.03590694978	-0.008215113541	0.006027424537	0.01613326538	-0.00513865857
	-0.09241804222	-0.08664812062	-0.06968569677	-0.0762562298	0.04768017104
	0.03139445041	0.06962931312	0.09596236961	-0.1064904847	-0.09845487108
	-0.1147838472	-0.1046882522	-0.1081095752	-0.1195221391	-0.1184904113
	-0.1078484258	-0.1065812897	-0.1150274344	-0.1029182741	-0.1178909215
	0.1239490514	0.1550038907	0.1825507704	0.2101128262	-0.09883013326
	-0.1052439289	-0.110562567	-0.09288541386	0.2612887549	0.2290111709
	0.2526473244	0.2491925967	0.2538809174	0.2421160857	0.242114803
	0.2567117517	0.2263996979	0.2119251079	0.2260141366	0.2131957562
	-0.08654421092	-0.09135667264	-0.0986919125	-0.07871256046	-0.08304425149
	-0.0611136902	-0.07047710868	-0.07405054073	-0.06431782425	-0.05136673083
	-0.05401713066	-0.04079185544	-0.02987039329	-0.03185469225	-0.04316676452
	-0.01835162364	0.1882828195	0.2005408804	0.1867637077	0.1989469816
	-0.00653949847	0.005692989289	-0.02013976485	-0.008064685176	0.1755997032
	0.1741804571	0.1614573311	0.1627439509	0.1364940936	0.1484297109
	0.1496466396	0.1353483522	0.01815397311	0.01692293169	0.03089947693
	0.004297144788	0.1088974927	0.1099488442	0.1232304261	0.1221360925
	0.04380396936	0.04273778593	0.05688792417	0.02974263721	0.08232365684
	0.07006208543	0.05585120085	0.09560873257	0.06905997864	0.08333215953
	0.09662620664	-0.0173392972	-0.03777860658	8.09142169e-33	2.147452285e-33
	-0.0949054035	-0.06628314199	-0.06514134865	-0.1422462522	-7.750840436e-38
	-0.003156515654	2.32750106e-38	-0.00149067334	-0.008003937448	-0.005126319595
	-0.008875327098	-0.01150963092	-0.08236933244	-0.06756311682	-0.09570280325
	-0.05796813574	-0.009104018928	-0.003826461236	0.0002856109327	-0.009802594352
	-0.106328818	-0.09761596944	-0.08043991858	-0.09057204865	0.01778773645
	0.00911054515	0.03046402097	0.04868714049	-0.1215851974	-0.1146194267
	-0.1342833333	-0.123263042	0.093486545	0.06752563368	0.1193380875
	0.1513268708	-0.1299089715	-0.1432043315	-0.1303374058	-0.1406724144
	-0.1302274101	-0.1399170558	-0.1267010368	-0.142532649	-0.1357199392
	-0.1230709174	-0.1304968886	-0.1173367711	0.2375243885	0.1761352255
	0.2194711605	0.2054419886	-0.1113727311	-0.1170506667	-0.1241892735
	-0.1038487288	0.2397319917	0.2412998349	0.2399604102	0.2494933538
	0.2260605246	0.2111713838	0.2107929411	0.2263603632	0.1963149365
	0.1974805792	0.1837670673	0.1852500427	-0.1090088419	-0.08691594073
	-0.09596204644	-0.10024407	-0.090767973	-0.07748504587	-0.06721350777
	-0.08069978376	-0.05658277312	-0.05900607136	-0.04534492461	-0.07008973158
	-0.0356498068	-0.033794863	-0.02181093403	-0.04751290211	0.1713091168
	0.1727708914	0.1588450652	0.1601562683	-0.009574776074	0.002963296228
	-0.0234834813	-0.01104062405	0.1341954181	0.1459757869	0.1472135392
	0.1330318039	0.1078349516	0.1210288156	0.1199056668	0.1067543554
	0.01568773748	0.01446896308	0.02861181459	0.001618046291	0.09457119316
	0.08026971801	0.09351728595	0.08130750049	0.02746278881	0.04165609748
	0.0548185762	0.04057322429	0.06803729736	0.05376443533	0.06700315432
	-0.1982916162	3.569861241e-33	-0.0004491243356	-1.917343738e-34	-0.1818898356
	-0.2145140115	-0.1450449335	-0.108995524	-0.002475661422	-0.005827132798
	-0.0049651198	-0.007644676861	-0.1079176751	-0.1125819625	0.002561923293
	0.01844495137	-0.130788366	-0.1418944796	0.08925626608	0.04454610226
	-0.1526478569	-0.1548057243	0.1940931083	0.1445661597	-0.1559430878
	-0.1527785649	-0.1435584571	-0.1492631845	-0.1302303133	-0.1376302806
	0.2342373345	0.2270672187	-0.1135998165	-0.1224732536	0.2265371911
	0.2110211306	0.1954642573	0.1824625729	0.1698691488	0.1575104168
	-0.1043255713	-0.09423473512	-0.08376929001	-0.07271354584	-0.06133130929
	-0.04952209874	-0.03744420889	-0.02506220942	0.1447486572	0.1318703315
	-0.01247383602	0.0003230631858	0.105673788	0.1187869592	0.07923135637
	0.09246039078	0.01326369636	0.02633643784	0.06596543422	0.0394921815
	0.05271702852	0.1045930666	0.09139910097	-0.4257330369	0.07818959356
	-0.003098144371	0.06492498779	-0.005225997779	0.05166760914	0.03841588924
	0.02521366704	-0.1295948724	-0.005109516743	0.01207730395	-0.1528155851
	-0.1633399981	-0.0004578497959	-0.0009579757833	-0.01386478205	-0.02661131289
	-0.1671690765	0.008865801279	-0.03916067879	0.02826708404	-0.05148111528
	-0.06352747882	-0.144177254	-0.1361878766	-0.0752639503	0.06147877979
	-0.08663904581	0.1118210565	-0.09760697982	-0.1081105771	-0.1180859901
	0.1657719674	-0.1274705607	0.2069298874	-0.1514011693	0.226345728
	-0.1577456359	0.224554776	-0.1631787883	-0.1693425557	0.2115528214
	-0.1683966643	0.1953461827	-0.1399683842	0.1813399071	0.1684484531
	-0.1376114249	-0.1652378103	-0.2318588171	0.1561684133	-0.3454329565
	0.1434921061	0.130711527	-0.0007405419813	0.1176655857	-7.6787559e-34
	-2.721531419e-33	-0.4511909696	-1.398841014e-33	-0.0008409217711	-3.838962631e-34
	-0.260080679	-0.4499813133	-0.155985477	-0.18704988	-0.002939463981
	-0.003704703252	0.003952117858	-0.002210527805	-0.1612528342	-0.1533648403
	0.04051504066	0.01538691135	-0.1801080711	-0.1746039894	0.08015771319
	0.1333542442	-0.1835749578	-0.1812753254	0.2110840435	0.182792073
	-0.177976634	-0.172113632	-0.158309796	-0.1658729754	-0.1503920975
	-0.1414945359	0.2205926666	0.2112392777	-0.1321837283	-0.1221227293
	0.1807844814	0.1956681672	0.1671381922	0.1548212315	0.1422418275
	0.1295493059	-0.1116740041	-0.1006768368	-0.07761606513	-0.08934621109
	-0.06561034001	-0.05331494237	-0.04080248185	-0.028085542	0.1035230011
	0.1165593237	-0.01520941991	-0.002197252321	0.09034874066	0.07715539836
	0.05062894532	0.06389463108	0.02411243621	0.01091795928	0.0373549876
	0.06287120738	-0.002240318266	0.04960398759	0.03630519797	-0.001957491722
	-0.2891929818	0.02303109328	-0.2044038777	0.009779968618	0.0005552745063
	-0.003404939284	-0.01651436361	0.008107373807	-0.1933244128	-0.1973233014
	-0.02950969116	-0.04237533901	0.02310600084	-0.05507259358	-0.06758106974
	0.05419527191	-0.07985854235	-0.0918806325	0.1003299239	-0.1035981156
	-0.1560853537	-0.1149814951	0.1523990148	-0.1259706716	-0.1365267208
	0.1923115227	-0.1465805098	0.2106467231	-0.1650008027	-0.1732624498
	0.2099136376	-0.1808945145	-0.1875884933	0.1963290627	-0.1932000283
	-0.1966565007	0.1806844252	0.166187386	-0.1849966785	-0.1757731095
	0.1535051993	-0.1800349385	0.140944574	-0.4912907577	0.1283902861
	-0.4135911693	0.115453425	-0.0008041577319	0.1024675679	0.08930682569
	0.07613364624	-4.383103214e-34	-7.682669943e-34	-0.4466082254	-1.4582495e-34
	-3.834767212e-34	-0.000601563522	-0.5236967451	-0.3210377459	-0.1995615448
	-0.2212517426	-0.001428209302	-0.0003159347499	0.01286206621	0.003010944902
	-0.1974148736	-0.2041967974	0.032309856	0.07046671258	-0.2112992997
	-0.211077384	0.1198577626	0.1657068287	-0.2090790081	-0.2033696669
	0.1967006309	0.2037914851	-0.1966868679	-0.1886474918	-0.1709891995
	-0.1802043173	-0.1613912071	-0.1511648115	0.1966282523	0.1812054224
	-0.1405579014	-0.1294692911	0.1523961328	0.165583995	0.1272024148
	0.1396616289	0.11436237	0.1014248016	-0.1062823201	-0.1180523193
	-0.08194426638	-0.09424249784	-0.0694304563	-0.0567301906	-0.03087243953
	-0.04386568552	0.07512795962	0.08828677069	-0.004575954603	-0.01776448608
	0.06186907737	0.04859492961	0.03528120184	0.008678509727	0.02197215051
	-0.0006227961453	0.02094582279	0.00102611734	0.007601825442	-0.005703388948
	-0.3414707762	-0.01897639731	0.005325874896	-0.03217327386	0.01823652657
	-0.2180345476	-0.04529477524	-0.05829845093	-0.07118315421	0.04393847694
	-0.08390298402	0.08719335068	-0.2131143396	-0.09645680395	-0.1087912708
	-0.1209053403	0.1360605574	-0.1865283463	-0.132734722	0.1749026903
	-0.1442751218	-0.1554500369	-0.1662520617	0.1946140405	-0.1766133865
	0.1939892426	-0.1959931349	-0.2048759496	0.1819718199	0.1658480422
	-0.2200025191	-0.2249049238	-0.2265454892	0.1515257043	-0.2232882186
	0.1384307292	-0.2201953619	-0.2402366146	0.1260099146	0.1132509031
	-0.5458357144	-0.4333482343	0.1004028972	0.08728550221	0.03427562902
	-0.0003503799085	0.07414880896	0.06088506621	0.04761318759	-5.571023723e-34
	-7.663479255e-34	-0.4258419089	-2.292216959e-34	-3.821051353e-34	-0.0002058453894
	-0.56295117	-0.3678931061	-0.23830557	-0.2572710168	-4.196969756e-05
	0.002140789406	0.02577540683	0.008051996517	-0.2365722058	-0.2396035747
	0.05694330966	0.1033299649	-0.2365563659	-0.2406859384	0.1490131412
	0.177219431	-0.2217155702	-0.2301448731	0.1811428861	0.1885825466
	-0.2025922557	-0.2124772796	-0.1816925681	-0.1923562012	-0.1593385997
	-0.1707038838	0.1513317798	0.1664962535	-0.1357217233	-0.1476743198
	0.1373473615	0.1248233802	0.1121408679	0.0993735726	0.08630988665
	0.07319113288	-0.123521398	-0.111109917	-0.08573504512	-0.09849940149
	-0.07281441896	-0.05978478468	-0.03342195664	-0.0466392269	0.04665306345
	0.05993198491	-0.006796819676	-0.02012895483	0.01994396931	0.03330450722
	0.006568489949	0.003330964336	-0.007837558431	-0.4100471388	-0.02124360988
	-0.03460218726	0.01184238387	-0.04792850078	-0.275991762	0.03423986032
	-0.06117739507	-0.07436212292	-0.08743662723	0.07113081351	-0.2532033826
	-0.2473526491	-0.1004162262	0.1175377176	-0.1132482917	-0.1259523737
	-0.1384645315	0.1560406873	-0.1508075562	-0.1976573276	0.1760866961
	-0.1629038434	-0.1747785034	-0.1863511523	0.1786109079	0.1669878945
	-0.2086613888	-0.219341826	-0.2296583235	0.1516848504	-0.2391774259
	0.1367852237	-0.2547542116	0.1237110463	-0.2538988567	0.1109889183
	-0.2564631362	-0.3852498725	0.0983604598	-0.5689476853	0.08534251669
	0.07227295599	-7.295521952e-06	0.005564268981	0.05900684118	0.04573424682
	0.03236002965	0.01898633438	0.0002911571932	-3.276041066e-34	-7.630255578e-34
	-0.4040503789	-1.458131537e-34	-3.804243984e-34	-1.088858909e-05	-0.4058565186
	-0.5733295456	-0.2925458075	-0.2720687843	0.0006382773266	0.00513915179
	0.04474988375	0.01670974697	-0.2680104205	-0.2692295908	0.08501094944
	0.1276931852	-0.2645066362	-0.2569010023	0.1591487745	0.1697544317
	-0.2474279358	-0.2368002226	0.1523160584	0.166397818	-0.2141465617
	-0.2256013882	-0.2024561462	-0.19056401	-0.1661430817	-0.1784503896
	0.122938345	0.1366543892	-0.1536349875	-0.140978975	0.09730613687
	0.1098764436	0.08439428276	0.07136491176	0.05812057138	0.0448409601
	-0.1281581114	-0.1152307329	-0.08903433819	-0.1021703829	-0.06250193353
	-0.07579369044	-0.04913429808	-0.03573716117	0.01805537497	0.03145874973
	-0.02229606816	0.004609649118	-0.008845947135	-0.05029015441	0.0230752773
	-0.3927907656	-0.06373256725	-0.07715341414	0.05536454318	-0.09050591145
	-0.1038182861	0.09697280305	-0.1170410418	-0.130207829	0.1346228843
	-0.1432596237	-0.2744670453	-0.1562377898	0.157253112	-0.1690695225
	-0.2432211194	-0.1818045036	-0.2312318591	0.1611502253	-0.1943616142
	-0.206805816	0.1527330595	-0.2190818101	0.1373615192	-0.2547676287
	0.1225538374	-0.2654839477	0.1089456549	-0.2799584101	-0.2831997712
	0.09627813521	-0.2875415747	-0.3100980988	0.08342068528	-0.4194295591
	-0.5746557371	0.07050107398	0.05726304219	0.0001059830151	-0.0367987427
	0.04400509768	-0.02331052715	0.03059190986	0.01718252093	0.003688539205
	0.001051293972	-0.009792061834	0.00739262079	-2.799163789e-34	-7.594067155e-34
	-0.3868250427	-1.238732327e-34	-3.785286523e-34	0.000158405765	-0.5745478361
	-0.4353267668	-0.300688282	-0.3247983682	0.01084066216	0.001780960448
	0.03024522279	0.06615657193	-0.2905122998	-0.295460494	0.1364219918
	0.1067432614	-0.2731462919	-0.2834227059	0.1521825632	0.1497079599
	-0.2613964254	-0.2490035813	0.1228854974	0.1381139729	-0.2235227734
	-0.2362806739	-0.1977789286	-0.2106714716	-0.1717223206	-0.1847796039
	0.09533334152	0.1082966988	-0.1585582945	-0.1453509227	0.06960644686
	0.08246729455	0.04318723928	0.05644831706	0.01633598263	0.02977976885
	-0.1320511621	-0.1187234693	-0.1053168021	-0.09189289792	-0.07840429509
	-0.06490727149	-0.05136394443	-0.03782159342	-0.01070832878	0.002825625881
	-0.02425882813	0.03825698009	-0.0931605824	0.07574702789	-0.1067278575
	-0.1202477156	-0.4465178007	-0.1337660379	0.1122299664	-0.1472295241
	0.1355810403	-0.30638992	-0.1606925504	-0.1740905736	-0.2912135764
	-0.1874908895	0.1439158385	-0.2008192788	0.1370764063	-0.2141626302
	-0.2274566178	-0.2407875775	0.1236971059	-0.2541010476	0.1083920868
	-0.2672341418	-0.2798800172	0.09461862078	-0.2997965126	0.08153078773
	-0.313483985	-0.340240401	0.06876634052	0.05563307767	-0.573305449
	-0.3792045922	0.04244558208	0.02900393531	-0.07959496392	0.0003378310764
	0.01556697154	0.001999898021	-0.01154871037	-0.02516971049	0.002885852307
	-0.03876396587	0.01452942736	-0.0523934304	-0.06598785603	-2.382321406e-34
	-7.549769856e-34	-0.3744411396	-1.116853953e-34	-3.758937175e-34	0.0006094107358
	-0.4589646459	-0.5710368787	-0.3243075661	-0.3530965984	0.004317529198
	0.01941266792	0.08316279498	0.04627894153	-0.3159572841	-0.3080025005
	0.1148854331	0.1304948486	-0.2858707748	-0.2981747873	0.1234283696
	0.1336389383	-0.2724318476	-0.2586472795	0.1089141343	0.09444824125
	-0.2447463739	-0.2309529205	-0.2172005345	-0.2035316834	-0.1762303268
	-0.1898579584	0.06789716185	0.08075657812	-0.1625737435	-0.1489535199
	0.04168709666	0.05486540561	0.02829662841	0.01481536383	0.001246429835
	-0.01236567056	-0.1216700536	-0.1352962538	-0.09436237374	-0.1080033041
	-0.06702544228	-0.08068267228	-0.05333920942	-0.03967644927	-0.02600595028
	0.08825642493	-0.1229488565	-0.3683909058	-0.1367255555	-0.1504893419
	0.1136603159	-0.1643065604	0.1236935287	-0.1781208929	-0.1920123318
	-0.3242304912	-0.205917154	0.1218116278	-0.3040864859	-0.2199387618
	0.1093777363	-0.2340131647	-0.2482563381	-0.262584603	0.0948515222
	-0.2769381083	0.08042374458	-0.2910066986	-0.3150163829	0.06719795271
	0.05407848032	-0.3346552088	-0.3663119361	-0.4679122349	0.04103219783
	-0.5686223713	0.02760404192	0.01417274341	0.0009580211418	-0.1092108977
	0.0005261358419	-0.01308319944	-0.08172347043	-0.06796498183	-0.02680926855
	-0.04049507125	0.006258469041	-0.0542489597	0.02410523139	-0.09545015248
	0.05378931546	-2.194724762e-34	-7.483039502e-34	-0.3635797792	-1.035591837e-34
	-3.718876046e-34	0.001468684688	-0.4778492615	-0.5651138527	-0.3434187934
	-0.3775768775	0.008455504586	0.02941506451	0.08996646118	0.06018821105
	-0.3211777154	-0.3314697084	0.1098909757	0.1142228792	-0.2955182286
	-0.3093141356	0.09529430815	0.1088448674	-0.2660309969	-0.2808628234
	0.06676872057	0.08055525464	-0.2512503207	-0.2366846571	-0.2080269606
	-0.2222646427	-0.1798267582	-0.1938631876	0.04031895594	0.05342131123
	-0.1658176668	-0.1519049992	0.02700475336	0.01351649186	-9.647031209e-05
	-0.01379229378	-0.02752086853	-0.04129816606	-0.1379916226	-0.124152417
	-0.09649277945	-0.1102942464	-0.06887822933	-0.08266291165	-0.05506725942
	-0.1672187542	0.1036040026	-0.1813204122	-0.1955522472	0.1037463021
	-0.4844935076	-0.2098612167	-0.3888708387	-0.2243620063	0.09555681317
	-0.2389967937	-0.2538997381	0.08114199757	-0.2689613485	-0.2841992759
	0.06686409211	-0.2992513133	-0.3135743799	0.05297324927	-0.3262094988
	-0.3374236659	0.03980059032	-0.3516430607	0.02639251621	-0.5613836534
	0.01301756284	-0.3577580877	-0.0007013753513	0.002042345756	-0.1531566487
	-0.01436176359	-0.1391857802	-0.0282106693	-0.04198213315	-0.05586417131
	0.01106348238	-0.06968221795	-0.08357359562	0.03411419548	-0.09742248068
	-0.1113323259	0.06439343619	-0.1252249924	0.08958284077	-2.028662355e-34
	-7.38020332e-34	-0.3520711818	-9.644719459e-35	-3.658795143e-34	0.002722709218
	-0.5567001188	-0.492246294	-0.3988398309	-0.3587611809	0.01371939095
	0.03821044184	0.085883865	0.06676856956	-0.3426570647	-0.3305692898
	0.09548887643	0.09185973481	-0.3024546556	-0.3172725153	0.08165508589
	0.06724516259	-0.2869941537	-0.2714496636	0.03934609017	0.0529446095
	-0.2409758074	-0.2560664724	-0.2114753927	-0.2260977194	-0.1826742447
	-0.1969807109	0.01245623425	0.02594592401	-0.1684297388	-0.1543242599
	-0.001160554341	-0.0149527911	-0.02877179545	-0.04267389381	-0.07048357005
	-0.0565496709	-0.1402362133	-0.1262518708	-0.09833255161	-0.1122534954
	-0.08437758803	0.08593114161	-0.2128644491	0.07951263467	-0.2276695432
	-0.2426635281	-0.2579899966	0.06804349102	-0.2735203427	0.05332007527
	-0.2893203684	-0.3466355242	-0.304957176	-0.3200821654	0.03939833275
	-0.333859959	0.02557031078	-0.3652404206	-0.4084936267	0.01216483161
	-0.4964847606	-0.001630180109	-0.551210285	-0.3454170263	-0.01532929584
	-0.02932848916	-0.198298559	0.003499345245	-0.0431987293	-0.05723368629
	-0.1553507343	-0.0711524222	-0.08517752775	0.01641018715	-0.0991247633
	0.04125408321	-0.1131574916	-0.1271573864	-0.1412470299	0.06634620575
	0.08097031096	-0.169570095	-0.1838524722	-1.864294042e-34	-7.227784212e-34
	-0.3382195132	-8.82122229e-35	-3.572290454e-34	0.004188937535	-0.5448599262
	-0.502139789	-0.3712157653	-0.4174265083	0.01886516231	0.04269419107
	0.07347596517	0.06409973187	-0.3366136812	-0.3502106589	0.0664911686
	0.07521664248	-0.3224153197	-0.3070028715	0.05406152549	0.03958911121
	-0.2911208586	-0.2751962942	0.01180345545	0.02560009836	-0.2594778976
	-0.2440843073	-0.2140888267	-0.2289351779	-0.1993993129	-0.1849362514
	-0.001854619038	-0.01577403677	-0.1563311044	-0.170551327	-0.04375854995
	-0.02968262726	-0.05776097462	-0.07184668132	-0.08585165764	-0.09992818127
	-0.1280505559	-0.142130855	-0.1139453186	0.05333264324	-0.2452673748
	-0.2607950956	-0.2765348699	0.04045666575	-0.2925808702	0.02579157539
	-0.4256510632	-0.3084402577	-0.3239590042	-0.3384297633	0.01197888699
	-0.3526707874	-0.00209786437	-0.3764051454	-0.5037659159	-0.01586227651
	-0.5369655749	-0.03005223642	-0.3300388885	-0.04405490021	0.004996500411
	-0.2300941621	-0.05830171053	-0.07235650165	-0.2004369453	-0.1858798619
	-0.08654590596	-0.1005960764	0.02084159846	-0.1147466586	0.04283879841
	-0.1288274086	-0.1430095394	-0.1571917102	0.05976705617	-0.1715011232
	0.06539812443	-0.2151362478	0.06380503007	-1.678664452e-34	-7.017399336e-34
	-0.3208396266	-7.860500245e-35	-3.456228365e-34	0.005415473289	-0.5072429632
	-0.528241612	-0.381821508	-0.4337761118	0.02223524267	0.04097716243
	0.05391655503	0.05557723453	-0.3550325437	-0.339780995	0.0516077188
	0.03986532562	-0.3250574592	-0.3094587395	0.02652517533	0.01203024075
	-0.2775411395	-0.2935291406	-0.001919456104	-0.01610094639	-0.2462479422
	-0.2617414431	-0.2160663989	-0.2309993562	-0.1867682598	-0.2012983009
	-0.04441844759	-0.03009332213	-0.1723188322	-0.1580401474	-0.07290568272
	-0.05858904744	-0.08706336917	-0.1012970957	-0.1154167536	-0.1437705174
	-0.1296210752	-0.2942178301	0.01282082822	-0.3105215558	-0.3099751091
	-0.3255227219	-0.505817262	-0.001866696075	-0.3405106154	-0.3566800163
	-0.01579574421	-0.3862950716	-0.4407019541	-0.03022738594	-0.5171853256
	-0.04436931025	-0.05889241907	0.006154983934	-0.2782387625	-0.0731635076
	-0.2625440942	-0.08759631921	-0.1018098158	-0.1161119692	0.02271532788
	-0.1302861616	-0.2021291595	-0.1875460332	-0.1445487034	0.03823851467
	-0.1587820122	-0.1731328848	0.04685752848	0.04550766383	-0.2168587916
	-0.2318359635	0.03915963835	-0.247025804	0.02630839698	-1.471396733e-34
	-6.754265252e-34	-0.2988555423	-6.768107788e-35	-3.317098948e-34	0.00605236504
	-0.5067967598	-0.5052997416	-0.3918021933	-0.4480511109	0.02238049374
	0.03343950775	0.03426630428	0.03868664148	-0.340792608	-0.3584712963
	0.01256603671	0.02611459496	-0.3255289647	-0.3100978784	-0.01586278421
	-0.00125961534	-0.2786838757	-0.2944623673	-0.04451211143	-0.02996761
	-0.2630408467	-0.2476412288	-0.2175557736	-0.2324581643	-0.1882815559
	-0.2028105068	-0.05882857351	-0.07346022518	-0.1595173769	-0.1738255983
	-0.08784621649	-0.1023341377	-0.1166191108	-0.1309612032	-0.1451936281
	-0.0153392098	-0.3411024154	-0.0301128974	-0.3604015977	-0.3962137745
	-0.4536068863	-0.04423509845	-0.5016133087	-0.0589376255	-0.4901414357
	-0.2857759956	-0.07336636116	-0.08809848945	-0.3251748189	0.006466538459
	-0.1025686591	-0.1171058657	-0.2787884704	-0.1314516154	-0.1458250038
	0.0209664516	-0.1601287935	-0.2329992102	0.0284676496	-0.1744975972
	-0.1889120319	-0.2034514649	0.02980135084	-0.2181268579	0.02295736204
	-0.2480558516	-0.2633663158	0.01291153091	-0.001394046285	-0.2944062679
	-0.3098050063	-1.245311123e-34	-6.468002584e-34	-0.2712253201	-5.577057554e-35
	-3.179417287e-34	0.005767322223	-0.4741942887	-0.4992686728	-0.4023684089
	-0.4597292054	0.01870125428	0.02165352704	0.02021448134	0.01074985131
	-0.362535798	-0.3410546779	-0.0007455806608	-0.0155802779	-0.3092300955
	-0.3244586506	-0.04455855234	-0.02985544981	-0.2787053615	-0.294057524
	-0.07352469955	-0.05881805375	-0.2483049642	-0.2634398574	-0.2185676311
	-0.2333406474	-0.203934006	-0.189447087	-0.08803754328	-0.1027937454
	-0.1606649288	-0.1750179647	-0.1173153246	-0.1318733953	-0.1462596888
	-0.05942279728	-0.4072534032	-0.2547581351	-0.463198611	-0.4893225138
	-0.07362002741	-0.4539034128	-0.08831596605	-0.1028073832	0.005569075948
	-0.3661961233	-0.1175289232	-0.1320672095	-0.3238741016	-0.3083892862
	-0.1465940672	-0.1610242548	0.01544400445	-0.1754184869	-0.2632401628
	0.01521396371	-0.1898390294	-0.2042845472	-0.2188460304	0.01003608418
	-0.2335038254	-0.001432302111	-0.2483046465	-0.2782378002	-0.01473134364
	-0.2933173094	-0.03015893529	-0.34204301	-0.04463884071	-1.009625745e-34
	-6.225146672e-34	-0.237026493	-4.377752115e-35	-3.083051935e-34	0.00433049673
	-0.4820358117	-0.4326549031	-0.4666938002	-0.4140148443	0.01164426283
	0.007232133799	-0.01440678776	-0.0004463624631	-0.343213625	-0.3699015335
	-0.02902168839	-0.04507622186	-0.3076019134	-0.323442015	-0.07457391015
	-0.05990379932	-0.2776553375	-0.2925431248	-0.08878298015	-0.1032731873
	-0.2481166383	-0.2628878924	-0.2334861634	-0.218906104	-0.2044510839
	-0.1900181128	-0.1322690454	-0.117686672	-0.1756371102	-0.1612199547
	-0.1467557534	-0.4064685071	-0.1043733381	-0.21694109	-0.1186037206
	0.003513204471	-0.4657637916	-0.1327747097	-0.4660827874	-0.1471086937
	-0.1614537255	-0.1757590053	0.007099824652	-0.1901234415	-0.3241618683
	-0.3072536929	-0.2044079211	-0.0001425007202	-0.2768877019	-0.2188118599
	-0.2331789118	-0.01149218869	-0.2476897484	-0.2622070343	-0.02729247824
	-0.2916893114	-0.04385448316	-0.06051002352	-0.3463596962	-0.3762798621
	-0.07572193282	-0.4190968414	-0.0903539053	-7.759706849e-35	-6.106163629e-34
	-0.1959046452	-3.375055977e-35	-3.063941457e-34	0.002026439981	-0.3781927853
	-0.4512559786	-0.4638499296	-0.4251543558	0.002373715216	-0.008653736981
	-0.02250073085	-0.04078083411	-0.3828538646	-0.3507621027	-0.05878718232
	-0.07631549319	-0.3259383023	-0.3076656729	-0.1065379879	-0.09202520547
	-0.2764171129	-0.2914275122	-0.1342402182	-0.1204607723	-0.2618206951
	-0.2473174217	-0.2186682322	-0.2330167141	-0.1902569683	-0.2044932266
	-0.1481121683	-0.176170971	-0.1620670024	-0.1373091747	-0.1506525956
	0.0006671626862	-0.1640911466	-0.1775683224	-0.4265206011	-0.1913275481
	-0.2050746508	-0.002919874329	-0.2191223816	-0.3909176808	-0.01650774481
	-0.2331270064	-0.2474845882	-0.2618890131	-0.03390242131	-0.2769542017
	-0.05399172412	-0.2925410449	-0.3102720009	-0.3305295867	-0.07420655084
	-0.3572880038	-0.09254192234	-0.427141983	-0.4557084137	-0.1090200966
	-0.1235520598	-0.3455553103	-0.1734259891	-5.439703475e-35	-6.193669106e-34
	-2.377377995e-35	-0.1496866717	-3.160474271e-34	-0.0007683530496	-0.4019834628
	-0.3097452183	-0.4286178496	-0.443295464	-0.02485268926	-0.008033581565
	-0.06729577139	-0.04481847209	-0.3653707945	-0.3985692416	-0.08925290989
	-0.1088685346	-0.3145650096	-0.3366120362	-0.1262827671	-0.1410151344
	-0.2954526353	-0.2789959988	-0.1677924747	-0.1548891927	-0.2489479066
	-0.2636000871	-0.234802584	-0.2208614937	-0.2073381489	-0.1939047651
	-0.1808942106	-0.002623285936	-0.1861602736	-0.127372731	-0.1991492498
	-0.2118668346	-0.2252348566	-0.01354834357	-0.4229391917	-0.2387346122
	-0.03252205127	-0.2531286034	-0.2679562292	-0.2842554837	-0.3457532117
	-0.0555677855	-0.301766588	-0.07972754427	-0.322245208	-0.3730585775
	-0.1040387183	-0.4026572273	-0.1248375702	-0.4205491307	-0.3672858868
	-0.1437174234	-0.2712309911	-0.1590263769	-0.1733346197	-3.191234142e-35
	-6.533975607e-34	-0.1029286492	-1.248728967e-35	-3.381597322e-34	-0.003741433325
	-0.3308766769	-0.2304747613	-0.3959913896	-0.4102815977	-0.03966900382
	-0.01837826587	-0.0650866878	-0.09118591841	-0.4026160365	-0.379484145
	-0.1173833675	-0.1399173121	-0.3310077667	-0.3544277784	-0.1603838046
	-0.1768498834	-0.2915376121	-0.3097924577	-0.19217543	-0.205438802
	-0.2748366913	-0.25966224	-0.2454528555	-0.2318085667	-0.2188262541
	-0.2392030695	-0.2532033176	-0.08330452541	-0.0233206293	-0.2681428522
	-0.2874765652	-0.2835838037	-0.04601427685	-0.3005085862	-0.318816671
	-0.07330242054	-0.3384612091	-0.3596534706	-0.1005627536	-0.37743513
	-0.3922638313	-0.1285909329	-0.3848279397	-0.3593879767	-0.1525350416
	-0.1899651735	-0.1750676612	-0.1930478067	-0.005911732427	-0.2100621881
	-0.2245693837	-7.078192087e-34	-1.376665886e-35	-0.06105026395	-3.73753647e-36
	-0.006494561116	-3.678276364e-34	-0.2419063177	-0.1500675418	-0.3550463296
	-0.3168475208	-0.02694078298	-0.05051764119	-0.1072478001	-0.0792883404
	-0.3727598026	-0.3690895032	-0.1365620613	-0.162042273	-0.3578067638
	-0.3410682176	-0.1863144966	-0.2063705279	-0.3061616643	-0.3235857995
	-0.2252801976	-0.2416127943	-0.2733644269	-0.2895319572	-0.2578619618
	-0.2693731952	-0.2859224107	-0.03011858096	-0.3018217842	-0.05394684215
	-0.1955201849	-0.3175477919	-0.3304109173	-0.3420262261	-0.08245952019
	-0.3436625644	-0.1103993809	-0.3386845223	-0.3106102092	-0.2665720057
	-0.1396627965	-0.1658784602	-0.1141917186	-0.0456120014	-0.1913689065
	-0.2129780929	-0.008468390082	-0.2337237709	-0.2517759599	-2.142457893e-36
	-7.667380038e-34	-0.02812879854	7.342429246e-37	-0.008448353055	-3.949008351e-34
	-0.1498462707	-0.08169063176	-0.2144628799	-0.2619182585	-0.0314927675
	-0.05443525758	-0.1090325433	-0.08262489418	-0.3090912254	-0.2953896107
	-0.1635524888	-0.137747787	-0.3080640229	-0.3137529453	-0.1893548664
	-0.2117473081	-0.2987192809	-0.2848930528	-0.2519556986	-0.2332961637
	-0.2697673802	-0.0316462847	-0.2623672236	-0.01733630276	-0.05360022946
	-0.2680405086	-0.2694797372	-0.2596899018	-0.07902006873	-0.241811373
	-0.10365876	-0.2079002174	-0.1637435554	-0.1105695228	-0.1293456044
	-0.05478220829	-0.1537691257	-0.1775032858	-0.009446206024	-0.1991255758
	-0.2189360328	-0.2363805205	-0.250680261	4.316181305e-36	-8.08223523e-34
	-0.00582831641	2.942274791e-36	-4.079902902e-34	-0.008730270791	-0.07413100583
	-0.03247309161	-0.1171876047	-0.1556973578	-0.04962750934	-0.03033316493
	-0.09341343966	-0.07276431726	-0.1866894841	-0.2060486342	-0.1160484927
	-0.1367302688	-0.2177937722	-0.2192383635	-0.1577452945	-0.1759377914
	-0.2158644939	-0.1929984729	-0.205745053	-0.04431294328	-0.1521895195
	-0.1349387076	-0.06302164241	-0.109853695	-0.07866311392	-0.08061289153
	-0.04729468366	-0.01575846062	-0.09804246182	0.0006288608153	-0.1150341298
	-0.008575855891	-0.1630153409	-0.1656694227	-0.1305752435	-0.1447409448
	-0.1556105637	-0.1634944494	-0.02707084986	7.740720696e-36	-8.154036363e-34
	0.006774790272	3.809438933e-36	-4.016713739e-34	-0.00705469851	-0.003116547169
	-0.02404487608	-0.07049965722	-0.04733865797	-0.03711723836	-0.0232521735
	-0.06512903903	-0.05235440871	-0.1042144729	-0.09001047964	-0.07844868332
	-0.08993489448	-0.1131711334	-0.1161175401	-0.1090107329	-0.1008779479
	-0.1148724042	-0.04151725147	-0.02442020532	-0.03978538721	-0.008876010112
	-0.04933126238	0.005433143928	0.009825841464	-0.05776707158	-0.0654320658
	-0.006002161034	-0.05531727149	-0.07099258023	-0.07501618626	-0.07549975433
	-0.07299225036	-0.01806940944	-0.0661672473	-0.02883904668	9.094887658e-36
	-7.850038391e-34	0.01218129081	4.058911685e-36	-3.794719033e-34	-0.004184547929
	0.002993169692	0.0112358821	-0.00774042096	-0.0191384109	-0.01263642707
	-0.02037971939	-0.03373201487	-0.02779253697	-0.02908504572	-0.03702697633
	-0.03880003174	-0.04247724343	-0.04215134639	-0.04461987243	-0.04456565985
	-0.01600702728	0.01476930355	-0.0196202629	0.01302333613	-0.02194786842
	-0.00261780657	-0.02329886409	0.003359866208	-0.02293701896	-0.02102224471
	-0.01716106762	-0.007234102159	-0.01139900012	-0.01175024775	-0.004535235583
	0.01007147621	8.791475684e-36	-7.315637753e-34	0.01334724219	3.80125288e-36
	-3.512912308e-34	-0.001085259904	0.01673330974	0.01488358843	0.00553013751
	0.01066936132	-0.002067344477	-0.004221520822	-0.007435437035	-0.005744696006
	0.0006978907158	-0.003450111058	-0.007926555931	-0.006143863355	-0.00779824087
	0.002642900575	0.0003818908565	0.01311629795	0.00309504865	0.003990247084
	0.01761382445	0.005900054949	0.008617604242	0.002111286889	0.01194987159
	0.01531108537	0.002546138677	0.01772667986	0.002973300547	7.62854631e-36
	-6.774212508e-34	3.313696145e-36	0.01270048024	-3.276131231e-34	0.001312421296
	0.0192837388	0.01806666316	0.01614273269	0.01825143266	0.007480125351
	0.005554094276	0.009632277014	0.01009687069	0.01409006853	0.01225437429
	0.01125561496	0.00221927922	0.01656594211	0.01754176676	0.01890813889
	0.02002621096	0.007626000258	0.02024289772	0.01109062973	0.01820568387
	0.01223897479	0.01411760625	0.0152676042	6.357192739e-36	-6.3836881e-34
	0.01185128405	2.859331779e-36	-3.130045975e-34	0.002498447138	0.01812557962
	0.02054217457	0.02008542284	0.02086820505	0.00885533417	0.01276920469
	0.01653341056	0.01936059752	0.01787532045	0.02008917594	0.0205480173
	0.01152269222	0.02031849479	0.00891374033	0.01779287684	0.01330949622
	0.01707547004	0.002728474259	0.01872801634	5.551978008e-36	-6.172486326e-34
	0.0110953648	2.653353704e-36	-3.062177091e-34	0.002560068104	0.01899411755
	0.0170965333	0.01785848299	0.01916897732	0.008469510316	0.01250685267
	0.01629993174	0.0156335071	0.007422217474	0.01056265438	0.01129580965
	0.002324689045	0.0146613655	0.01626617476	0.01709212045	5.127706189e-36
	-6.087340028e-34	0.009468453987	2.587914656e-36	-3.039496143e-34	0.002006448814
	0.01376358806	0.01364814131	0.01259863492	0.006331476559	0.009571290809
	0.00513398601	0.007991421542	0.001617079381	0.01035428141	0.01074478259
	0.008212922422	4.285189126e-36	-6.065629741e-34	2.268708722e-36	0.006240985104
	-3.036231429e-34	0.001349572104	0.007750187964	0.006261062716	0.004120420901
	0.0009886520968	0.00452418829	0.004409171187	0.003142064097	-6.067676514e-34
	2.417481774e-36	0.002403121955	1.542534637e-36	-3.039171619e-34	0.002112496262
	0.000804040746	0.0004662592586	0.00103028117	-6.07605851e-34	6.908720331e-38
	1.242818259e-36	0.0001566933887	-3.044367883e-34	-1.509032961e-34	-6.085452297e-34
	-2.337427456e-36	
