3721	
	-1.750190557e-33	1.747492639e-33	3.436182047e-34	3.782207897e-34	5.830595165e-34
	0.03829289943	0.05764920409	-2.445410573e-34	5.061683322e-34	0.08040870222
	0.02260796541	0.0250644008	5.785113649e-34	1.98158365e-34	0.1070162724
	-0.01277546758	0.05179228375	0.04735055056	-3.500916522e-35	-8.321998623e-36
	-0.002484158042	2.780061807e-34	6.606420081e-34	0.01174001894	0.0150499453
	0.0398533653	0.03501630248	0.05268219998	0.03866515396	-0.01661115876
	-0.005646079682	-0.01438273839	-1.785212534e-35	0.004164572806	0.01878184218
	1.74636374e-35	0.008407648723	0.008459288462	8.148164548e-34	3.510753027e-34
	0.0338895636	0.02684020359	0.03752230122	0.03561531726	2.850905973e-36
	-0.01443496468	-0.01047317214	-8.013166779e-36	-0.01229219391	3.755885551e-05
	0.03180662117	0.000622097936	0.0234621496	-0.01000547272	0.01759987761
	0.00807325203	0.006084976697	9.601668198e-34	4.365895365e-34	-5.940506472e-36
	-0.009341518596	2.780224771e-37	-0.006758630985	0.04222629846	0.03767427296
	0.02486226723	0.02566524281	0.02756319308	0.03881876364	0.0428275247
	0.04873657103	0.0003459308287	-0.006878127059	-0.009435662877	-0.002401995022
	0.02996741679	0.01230005083	0.01372150472	0.009572644096	0.006148472002
	1.035848585e-33	4.954140127e-34	0.05381464333	0.04717205094	0.02693691385
	0.02883505737	-0.003251987463	-4.561232348e-36	-0.005508530667	-8.744992852e-37
	0.001231323359	-0.002927649725	0.01148217525	0.004367088672	0.05754266278
	0.05941977994	0.0756178303	0.0707633784	0.04777868347	0.02461219002
	0.01724310057	0.07032171263	0.03245796023	0.04143819136	0.05748309109
	5.065837278e-34	0.01115455255	0.007599073135	1.012504819e-33	0.06521000467
	0.05950882869	0.03284537671	0.0343070672	0.1087765814	0.09214234433
	0.09113143505	0.08218950136	0.002782684524	-8.096623305e-37	-2.716450679e-36
	-0.0009604954394	0.007124683127	0.01428729969	0.03203391577	0.01991370633
	0.05317880605	0.07059137621	0.03584139119	0.05055066784	0.08871052545
	0.09357532417	0.08444797772	0.0703292763	0.1042682899	0.1161290463
	0.1143241328	0.01189944953	0.00902022524	8.975640734e-34	4.678678289e-34
	0.03804167879	0.03776828599	0.07094725726	0.06818449229	0.1294343201
	0.1202399799	0.1021226407	0.09869520612	3.751624814e-37	0.0130610828
	8.662801712e-37	0.006952498163	0.140262462	0.1625996309	0.1495798567
	0.1359945002	0.04584075041	0.02362235949	0.03498466944	0.06336612244
	0.1157799931	0.09124304668	0.09033428383	0.0688836686	0.1266518129
	0.1527241333	0.1110924267	0.1664341888	0.1632990634	0.1366520439
	0.1377285657	0.01167228653	0.009648450367	7.202830081e-34	3.912789033e-34
	0.07006768372	0.07047791174	0.03991909082	0.03804829852	0.1325830291
	0.1023340204	0.1041632793	0.1335937264	2.674316168e-36	0.02844532331
	6.756050368e-36	0.01966584526	0.1611627635	0.1762672887	0.1845797538
	0.1586848034	0.08255566348	0.1044773623	0.0484943994	0.06424641797
	0.2013444517	0.1886616514	0.2125614346	0.1918601184	0.1399825679
	0.1693129216	0.1143794967	0.142013361	0.2164521864	0.2147976428
	0.1795871773	0.1914967959	0.2061222313	0.164313973	0.1896773319
	0.0107410719	0.00942720511	5.149158334e-34	2.937665001e-34	0.06449400711
	0.06713167144	0.03854725701	0.0357188371	0.1254964979	0.130111091
	0.09475201285	0.09993416319	6.288075152e-36	0.04866547448	1.521564374e-35
	0.03760185516	0.1549918258	0.1825834153	0.1853172241	0.1602619699
	0.1509278821	0.1273360272	0.08158835023	0.1006207513	0.2063515909
	0.2266078041	0.2228443322	0.2074442226	0.1917853712	0.1961582512
	0.2211515996	0.1664077871	0.2525986631	0.23848155	0.2416504466
	0.2341021975	0.2181013844	0.2579078853	0.2531619334	0.2416887559
	0.2587635508	0.2310550082	0.2383633575	0.009438481531	0.008622605216
	3.102141376e-34	1.909983299e-34	0.0565272469	0.06030853163	0.03504439877
	0.03186390179	0.1108729028	0.1183463073	0.08308101566	0.0897723859
	0.1662491854	0.1752382265	0.1480494541	0.1388009471	0.05991684444
	1.119423766e-35	0.07221583957	2.611188965e-35	0.1960934591	0.1742028397
	0.1202392046	0.1401499139	0.2158594313	0.2011803273	0.1919517096
	0.2230887395	0.2377220998	0.2641572073	0.2442772717	0.216202856
	0.2569249336	0.2366995386	0.2423909841	0.2550269852	0.2631888756
	0.2813213723	0.2893403573	0.2727688292	0.2883708853	0.2695683284
	0.2682581887	0.2918442273	0.2812038026	0.2744595488	0.2767530247
	0.008015673483	0.007532039029	1.260275771e-34	9.463458013e-35	0.0478641895
	0.05200898445	0.03054431912	0.02740719685	0.09392136383	0.1023147591
	0.07008134489	0.07704439696	0.1185453674	0.143507445	0.1551027672
	0.129117184	0.0844904923	1.690127554e-35	0.09661484749	3.861918529e-35
	0.180827745	0.1918096451	0.2046283157	0.1679786028	0.1775751387
	0.2344395995	0.2166544389	0.1595958986	0.273648895	0.2966386676
	0.2819325381	0.2573022743	0.2270561079	0.2141659169	0.2352884102
	0.2468108218	0.2972379834	0.3106135038	0.3156909225	0.3037141439
	0.2718411736	0.2793237106	0.2543250023	0.264628293	0.2998956892
	0.2867894656	0.3046804417	0.299797471	0.3091589972	0.3153466016
	0.2915925269	0.006623268749	0.006368843392	-2.583625052e-35	1.208438251e-35
	0.03948167627	0.0435524218	0.02583256342	0.02293152021	0.07712449555
	0.08533532849	0.05739210549	0.06394618818	0.1194742559	0.1313854671
	0.1082415823	0.09789651866	0.1547420695	0.1631024352	0.1775515025
	0.1412480145	5.168835102e-35	0.1083292216	2.296846056e-35	0.1189113238
	0.2085325745	0.2633378698	0.2505648014	0.1944559549	0.1997503763
	0.2053868571	0.1844426091	0.2208063782	0.2993536733	0.3200975537
	0.3095352246	0.2878802806	0.3221054088	0.3318212546	0.3342995754
	0.3259382648	0.2408193765	0.259364555	0.2446327389	0.2253263938
	0.316539569	0.3240513318	0.3311042169	0.3220905503	0.2800283349
	0.2921227089	0.2626991235	0.2766621462	0.2957817284	0.3058525493
	0.310374778	0.005341093568	0.005247323268	-1.39303646e-34	-5.260685957e-35
	0.03182503285	0.035632542	0.02132972034	0.01872533034	0.06166279721
	0.06919842907	0.04578032959	0.05163490146	0.07868232152	0.09681881013
	0.1079125156	0.08809683502	0.1281708845	0.1348337874	0.1487429106
	0.1155406547	0.1691695759	0.1737014098	0.1893955656	0.154186843
	0.136438422	6.428228885e-35	0.128514309	2.951488879e-35	0.2304906064
	0.2823754893	0.221196311	0.2745289814	0.3163587218	0.3364070612
	0.3291269727	0.3089440989	0.2090958655	0.1928205042	0.2118094402
	0.2282655509	0.3399092975	0.346709787	0.3466155399	0.3412552324
	0.3365082771	0.3262687513	0.3291624282	0.3407551585	0.246769967
	0.2646371687	0.2482847725	0.2301611117	0.3132742393	0.3153602154
	0.2818108296	0.2994637197	0.2830181038	0.2657602925	0.2980925888
	-9.755436163e-35	0.004189904818	0.004211327825	-2.119834668e-34	0.02501839173
	0.0285014541	0.01719214289	0.01490226671	0.04788674057	0.05461749742
	0.03547801261	0.04057979664	0.07649044943	0.08641076532	0.06983187304
	0.06152350646	0.09230323144	0.1035868426	0.1090403592	0.1216336215
	0.13987182	0.1439741931	0.158513047	0.1262225325	0.1473715707
	7.46271221e-35	0.1429380396	3.568533193e-35	0.1769928672	0.1797267971
	0.1954629822	0.161739075	0.2380547765	0.2421455319	0.2920508134
	0.2887140202	0.3261004117	0.3467073394	0.3422489066	0.3221300969
	0.351029373	0.3518948818	0.3541951769	0.356000153	0.2150683089
	0.213551926	0.1973959825	0.2314411326	0.3311447488	0.3436854868
	0.3459210326	0.3323425822	0.3163264156	0.3000983927	0.3170255766
	0.3003298143	0.2835534867	0.2323273091	0.2489354116	0.2662717303
	0.2665158593	0.2495641325	0.2833008014	0.003165136469	0.003273326047
	-2.435322853e-34	-1.221583616e-34	0.01346694459	0.01147843069	0.01901219151
	0.02216661572	0.03572040762	0.04168755316	0.02641965456	0.03084260703
	0.04638924341	0.05851858949	0.06729953635	0.0536784171	0.08167385953
	0.08605152582	0.09727065262	0.07170774179	0.130201149	0.1133319219
	0.1170572204	0.1011250221	4.019185022e-35	0.1505454592	8.065299798e-35
	0.1501682481	0.1472178791	0.1500955965	0.1645919217	0.1333234164
	0.244263689	0.2430171115	0.2929544385	0.2937762759	0.1837643744
	0.1818325992	0.1991053409	0.1668264261	0.329246851	0.3515015406
	0.3496609874	0.3285226469	0.3564603615	0.358874935	0.360735773
	0.3578592942	0.3329517471	0.3471242608	0.3331103141	0.3479517827
	0.2330471342	0.2004356197	0.2161048828	0.2171565926	0.316897543
	0.2998895658	0.3001774353	0.3169468864	0.2665402515	0.2832590875
	0.2335970819	0.2497542852	0.2665069071	0.2500999392	0.2831501623
	0.002255275739	0.002431896399	-2.346661838e-34	-1.265248976e-34	0.01368891409
	0.01654632677	0.0101406507	0.00842337624	0.03023890374	0.01841487319
	0.02227054516	0.02491809012	4.172891544e-35	0.1452834832	8.041102272e-35
	0.1492605567	0.03296600043	0.04256826592	0.05038909294	0.03941831494
	0.0534044993	0.06226751783	0.06553781109	0.07557627656	0.07860837328
	0.08957041989	0.09272568813	0.1046335743	0.1201040515	0.1228506555
	0.1362087364	0.1074279436	0.2396948009	0.2332185849	0.2854562634
	0.2902457828	0.1524279383	0.154534168	0.1689008421	0.138490137
	0.3257980524	0.3516753106	0.3509542505	0.3284345559	0.1852719027
	0.2016750464	0.1866664443	0.1705112306	0.3585019452	0.3615176171
	0.3585065871	0.3613948034	0.3323492016	0.3477636047	0.3479605012
	0.3328683434	0.2987955402	0.2993676959	0.3162542068	0.315740454
	0.2340905191	0.2026107953	0.2186220305	0.2178827512	0.2662022353
	0.2823591515	0.2344319017	0.2663728854	0.2826525988	0.2503280459
	0.2501500121	0.001447248196	0.001678470704	-1.867015246e-34	-1.111470046e-34
	0.008925477202	0.01152737169	0.007170622805	0.005692891166	0.0151955436
	0.02000491615	0.01125764827	0.01465714876	3.924002559e-35	0.131441636
	7.269076956e-35	0.1397349646	0.02821193512	0.03528399464	0.02668730669
	0.02087592757	0.2247262889	0.213377646	0.2696581607	0.2783550307
	0.03691249428	0.04491949835	0.04701066184	0.05611200051	0.08142317993
	0.06815187254	0.07052471205	0.05818261145	0.08363290002	0.0953035979
	0.09761968764	0.1100199205	0.1250708025	0.1270302885	0.112036525
	0.1405781522	0.3216428775	0.3483490481	0.3450072604	0.3153808716
	0.1561822735	0.1576247358	0.171966855	0.1421621085	0.356611175
	0.3577833475	0.3602906602	0.358271412	0.1730261504	0.1876882002
	0.1885901861	0.2034447351	0.3315251668	0.3305038337	0.3469020784
	0.3459075959	0.2972116023	0.2980298334	0.3138355323	0.3147275334
	0.2812243558	0.2817212948	0.2659247364	0.2655720484	0.2194758625
	0.2347007682	0.2039972683	0.234796655	0.2190640206	0.2502304384
	0.2501903869	0.0007306988271	0.001003300635	-1.013975903e-34	-7.676634653e-35
	0.004618725916	0.007000232193	0.004510888316	0.003246578075	0.006293359172
	0.01071343047	0.004767470606	0.007805247307	0.009764458572	0.01503928927
	0.0215601746	0.01511314836	3.240990777e-35	0.1096891394	5.788011722e-35
	0.1217711516	0.2002668908	0.1847224091	0.2455394857	0.2581343963
	0.02177018305	0.02914960049	0.02999425048	0.03838735312	0.3076550784
	0.29746772	0.3333365941	0.3394940676	0.06011097305	0.03937082704
	0.04858194096	0.05000951739	0.08566120557	0.06153289941	0.07239627397
	0.07406016731	0.0871740201	0.1138424832	0.09944069766	0.1010157889
	0.1435463102	0.115164616	0.1297951842	0.128528173	0.3523696578
	0.3513198811	0.3546408839	0.3553457884	0.1586641627	0.1595261297
	0.1445173842	0.1739230537	0.3277876953	0.3292185058	0.3443653723
	0.3426971079	0.2044279044	0.1891547341	0.1896049786	0.1744916966
	0.3112640816	0.2951134468	0.3125101151	0.2962029973	0.2796188056
	0.2803909575	0.2644704715	0.2650765411	0.2196696288	0.2498707091
	0.2347865621	0.2495547646	0.219601128	0.2345963669	0.2046070273
	0.0001006937496	0.0003990640747	1.90139307e-35	-2.435222032e-35	0.0006969794781
	0.002876048957	0.00212478475	0.001055936941	-0.002000129181	0.002126441991
	-0.001194697457	0.001553466735	-0.0006717047275	0.002689362713	0.008830012534
	0.004365109851	2.232177987e-35	0.08193865099	3.856050422e-35	0.0966179139
	0.01452321198	0.01406688644	0.02195155838	0.007572558103	0.1678784752
	0.1492417784	0.2133050854	0.2296912398	0.2858944941	0.2715441706
	0.3152711927	0.3246184587	0.03041149733	0.03078186229	0.02174902372
	0.04027342089	0.3457023554	0.3464457712	0.349143068	0.3400888786
	0.0628081881	0.05186256895	0.04076140241	0.05100252384	0.06364732565
	0.07630347435	0.08849357317	0.07527852354	0.08938634822	0.1021605869
	0.1030976191	0.1162874617	0.1306730744	0.1170257405	0.1313671971
	0.1453104631	0.3382891025	0.3243462789	0.3261120041	0.3405898322
	0.1604329054	0.1749117152	0.1600499966	0.1457793884	0.3080928698
	0.292462609	0.2938384219	0.3096529378	0.2046599513	0.189762767
	0.1750677687	0.1898218327	0.2627944433	0.263697329	0.2785243094
	0.2774261197	0.2489631371	0.2342769591	0.219206087	0.2337846485
	0.2194709567	0.2483385571	0.2044973132	-0.0004406241414	-0.000138726388
	1.717119679e-34	4.483301951e-35	1.189929061e-35	0.05170896167	1.870890804e-35
	0.06705082083	-0.002875696657	-0.0009058574301	-6.366719988e-06	-0.0008923844407
	-0.009840115833	-0.005944050658	-0.006717057172	-0.004213645876	-0.009145387732
	-0.003243925986	-0.00583365713	-0.01067934472	0.0006651259668	-0.001139621369
	0.006405005152	-0.006033225537	0.1298932278	0.1097407508	0.1739505229
	0.193662513	0.01324717694	0.01248185409	0.02152671741	0.004938067064
	0.3028985926	0.2558892201	0.2373672614	0.2898081779	0.3361196663
	0.3328808722	0.3410190149	0.3236083484	0.03077648557	0.04115336277
	0.03072495804	0.02097538954	0.3326523286	0.3203307637	0.3223535403
	0.3356628151	0.06433679595	0.04119421694	0.052684509	0.0523342589
	0.07742883889	0.06467023392	0.09011045357	0.07694616475	0.104101898
	0.0904975054	0.1176022688	0.1036813086	0.1178785412	0.1317488551
	0.1461040126	0.1319885532	0.2892972661	0.3044733359	0.2909275841
	0.3062578197	0.1461728774	0.1750962111	0.1605404951	0.1605426162
	0.2617215705	0.2760412371	0.274615796	0.2605137471	0.1749099417
	0.189634391	0.1893610062	0.2042140442	0.2331541159	0.2323653637
	0.2474558598	0.2465127125	0.2181277584	0.2187010305	0.2037475947
	-0.0008851506576	-0.0006137498326	3.533244836e-34	1.29155166e-34	-0.006098210162
	-0.004371888147	-0.0018823064	-0.002598103031	3.316848342e-36	0.02362402521
	2.511424919e-36	0.03737403855	0.08941251911	0.06975202433	0.1298983467
	0.1517745555	-0.01731333392	-0.01362903496	-0.01183070659	-0.009559729982
	-0.02072304777	-0.01495453188	-0.01570005456	-0.02044862065	-0.01274713524
	-0.01595461811	-0.008610426475	-0.01936252599	-0.003262362259	-0.005225372395
	-0.01141147845	0.003517308755	0.2733018008	0.2176502115	0.1954907219
	0.2558944683	0.01139057012	0.01034461801	0.0203917652	0.001844932949
	0.3003126564	0.3224555095	0.3294596188	0.3133622308	0.3253472648
	0.3158321918	0.3293997726	0.3180732032	0.03034247947	0.02991694129
	0.01953707658	0.04114741554	0.2875699591	0.2857841658	0.3006751719
	0.302541751	0.05262593539	0.06488554812	0.04081487387	0.05270673924
	0.09075785831	0.06481534211	0.07764904793	0.07760347324	0.1180322087
	0.09074864379	0.1042465281	0.1042629727	0.1318701347	0.1319855123
	0.1461277984	0.1179446704	0.2729646658	0.259152515	0.2576654671
	0.27126986	0.1746159075	0.1458751475	0.1600075235	0.1603203665
	0.2303792776	0.2440960327	0.2314427366	0.2453448284	0.2024356622
	0.1883235435	0.1888810459	0.2164913692	0.2173448969	0.1741442236
	0.2031694269	-0.00123515146	-0.001036960597	5.607177179e-34	2.267012167e-34
	-0.008941359456	-0.007514090984	-0.003495448289	-0.004058669613	-0.02442452923
	-0.02099272164	-0.01650941158	-0.01448592919	-2.601804843e-36	0.001944365735
	-7.175598226e-36	0.01224861384	0.05050857808	0.03353289502	0.08520820495
	0.1072550324	0.2131710289	0.2350547424	0.1724070296	0.1481473713
	-0.03225491897	-0.02655283892	-0.02538327665	-0.03010320663	-0.02599983315
	-0.03068227188	-0.02342283686	-0.03270656978	-0.02763746761	-0.01944447813
	-0.02266051516	-0.01408869677	-0.007472666034	-0.009585413986	0.000218443521
	-0.01695494007	0.268261774	0.2860396343	0.3026109815	0.3128542363
	0.009021830902	0.00773089092	0.01867492696	-0.001611286049	0.3105897952
	0.315086972	0.3210068262	0.3132115943	0.284007865	0.2988237237
	0.2822449769	0.2970091857	0.0292200969	0.02847895829	0.04043271515
	0.01758898285	0.2676056148	0.2543564569	0.2560603879	0.2694405471
	0.0518674298	0.06466890347	0.03981237161	0.05229006375	0.07717642754
	0.09065072562	0.06428454975	0.07746418565	0.09033065124	0.1177660403
	0.104073462	0.1037819651	0.1455326235	0.1173908763	0.131173038
	0.1315675865	0.2278917076	0.2411546772	0.229196048	0.2426716156
	0.1735814449	0.1595190564	0.1589504787	0.145020641	0.1728719006
	0.186793574	0.2006366673	0.2154640301	0.2016012848	0.2143611661
	0.1875944933	-0.00157339304	-0.001443418181	7.93772711e-34	3.361677694e-34
	-0.01139868455	-0.01030148409	-0.004877751748	-0.00531421748	-0.0310711248
	-0.02800919646	-0.02069825205	-0.01893664343	-5.148767917e-36	-0.01099991296
	-1.035759415e-35	-0.005072106195	-0.03968230612	-0.04387674039	-0.03824249569
	-0.03494725471	0.0646832923	0.01778180329	0.0055167108	0.04497585892
	0.1632724123	0.1886318611	0.1235466456	0.09983413867	0.2489946419
	0.2260359552	0.2736929926	0.2887081087	-0.03934865364	-0.04560744133
	-0.0383474323	-0.04634858335	-0.03561446925	-0.04015303591	-0.04408505042
	-0.03161925581	-0.03574606528	-0.02613092246	-0.02939240513	-0.01966957261
	-0.01416973548	-0.01192732584	-0.003344538267	-0.02253728043	0.3033889521
	0.299261783	0.3070872541	0.3085611134	-0.005254751916	0.006230351674
	0.00474710978	0.01653866707	0.2934895077	0.2953474907	0.2806229617
	0.2791131767	0.2507897212	0.2525975234	0.2640102927	0.2657632668
	0.02754738815	0.02657900902	0.01528904766	0.03917869418	0.2395234066
	0.2378039114	0.2249860125	0.2264871947	0.05060638535	0.06385594967
	0.03833889048	0.05127098707	0.076194674	0.08995048837	0.06323006652
	0.07672636994	0.08939186684	0.1033363112	0.1169483127	0.1028084488
	0.1444366116	0.1300132784	0.1163494418	0.1306313262	0.2131276256
	0.2118130514	0.1984286365	0.1995853429	0.1437168864	0.172084831
	0.1574603585	0.158240563	0.171179327	0.1858559001	0.1848500649
	-0.002167060765	-0.001892482342	1.065589986e-33	4.599593009e-34	-4.87655121e-36
	-0.0155230642	-9.297651757e-36	-0.01367255905	-0.01352897245	-0.01276121758
	-0.006248008211	-0.006709938173	-0.0369774206	-0.03457334875	-0.02449321936
	-0.02281992349	-0.0555993388	-0.05017308491	-0.04429460363	-0.04913519048
	0.0288508479	-0.00500281545	-0.01158019741	0.01386704362	-0.05300486007
	-0.06103749164	-0.05369457277	-0.06055463394	0.05638750385	0.1110711926
	0.1371412272	0.07667655062	0.2015810104	0.1745261615	0.2331031806
	0.2541921154	0.2739974106	0.2913007585	0.2976915369	0.2886973812
	-0.05210691325	-0.0580986685	-0.04939857422	-0.06109354296	-0.05483821006
	-0.04493481255	-0.04944543708	-0.03956942992	-0.03283046302	-0.03609897267
	-0.02518399785	-0.04352523566	-0.007035378831	-0.01653989419	-0.02797998501
	-0.01882510607	0.2766439083	0.277795593	0.2917425287	0.2890379654
	0.003156362724	0.01409609416	-0.008981665406	0.001583517463	0.2610503452
	0.2473255919	0.2490407646	0.2624110178	0.2360400283	0.2342278489
	0.2217651557	0.223408435	0.01273295138	0.02550420784	0.03750734607
	0.02440200427	0.2104148786	0.2089324005	0.1958943809	0.1972015498
	0.062582359	0.04899790696	0.03651136214	0.0498286275	0.07483085499
	0.08879303315	0.06178263564	0.07554445171	0.1021616862	0.0880579584
	0.1014501212	0.1156988586	0.1284836061	0.1149282451	0.1292800189
	0.142937914	0.1825745268	0.1556197937	0.1837446822	0.1565709822
	0.1702091847	0.1691476575	0.1420538456	-0.003493460461	-0.002584640367
	1.439058997e-33	6.118411233e-34	-3.367111867e-36	-0.01404761264	-6.558183623e-36
	-0.01497199182	-0.01561574934	-0.01537671896	-0.008194591427	-0.009810120935
	-0.01647843462	-0.005652742312	0.003417287171	-0.0179777118	-0.04186024973
	-0.04062717272	-0.02862751076	-0.02604314918	-0.06737641384	-0.06236038275
	-0.05310133845	-0.05829700404	-0.0671803869	-0.07739569519	-0.06971839152
	-0.07544012666	0.02288231812	0.06387122022	0.08691196639	0.03760710629
	-0.06934517994	-0.07699568652	-0.07894005995	-0.06774459437	0.1466171398
	0.1190433706	0.1808591827	0.2077678057	0.2572457874	0.2355027904
	0.2695275295	0.2811490568	0.2803747002	0.2740274145	0.2753542311
	0.2859757972	-0.06429572399	-0.07013997243	-0.07455047002	-0.05979117094
	-0.05402830166	-0.05836506869	-0.04713843861	-0.06488962062	-0.04249581828
	-0.03937380453	-0.03055344492	-0.05088146059	-0.01079620196	-0.03325441441
	-0.02111739549	-0.02333604381	0.2445495656	0.2592469625	0.2458567107
	0.2600047057	-2.327239307e-05	-0.001611350132	0.01143777814	-0.01273790036
	0.230755372	0.2324573264	0.2183736647	0.2200816891	0.2074101759
	0.194533107	0.1931166648	0.2058068945	0.02323787307	0.02205777862
	0.01001805477	0.03553827809	0.1680360657	0.1813425139	0.1800507542
	0.1668588656	0.04713905757	0.03444649877	0.06097462242	0.04808636348
	0.07402797397	0.08729412385	0.07317952098	0.06005673084	0.08643096226
	0.114116306	0.1006485314	0.09979707632	0.1266668918	0.1132159509
	0.1411217026	0.140112142	0.1535094061	0.1276012149	0.154591112
	-0.006783041058	-0.004790857431	2.123139863e-33	8.400677533e-34	-0.01187062804
	-1.84785368e-36	-0.009754035057	-3.772024885e-36	-0.01974722206	-0.0199891185
	-0.01210728896	-0.01941075451	-0.01827939047	-0.01389901648	-0.01043591582
	-0.0165105931	-0.04651130569	-0.04636130179	-0.03543267651	-0.02917478069
	0.01014279152	0.00162889982	0.02811586249	0.04508620079	-0.06693781023
	-0.07927608136	-0.07446279074	-0.06113606614	-0.09073392301	-0.08214107907
	-0.09515397391	-0.08656067163	-0.0878146806	-0.09732993659	-0.08701983534
	-0.09785416907	0.09202169774	0.06865742708	0.122495576	0.151833833
	-0.08465274712	-0.09184207493	-0.08070932025	-0.09531631868	0.182988629
	0.2330357994	0.252394373	0.2113607093	0.2678629791	0.2617153966
	0.2713274996	0.2733637779	0.2436949995	0.2580635883	0.2431324925
	0.2588097407	-0.08703257814	-0.06953913365	-0.0758604681	-0.0812600527
	-0.0625599056	-0.06653078556	-0.07429385523	-0.05430121326	-0.0455259202
	-0.05780600278	-0.0357355371	-0.04841665494	-0.02552157392	-0.01454184207
	-0.02763114894	-0.0382982228	0.2292196998	0.2279941678	0.2150846808
	0.2167067977	-0.003211869075	-0.004781562136	-0.01642714516	0.008672989486
	0.2042004328	0.2025387104	0.1901679593	0.191658892	0.1656476031
	0.1787303828	0.1643945706	0.177355443	0.02083582281	0.0072471422
	0.03338342531	0.01961383883	0.1390667393	0.1523803089	0.1379689223
	0.151208941	0.04613403668	0.05913648963	0.04510932311	0.03224189903
	0.05814215228	0.07226714731	0.08554613245	0.07132348567	0.09792865135
	0.08459308387	0.1122832952	0.09888178975	0.1246394383	0.1256737406
	0.1112893722	-0.01546500974	-0.01325412191	3.606070706e-33	1.293686503e-33
	-0.007306091004	-7.30570731e-37	-0.005127097037	-1.553155006e-36	-0.03539594801
	-0.03155091502	-0.02392759244	-0.04862814291	-0.01414305203	-0.01113141931
	-0.01363514562	-0.01423892998	-0.05549456918	-0.05314105167	-0.05124549585
	-0.03606448203	-0.008063425459	0.006094912924	0.01612484166	-0.004974525713
	-0.09164712534	-0.08587778246	-0.06902277102	-0.07563905167	0.04737317345
	0.0312710604	0.06900295862	0.09491424624	-0.1057892754	-0.09788481723
	-0.1143006588	-0.104281616	-0.107865573	-0.1193209224	-0.1181905403
	-0.1076733608	-0.1064441293	-0.1149001157	-0.1027925044	-0.1177582708
	0.1224151633	0.1530061363	0.1802943406	0.2078163992	-0.09869472797
	-0.1051163779	-0.1104465386	-0.09275862227	0.2606185055	0.2268897112
	0.2514548653	0.2473713687	0.2538494723	0.2429001074	0.2427991811
	0.2570968144	0.2271017067	0.212487841	0.2267817414	0.2136947602
	-0.0864074798	-0.0912308127	-0.09857202355	-0.07858578584	-0.0829235144
	-0.06098004363	-0.07033971039	-0.0739225835	-0.06418805885	-0.0512197195
	-0.05387751015	-0.04064230823	-0.02970611221	-0.03169617523	-0.0430198003
	-0.01817994905	0.1886478952	0.2009167472	0.1871165853	0.1993446781
	-0.006352269936	0.005891320152	-0.01996999434	-0.007881886299	0.1759755517
	0.174541499	0.1618246239	0.1631207917	0.1368491784	0.1487942507
	0.1500167509	0.1356994598	0.01836860069	0.01713409184	0.03112773765
	0.004493924995	0.1092183489	0.1102728049	0.1235707182	0.1224728824
	0.04404907931	0.04297992627	0.05714803673	0.02996940457	0.08261366961
	0.07033915516	0.05610955707	0.09591441514	0.06933410562	0.08362453805
	0.0969351445	-0.01780039453	-0.03784942827	8.137715761e-33	2.169742641e-33
	-0.09661822883	-0.06728224284	-0.06633114726	-0.1429622009	-8.10905293e-38
	-0.003152089876	2.07783163e-38	-0.001490908812	-0.007957731031	-0.005105797504
	-0.008804601191	-0.01139637898	-0.08306379915	-0.06772165198	-0.09699807446
	-0.05885079191	-0.009005045697	-0.003739745555	0.0003621138423	-0.009668571122
	-0.1057406699	-0.09687610418	-0.08009338752	-0.09056258894	0.017785725
	0.00915178798	0.03037503332	0.04835456543	-0.12077447	-0.1138344271
	-0.1335838924	-0.1226846564	0.09244775006	0.06691809968	0.117822995
	0.1493898831	-0.1295344717	-0.1429224392	-0.130119806	-0.1402028633
	-0.1300787438	-0.1398065101	-0.1266007437	-0.1423727759	-0.135633441
	-0.1229600973	-0.1304013948	-0.117238079	0.2359013008	0.1739444428
	0.2174516025	0.2031480478	-0.1112580765	-0.1169508798	-0.1240959589
	-0.1037458399	0.2397761498	0.2417151781	0.2388934097	0.2489652761
	0.2268578308	0.2118155048	0.2115181156	0.2270519161	0.1968215189
	0.1979115334	0.1841325625	0.185604378	-0.1089127449	-0.08680923816
	-0.09584893266	-0.100144025	-0.09066677438	-0.07736672638	-0.06709422334
	-0.08059130318	-0.05645003174	-0.05888073343	-0.04520584131	-0.06997444959
	-0.03550179083	-0.03364127229	-0.02164711299	-0.04737691926	0.1716399671
	0.1731145372	0.1591855291	0.1605112183	-0.009395525604	0.003155513366
	-0.02332214231	-0.01086558521	0.1345418194	0.1463241848	0.1475708769
	0.133373223	0.1081520759	0.1213617672	0.1202352292	0.1070682411
	0.01589616606	0.01467405533	0.02883487228	0.001808165559	0.09487359612
	0.08055343406	0.09381652568	0.08159399185	0.02768385231	0.04189577251
	0.05507354909	0.04080995686	0.06830872341	0.05401717733	0.06727159925
	-0.1982083633	3.585998692e-33	-0.0004492615757	-1.915708012e-34	-0.1836246981
	-0.2152807408	-0.147023123	-0.1103861918	-0.002470257389	-0.005790534165
	-0.004897708009	-0.007574946767	-0.1084286719	-0.1123887618	0.002623996204
	0.01845037717	-0.1300438438	-0.1411381646	0.08823960526	0.04429316994
	-0.1520565442	-0.1544590236	0.1919733033	0.1426318157	-0.155742484
	-0.1526775979	-0.1434952672	-0.1491835374	-0.130155562	-0.1375485326
	0.2337733248	0.2254911559	-0.1135203434	-0.1223869884	0.227016
	0.2117607924	0.1960567008	0.1828736937	0.1701904865	0.1578359443
	-0.1042368125	-0.09414615221	-0.08366906351	-0.07260759788	-0.06121202829
	-0.04939309727	-0.03730065769	-0.02490611815	0.1450853893	0.1322052266
	-0.01230216284	0.0005091280373	0.1059843453	0.1191124601	0.0795117578
	0.09275634958	0.01346603263	0.02655412544	0.06623099168	0.03972630474
	0.05296657365	0.1049004215	0.0916923125	-0.4257030008	0.07846710983
	-0.003080920714	0.06518772361	-0.005185938753	0.05191464262	0.03864725033
	0.02542906448	-0.1299931771	-0.005055942363	0.01227660099	-0.1520637274
	-0.1626234717	-0.0004074929212	-0.0007743481113	-0.01369686783	-0.02645813314
	-0.1670377135	0.008933164295	-0.03902208147	0.02821540731	-0.05135577183
	-0.06341484079	-0.1441125555	-0.1361207565	-0.07516264787	0.06093559808
	-0.08654772297	0.110379083	-0.09752441357	-0.1080339132	-0.1180142826
	0.1636640091	-0.1274000071	0.2050098338	-0.1513457267	0.2253265724
	-0.1576919446	0.2246148289	-0.1631098235	-0.1690791869	0.2122290498
	-0.1679370421	0.1960307043	-0.139506759	0.1818172313	0.1687879375
	-0.13886143	-0.1676081912	-0.2342369881	0.156478738	-0.3466646823
	0.1438144712	0.1310381965	-0.0007388649901	0.1179869327	-7.672351462e-34
	-2.725037999e-33	-0.4517699457	-1.404256986e-33	-0.0008373649732	-3.835792959e-34
	-0.2629979087	-0.4513054634	-0.1572108576	-0.1895905493	-0.002919595812
	-0.003674193516	0.004008518211	-0.002168659267	-0.1607267501	-0.1535273946
	0.04028082222	0.01544702342	-0.1795262533	-0.1738388065	0.07924263005
	0.1315811703	-0.1832203805	-0.1811058312	0.2096107565	0.1806873881
	-0.1778970825	-0.1720838834	-0.1582744909	-0.1658365871	-0.1503404054
	-0.1414451845	0.2201374406	0.211650624	-0.1321259457	-0.1220654022
	0.1813560456	0.1964063222	0.167511183	0.155131524	0.1425471528
	0.1298648923	-0.1116073462	-0.1006049225	-0.07752268297	-0.0892623286
	-0.0655032767	-0.05319551204	-0.04066806956	-0.02793680424	0.1038270772
	0.1168749238	-0.01504474293	-0.002017086609	0.09063897594	0.07743013799
	0.05087311175	0.06415451801	0.02432487539	0.0111145368	0.03758372199
	0.06312874717	-0.002224168	0.0498455854	0.03653148968	-0.001935001681
	-0.2923254031	0.02324114175	-0.2071020455	0.009973911991	0.0006028863203
	-0.003227313773	-0.0163529031	0.008181001163	-0.1926507267	-0.1968211625
	-0.029364017	-0.04224515222	0.02310734508	-0.05495707649	-0.06747970099
	0.05372658967	-0.07977020844	-0.09180441695	0.09901090969	-0.1035327073
	-0.1560502109	-0.1149251898	0.150420578	-0.1259218061	-0.1364828797
	0.1904401903	-0.1465411174	0.2096390133	-0.1649748545	-0.1732459378
	0.2099334359	-0.1808838858	-0.1875553086	0.1969596954	-0.1930879766
	-0.1964060094	0.1813499396	0.1666458426	-0.1843373215	-0.1758046349
	0.1538277315	-0.1810832597	0.1412375584	-0.4929918799	0.1286917024
	-0.4146964002	0.1157611545	-0.0007984317017	0.1027676146	0.08959481031
	0.07640573846	-4.485309421e-34	-7.676272708e-34	-0.4478402076	-1.505024034e-34
	-3.831457057e-34	-0.0005986282483	-0.5255905557	-0.3243365803	-0.2004912536
	-0.2239718242	-0.001416741254	-0.0002919191169	0.01292786353	0.003075788568
	-0.1972681914	-0.2035650304	0.03217724548	0.06965392102	-0.2109226385
	-0.2104675288	0.11817883	0.1637779031	-0.2089064216	-0.2033210506
	0.1951941054	0.2032814702	-0.1966865008	-0.1886619334	-0.1709804443
	-0.1802017999	-0.1613693013	-0.1511407242	0.197018905	0.1818808639
	-0.1405258303	-0.1294323042	0.1527738197	0.166138192	0.1274903159
	0.139947684	0.1146591763	0.1017195358	-0.1062257282	-0.1180050615
	-0.08186250551	-0.09417312151	-0.0693342421	-0.05661954885	-0.0307303987
	-0.04373938167	0.07539804663	0.0885717546	-0.004401159069	-0.01760603936
	0.06212414143	0.04883424055	0.03550502501	0.008869907856	0.02217974787
	-0.0006130022127	0.02115112034	0.001060963432	0.007791098502	-0.005531029501
	-0.3448760635	-0.01882055474	0.005417098641	-0.03203418543	0.0182674134
	-0.2178095962	-0.04517194248	-0.05819164369	-0.07109168343	0.04358458231
	-0.08382626846	0.08603598483	-0.2131062317	-0.0963938842	-0.1087412595
	-0.120866793	0.1342121845	-0.1865430277	-0.1327062975	0.1731094271
	-0.1442548337	-0.1554367441	-0.1662451724	0.1935463858	-0.1766161479
	0.1939170804	-0.1960227162	-0.2049058425	0.1825507316	0.1664906941
	-0.2199006212	-0.2246056073	-0.2260338167	0.1519832707	-0.2226407995
	0.1387460589	-0.2209879964	-0.2430112961	0.1262848253	0.1135339402
	-0.5477643747	-0.4347723915	0.1006897422	0.08756718629	0.03449752731
	-0.0003480425594	0.07441654896	0.06113853899	0.04785020856	-5.662702101e-34
	-7.656575923e-34	-0.4272232803	-2.339347037e-34	-3.817387998e-34	-0.0002037196431
	-0.5648242957	-0.3713485382	-0.2389825035	-0.2599850686	-2.80152803e-05
	0.002197413505	0.02567354486	0.008147991879	-0.2362609438	-0.2390220363
	0.05630341705	0.1018809108	-0.236346513	-0.2402576203	0.1471254595
	0.1757615419	-0.2217470057	-0.2300976848	0.181389746	0.1879687622
	-0.2026394039	-0.2125285785	-0.1817100552	-0.1923841334	-0.1593380699
	-0.1707098545	0.1518885475	0.1671637199	-0.1357030542	-0.1476647443
	0.1377123522	0.125108626	0.1124086477	0.09965000814	0.0865862457
	0.07345682282	-0.1234910445	-0.111067172	-0.08566369771	-0.09844269721
	-0.07272759947	-0.05968186903	-0.03328567798	-0.04651985485	0.04688873511
	0.06018350561	-0.006626584195	-0.01997575549	0.02014750555	0.03352433019
	0.006755542058	0.003404622219	-0.007669491649	-0.4113245052	-0.02109229457
	-0.03446854197	0.01190310042	-0.04781178528	-0.2787526563	0.03398073127
	-0.06107796268	-0.07427909281	-0.08736996613	0.07018071083	-0.2528509184
	-0.2472063339	-0.1003648186	0.1158866129	-0.1132117698	-0.1259292613
	-0.138454024	0.1542870727	-0.150807802	-0.1977008527	0.1749675638
	-0.1629138598	-0.1747975529	-0.1863811208	0.1783993956	0.1674620703
	-0.2087232251	-0.2194148272	-0.2297200434	0.1523196203	-0.2391764829
	0.1372539397	-0.2542060647	0.1240245436	-0.2535619807	0.1112533557
	-0.2570646561	-0.3887466153	0.09862268754	-0.5707040243	0.0856111904
	0.07253475029	-4.31981814e-06	0.005749875292	0.05925732792	0.04596808852
	0.0325788127	0.01918786225	0.0003199608709	-3.353372294e-34	-7.622494337e-34
	-0.4050999007	-1.491195671e-34	-3.80007572e-34	-2.657492628e-06	-0.4093406604
	-0.574890427	-0.2952222254	-0.2726255596	0.0006796339531	0.005208219515
	0.04424748506	0.01668879314	-0.2675376411	-0.268871842	0.08375975241
	0.1260170465	-0.2642244091	-0.2568121765	0.157636483	0.1690250908
	-0.247464148	-0.2368854287	0.1528831859	0.1665278346	-0.2142220245
	-0.2256903858	-0.2025125668	-0.1906067668	-0.1661638343	-0.1784814424
	0.1233304787	0.1372216596	-0.1536448316	-0.1409765313	0.09756122008
	0.1101486972	0.08465182127	0.0716216333	0.05836866985	0.04507427439
	-0.1281423137	-0.1152001344	-0.08897190273	-0.1021244679	-0.06240538324
	-0.0757146831	-0.04902047803	-0.03560541107	0.01825612779	0.03167610174
	-0.02214689306	0.004793511223	-0.008679141098	-0.05017803953	0.02293149214
	-0.3936414499	-0.063638959	-0.07707715869	0.0546277445	-0.09044754535
	-0.103776491	0.09553005047	-0.1170159788	-0.1301978799	0.1329892823
	-0.1432645727	-0.274240293	-0.156255716	0.1560368792	-0.1691000225
	-0.243329941	-0.1818466096	-0.2313387853	0.1607735975	-0.1944166897
	-0.2068763857	0.1530848078	-0.2191718862	0.1379549699	-0.2548363602
	0.1230436065	-0.2654426222	0.1092758809	-0.2795288256	-0.2828399857
	0.09653161373	-0.2880733931	-0.3128159885	0.08366748677	-0.4229278304
	-0.5759604497	0.07074898426	0.05750785304	0.0001172658264	-0.03666917651
	0.0442364515	-0.02316234529	0.03080912501	0.01738171948	0.003871897507
	0.001106232555	-0.009627059771	0.007444732968	-2.859087758e-34	-7.585165771e-34
	-0.3873922598	-1.265391467e-34	-3.78047677e-34	0.000174016235	-0.5755589932
	-0.4387597676	-0.301253193	-0.3274796283	0.01083279944	0.001837470806
	0.02993615994	0.06518255804	-0.2901436871	-0.2951216739	0.1349904887
	0.1051932551	-0.27313892	-0.2832467386	0.1512966227	0.1496268349
	-0.2614891481	-0.2491273324	0.1234421122	0.1386173579	-0.2236248242
	-0.2364008264	-0.197845538	-0.2107544618	-0.1717619746	-0.1848327533
	0.09562479032	0.1087041385	-0.1585847444	-0.1453624861	0.06984639748
	0.08270622088	0.04341736171	0.05668680945	0.01653561711	0.02999563824
	-0.1320476083	-0.118703033	-0.1052796747	-0.09183755396	-0.07833131648
	-0.06481541528	-0.05125406329	-0.03769285561	-0.01054349373	0.003007763453
	-0.02411223323	0.03776681995	-0.09310856219	0.07458382025	-0.1066935819
	-0.1202319445	-0.4499137644	-0.1337669458	0.1107121365	-0.1472474972
	0.1343494354	-0.3060645491	-0.1607255443	-0.1741389484	-0.29107773
	-0.1875532998	0.1433414946	-0.2008973638	0.1372362848	-0.2142581835
	-0.2275728019	-0.2409233452	0.1242423522	-0.2542439188	0.1088978691
	-0.2673507767	-0.2799070768	0.09496987237	-0.2994686531	0.08179179809
	-0.3140564603	-0.342938191	0.06899589384	0.05586476023	-0.5740137598
	-0.3795381029	0.04267063142	0.02921950621	-0.07952355257	0.0003549293587
	0.01576520711	0.002182564627	-0.01138530722	-0.02502309883	0.002934515766
	-0.03863697279	0.01445530828	-0.05228416133	-0.06589833986	-2.431328715e-34
	-7.539454029e-34	-0.37448765	-1.138585034e-34	-3.753354979e-34	0.0006238691583
	-0.4622763182	-0.5714080766	-0.3249566044	-0.3558502746	0.00434218596
	0.01921972267	0.08190588712	0.0455855229	-0.3156720556	-0.3077139732
	0.1134799899	0.1295362839	-0.2859159933	-0.2980703747	0.1237403102
	0.133352854	-0.2725633131	-0.2588011785	0.1094649682	0.09489052778
	-0.2448937784	-0.2310806428	-0.2173082391	-0.2036205072	-0.1762865434
	-0.1899305476	0.06814024012	0.08105729518	-0.1626143104	-0.1489767668
	0.04190822431	0.05508806262	0.02850921483	0.01501456866	0.001428181596
	-0.01220113088	-0.1216575719	-0.1353026327	-0.09431206905	-0.1079728464
	-0.06693642842	-0.08061381129	-0.05323163954	-0.03954907233	-0.02586055066
	0.08696712561	-0.1229402163	-0.3682249333	-0.1367350565	-0.1505180546
	0.1124154975	-0.1643523419	0.1229809666	-0.1781848457	-0.1920928638
	-0.3239714308	-0.2060164526	0.1217531959	-0.3040098613	-0.220057492
	0.1097896186	-0.2341538788	-0.2484173618	-0.2627539216	0.09536335092
	-0.2770864769	0.08081167305	-0.291075692	-0.3147653128	0.06746669201
	0.05430697371	-0.3353477277	-0.3691054773	-0.4710696316	0.04124442179
	-0.5686900253	0.02781457896	0.01436897377	0.000967232169	-0.1091819876
	0.0007094604745	-0.01292013798	-0.08165495803	-0.06787792363	-0.02666262459
	-0.04036930684	0.006243144374	-0.05414087882	0.02380433789	-0.09540253449
	0.05292784128	-2.235930641e-34	-7.471058493e-34	-0.3631466414	-1.054898484e-34
	-3.712396229e-34	0.001466910867	-0.4808787939	-0.5648919605	-0.3442288744
	-0.380477932	0.008382541829	0.02897722838	0.08875859882	0.05919159889
	-0.3209468273	-0.3312555589	0.1088540987	0.1137477024	-0.2955951727
	-0.3092528132	0.09574010679	0.1089763385	-0.2662090256	-0.2810195801
	0.06710942016	0.08101733855	-0.251422063	-0.2368368897	-0.2081363253
	-0.222395382	-0.1798974972	-0.1939532359	0.04053675252	0.05366441217
	-0.1658702907	-0.1519378082	0.02720901154	0.01371352278	8.537834279e-05
	-0.01362664464	-0.02737523475	-0.04117070924	-0.1380058636	-0.1241458213
	-0.09644564894	-0.1102685517	-0.06879049165	-0.08259658077	-0.05496071525
	-0.1672756151	0.1027640748	-0.1813982259	-0.195649403	0.1034791752
	-0.4872824325	-0.2099802473	-0.391826537	-0.2245024521	0.09580064264
	-0.2391601639	-0.2540825939	0.0815951184	-0.2691507098	-0.2843665278
	0.0672760793	-0.2993418011	-0.3135311018	0.05327448713	-0.3260145058
	-0.3372570477	0.04002590764	-0.3525360435	0.02660006154	-0.5608673883
	0.01320935692	-0.3571386827	-0.0005174035932	0.002026876142	-0.1531943509
	-0.01419786424	-0.1392020983	-0.02806214481	-0.04185642933	-0.05575584705
	0.01093289985	-0.06959660333	-0.08350655583	0.03355971358	-0.09737791301
	-0.1113071242	0.06334669913	-0.1252218323	0.08846678414	-2.064337507e-34
	-7.366355297e-34	-0.3512216207	-9.815683106e-35	-3.651323268e-34	0.002693175612
	-0.5559319614	-0.4948551321	-0.4019013819	-0.3598127942	0.01351750199
	0.0375654424	0.08493654518	0.0657306252	-0.3425454569	-0.3303811338
	0.09485299287	0.09175714962	-0.3025454925	-0.3172327776	0.08198097946
	0.06767294881	-0.2871636107	-0.2716451997	0.03961800256	0.05330596013
	-0.2411501751	-0.2562591535	-0.2116036801	-0.2262495008	-0.1827581351
	-0.1970869313	0.0126540211	0.02615781689	-0.1684930851	-0.1543652814
	-0.000979051013	-0.01478375668	-0.02862394719	-0.04254407041	-0.0703959113
	-0.05644287771	-0.140257048	-0.126249934	-0.09828756183	-0.1122314963
	-0.08431289622	0.08547189439	-0.2130014744	0.07954186897	-0.2278296034
	-0.2428463045	-0.2581895145	0.06839244464	-0.2737210123	0.05371740682
	-0.2894931354	-0.3466132789	-0.3050518733	-0.3200512332	0.03971703456
	-0.3337118397	0.0258169005	-0.3664155054	-0.4115940987	0.01236342986
	-0.4988074969	-0.001441494156	-0.5501553812	-0.3444094738	-0.01516187741
	-0.02917386102	-0.1984112388	0.00345007455	-0.04306955105	-0.05712237511
	-0.1553966246	-0.07106664045	-0.08511078612	0.01614852019	-0.09908257687
	0.04054684955	-0.1131352484	-0.1271590727	-0.1412694041	0.06538116999
	0.08016465229	-0.1696371969	-0.1839431178	-1.895648815e-34	-7.21211046e-34
	-0.3370235041	-8.972636473e-35	-3.563963555e-34	0.004125680178	-0.5435543867
	-0.5042384382	-0.3725832239	-0.4205935546	0.01853680231	0.04198265872
	0.07284226528	0.06324928947	-0.3364718217	-0.3502732786	0.06660881101
	0.07491784893	-0.3223782875	-0.3070897593	0.05441499375	0.03994633434
	-0.2912892099	-0.2753992353	0.01203114976	0.02587964389	-0.25968428
	-0.2442755352	-0.2142336477	-0.2291044676	-0.1995201977	-0.1850322963
	-0.001664956219	-0.0155961323	-0.1563798378	-0.170624664	-0.04361988797
	-0.02952628693	-0.05764874854	-0.07175519675	-0.08578648458	-0.09988389739
	-0.1280527503	-0.142157798	-0.1139262942	0.05350947626	-0.2454620277
	-0.2610011438	-0.2767329281	0.04078652842	-0.2927419176	0.02610691421
	-0.4288194952	-0.3085216899	-0.323924122	-0.3383460098	0.01222482575
	-0.3528889974	-0.001888330768	-0.3779327409	-0.505543198	-0.01568425055
	-0.5353796755	-0.029883021	-0.3287134855	-0.0439127108	0.004911119037
	-0.230268684	-0.05817740214	-0.07226288787	-0.2005627911	-0.1859815864
	-0.08647373311	-0.100552611	0.02046876285	-0.11472508	0.04214966049
	-0.1288324364	-0.1430369657	-0.1572447613	0.05903464819	-0.1715773859
	0.06490873005	-0.215287354	0.06362951269	-1.706777949e-34	-7.000700619e-34
	-0.3193602209	-7.997090866e-35	-3.447764842e-34	0.005328548031	-0.5087460316
	-0.5263989523	-0.3835637913	-0.4369357506	0.02183107155	0.04036853151
	0.05332806692	0.05522642844	-0.3553906795	-0.3397266846	0.05154110552
	0.04006761894	-0.3250099929	-0.309523724	0.02682318807	0.01230574923
	-0.2777340555	-0.2936790127	-0.001704680465	-0.01590604308	-0.2464443643
	-0.2619461375	-0.2162214819	-0.2311776648	-0.1868729688	-0.201429014
	-0.04426006661	-0.02992386265	-0.17239909	-0.1580937887	-0.07279712022
	-0.05845758979	-0.08698633625	-0.1012451128	-0.1153945622	-0.143800204
	-0.1296230693	-0.2943451514	0.01307564263	-0.3089406281	-0.3100259234
	-0.3254844467	-0.5069647899	-0.001636205559	-0.3405610347	-0.3572824553
	-0.01560963832	-0.3882164526	-0.4437963249	-0.0300499111	-0.5150655451
	-0.04420978867	-0.05874273708	0.006034272484	-0.2784128804	-0.07304342321
	-0.2627370303	-0.08750053215	-0.1017488352	-0.1160780179	0.02230155084
	-0.1302840336	-0.2022595247	-0.1876510299	-0.1445728769	0.03770436572
	-0.1588347054	-0.1732114517	0.04638703962	0.04527725118	-0.217012877
	-0.2320115255	0.03916118746	-0.2472152601	0.02652067112	-1.496989216e-34
	-6.738574273e-34	-0.297152265	-6.892546443e-35	-3.309797454e-34	0.005951948501
	-0.5075982833	-0.5029184183	-0.3939333208	-0.4510196797	0.02198855204
	0.03303167549	0.03413895808	0.03834708307	-0.3409355119	-0.3592844727
	0.0127645938	0.02617730396	-0.3254930772	-0.3101303237	-0.01567398725
	-0.001049512733	-0.2788395249	-0.2945693862	-0.04435172413	-0.02981183993
	-0.2632175576	-0.2478196236	-0.2177038729	-0.2326250888	-0.1883809809
	-0.2029354954	-0.05867972694	-0.07332085397	-0.1595613087	-0.173898549
	-0.08773534113	-0.1022509921	-0.1165714493	-0.130943918	-0.145209125
	-0.01517981126	-0.3414349359	-0.0299733342	-0.3615533006	-0.3985059421
	-0.4563908124	-0.04411244523	-0.5020239738	-0.05880045488	-0.4874913134
	-0.2840074227	-0.07322983984	-0.08796891102	-0.3251934717	0.00633496008
	-0.1024648489	-0.1170313715	-0.2789100128	-0.1314124564	-0.1458190094
	0.020607847	-0.1601552096	-0.2331471423	0.02815131903	-0.1745546596
	-0.1889960212	-0.2035619206	0.02956891408	-0.2182570867	0.02292159017
	-0.2482087827	-0.2635144713	0.01300755027	-0.001211633414	-0.294479188
	-0.3098298523	-1.26863025e-34	-6.455868546e-34	-0.2693731945	-5.691074185e-35
	-3.174326413e-34	0.005676121281	-0.4712832697	-0.49923929	-0.4047968556
	-0.4622198368	0.01841426581	0.02146841751	0.02009411076	0.01079363044
	-0.363960906	-0.3415975973	-0.0006193006854	-0.01542656039	-0.3092630499
	-0.3245518417	-0.04446931879	-0.02974728067	-0.2787945701	-0.2941052158
	-0.07341760985	-0.05873682042	-0.2484288981	-0.2635538144	-0.2186735272
	-0.2334592144	-0.2040182094	-0.1895072058	-0.08792023941	-0.1026783937
	-0.1606643059	-0.1750483494	-0.1172194372	-0.1318062022	-0.1462254377
	-0.05939413323	-0.4097559325	-0.2529014486	-0.4653193522	-0.4888630019
	-0.07358879565	-0.4507545826	-0.08825246377	-0.1027180314	0.005463448218
	-0.3679901957	-0.1174339736	-0.1319801761	-0.3241433032	-0.3084819259
	-0.1465327521	-0.1609882959	0.01522490948	-0.1754157463	-0.2633135519
	0.01511624694	-0.1898604241	-0.2043338663	-0.2189102122	0.01002075071
	-0.2335833666	-0.001313055821	-0.2483834278	-0.2782944757	-0.01457817036
	-0.2933595359	-0.03002741701	-0.3428795246	-0.04458208057	-1.030556834e-34
	-6.217927931e-34	-0.2351414706	-4.481999699e-35	-3.080457701e-34	0.004277692159
	-0.4810448096	-0.429273771	-0.4682876943	-0.4164766938	0.01151732983
	0.007257907619	-0.01420959658	-0.0003579055912	-0.344394527	-0.371986327
	-0.0288417916	-0.04496607259	-0.3078020381	-0.323932493	-0.07461075752
	-0.05990070488	-0.277704239	-0.2926084272	-0.08882145283	-0.1032716065
	-0.2481646144	-0.2629313792	-0.2335256342	-0.2189375696	-0.204460979
	-0.1900111792	-0.1322114574	-0.1176464841	-0.1756030228	-0.1611713839
	-0.1466901821	-0.4029101018	-0.1044915252	-0.2151500731	-0.1186913351
	0.003459686388	-0.4643264324	-0.1328090486	-0.4670867001	-0.1471163095
	-0.1614334542	-0.1757439398	0.007052197883	-0.1901062571	-0.3250113559
	-0.3076863753	-0.2044099612	-3.020516242e-05	-0.2769913491	-0.2188200014
	-0.2332057981	-0.01128782933	-0.2477263877	-0.2622662119	-0.02701060717
	-0.2918866624	-0.04362128986	-0.06040238443	-0.3478861871	-0.3785994729
	-0.0757567185	-0.4213883951	-0.09046496908	-7.939831064e-35	-6.103835753e-34
	-0.1941740496	-3.459823606e-35	-3.063627707e-34	0.002020832975	-0.3745265111
	-0.4492315225	-0.4640922721	-0.4270970748	0.002421172902	-0.008422398862
	-0.02218131664	-0.04039802826	-0.3853138266	-0.3526382211	-0.05849359483
	-0.07619365211	-0.3271490667	-0.3083929225	-0.1067231091	-0.09209406399
	-0.2766606755	-0.2918241127	-0.1344469638	-0.1206869958	-0.2619626188
	-0.2474234539	-0.2187357062	-0.2330876608	-0.1903262272	-0.204545081
	-0.1482683066	-0.1762463712	-0.1621867223	-0.1376351226	-0.1510047482
	0.0006762091147	-0.1644065144	-0.1778596233	-0.4241221654	-0.1915719528
	-0.2053115667	-0.002787242343	-0.219347016	-0.3932138099	-0.01618146783
	-0.2333775004	-0.2477760387	-0.262267436	-0.03344199379	-0.2774803898
	-0.05348873628	-0.2933044515	-0.3114017583	-0.3321648754	-0.07379743033
	-0.3593681716	-0.09236102336	-0.428478279	-0.4551943628	-0.1090744969
	-0.1237944655	-0.3418480718	-0.1718870667	-5.588051059e-35	-6.193673278e-34
	-2.440552881e-35	-0.1483282069	-3.160611554e-34	-0.0007255142617	-0.3990557935
	-0.3061895975	-0.4292073566	-0.4419480773	-0.02440911889	-0.007806492907
	-0.06664749369	-0.04421887147	-0.3674670997	-0.4004470697	-0.08871178626
	-0.1085898474	-0.3160766141	-0.338526948	-0.1262891099	-0.1412817317
	-0.2965950657	-0.2798873602	-0.1683033362	-0.1553157116	-0.2495509207
	-0.2642967705	-0.2353302729	-0.2213802761	-0.2078413846	-0.1944337138
	-0.1814173238	-0.002544349356	-0.186779152	-0.1262294161	-0.199853593
	-0.2126438055	-0.2260492496	-0.0132321049	-0.4208092637	-0.2396146575
	-0.03197370107	-0.2540852859	-0.2690460154	-0.2855140263	-0.3476855318
	-0.05480673171	-0.3032694488	-0.07891626379	-0.3239688674	-0.3747929463
	-0.103297696	-0.4037861403	-0.1243893982	-0.4202451685	-0.3642062992
	-0.1435815831	-0.2678967158	-0.1592285509	-0.1737742547	-3.317952286e-35
	-6.531648194e-34	-0.1020692373	-1.304821139e-35	-3.379679729e-34	-0.003650973799
	-0.3275782306	-0.2275758474	-0.3932058127	-0.4089579067	-0.03901771208
	-0.01797636898	-0.06417582031	-0.09018944066	-0.4027210635	-0.3805252068
	-0.116427218	-0.1392364717	-0.332658977	-0.3560047112	-0.1600258852
	-0.1768843252	-0.2929913808	-0.3113900574	-0.1925197371	-0.2060528185
	-0.2761402787	-0.2608443003	-0.2465092485	-0.2327539212	-0.2196229356
	-0.2398279653	-0.2540403984	-0.08260540226	-0.02283907449	-0.2691248922
	-0.2843681656	-0.2847008849	-0.0452716432	-0.3016862807	-0.3200234491
	-0.0722571205	-0.339508597	-0.3603935696	-0.09940385726	-0.3774644828
	-0.391288014	-0.1273919533	-0.3827484417	-0.3561539956	-0.1515782007
	-0.1875683904	-0.174383143	-0.1927640979	-0.005762266013	-0.2101176001
	-0.2249511759	-7.069597207e-34	-1.480285948e-35	-0.06066175891	-4.218448798e-36
	-0.006361843179	-3.672806232e-34	-0.2390883969	-0.1482677958	-0.3521794453
	-0.313438558	-0.02640652391	-0.04972131662	-0.1059329338	-0.0781406479
	-0.3707310197	-0.3679453456	-0.1351382519	-0.1607562161	-0.3574170286
	-0.3411365163	-0.1852329578	-0.2056218215	-0.3066056463	-0.3239499036
	-0.2248434132	-0.2414919223	-0.2736795082	-0.2899693363	-0.2579897871
	-0.2686877487	-0.2853313976	-0.0295464171	-0.3012009931	-0.05312165592
	-0.1932445476	-0.3167959989	-0.3293660308	-0.3405197493	-0.08129114627
	-0.3416210134	-0.1090279186	-0.335947964	-0.3075869925	-0.2634170425
	-0.1381053054	-0.1643620358	-0.1129494126	-0.04529932202	-0.1899132025
	-0.2117483393	-0.008271604391	-0.2326761416	-0.2509525652	-2.799987848e-36
	-7.652517209e-34	-0.02806393461	4.614942772e-37	-0.008292362011	-3.941006581e-34
	-0.148210012	-0.08093949808	-0.2118057973	-0.2589409121	-0.03093521135
	-0.0536441624	-0.1076691019	-0.08149042275	-0.3063269162	-0.2923198198
	-0.1618463848	-0.136134536	-0.305978359	-0.3113410068	-0.187588245
	-0.2100194887	-0.2968967027	-0.2832095896	-0.2503283576	-0.2316206286
	-0.2681544814	-0.031128435	-0.2600353191	-0.01729319976	-0.05287531744
	-0.2655681149	-0.2667934068	-0.2569500073	-0.07802372079	-0.2390252138
	-0.1024378679	-0.2054783363	-0.1618069599	-0.1094649376	-0.1278780098
	-0.05443080561	-0.1521255727	-0.1756943122	-0.009256088218	-0.1972262913
	-0.2169347574	-0.2343031239	-0.2484964997	4.082908434e-36	-8.066094557e-34
	-0.005921947239	2.85765317e-36	-4.072973768e-34	-0.008600907867	-0.0735935431
	-0.03241131322	-0.1159697437	-0.1539858152	-0.04903528357	-0.029893935
	-0.09243138618	-0.07195705766	-0.1844974735	-0.203691898	-0.1148313837
	-0.1353036692	-0.2153185646	-0.2168329439	-0.1560859867	-0.1740937284
	-0.2135396522	-0.1909668404	-0.2035674466	-0.0438696645	-0.1505704943
	-0.1335146448	-0.06245088763	-0.1088121898	-0.07802427017	-0.07990377286
	-0.04703694284	-0.01586747114	-0.09718137419	0.000543622021	-0.1139733676
	-0.008440950284	-0.1612389001	-0.1639006516	-0.1293286026	-0.1432962397
	-0.1540156742	-0.1617659865	-0.02675001141	7.798791696e-36	-8.143807895e-34
	0.006638204395	3.850946661e-36	-4.014368942e-34	-0.006995501202	-0.003315267077
	-0.02407984641	-0.07005931764	-0.04713813811	-0.03682959861	-0.02304490199
	-0.06473390988	-0.05201346692	-0.1033324169	-0.089288901	-0.07795278015
	-0.08932491852	-0.1121598388	-0.1150981858	-0.1081334799	-0.1001169871
	-0.1138808227	-0.04139619652	-0.02445653071	-0.03966735537	-0.008978486002
	-0.04918523847	0.005231524293	0.009708914218	-0.05759883766	-0.06517845707
	-0.00595129129	-0.05506538402	-0.07068814733	-0.07462198593	-0.07508958478
	-0.07257012263	-0.01798314808	-0.06581441212	-0.02873565458	9.269211321e-36
	-7.851255918e-34	0.01207176153	4.140811926e-36	-3.798134719e-34	-0.004198764431
	0.00282664792	0.01106181303	-0.007894134911	-0.01924481427	-0.01268667753
	-0.02040547855	-0.03378469083	-0.02784026563	-0.02913238906	-0.03704003404
	-0.03885469548	-0.04251266394	-0.04213582301	-0.04461453412	-0.04457513537
	-0.01618258064	0.0146467572	-0.01979058808	0.01294813147	-0.0221299255
	-0.002652543532	-0.02346177534	0.003203504112	-0.02309808229	-0.02116340101
	-0.01730145293	-0.007367305316	-0.01154219459	-0.011904406	-0.004679262319
	0.009938099634	8.993460702e-36	-7.327348606e-34	0.01330294173	3.893236938e-36
	-3.520212339e-34	-0.001153442823	0.01666254125	0.01479159333	0.005398249042
	0.01055270397	-0.002288484904	-0.004454688318	-0.007670756789	-0.006000093559
	0.0005445438601	-0.003620306553	-0.008159354602	-0.006338802744	-0.008006314877
	0.002379622206	0.0002997225139	0.01310329649	0.002862592349	0.003800805412
	0.01757828636	0.005747727235	0.008505156863	0.001855128319	0.01186951636
	0.01525680251	0.002253993761	0.01770373101	0.002669556901	7.835877559e-36
	-6.79004008e-34	3.408130489e-36	0.01271181592	-3.283620474e-34	0.001224281233
	0.01930042869	0.01808383307	0.01611271821	0.01825133151	0.00716813118
	0.005275488864	0.009314920036	0.009841695895	0.01400840346	0.01211893866
	0.01105192719	0.00213149429	0.01641805588	0.01747502114	0.0189048477
	0.02006760643	0.007365954955	0.02029851536	0.01079204976	0.0182550281
	0.01226867993	0.01382360786	0.01504723628	6.555053647e-36	-6.396963197e-34
	0.01189500507	2.948473316e-36	-3.13525192e-34	0.00242373592	0.0181982952
	0.02062789554	0.02009425365	0.02093176594	0.008629046518	0.01251550722
	0.01629362594	0.01928495967	0.01771928424	0.02009333635	0.02062200302
	0.01157614543	0.0204208158	0.008743202674	0.01788465625	0.01312333819
	0.01691631284	0.002667270984	0.01865128335	5.738927815e-36	-6.180359081e-34
	0.01115787315	2.738691466e-36	-3.064730556e-34	0.00251820257	0.01910767813
	0.01720092389	0.01786584676	0.01924301521	0.008356431455	0.01239831982
	0.01622777456	0.01574702994	0.007365484203	0.01063194427	0.01125891008
	0.002299789851	0.01466994567	0.01633953873	0.01720668174	5.30967822e-36
	-6.090515359e-34	0.009543697045	2.672321845e-36	-3.040220323e-34	0.001996088845
	0.01387553688	0.01376484215	0.01266653311	0.00631973123	0.009593318373
	0.005155270384	0.008052002604	0.00161901545	0.01045372354	0.01085681442
	0.008290870839	4.45016705e-36	-6.066034138e-34	2.346089707e-36	0.006315165096
	-3.036047694e-34	0.001357656461	0.007849072525	0.006338024173	0.004161750929
	0.001002714252	0.004598236204	0.004474913789	0.003190526747	-6.066855485e-34
	2.532434476e-36	0.002448351435	1.598342399e-36	-3.038675357e-34	0.002158214727
	0.0008174712923	0.000479652288	0.001057402663	-6.074925052e-34	1.011049899e-37
	1.276077974e-36	0.000160771666	-3.043931324e-34	-1.508709992e-34	-6.084518598e-34
	-2.373765404e-36	
